2053, 3640.3164353432035
2070, 3226.392279335148
2075, 3134.8564445749016
2989, 2737.956668264698
37, 2722.838907031432
1090, 2714.901714122421
1173, 2711.646289160634
483, 2704.8715236006046
482, 2693.6598540041223
2103, 2675.8780381023385
123, 2671.908490861589
1086, 2629.416665168214
152, 2604.0633697302233
392, 2583.7817774803493
410, 2579.071781637568
2015, 2521.7598053373085
1450, 2504.767759433827
2059, 2491.8822839257573
539, 2476.220918079819
1432, 2456.6246011965272
1075, 2424.863514422647
188, 2418.8165158913516
2022, 2387.356962264056
2071, 2384.034657769576
1239, 2382.8666690178347
3210, 2363.842602805398
289, 2338.6032554794983
211, 2332.727961899494
3189, 2316.1713479509513
45, 2286.5621662609965
1964, 2282.422928508072
1259, 2230.4907918545578
1228, 2181.389667181125
546, 2170.9551374689254
467, 2155.8642450514967
2986, 2148.3431604653665
3247, 2140.13579885894
2018, 2135.9467673117056
3118, 2121.891706669592
3032, 2108.493374521418
3403, 2067.486312290678
3382, 2042.23751501426
3385, 2040.73201172959
2807, 2030.7819825574734
1215, 2030.198348318586
303, 2029.7700229939774
3107, 2027.70626127988
1997, 2022.6314004475846
207, 2013.0276016335672
3182, 2009.5826154095403
334, 2002.26955222635
852, 1997.775528609728
557, 1988.52991281227
2963, 1987.4742633773828
456, 1982.1437900558649
3401, 1980.4665518834354
2088, 1974.9087143804425
1072, 1972.2278416853167
169, 1967.7294996258297
3341, 1967.0808199737253
2964, 1964.4687376918387
3202, 1961.5767819640816
464, 1955.0422792665827
293, 1950.734788183352
532, 1949.0995237010923
3317, 1948.597991069919
2987, 1946.858839748542
3275, 1941.8257680087884
1040, 1924.958254780586
175, 1922.3648954905611
3281, 1918.1837882083041
2766, 1913.8261213213007
2016, 1910.6342332890492
204, 1904.2633927850418
3379, 1904.186531893384
3114, 1895.1904578636804
1963, 1894.2880703032604
1230, 1891.0172002058928
368, 1883.26058854501
1247, 1881.2468950290204
2033, 1867.2898124100493
2764, 1863.7316854288745
432, 1861.090751591582
3169, 1860.0362637845599
329, 1859.4854791053613
202, 1858.2775805316983
458, 1856.9600723582682
170, 1854.160024908861
2786, 1835.522298573429
3072, 1834.94604209588
180, 1833.2679511070003
2109, 1831.2172808162777
3179, 1829.461931034076
2757, 1827.6876198729735
3065, 1819.3240588374845
130, 1808.7221073158025
1851, 1807.9895728852457
2274, 1807.6946407631572
124, 1803.318954612096
3191, 1802.1821482407684
2029, 1794.2227005801583
2050, 1788.8182024231196
2300, 1786.328661788823
428, 1783.538422125671
2791, 1779.637754439507
534, 1778.4452846727195
2099, 1778.3630562901355
1089, 1770.1927199273211
2086, 1762.8351247277699
514, 1760.3721372111847
3172, 1756.704788116974
1912, 1751.275720192259
1126, 1745.8444764790418
2265, 1743.1731456189793
2817, 1741.3588389333352
168, 1739.5334870818774
1060, 1735.1068963186653
3404, 1731.52412098968
2777, 1728.7712122197638
3445, 1727.6446464861203
3070, 1726.3800255450437
3167, 1726.1909821503652
3203, 1724.7866341381573
1995, 1723.0351300494765
2069, 1721.246440217707
1027, 1719.8141332257371
2790, 1718.1803318297818
208, 1713.439372352625
429, 1703.6448097140642
380, 1702.0192238737761
415, 1701.7952718876995
71, 1700.1210807116945
3303, 1694.8007512475542
142, 1694.2628275325333
1533, 1691.9548221201078
3214, 1691.9154285964744
3389, 1691.4000563201253
220, 1686.4284390418288
3302, 1686.102553886232
1585, 1682.1481566599814
401, 1675.5536174480512
2820, 1674.7140310496386
2076, 1672.055970485934
3142, 1666.755723992064
2027, 1665.2114329434403
2100, 1664.9040130851038
1248, 1663.9533290685672
677, 1660.2241331384969
535, 1660.2130015465552
3437, 1658.897392918216
173, 1655.6495088329089
1029, 1653.3784405557135
2737, 1650.4993159330347
3285, 1641.365370244465
174, 1638.8772303530945
157, 1637.9421973278095
1140, 1637.731803078081
1234, 1637.6797367810152
3447, 1637.6129392727648
1111, 1636.5757576817655
2754, 1635.3384604652636
437, 1627.851800771013
1233, 1627.2331741583014
3077, 1626.165762671639
200, 1625.6705450774896
820, 1625.0908517412483
146, 1619.80842658347
1975, 1619.649532715461
193, 1611.143558280818
2746, 1611.1101914964606
2296, 1608.7899813422114
494, 1606.0653694812022
336, 1603.953080111953
642, 1601.2401862887803
3058, 1594.1861190977804
331, 1591.8776757309267
1736, 1589.88451861302
451, 1589.5870149038656
1651, 1588.2751465127074
3205, 1588.2607032120413
1865, 1588.0092860763962
3054, 1585.0292822437411
1110, 1578.35899340143
2026, 1578.1797954843362
171, 1577.640561705191
163, 1575.2069008037806
1448, 1574.529299619051
2772, 1573.9895317796786
2969, 1573.0729053349567
2783, 1571.010775590322
671, 1569.5975207000702
554, 1564.6480851058616
378, 1562.8361981239568
556, 1561.888669893605
1443, 1560.6117902904577
3069, 1556.6747108943155
75, 1555.6940430379943
3108, 1555.317400330378
669, 1551.5612669054658
1893, 1547.8590278381855
3277, 1547.1750676956426
1098, 1547.092899529539
297, 1541.6886245916494
2394, 1540.0025105628074
2032, 1536.1277090275503
3174, 1535.3724034838717
3049, 1534.9701052788296
2024, 1529.682376249044
3212, 1525.5549789270617
1132, 1525.47468460749
3010, 1522.4303867805297
132, 1521.7464817894752
3419, 1521.6072741783664
1076, 1521.0612386630523
2011, 1518.9587156081157
1218, 1511.850326579776
1252, 1511.0606155738672
1994, 1507.5616568985781
3046, 1506.0220901697996
159, 1503.1449521062416
3381, 1502.2931216817901
2792, 1501.801899909549
1444, 1501.0835083870707
1770, 1500.470973761432
736, 1499.6019576339006
3148, 1490.30358068008
3155, 1487.706979126313
3244, 1487.6117879814356
3208, 1486.9009333213044
1256, 1486.7986271359978
126, 1483.9113861119204
221, 1482.8521468118356
1584, 1481.2866137092167
2263, 1480.382763440012
3226, 1479.8929100189662
3135, 1478.2514715706027
2803, 1477.8657482872861
501, 1477.8383897541019
3093, 1469.7634133701858
3185, 1469.2263047210365
2734, 1467.6447112840124
129, 1465.6717924404559
2751, 1465.4624498418225
227, 1459.742472783584
3440, 1457.5563395828704
3056, 1457.31267372993
2759, 1455.8895404857656
1849, 1455.2205245364314
1035, 1454.0038623941375
295, 1453.609270745482
2774, 1451.3508358223066
485, 1450.8828998605259
3434, 1447.5545962882557
3181, 1446.836260733953
3227, 1446.1289538311091
296, 1444.5577483769903
3110, 1443.3299317606095
136, 1441.50287235746
3173, 1441.232122985104
1066, 1437.3155261942898
272, 1436.9179600435962
2055, 1432.881836257453
1105, 1429.8387551464373
335, 1429.3691392351948
53, 1424.9197702271604
1032, 1419.7725541349762
471, 1419.0522130818376
3055, 1418.0253243749762
1870, 1417.982767968253
2083, 1417.4325387036206
860, 1413.5893253869122
537, 1411.739395294871
448, 1411.5161268676945
2013, 1410.7794656960996
2078, 1409.6211963175808
2735, 1408.939853504158
441, 1406.3477339406768
478, 1405.948536434803
1094, 1405.1687752567307
1119, 1404.1629278435696
1071, 1399.0693588876359
119, 1397.7445332121993
2045, 1397.6490767786395
288, 1397.596125720427
433, 1397.3755200267124
496, 1396.9063327812153
1434, 1396.697471658358
1433, 1396.697471658358
153, 1396.6963717606238
1077, 1395.6827165269988
283, 1393.7311724128583
3166, 1391.0444878776348
1445, 1388.9214867084256
480, 1388.4892516783495
284, 1388.257339820162
373, 1387.4929658520439
454, 1384.813780132791
912, 1384.4196120543372
1583, 1383.815105140982
457, 1382.82847762266
3424, 1382.3969684465778
3128, 1380.4862193082604
176, 1380.1685878826224
2056, 1379.5308091595584
1074, 1379.1385127927954
3386, 1377.8640895872961
449, 1376.722838457806
1437, 1376.035899477983
181, 1375.3669133123617
333, 1373.6283893109114
650, 1373.3429400761736
1911, 1370.7037944140097
3331, 1370.5449671949161
3370, 1370.245038082466
3149, 1363.7834944842184
3098, 1357.0164218786958
773, 1356.850034868131
3407, 1356.6899442483905
864, 1355.1291332246915
530, 1354.369122535569
139, 1353.7429977622473
158, 1353.6033994269637
3064, 1352.7512228008634
583, 1351.2741198364588
550, 1350.6014062990373
1590, 1348.7489250515634
3190, 1347.0395650817493
435, 1345.6052177722631
2388, 1341.197735278188
2312, 1340.6272229016995
1811, 1340.3435189527602
1172, 1338.581279759995
52, 1338.45614318232
582, 1337.6336641000653
2968, 1332.3299732100697
2020, 1331.7656207813573
3426, 1330.4727605547225
164, 1330.2243202169934
475, 1328.250934631338
1117, 1326.441264265053
3378, 1326.2844237704778
832, 1323.0537233554596
1603, 1320.2030411762146
2818, 1320.1100364509912
3353, 1319.8927056511939
3057, 1317.7658594067827
2966, 1317.2773392748384
3298, 1314.5268922066903
481, 1313.440542469829
1978, 1313.1151077067939
2863, 1311.484101588435
466, 1310.7734152048001
505, 1310.694647782507
328, 1310.5725094298928
189, 1310.3996990364856
147, 1310.2162330538783
440, 1309.1659866135378
1030, 1308.6675855895726
1235, 1304.0118007951062
79, 1303.4836964258338
1914, 1302.2425679038352
453, 1301.5609820058605
3073, 1300.9557266385657
414, 1300.6618894082164
3175, 1299.0386765208752
3388, 1298.7717239993833
1087, 1297.6154575098365
2988, 1295.707992843676
128, 1294.6823492008768
1113, 1294.6390519548556
206, 1293.099421827685
3089, 1291.2249648642623
3436, 1290.2272357636853
365, 1288.0506568011567
619, 1287.4405395935303
1880, 1287.2728753463223
1200, 1284.1031265622064
2776, 1282.0104612653804
213, 1281.0118316324704
540, 1276.8033619152993
2298, 1276.166130158562
1221, 1275.9806097257215
2740, 1273.7697317947996
2958, 1273.7236582622224
1260, 1272.9822555018288
332, 1272.0863065451438
1161, 1270.351913507386
3245, 1269.6437861044215
2389, 1268.629465926146
372, 1267.8200038328418
2961, 1267.4652539952995
40, 1267.3471769579653
2548, 1264.0521060741753
34, 1262.3105641933957
2744, 1261.4776330076081
3405, 1258.9865994090937
470, 1257.9863454596255
203, 1257.464537938065
41, 1253.7193966272841
1973, 1252.978146759993
1624, 1252.9387352066879
2965, 1248.2104370072186
1848, 1246.458932437771
488, 1244.2716884180613
161, 1244.12820406122
2297, 1240.8052036627494
3409, 1240.468980049191
1187, 1239.7293795201842
155, 1238.5375315720983
1850, 1235.741678110875
2722, 1235.0958974544167
2105, 1234.740379464415
2091, 1234.6135983637491
1853, 1231.3216070327971
3293, 1230.7251333258614
479, 1230.7248344785748
1166, 1230.5742997679029
2825, 1229.6737653948596
3292, 1229.3079511029293
2773, 1228.415562524317
1100, 1225.9847850277756
906, 1224.7756188990677
547, 1222.2220238486398
1980, 1221.8742585108173
738, 1221.4941614510215
251, 1220.6279033548647
2306, 1220.0760479050211
2979, 1219.3650928181776
443, 1218.9967629298612
3297, 1218.084164458605
2382, 1217.6111304771239
504, 1217.5347407391816
1128, 1215.060182345187
469, 1214.0304963861765
3061, 1213.2389663915205
3300, 1210.9294054876473
3196, 1210.322560996061
1587, 1209.909882181564
330, 1209.84163573721
217, 1209.3036196528192
2398, 1207.1732825765232
914, 1207.1380699303484
548, 1203.7842133925344
1245, 1203.7169231419302
3408, 1201.9461347893207
1058, 1200.7350804785597
503, 1200.427326749503
3283, 1199.5651420989082
1145, 1199.3845058970196
3435, 1196.6847568007056
423, 1193.5342391842485
542, 1192.296109747134
3286, 1191.3705708728166
2767, 1190.8521559786893
299, 1190.6628189290684
2748, 1187.0371246651546
1442, 1183.9800418252844
608, 1181.3756508921663
3176, 1178.953657775363
3348, 1178.762457357176
1143, 1177.4058904092212
731, 1176.8517009268523
3159, 1176.7846889212105
1091, 1176.7396099728592
487, 1176.2496465357215
1991, 1172.8293903495064
1031, 1172.5651511328085
3276, 1172.0851211085123
468, 1170.0444193427775
1910, 1169.455644417871
1517, 1165.0812537377205
2309, 1164.4761838650145
588, 1164.0722853492318
2277, 1163.8849222874726
462, 1159.9117261027154
263, 1158.8601202146529
1179, 1157.945746747865
2006, 1156.705440559675
1690, 1156.2133707133341
1169, 1152.8347537666696
197, 1152.7507705117268
3373, 1151.5795544770742
2973, 1151.2244737606723
1676, 1151.107154868706
2068, 1151.0201045393555
262, 1150.3827009886093
1299, 1147.002861429435
737, 1145.8645735505283
3119, 1144.2025069526542
2302, 1144.1049878333627
2920, 1142.145873296281
3402, 1140.3031744366867
3416, 1139.9129781700533
1115, 1139.5555668907734
430, 1137.986222827283
3280, 1136.7815075986305
2301, 1136.4336528991612
3340, 1131.2096616132953
3079, 1129.6869707263434
446, 1128.7100276486822
2763, 1126.0584350731829
1085, 1124.8108017531024
406, 1124.1531416345194
2025, 1123.6397436638786
676, 1123.4027871951998
51, 1122.497261964228
3071, 1122.1804998911095
1083, 1121.0683683769084
39, 1120.0608523125559
1237, 1118.9648440835992
538, 1116.9562159923187
426, 1116.0548557870281
3287, 1115.846878879171
1241, 1113.987829655783
148, 1113.959619219383
447, 1112.533300452985
2990, 1111.8628091689347
1429, 1111.6887011183476
3369, 1110.1086573322523
2110, 1110.0547653446924
2009, 1109.048120384707
3083, 1107.8523634484725
1212, 1106.9118654679462
515, 1106.4239215266407
1142, 1106.0845472182064
3423, 1105.0524696917196
151, 1101.6464747254283
2723, 1098.7980784905187
3429, 1095.9237972689195
444, 1093.4673221981795
98, 1092.0925443253652
531, 1089.3791616492533
76, 1088.476304275763
1219, 1087.379211958174
3259, 1085.316017832823
264, 1084.9032649935987
2981, 1084.874844075475
3371, 1084.426095316919
1993, 1082.1352155538664
2348, 1081.7700339442874
1041, 1081.4067883760824
2753, 1080.8131211351774
3106, 1079.8155490802214
3291, 1077.7731687822302
3213, 1076.5535883012064
862, 1074.4954744753595
191, 1074.4383533229916
382, 1074.354523874094
1183, 1074.2091170909835
377, 1073.941309549847
274, 1072.222030684884
279, 1072.035826551259
1249, 1064.5965868580436
425, 1063.5976551572396
3048, 1062.8340099985562
816, 1062.7726745149173
3042, 1062.421485422319
502, 1061.8856880511619
2224, 1061.8137794242875
3418, 1061.5851623764759
495, 1060.802642856371
194, 1057.6976547372387
1159, 1054.863929023743
2310, 1054.653878652775
3086, 1053.2951951219356
56, 1052.1342202341425
2267, 1050.7685764045136
1913, 1050.401794166896
2424, 1049.3719231310085
3051, 1047.2976306139926
607, 1047.07088991579
222, 1046.5453620446344
1449, 1045.3704130035908
2768, 1044.5480065947102
1236, 1042.4865434258966
1025, 1042.3346849903344
549, 1042.3191697364853
3209, 1042.253257988739
1033, 1041.4511254378476
1184, 1041.324577133183
1214, 1039.2460655092914
3151, 1038.0152000611881
450, 1036.7903624725534
3425, 1036.6567027081
3153, 1034.9723512689022
210, 1030.2566484969948
3084, 1029.5555873196831
2507, 1025.2649342064528
3028, 1022.9184724072703
2005, 1022.8260688047159
2962, 1022.3488953883726
2315, 1022.1452093144869
861, 1020.9692690268957
2272, 1020.9080148183274
1177, 1016.6517666981961
2819, 1016.3784173118167
3315, 1015.8868976653621
1979, 1013.6654676601362
1042, 1013.2028453062023
1675, 1011.0442720018167
44, 1009.7765994508652
1102, 1008.417314531195
1174, 1008.257471963244
397, 1008.0308066430432
476, 1007.3383226821227
3334, 1005.7729688854157
913, 1004.717547475938
1193, 1004.2350677221574
1466, 1003.5747193691798
2795, 1003.1925047135369
3339, 1002.3592819867398
1876, 1001.665937016301
523, 999.4265834585436
2741, 997.7308144457878
3274, 995.496268674188
881, 993.7230520130199
562, 993.0425063727757
46, 992.3121353229059
552, 990.823258465631
452, 990.5650890588748
1872, 986.6277509696604
3125, 984.8893410014331
1859, 984.1784390076903
48, 984.0142037816769
1581, 983.4897777703045
1867, 983.3374129256675
389, 983.223506509724
2034, 979.6676591752878
2019, 978.7444072052388
74, 977.7677476885724
2862, 976.9755433500884
670, 975.1223103339456
383, 973.2792073244193
424, 972.4772225912649
154, 972.290356780777
2308, 971.1253872225609
140, 968.7266183930232
3050, 968.6496155654543
1604, 967.0752321292931
2813, 964.3065714627043
3047, 963.2828994382575
1689, 962.282183082824
3439, 960.6131990242782
165, 958.9022207346891
2407, 958.6331413445959
506, 956.7978069374321
3198, 955.268650511568
3178, 954.5486884680887
1680, 953.401314704904
1226, 949.7760890852416
1852, 949.4960239493105
3078, 949.4737537451588
3246, 949.1091111598661
2978, 948.4171030233433
611, 948.09703589333
1063, 945.8705970045413
543, 945.2030768349903
1456, 945.1670607803425
2736, 944.7815190081815
2810, 944.026693581612
201, 941.5531831430027
1531, 941.1920232602035
407, 941.1328418952776
2622, 939.4903849085439
1243, 935.1267914928652
3410, 933.7919624769875
381, 932.5250786319326
1459, 931.9219378486358
2291, 931.4868729110694
2381, 930.8611606939743
1084, 930.8320811795718
3432, 930.65908551456
275, 930.603261142526
1244, 929.83807042733
1144, 929.1274627175692
2811, 928.5970983434656
1229, 928.3991403530655
2343, 927.1288719690816
2292, 925.7351491599267
1610, 925.428405119098
2278, 924.3430025301033
2749, 924.2958332926312
3199, 921.2345638184893
198, 920.9988589732114
131, 918.8654312249982
1753, 918.65442323604
463, 918.3458902025725
1124, 918.1650704435648
143, 917.1432335563447
1381, 916.7344655238883
3395, 916.2227207303621
2106, 915.446932403771
1301, 915.175391301645
3139, 914.0465066131377
1611, 913.9542927739811
294, 911.4299355847713
3192, 910.9843368025449
3336, 909.3204799281305
1043, 909.0076421106387
3393, 907.0217796594778
379, 906.2356492654086
1607, 905.9720704244891
178, 904.9283846546232
2271, 904.3467649342673
1857, 903.4455733420315
1129, 902.2057566482254
134, 901.4792553708968
2765, 900.6859882980829
3278, 898.963229554168
1088, 898.9294923831428
1856, 898.8876043075692
3133, 898.4611842641141
1099, 895.9916115360418
2391, 895.133361341869
47, 892.5509029509489
2975, 891.5519379592599
2974, 891.5519379592599
536, 891.5452817388597
2014, 891.1148395415677
3421, 890.7132256618363
1002, 888.812453634376
2337, 888.7273592516442
228, 887.7338472968618
376, 887.1617920996821
3171, 886.6872365560098
1688, 886.0071740641483
3332, 885.3837222761132
3333, 885.252325560432
3441, 883.859536265737
1974, 882.9208166599544
172, 882.5423207476642
3003, 882.4625850907835
431, 882.196174054827
1854, 882.1022750316914
2747, 882.0738400099922
2733, 881.2894750868926
3132, 880.9355755629218
1666, 880.0347066082633
2419, 879.2012215845137
2238, 878.5528973417993
35, 877.3745634558304
1732, 875.0634246814942
678, 874.9762146857859
1707, 874.0199836728558
1204, 873.1796559769543
1589, 872.9958835594671
1096, 872.8873656001874
2041, 872.4973044333451
2386, 872.2700548035504
1112, 872.1430832356727
2919, 871.8826099580912
3413, 871.5401567728095
3194, 870.6069866483168
1761, 868.4186676234754
1662, 868.3830376089609
1253, 867.8871382528528
1121, 867.861368885599
1205, 867.0083644237188
1608, 865.807894611202
1439, 865.5445919269608
1069, 864.8658700718722
3241, 864.0071739104502
555, 863.5366397015579
3092, 862.269920901635
3305, 861.7175092892184
2108, 861.5842930979991
895, 861.2920439810309
3204, 861.1033885768322
162, 861.0841926503172
2808, 861.0096061189348
1961, 860.3008954438435
300, 856.9761640634738
408, 856.0066934010807
1203, 855.3684472883552
2417, 854.82322981078
3170, 854.3481725688113
2048, 854.1377997269997
2793, 852.2880423988257
2715, 851.9763863194474
1447, 851.7895427473353
3396, 851.5612659912299
1586, 850.8803271002068
3384, 849.0455860451294
1202, 848.970218533995
1758, 848.4010268697896
3101, 848.3899263943913
2798, 847.7355788515775
2769, 846.7345472327487
2789, 846.6625659630463
2985, 845.3686425610847
2080, 845.2050468610952
2260, 845.2025995533741
1686, 844.1926987270203
57, 843.9536077365489
651, 843.8436915010694
141, 843.1878061300921
3144, 842.8650345976912
2630, 841.8404426686956
2261, 841.5716568073988
85, 841.520702713831
2392, 840.6945339745353
1263, 840.4473253838805
2794, 838.5636259978002
3211, 838.4592939551808
1122, 837.7918748663209
851, 837.5521692707277
2303, 836.8653049975292
654, 836.565215494547
3372, 835.9024956036939
2387, 835.8364394854744
580, 834.7168099582636
3059, 834.4246934958227
82, 834.1303873551531
1024, 833.642481668727
2951, 833.175539385496
3039, 832.2403247091088
2, 831.0842362684026
266, 830.7462314576604
3163, 830.3347355013466
1513, 830.2192056512769
3131, 829.7192097599952
3380, 828.7237710396488
3289, 827.8965042774072
3420, 827.0942683430075
1148, 826.4401228054311
685, 826.2156828453658
186, 825.8010728767871
3304, 825.6817635523059
1254, 825.2249844506578
563, 824.2293803061127
2752, 823.936869316056
1101, 822.8612275814869
3312, 820.0769008832086
1877, 818.2789951965726
1855, 817.7893494574967
2003, 817.1963390551958
298, 816.9349807314854
1773, 814.7105266586068
1139, 811.0634246365902
3433, 808.7806691018459
1687, 808.5384403605991
1095, 807.6908708941974
280, 807.5513631280567
2730, 807.2409425373744
3143, 807.1584392255531
1760, 807.1205193764334
427, 806.4319742350964
3342, 806.3768187733577
2279, 805.97033624912
2549, 804.7819148924384
473, 803.934151245546
100, 803.6863217679908
3206, 803.6818984267234
3062, 803.1715081086274
1738, 802.5840837483403
1130, 802.435707265917
613, 801.8961412866619
1147, 800.2470244147088
885, 799.2238746785616
3197, 799.0460048275147
1238, 798.7104765250596
1067, 797.0338463433328
1874, 796.9106042574339
61, 795.6743444780161
1677, 794.4875917167907
445, 794.1892904908404
1678, 794.1515359641387
3095, 793.6085402508629
215, 793.4840003854877
1082, 793.4378771615754
2002, 792.4757526379206
1742, 791.4554573937263
3186, 791.1248782387787
2104, 791.0209932724498
2307, 791.0172775161484
2396, 789.7105584979091
2269, 788.7570694379388
3284, 788.344759893829
3375, 787.6419584848287
680, 787.2194749475926
2717, 785.7369436986294
1683, 785.4829565788864
3294, 783.3529538447825
1125, 782.3596689434087
1866, 781.8706891552353
2065, 780.4293352103514
2352, 780.006437652353
1217, 779.9817699748941
2918, 778.297288743705
2408, 777.1584543650613
77, 777.0963115974977
2802, 775.8775822437855
2666, 773.262189503326
281, 772.6616157324695
2513, 771.8980525627771
1720, 771.8922031459635
3367, 771.8106840723378
1667, 771.218704404481
2290, 769.3689375774195
3115, 768.342323559607
3134, 767.7525596535155
125, 767.7241722957116
1199, 766.511008524877
655, 766.3533556711369
1141, 765.9018692646322
3243, 764.2456157939183
649, 763.8837946527684
2983, 760.3059033695928
2240, 759.8917183479602
3200, 759.6853609676822
1879, 759.3405838886755
177, 757.9255582158941
3351, 756.6862596626697
3443, 756.5975762782339
2454, 756.0161956518041
1725, 755.9839263310027
509, 755.6653811064356
1438, 755.3345112216176
545, 754.9717067285164
2960, 754.4228487308411
3040, 754.0245580446974
3366, 753.889850116695
3414, 752.7367821652932
3147, 752.3185512316716
2354, 751.5218069965523
2546, 751.4841113705161
439, 750.9041201560179
91, 749.978515479054
1436, 749.9698263043978
663, 749.911684740019
499, 748.4483001218116
282, 747.8338667947519
2288, 747.4648807511793
402, 745.9037612211268
2294, 745.6738254635367
2421, 745.6401986358031
3141, 745.4898423109923
3350, 745.1297923569404
1162, 745.0880701280869
261, 744.7432981929858
2257, 742.6670225367043
2380, 740.5772652814721
1515, 739.6362260180744
2093, 739.5321583829683
1729, 739.4716574335708
3354, 739.3655282108767
2404, 739.3003788725075
521, 738.652015179173
3117, 738.6398315093762
2742, 738.4762884054071
3327, 738.2115635345846
1257, 737.8182235640899
1070, 737.2099673318845
1242, 736.7050171450693
3154, 736.4580210798711
1452, 731.6928589774807
2651, 730.7020401938304
1860, 729.6218770407485
1521, 729.6082490202498
1771, 728.1626013097346
553, 727.9780048996785
1875, 727.5535757934601
2505, 726.474161776741
748, 725.2521962712482
209, 723.8441815037163
1232, 722.1454598753276
2285, 721.9359521713955
1446, 720.6061359477358
1627, 720.2369901885844
1722, 718.8612800416249
2252, 718.8216914058623
2304, 718.7282439420959
1137, 717.3697309198388
3399, 716.99905363999
643, 716.9681690437415
533, 716.0672222759653
1059, 716.0000682633643
2688, 715.3917644348272
679, 714.2781886236543
92, 714.2735236661866
1718, 714.2152373977848
1881, 713.8324400908921
1970, 713.1666445556164
1097, 712.5806545634405
1600, 712.3519490386656
2483, 712.3419436488332
135, 712.3161085322403
2508, 711.2277678338133
42, 710.206861769902
1431, 708.3200362912372
1430, 708.0182822725031
1462, 708.0015409971289
1596, 707.1774371886007
3158, 706.9750725299973
1262, 706.0014086072395
1669, 705.9588837937645
2976, 704.9815409011578
237, 704.9403799923443
2491, 704.5609856490704
544, 704.4372173669551
3314, 703.9065940976021
2721, 703.4710557126441
2797, 703.2528774649179
1502, 702.642733840538
3102, 701.9052875320797
2008, 701.559675937742
302, 700.7336520292002
1227, 700.5016238879532
3335, 700.1517114095691
1695, 700.0964160743176
219, 700.0679782071895
956, 699.3003315830498
733, 699.1269122672622
1182, 699.02555478626
1231, 698.9267516711
2824, 697.6252791485201
2412, 697.4793555490235
2028, 697.1264389010939
513, 696.6741848973325
455, 696.3810130665654
2815, 695.9676031846733
1971, 694.142297608208
1251, 693.9718703622276
3103, 693.8860452362622
1685, 693.7485852695107
2276, 693.0864170327598
1175, 692.7425638719163
1464, 692.7234956701399
1258, 691.1771328488056
1209, 690.2000960684375
84, 690.1688245254484
838, 690.0744940338207
88, 689.6350965627745
1188, 689.5237794494989
859, 689.0881400667699
2218, 689.0144732650749
2413, 688.5933193136177
966, 688.3668991726495
2021, 687.6931652802302
512, 687.11063397696
73, 687.0973296817581
150, 686.4669620265986
1646, 686.0005677207517
1213, 685.6461037413055
1160, 684.8266250676114
2816, 684.5907774304803
265, 683.4409143953058
2566, 682.2950938216304
2286, 681.6258649882056
491, 681.6042390971463
1298, 681.3512184898212
1660, 681.3008375614085
1894, 680.2877767312139
2039, 679.9442539080791
1746, 679.3534728125604
1998, 679.253169334005
2823, 678.5561631629345
2442, 677.2340116572324
2948, 677.134032218575
2784, 676.4351277819325
1461, 676.3336838237426
326, 676.3282017001992
1465, 676.1294579258778
2203, 675.5372693648404
1593, 675.3535925313647
3120, 674.912511658789
3377, 674.108882864416
62, 673.9257256508195
732, 673.7404921661068
2788, 673.400468381127
498, 672.8742389615438
3430, 672.6726040189002
3053, 672.6543686372182
1154, 672.0615744263306
1201, 671.5008885917069
1176, 671.3814528575529
58, 671.0322506719604
2671, 670.5193601060547
89, 669.5436659396233
3184, 669.172721356574
1858, 668.6426022728226
2771, 668.604975231612
3082, 668.5248123874333
2780, 667.7242187444161
3322, 667.7131423927653
1756, 667.6958533714571
2755, 666.5070271270232
634, 666.089929201605
99, 665.8864663909229
3081, 665.8377380650403
105, 665.2467321886752
1625, 664.9652351522996
1246, 664.008236355713
1208, 663.9286932152162
3397, 663.699189250736
1514, 662.5892052272982
2645, 661.6579882923668
398, 661.6261912224693
518, 661.0473896263278
2314, 660.8078439312706
1116, 659.9176317573542
2758, 659.4571675984181
2023, 658.6300171703265
460, 658.431663278763
1868, 658.3992513499716
120, 658.1583437639566
2393, 658.1260557068055
2705, 657.6236057717429
2917, 657.4954327291379
699, 657.3195430828084
145, 657.0849460211273
2782, 656.487189358658
2098, 655.6390937225674
192, 654.8944774043019
1106, 654.022545572459
1871, 652.9991621560222
2347, 652.6531191566386
3330, 652.4859854581638
492, 651.7577780650395
3076, 651.2823713077854
2967, 651.1294911197301
2268, 650.9363964430964
1968, 650.7922788486038
1104, 650.4517819607966
205, 647.8853165359294
3006, 647.2437230344647
863, 646.8735536884947
541, 645.8679155532373
2280, 644.3786362211582
412, 643.6649318108437
3150, 643.1402491360202
1435, 642.9611918297385
3152, 642.7184233440132
3390, 642.0425122107503
1149, 641.9708082983159
3183, 641.507978370668
3398, 641.2059164705757
551, 640.7916032599373
1516, 640.7220885646614
338, 640.6209858014565
1708, 640.3390006621173
2719, 639.8842709162343
1078, 639.6649546569008
3352, 639.4758702961967
2559, 639.277726645292
2864, 638.4541558783245
2716, 638.2103722910969
2583, 638.1715523192609
1261, 637.9866232571231
734, 637.8254871881835
3052, 637.6663814225242
1195, 637.3225017117144
1181, 637.1204066816356
3338, 636.2694531269049
3239, 635.4124407624626
3248, 634.865021726551
1107, 634.5769057154233
3074, 634.4280176745926
2004, 633.9576824180688
3124, 633.6187278949485
2385, 633.5353177055999
3067, 632.7456473792332
3109, 632.6300727383297
2353, 632.291114965016
133, 632.2244149516972
2101, 631.9881958872745
1136, 631.6771167762232
3157, 631.5908281265276
1250, 631.5774409009758
3123, 630.9843206187325
3187, 630.3403152367455
3264, 630.2129847247353
3087, 629.8735886314616
2587, 628.6932540994486
3156, 628.6107206380402
304, 628.2785831971494
3146, 627.7825234414835
1698, 627.6547389239615
2796, 627.6095760897286
2007, 627.4004097343534
1185, 627.3430117692823
1167, 627.0188481557834
291, 626.8990936822131
87, 626.8660393841717
2762, 626.721043766306
2977, 626.1365436278318
1711, 626.1349011270752
2761, 625.3393365027433
1197, 625.1819864071787
1196, 623.1754128544869
2344, 623.1467836304708
2266, 622.8557866583235
2558, 622.822304799792
1451, 622.811727767505
3168, 622.7668404050897
1171, 622.6888797234499
369, 622.107474873825
3096, 621.9603823234045
160, 621.7728433755645
1647, 621.5574310539428
2696, 621.5209163818589
2524, 620.6637389050028
3162, 620.3235752133754
757, 619.7049073818054
511, 619.602915501238
520, 619.2489118695133
1597, 618.6599123480524
3400, 618.392349050246
1223, 618.276157906469
1656, 617.8785864958965
1644, 617.0064934340429
1127, 616.7290121742366
2812, 616.0178255110999
3104, 614.8240191915359
3444, 614.4353461166371
2553, 614.3534707348083
3290, 613.9765468115982
522, 613.5605166934635
1717, 613.0697062882576
3088, 612.9175988034712
3075, 612.1186858746433
1081, 611.9255171092606
2982, 611.6317658610539
2607, 611.5524522234183
2770, 611.2411109945509
399, 610.0991877923223
110, 610.0130775291618
114, 609.7745346902867
3127, 609.6027087070883
3063, 609.1489433048869
66, 608.8089329723629
2694, 608.7998865192947
3004, 608.611136922573
1222, 608.3455678772203
3116, 607.554653153485
1682, 607.2157934467606
3105, 607.0871430814911
3255, 606.8515315328623
3041, 606.7396743822741
156, 606.1933102118162
2610, 605.9416201745099
250, 605.8389316232766
1740, 605.2919535508281
2781, 604.8725657056762
3394, 604.7246256848853
2514, 604.3660080682929
1225, 604.3605837296612
2562, 603.9223792964817
3090, 603.0797138663035
1739, 602.8688571855597
3324, 602.5969597385993
409, 602.3502232875705
3060, 601.585529346601
561, 601.129492113986
3129, 600.4485966707691
3138, 598.560450730688
434, 598.5050766326915
2030, 598.1343397191249
2223, 598.0665372616386
1138, 597.869009084197
2017, 597.4877323648672
2984, 597.1677050936819
385, 596.0482892410564
2210, 595.1263543475633
103, 594.8859163479403
214, 594.2321312894964
2338, 593.3979075356306
1641, 593.0453377222985
2690, 592.9652976960211
965, 592.8041650781423
2800, 592.4153099762088
1747, 592.2570538610247
1714, 591.9838653297145
2640, 591.4003589279395
957, 590.60901834258
2258, 590.4220024029363
2779, 588.6560817511127
1642, 588.2540416695334
216, 587.974896611596
3328, 587.9171956365215
190, 587.7791090304968
3427, 587.4326977059897
1133, 587.3032150291428
1626, 586.8567765676399
3225, 586.5982918043219
3355, 586.5859177234792
1892, 586.4754253641854
3337, 586.0129979785872
1206, 585.6317030067493
1108, 585.2388616084631
1207, 583.0028227971874
1155, 582.1761035344155
3415, 581.1352006173506
106, 580.378209803809
1441, 579.9625965449067
626, 579.8312923679202
1726, 579.0244094672508
199, 578.6389254392046
3279, 578.5394023520278
1123, 578.3482532441045
3318, 577.9331887390706
1131, 577.8331297678649
2259, 577.0012311206502
2102, 575.5928565082247
2677, 575.1213878209601
3299, 575.1138027347987
3406, 575.1118190689626
1869, 574.7451370436584
2409, 574.7430549182101
278, 574.2639838726473
2473, 573.6950496615368
1703, 573.3085996006517
1715, 572.8261549805004
3066, 572.1401387588257
2785, 571.6739116054779
2710, 571.3482921056849
1713, 571.3248326055493
3137, 570.183006111305
2379, 569.3467390095602
2756, 569.309229291135
2273, 569.2800774880435
3080, 569.0410759029336
1731, 568.964832777098
3130, 568.8516811939068
276, 568.4287396092109
2244, 567.1574994883052
104, 566.1863861359435
1224, 565.6367112032627
2415, 565.5871274708564
2814, 565.0245775094882
179, 564.7320218804207
395, 564.1569588614421
2653, 564.0549471366373
1057, 563.2940858623673
681, 563.1208241915533
2775, 562.8066533001441
2536, 562.7185426815765
113, 561.9631651252082
2287, 560.247957160032
2657, 559.6990538476368
400, 559.5700019425997
1120, 559.5364033111837
3349, 559.4017094247213
2311, 559.2545737540341
2411, 559.197482182237
404, 558.375240230933
1240, 558.2907370195347
2620, 558.1335257683471
1643, 557.2431434177793
2686, 556.6796842316226
1168, 556.034745974654
2497, 555.9395437108112
1163, 555.490498289928
3126, 555.4788515355916
3207, 555.302235429776
3347, 555.2827033045367
1966, 554.9727188249998
54, 554.3621250161196
411, 554.3366552224709
1630, 551.9101793835263
1194, 551.8465063163973
3122, 551.3231617153609
102, 550.6140940404221
1705, 549.9264297239303
225, 549.6319958260183
3140, 549.4280579539571
2390, 548.7491894886872
267, 548.2639353115486
2574, 547.6239497660464
1721, 546.9138650484595
2703, 546.8497561758929
2745, 546.4198251259744
2571, 546.4101405095033
1752, 546.3075486573309
1755, 545.9561152510253
3306, 545.5216331986651
1028, 543.1822042415951
2416, 542.7564090518929
3111, 541.8759785274551
2787, 541.5584663763054
2356, 541.1666783279758
1658, 540.8526723855838
2624, 540.5228136758452
1186, 539.4065396811087
2384, 538.8195428572042
1428, 538.3294377729901
386, 537.4940671038188
254, 537.3335799449434
2650, 536.8828230499932
21, 536.8231470488377
2305, 536.1532405322007
1733, 535.870463955274
1712, 535.607658958113
2111, 535.5934070776658
2096, 535.5934070776658
2720, 535.1088833211006
1692, 534.7503945943197
3020, 532.9700683597506
1061, 532.6790399820907
2414, 532.6712084890803
2561, 532.5294018802624
1891, 531.8749122526344
2399, 531.2401196778893
3368, 531.2388564114966
2550, 530.4785313381095
2152, 529.49611409651
50, 529.1401005495221
1170, 528.9014506012597
2972, 528.6479700278954
2668, 528.4024565544753
1701, 528.133587616185
1463, 527.8541797013262
1710, 527.5432881216988
3099, 527.281753833752
1873, 527.1823763909832
1220, 526.9525142210468
1135, 526.9270117690526
3316, 526.649410706739
2641, 526.3559595618315
3374, 526.1431917663722
2712, 525.4647284499865
2406, 525.1050112280913
3383, 525.0915853146541
647, 525.0822625549291
19, 525.0569135940084
510, 524.9126843444309
1146, 523.6849024516939
3356, 523.1116693633558
121, 523.0583146294447
2551, 523.0418898586776
2378, 520.9984745410252
1996, 520.4325645891325
1744, 519.5188564526277
95, 519.1716539057804
2799, 518.97368054922
2738, 518.4987854553273
3097, 518.1860729962846
137, 514.6356974369185
2217, 514.6132509404193
2572, 514.4411404755314
1068, 514.3790954757388
2913, 513.0650926282046
2649, 511.86404048338096
2652, 511.69368094539
2525, 511.2209770795501
3265, 511.1560058357228
127, 509.08377889808105
3323, 508.99661924881815
3112, 508.6676245981488
1735, 508.4070590217648
1631, 508.16356522880625
255, 508.09537125471195
1659, 507.90233658567547
2520, 507.6050070637694
20, 507.45242445920894
1460, 506.87279101565537
3422, 506.6622353028799
3201, 506.0878614364654
287, 505.88628773014057
2527, 505.8526250137514
101, 505.61454214209874
2959, 505.4882744483516
2608, 505.3640626671265
396, 504.7944351223132
1198, 504.6313570462539
1748, 504.0545510942348
3362, 502.150515944939
3442, 501.820592282931
2621, 501.32560917803454
2601, 500.1450702199919
1716, 499.95141969048916
2568, 499.4647983981664
3428, 498.78617859040776
2683, 498.57663779944306
3295, 498.35278670461526
90, 498.03952742138006
3376, 494.71487820529217
218, 494.6805723835263
1047, 494.3143805640608
3288, 494.0218736003364
1684, 493.87616419986887
1633, 493.70800494692054
2350, 493.0584419098579
1672, 492.8761425289749
2656, 492.52450186518655
3136, 492.0319561772005
1743, 491.8053989620044
2681, 491.51311377078775
2646, 491.3457960602083
1670, 490.061060951824
2295, 489.2762618030803
2563, 488.90838340030217
1730, 487.60588576266343
2097, 485.485525106446
1477, 485.3419271013462
1700, 484.91163458760565
1668, 484.62357529444074
36, 484.37932182561326
1663, 484.30509072187675
166, 483.9291747047252
2635, 483.5336332067166
1699, 482.60296813352954
1941, 482.5159220636657
1628, 481.37327554074363
1967, 480.0154736228116
2485, 479.7411670717371
3417, 478.8557287418588
3311, 478.8433184940889
2580, 478.24631212494035
1741, 477.85487102771475
65, 477.5074659481671
2726, 476.7838125098887
1724, 476.71861356690505
2289, 476.236093815591
67, 475.4582973183188
43, 474.8997401351302
388, 474.7581791536795
508, 474.71083132952367
2697, 474.54689823853937
1588, 474.38387592561867
2293, 474.233851057531
2395, 474.1343562671579
1657, 473.89481651811474
1645, 473.50044633882135
2451, 473.3863721340753
1671, 471.4734749778595
72, 471.2798407617636
1034, 471.2629395097613
2915, 468.9982235772408
2397, 468.33365868109036
3254, 465.9219113206098
2853, 465.60794964271724
1754, 464.8696355262187
1745, 464.6458695382139
2340, 464.48046287927457
64, 464.1969634940582
3387, 463.55321726209223
2597, 462.96598203654946
1114, 462.82277838081774
2533, 462.735309471581
1728, 462.6295335337148
2212, 462.1626820343049
2611, 461.7120055686516
1065, 461.66732228634385
2486, 461.57057170767666
3005, 460.9454012303408
1150, 460.9243603780385
1665, 460.5476461147901
1706, 460.1238478354119
1719, 459.9061454417343
1650, 459.8308295492727
1134, 458.76357990503874
2592, 458.42417668184754
358, 457.6748939335242
2383, 456.21663912692
195, 455.90225444908623
144, 455.71575955813154
2456, 455.51825289475755
167, 455.3729529372227
93, 455.19545678403836
3392, 454.99417651830566
1813, 454.6379600582108
2493, 454.6011201364014
70, 454.59643908937477
69, 454.59643908937477
212, 454.45470689845035
2466, 454.07532177175545
3094, 453.8039594863091
1649, 453.15419659501214
149, 452.5236665874562
497, 451.83959895618824
1679, 451.69188312682695
1180, 451.2294595644408
260, 451.1195044914147
1629, 450.2214876410303
2658, 449.82904611035065
2449, 449.25909372924514
1727, 448.37902365784674
1962, 448.322754584335
474, 448.052369129663
1734, 447.91606526699974
2283, 447.7306624410688
80, 447.2489016245142
1704, 446.8197981531774
2400, 446.54526642586313
1637, 445.92278434498314
2575, 444.9854609722024
1406, 444.567295908975
1440, 444.4359186799346
1073, 443.79045620674617
252, 442.8902530521109
1681, 441.8794393192033
232, 440.93177975768947
2528, 440.7877755412598
115, 440.70243735796777
1648, 440.6850579445007
1216, 440.0149852128827
1639, 439.6258600327296
122, 439.38650704401573
1691, 439.22509114125637
2604, 437.17864777810644
3232, 437.07512531773426
2179, 435.9792681924232
108, 435.5521160542466
1697, 433.6906030461682
3007, 433.6543538091506
1864, 433.04799420307336
375, 432.1877479955068
138, 431.3687393450602
2778, 429.8787263800996
2339, 428.5443948075745
2087, 427.6576556206948
2543, 427.6033060824817
2204, 427.1781567887194
268, 426.756364435336
2589, 425.1787261671887
2475, 425.02124965735305
1152, 425.0153187767858
2980, 424.69214105838984
1749, 423.81464893374266
2461, 423.61533841007457
1759, 422.4924703581285
2355, 422.44905354814176
2239, 422.35361467074387
97, 421.2650798549198
3195, 421.2551211763136
3231, 420.9712471358841
1693, 420.3522692535367
1079, 420.3288160341235
2453, 420.16214431948913
2655, 419.13853018413903
1178, 418.3948420346064
405, 417.81096905868606
1751, 417.697948886979
1702, 417.5868073996866
2809, 417.4726626580272
2971, 417.1247800275052
2693, 416.8575462756862
337, 416.77042194376907
3258, 416.6124882037387
196, 416.40109465687226
2612, 415.6348330888246
2648, 415.552563435584
2235, 415.07710466681027
1605, 414.4002504590803
2616, 414.0693260881728
1674, 414.0446071045653
1467, 412.01980085799033
1189, 411.95183273109683
2167, 411.7922538194995
2623, 411.63384664617104
2673, 411.29719337101
2605, 411.2785778353091
2185, 411.266516897705
1156, 411.20543948130353
2282, 410.56590825131667
1636, 410.0397288333448
1397, 408.36055377445905
2564, 407.50859091989946
32, 407.09214596992683
3313, 406.92067374084394
2821, 406.3135205281034
394, 406.1721173177926
96, 406.1204351292232
68, 405.89785981121315
3296, 405.2584710970546
1302, 405.2520873298033
1696, 404.79319801825307
2484, 404.6766361822105
1635, 403.7427518523623
2679, 403.1531497114516
2713, 402.6725089251968
12, 402.49143712738277
1151, 402.4600895162934
1518, 402.4162690055428
1634, 402.0299459442297
472, 401.5402085173281
55, 401.2529967609866
2139, 400.75436481036223
2586, 400.69486346411344
1750, 400.3386650769363
3164, 400.0563648045297
2626, 399.7951766410092
1632, 398.9640831282828
2226, 398.7158761897468
2184, 398.5641899164598
15, 397.9579192730543
2270, 397.6111602052216
3160, 397.5354875596835
3188, 397.05824987436256
2531, 396.7171094363387
2010, 396.66297235914675
2606, 396.3969521136258
3021, 395.6441703813302
1737, 394.4191314369275
38, 394.0191166798674
2299, 393.85448806003023
2351, 393.76064036306536
2094, 392.5910161986308
2695, 392.36689023288045
78, 391.53372064082936
2498, 391.1165342471193
1530, 390.8207621594853
2492, 390.7416488744141
3262, 390.69594774395836
3091, 389.8949009928355
2177, 389.87816593217906
2249, 389.83748312361786
3113, 388.8681561702563
2687, 388.43358533837045
2264, 387.84201993922755
2654, 387.2832343632199
2496, 387.17217120763127
2822, 385.9794007843236
2861, 385.9517914404654
2538, 385.5919789324181
2462, 385.5335734741726
2345, 385.33057694649676
2692, 385.3200423933474
2534, 385.2225538733705
2570, 385.1046501799114
2455, 384.95408742200823
1045, 384.40985848636365
3261, 384.38205086094194
2704, 384.0952477798316
2490, 383.99421003738615
2519, 383.57901567632183
2603, 383.45841920195505
13, 382.99733192344235
3193, 382.89599766023133
2464, 382.3368611321056
1694, 381.9811951236683
1838, 381.78952139407625
1652, 381.28762533908105
2346, 381.0853361279823
2869, 380.9817052813655
1958, 380.4720872457966
2707, 380.23650488072667
1191, 380.07278687341926
3180, 379.60325450350234
1960, 379.3231489379144
2629, 378.6465014888565
109, 378.5331732689587
2342, 378.24002915003047
2511, 378.1095610516092
3344, 378.05387953755746
2349, 378.0412948737425
2522, 377.8707444155666
2341, 377.3949801255294
3251, 377.3646087251057
1457, 376.7097141563307
1557, 375.7720654733814
2675, 375.75378346345326
2900, 373.96545917033444
2700, 373.02804516820856
2801, 372.74129351416434
637, 372.1877023879087
2581, 371.92314218185095
16, 371.8894354795074
916, 371.6306259010408
2506, 370.4401154533638
1153, 370.0167662677372
2600, 369.77152788652234
3329, 368.33979134232254
3260, 368.13450217433785
2313, 368.07465105231375
3361, 367.52963756699387
1709, 367.2188068918479
2727, 366.04968443352027
1316, 366.0375884570674
2275, 365.9740098689501
1655, 365.42020833371816
2760, 364.84269839466504
2452, 364.3925340246533
3165, 364.11576290274434
2499, 363.6633483204737
2632, 363.4894240190352
3019, 363.34886605086973
2638, 363.33156813714714
2509, 363.27577324550197
2495, 363.0920088411429
2662, 362.51320430444275
2488, 362.15001244776926
2284, 362.0678121775294
3364, 361.0303651257956
2044, 360.7277291154659
1559, 359.8036368289822
2665, 359.5055140582115
2460, 359.29944622459595
2079, 358.72869982059456
3431, 358.6132796546205
1800, 358.17255137273895
2479, 358.0894991785292
2644, 357.4494390920163
3100, 355.84695067920825
83, 355.6232664692332
2714, 354.6506524797033
2037, 354.341940293743
2440, 354.20904902391953
1638, 350.60105139475183
2743, 350.5405666050734
2433, 348.9090074839734
2860, 348.7451107152222
3301, 348.04396994868375
1661, 347.7876822258533
2698, 345.784647032365
2401, 345.22725725767776
2530, 345.0678367364449
2092, 344.56598660553493
1847, 343.35420915202457
413, 342.2795834197275
2477, 341.6419066841711
2970, 341.57284589916
3266, 341.14129798722126
768, 340.9834119351782
2535, 340.28651382474004
1, 339.46666209930294
2670, 339.45873537181654
10, 338.0993650275446
2192, 337.9981232484329
2625, 337.1568902862418
2565, 336.78723453117794
1664, 336.4775711846037
3310, 336.4199703928262
4, 336.13083092597714
182, 335.6999746654175
2591, 335.5495085812858
2537, 335.19893444993073
3236, 334.02178973560655
2684, 333.9546411571604
3234, 333.5705809214151
2444, 333.4890113252161
2061, 332.5526552654048
3357, 332.48503854376133
117, 331.0733376791719
2598, 330.34503257974916
2667, 328.1563923583082
2664, 327.65135657907234
2660, 326.4442385397065
2699, 326.43981764336434
2659, 326.36481333429674
1574, 325.987048313326
1255, 325.98461897350177
2634, 325.33799737733784
2631, 324.33060729102453
2669, 323.9250560233965
2472, 323.4769978062493
2552, 322.4287186880342
2576, 321.66526813823344
3008, 321.53166227690815
2661, 321.3070046128977
2502, 321.1107749659338
2501, 321.1107749659338
1785, 321.05699136440893
2691, 320.7146401339721
2731, 320.4147205850231
2469, 320.28283908081755
2405, 320.2328857788623
116, 319.4334057337147
2474, 319.37140799905745
2541, 318.9317205111051
2609, 318.61569268243557
1454, 318.4128234423016
3033, 318.3897877054262
1062, 318.36673886910637
2614, 318.06096668926415
2457, 318.01558822384857
438, 317.8872233208636
2674, 317.36310272559
2494, 317.116506139283
2617, 316.60419936793147
3249, 316.48610757118104
2857, 316.3414607487856
2510, 315.8734868669513
2627, 314.42757044274776
2476, 313.0112497628078
3253, 312.3745327879794
7, 312.2021340217722
1814, 311.08253280470075
2542, 310.5903051025815
2521, 310.5725528061546
1788, 310.3664717183241
2504, 310.20612902045974
1300, 309.7788353438394
2448, 309.5010471199348
2637, 309.38362951123617
2724, 309.1709489111503
2702, 309.0907790568197
1109, 308.82923664628777
81, 308.2283761783851
1562, 307.179016071741
3325, 307.17223997021404
2089, 306.976306457865
2956, 306.7948139713867
2567, 306.7157056015951
3263, 306.69512443453266
1572, 306.118263749396
2320, 306.0451519303711
1324, 305.97689035484984
2678, 305.8379707240566
2676, 304.46980772373587
2866, 302.3977544901007
641, 302.2664296374171
2478, 302.1044394558544
1576, 301.58595401345855
1794, 301.5800544985884
2619, 301.3104167692774
953, 300.8291868087634
112, 300.7394390177083
107, 300.701974337055
2074, 300.4793865436866
2832, 300.2163810316708
2557, 300.13702264220956
2805, 300.0165886568364
3009, 299.3254365673299
2529, 298.7418535829507
2706, 298.48160959143905
17, 298.47206767882204
2459, 298.1478202447908
2585, 298.13153960840424
826, 298.09692649343333
2082, 297.9794825940011
0, 297.4047832912999
28, 297.19988442676396
2191, 297.04666516961424
3235, 296.9821079456168
277, 296.30192368480897
2554, 295.5339704298174
2467, 295.41847387830717
2633, 294.7930001552323
1723, 294.32129379338016
2663, 294.15806590458203
2560, 294.1440319149701
3250, 294.0556785615252
1560, 293.80429155793746
2544, 293.75806833612523
2577, 293.5532942193327
2595, 292.8934763396938
2685, 292.59076727063575
6, 292.5549905858148
2628, 292.2638105489905
2642, 290.98818501316066
2999, 290.72780058353
1818, 290.72228406676743
3, 290.7032201093971
2482, 290.6992238358311
2523, 290.37537671938975
1309, 290.26741989616806
118, 289.39951183247905
1543, 289.13520608566046
1573, 289.11586794106404
823, 288.98468698927235
814, 288.9719912119683
11, 288.80299087135256
1969, 288.772598112358
1052, 287.81708081916025
2573, 287.17112754275814
9, 287.135713798964
3365, 286.9670726402818
3326, 286.6103080520152
2618, 286.3400706681077
3358, 285.8594564455093
2545, 285.7503019969
524, 285.6465770557949
2909, 285.61224864875476
1509, 285.4723527762287
2689, 285.31320075574513
2680, 285.1846778809316
30, 284.5080271896399
2480, 284.5003608676277
3017, 284.23026776968595
1484, 284.0930188653121
2443, 283.9953688155456
290, 283.80879936318473
2153, 283.7653099751496
2701, 283.24020354143465
2208, 282.79975461200206
2481, 282.70106236357117
2445, 282.4803618352311
2047, 282.06896747252154
14, 282.03477644848425
1965, 281.77911680884574
2588, 281.4650284891371
2447, 281.364206027353
1410, 281.04658268696653
2613, 280.56654313116314
3307, 280.23991520423186
2465, 279.77493272779424
1824, 279.65681524794877
2211, 279.08025324421317
2458, 278.9292128519903
2602, 278.63500247448553
3345, 278.00628109955244
2134, 277.92560678663807
2489, 277.6695442001484
1882, 277.57645725447867
2463, 277.0591675016358
2643, 277.0360390516463
1567, 276.87139203629044
2889, 275.9803422833244
3360, 275.9215194004101
2599, 275.2711471909929
436, 275.21767684014816
1046, 275.0642705732995
1806, 274.92435487652216
2512, 274.7502798787695
735, 274.6338717579642
2487, 274.56762020445296
2584, 274.5490314638672
1004, 273.7169083402108
745, 273.70787222962343
848, 273.5459045748651
2728, 273.23881632037603
3215, 272.4691655555453
1520, 272.2155813723154
2446, 272.1329245756031
5, 271.9347371626529
2878, 271.8166912293772
2081, 271.7815106704972
2158, 271.6751689803223
2516, 271.08409100107815
2242, 271.06092920053356
2708, 270.9617519073013
1940, 270.8159254788069
1939, 270.71642988622204
8, 270.4913580865789
259, 270.03628926567205
2540, 269.94894929776643
94, 269.90765086866793
421, 269.51658775361966
3252, 269.43294613258513
2636, 268.86501415431366
2639, 268.7881728913713
2193, 268.7557626842741
2593, 268.4377246983151
3391, 268.13114851526467
3308, 266.6985411532364
1418, 266.5343450736837
2057, 266.01951610822465
2555, 265.95394038312025
1575, 265.84942456718636
2052, 265.42602893199114
2077, 265.241041695955
2582, 265.12062684465496
788, 264.6454365722627
3000, 264.0609433466396
2170, 263.94573325430105
2590, 263.8833137238251
18, 263.8762855816738
2859, 263.5391940928581
923, 262.9449780759542
2031, 262.8968289948317
2856, 262.77313092277285
1571, 262.1376199251331
2090, 261.9187855421778
2526, 261.5479069379482
1951, 261.2728078609807
2207, 260.87594598333703
917, 260.4138867836326
3177, 260.0131707629254
1269, 259.56450688803017
682, 259.5183490855905
2468, 259.04292927033214
3025, 258.90948375136156
526, 258.2235659377072
2806, 258.1024948894103
1537, 257.36414258122335
2914, 257.1544754421465
2450, 257.07396840872906
786, 256.78046254326944
2441, 256.7587013233059
1907, 256.6160538325907
2429, 256.5179779872778
1003, 256.2055751789926
2180, 255.50052850190323
1103, 255.26943188554662
2124, 255.1633705186475
1053, 254.32561539466582
1118, 254.23798301364224
2135, 254.18661883914342
29, 253.95212231975648
2435, 253.9017780002384
2428, 253.9017780002384
2205, 253.59731700579485
2539, 253.45551717805932
3446, 253.40254480007403
1884, 253.14450383342367
1519, 252.98933704186854
1810, 252.80124893027994
1210, 252.43505147463276
1640, 252.27502088032483
615, 251.50484684374436
1776, 251.17248415432655
1780, 251.13045777674458
857, 250.6614770679465
803, 250.45935687899365
353, 250.3020305846729
517, 250.28772079771036
744, 250.08028349846808
234, 250.0102578305293
727, 249.64980432161465
2236, 249.51129482851027
2991, 249.18604430870755
2596, 249.16229931581137
3269, 249.1048877783081
3018, 248.72475988364042
1424, 248.64313368749515
791, 248.22542209179989
2709, 248.13215325961767
3029, 247.15435766204953
2157, 246.6442926098815
1039, 246.5918789100921
2647, 246.39245438084117
2195, 246.3022920355456
3343, 245.979954728898
1889, 245.7991026593309
3016, 245.7229966598895
2194, 245.62904017050832
746, 245.60846315708142
1525, 245.29156635479276
417, 245.0440363911097
2936, 244.84075222616124
2243, 244.65134626207862
1306, 244.5639842483568
248, 244.41136809082874
2262, 244.29750458863074
2615, 244.2181624604351
936, 244.20291606508383
3228, 243.91627717373544
2579, 243.38450286886712
1807, 243.34340029993052
579, 243.25928066026287
2318, 243.21553914034604
2066, 243.16493678297203
3238, 243.11488784484374
686, 242.35703356820306
2060, 242.12361218090214
2196, 242.0907887268329
1356, 241.65480716269906
945, 241.58321408429734
1822, 241.39775236078214
1943, 240.97630245629097
1885, 240.71494476556833
1617, 240.60400017106085
1423, 240.28786268000817
249, 239.91379052079134
416, 239.83642343023462
22, 239.61182869118758
2471, 239.58302229155296
2038, 239.56407774841287
716, 239.4986307343763
1566, 239.2556671719071
527, 239.03237798264797
1653, 238.94917899348098
2188, 238.85903004127897
1558, 238.70971563732954
2953, 238.54214329973817
1336, 238.34518417976997
575, 238.31501029556233
781, 238.2503580985196
2997, 238.0323064796235
2438, 237.93680486846057
2187, 237.76891509494786
321, 237.7473950008697
981, 237.47318261419085
1623, 237.04026711023232
3319, 236.7410716423613
2517, 236.60427609870152
1615, 236.31321509299613
1999, 236.3072050058308
1577, 236.14586786687448
980, 236.07227234909195
2594, 235.83407165214484
920, 235.79366148051326
762, 235.5690356070461
2160, 235.5589434708321
3359, 235.23345756425846
778, 235.17412317323127
844, 234.73127608451236
1023, 234.5564198858999
1487, 234.37068625040502
1803, 234.25930792624803
2365, 234.1893222807788
2189, 234.18726955557776
3320, 234.11784793433822
2500, 234.11598142189402
612, 234.05292519416517
581, 233.82525169346235
2993, 233.7517237274496
3233, 233.55953640011705
2145, 233.42317453345484
1037, 233.29838798175118
698, 233.2702453758021
1985, 233.1608361009258
1279, 233.00726701901542
3438, 232.6746947198267
465, 232.404321519828
717, 232.10971624183983
2434, 232.02448077860055
23, 231.94841693747534
817, 231.82791138182048
1580, 231.82518598687025
961, 231.57887546682494
2916, 231.35533451108043
2040, 231.29571255866415
2220, 231.1394508273157
825, 231.10343761309758
2142, 230.78604331740058
2431, 230.73040276331758
2362, 230.63842835102074
420, 230.63275563786001
2360, 230.60557351259854
743, 230.47218698659705
86, 230.3994403820391
1579, 230.34483364521006
1895, 230.26069899983818
27, 230.12616310438943
2949, 229.82260999756878
24, 229.7356924392639
243, 229.71812607159825
1425, 229.66692436922875
500, 229.66227667916243
319, 229.52346332524746
955, 229.38740544667397
2214, 229.2356134056153
1977, 229.22740638827054
3085, 228.9380192299802
2879, 228.65387021684052
247, 228.53458738283962
2503, 228.38017661692814
2095, 228.3441036951038
3237, 228.08349372763826
1331, 227.50948401915275
600, 227.4536196363317
2181, 227.33478095526846
960, 227.25831338072834
815, 226.90435449356366
1878, 226.59358552011713
1412, 226.58736110482232
922, 226.3601577489111
969, 226.20681110212632
419, 226.13625789065514
1473, 225.98246144136746
787, 225.81757769546616
528, 225.75774136346467
2064, 225.68741042220606
2845, 225.56202347004867
2219, 225.53518876901467
2122, 224.97917370598165
370, 224.95664307182636
1840, 224.95373473182616
1371, 224.84181352755124
560, 224.82215005266661
1038, 224.71977154788254
1890, 224.38579373033193
808, 224.2486680424243
709, 224.06768341554942
2046, 224.04650786501355
1490, 223.69935012067512
999, 223.68741585368264
2829, 223.59983743027198
1523, 223.4074124619268
2515, 223.09335085646214
1599, 222.9947799409638
1308, 222.9653392372851
2732, 222.5415090104751
2907, 222.43282872558478
1266, 222.3082435703021
2828, 222.18439625052443
3346, 221.84586224347197
2058, 221.61092373093896
2846, 221.52139043678685
59, 221.42704937028424
585, 221.16490442505534
2422, 221.00991026700652
242, 220.90010708062636
856, 220.88991561191128
1408, 220.8845117369118
1314, 220.8618524792376
964, 220.85694244644398
1976, 220.76746711245048
2209, 220.28646867720136
691, 220.22635233108142
2231, 220.19863299016237
601, 220.1757498147573
1495, 220.06829931178288
1321, 220.00982792489245
2036, 220.0050588699374
594, 219.97561905671674
574, 219.85589455143693
2173, 219.84963572248185
1404, 219.77211878325127
907, 219.72204396634726
804, 219.667054019665
2427, 219.61354486666482
1839, 219.44721889171586
3026, 219.4209976750741
418, 219.34176572231678
1790, 219.25094831686602
313, 219.22005760379153
2992, 218.9925447127067
1289, 218.9559572402086
2682, 218.6924391925629
2171, 218.6688970145408
529, 218.6659748743823
2200, 218.5879845820917
1942, 218.56551850813082
1164, 218.43468630039146
1315, 218.2863469392447
2858, 218.14179394497756
903, 217.9904611904307
2228, 217.86927797934402
1594, 217.85548897733753
2168, 217.47282581675168
1510, 217.35229792494388
2877, 217.27149976375898
2996, 217.2126660717677
1211, 217.1286162519485
2206, 217.01230804493545
1369, 216.8195379264827
2905, 216.72278629648795
2470, 216.71394017722835
789, 216.56347308377988
1823, 216.41582555436818
1427, 216.3805805064165
1505, 216.36917219868837
1508, 216.2459415394719
2165, 216.22912739667532
3229, 216.2105657953545
1887, 216.0192014640518
972, 216.01461193107707
2804, 215.349267118929
1846, 215.064448823152
586, 214.7092432526006
1478, 214.68900039891045
1957, 214.66866820641275
2113, 214.6572932683213
2837, 214.47098697479848
2190, 214.46933135912005
1501, 214.4494561876426
1348, 214.3637375431314
593, 214.31428321851766
780, 214.28210748239556
872, 214.20949560475535
3363, 214.06609195209668
1984, 213.89670232504943
1527, 213.6382487165976
2043, 213.48600549480116
3270, 213.27565451010696
837, 213.16871354137794
3031, 212.98156035486656
845, 212.94350693314047
507, 212.8653097487453
2164, 212.67833337187085
696, 212.67318216439116
683, 212.6283062921841
371, 212.55590874825953
846, 212.48579254972657
2256, 212.48406436924725
1883, 212.4035635169693
2850, 212.39941919236932
558, 212.1091615022634
2578, 212.10831807441247
2334, 211.93343895578795
1512, 211.89279236236885
1390, 211.59425481978406
2150, 211.50550092303783
1421, 211.18815828941553
1488, 211.13164984886174
919, 211.1096093120898
638, 211.0259994424333
1494, 210.99927757331707
1578, 210.98546716644128
1983, 210.87786060923818
2115, 210.80949247861378
2841, 210.76527991113736
1828, 210.6823446458276
1380, 210.6191144178579
1001, 210.60694951917026
839, 210.50364307633234
1426, 210.4826725848877
1361, 210.45521230242744
2372, 210.40101894711583
1792, 210.15378748498495
307, 209.6660228680676
928, 209.61588189984502
3267, 209.53846074500478
1986, 209.52542344529348
2998, 209.3958104528365
821, 209.3497465980075
902, 209.28759506117925
1481, 209.25969401891825
1322, 209.2536227209146
1389, 209.0663790329266
2324, 208.95271007693637
657, 208.93911842069477
3240, 208.89353387216858
987, 208.833107997015
2321, 208.8232232989583
886, 208.76814727735538
461, 208.63463029730306
2839, 208.63424220566154
2063, 208.51224226098438
2229, 208.50872733458974
1268, 208.50046632909758
2439, 208.3931655886881
993, 208.3833055017421
784, 208.37959770672234
1396, 208.19450440127204
2125, 208.13822797753076
661, 208.09596213977483
459, 208.08958872378804
2852, 208.08309665669339
3321, 207.97500814411322
2230, 207.8972151281689
602, 207.70084432391727
2725, 207.6165466182108
2117, 207.34506809920364
26, 207.29047408578478
1455, 207.2169311435303
599, 207.1769918114819
2120, 207.12213920510192
708, 206.9589173994384
3242, 206.9183704919126
3268, 206.91750707263193
2255, 206.8751768540087
639, 206.79789175604978
775, 206.72387931992063
2085, 206.66295182395697
606, 206.29823920968178
1271, 206.29775793285094
718, 206.25528182061484
1549, 206.233914909911
2162, 206.21801975176027
1820, 205.95786041918223
659, 205.9009268880909
3014, 205.85521237287654
711, 205.8025063091216
1908, 205.76505196398233
938, 205.75082156638447
584, 205.7435567053306
2750, 205.54570993614055
1339, 205.46984102872275
777, 205.3779354954328
2359, 205.36078341875037
855, 205.30553774980967
1345, 205.28901173027398
1614, 205.11601759651575
853, 205.00073579228254
2237, 204.75247829203872
1377, 204.63664555541158
230, 204.59283672724453
3002, 204.54184231644294
2831, 204.52639403041786
2994, 204.48800519651573
1493, 204.4775760047434
2116, 204.37988360270865
256, 204.33768144040923
665, 204.2354754105075
1474, 204.19634503767523
840, 204.0696386027531
927, 203.97913905275985
798, 203.88333024892873
2569, 203.79350495339483
2718, 203.78932972899955
1886, 203.75047748570634
690, 203.63576669341498
730, 203.51763199944287
63, 203.4634667617084
235, 203.44569748461765
2851, 203.40660905305003
1511, 203.39373061633216
664, 203.36411670492816
1413, 203.35224340236024
1622, 203.32122863318904
790, 203.3185275871327
1398, 203.28671267264392
849, 203.2450769085462
1601, 203.17088567894828
1312, 203.10318831791912
1295, 202.94795584936114
1014, 202.57954228887536
989, 202.5468236671409
1330, 202.5267118791757
867, 202.4350831246382
882, 202.37895736434604
1343, 202.29121616423606
2844, 202.22677840391543
1550, 202.202866783385
525, 202.03912903111873
752, 201.98708087180296
1829, 201.96019572968947
559, 201.9075458888433
970, 201.88556200706805
776, 201.87768406045177
3256, 201.6893774615384
971, 201.60970682831353
2213, 201.32260946395408
315, 201.26930483430763
306, 201.26930483430763
1804, 201.07850895509085
484, 200.9580761146609
1825, 200.81965678716523
2908, 200.63601266148393
569, 200.5940019221269
564, 200.42226104770677
1920, 200.3719465659489
1273, 200.3228344902258
723, 200.3026219762016
1368, 200.2911295569516
1561, 200.28316515239752
1555, 200.24926229983507
572, 200.2196700988793
892, 200.185786875789
774, 200.08863279893603
577, 199.93729546069176
1278, 199.92463494314146
770, 199.92376036895533
2361, 199.86729946758703
1378, 199.7986538708976
1902, 199.74054690387274
1544, 199.57325073669332
2672, 199.52975728735112
1926, 199.49190044041862
785, 199.4851836448389
1393, 199.4730640316953
797, 199.3457817044678
713, 199.29993510947497
1006, 199.26727057507907
2888, 199.14574317182178
3045, 199.06586701006376
2366, 199.05906982440737
850, 198.9725186803672
2141, 198.9615889291434
2376, 198.94068430585077
1815, 198.8018385672541
2227, 198.65761952186722
1539, 198.6534539344256
1422, 198.54938205130063
689, 198.5187374003339
847, 198.4668747806465
2898, 198.3660888634116
1392, 198.2876088082548
2254, 198.26799202283843
3272, 198.25901544904815
992, 198.2215745807495
1959, 198.1953928099852
1400, 198.17004182928144
1352, 198.16989371661396
1417, 198.16077084182467
573, 198.11603644697448
1475, 198.0430492436776
1285, 198.01624599868092
3030, 197.9411548268901
2910, 197.88603053389713
2245, 197.84386815123122
1420, 197.8427333007314
822, 197.81200999059632
1500, 197.78660208076246
918, 197.6717763442456
231, 197.61617876199742
2166, 197.4083077512617
1480, 197.39823313169418
2369, 197.3495837691624
2830, 197.30248140595683
673, 196.85658335420044
2131, 196.78424994361114
111, 196.6452514925816
2884, 196.56042133466136
2903, 196.5495106314911
2198, 196.5436736373042
1370, 196.4730547707246
1989, 196.38955269676643
871, 196.31960608773343
779, 196.29322244298442
2121, 196.28951686974884
477, 196.08355812244105
240, 196.08090584832559
1293, 196.0462517386851
876, 195.99984233373067
635, 195.88849979439485
636, 195.8545131112121
1909, 195.79402449896273
1409, 195.77607246775074
1830, 195.74192005076884
879, 195.6464195200441
2899, 195.64166551852415
2881, 195.52221113302795
983, 195.52083344769508
1280, 195.48116323834253
3044, 195.4148207748978
364, 195.34693427099504
694, 195.10949700486051
2154, 195.0938149917781
2199, 194.88488744441068
900, 194.81060874862695
937, 194.80336365525326
868, 194.6384505934281
896, 194.5970452908276
2432, 194.36414956948073
854, 194.23710361807724
2163, 194.22795484082036
948, 194.22215206812388
1835, 194.1955384571541
2547, 193.95615125951505
1411, 193.84860772032846
1915, 193.84406766162823
1888, 193.8292095188561
741, 193.7458144174607
2518, 193.63155932319518
1491, 193.56024765484094
1817, 193.4532344070385
1367, 193.43742266245687
759, 193.4181335501073
273, 193.33564141258685
2246, 193.23988236655725
3271, 193.0816392466583
1419, 193.05668420341104
614, 192.9961440556148
935, 192.95507343978454
693, 192.91930209853209
2882, 192.87331206169486
2114, 192.85690942987733
946, 192.8534230097968
2148, 192.8482157738068
257, 192.8092417033205
1831, 192.76660786664857
933, 192.76619483377442
597, 192.72268854157082
672, 192.69763868880577
1904, 192.6630371041309
887, 192.49776882283754
924, 192.48196696318797
1498, 192.434786141396
1346, 192.43474830854183
725, 192.42492077887294
1403, 192.42194626865316
755, 192.37179539037732
3043, 192.36740319207513
763, 192.30359541881592
2875, 192.25888171116057
1906, 192.20876180704863
323, 192.1591752198946
311, 192.1591752198946
1372, 191.97200098775184
963, 191.92849607991948
3257, 191.92275632082027
1382, 191.90980674668293
714, 191.87275649575912
2123, 191.75927258551724
764, 191.71774501460146
656, 191.69431967856158
236, 191.56713692877867
2897, 191.5517640026765
675, 191.41872558341598
253, 191.40689411148986
728, 191.3160150254689
1841, 191.300430150236
1791, 191.28674155436448
645, 191.27767653379252
766, 191.21078988990502
567, 191.1343955246786
292, 191.13391697378964
1288, 191.10815081784222
646, 191.0961742950147
2842, 191.0830594053772
2319, 191.05832442520042
565, 190.9219907803521
2423, 190.8825585234762
312, 190.82022248900586
1277, 190.765426837121
2216, 190.7593532497879
2138, 190.72741541228544
184, 190.67169076897224
870, 190.54733765794572
1801, 190.53361692821304
2323, 190.34959689306763
2146, 190.3264496482824
674, 190.25029927447665
1036, 190.24484402646274
1486, 190.18844660651882
883, 190.09197300711497
1618, 190.06905642299725
985, 190.05260728203245
1458, 190.028814958973
1772, 190.0265949221663
942, 190.01108271562552
1387, 189.87075786214442
1328, 189.8358804984029
1981, 189.7906389781561
351, 189.672474773491
1944, 189.63486965373818
782, 189.62982118794704
1353, 189.61686265926545
742, 189.56513158932725
1782, 189.48430628839458
324, 189.35529961888082
346, 189.3428323669283
697, 189.34088629775664
2430, 189.0794222639827
2169, 189.05156744099156
2854, 189.04438892071403
2331, 188.86582881472907
1595, 188.85765622657806
783, 188.84064364239578
2891, 188.78262846790605
1374, 188.78033713505758
2202, 188.75942750816063
1292, 188.59332968020857
31, 188.56064503646266
704, 188.51860494683947
1415, 188.44261520815343
1291, 188.43751509757328
1405, 188.42452251362872
3027, 188.4135301716141
800, 188.37231722561003
984, 188.2781686708485
3068, 188.26136337853197
603, 188.26007233263132
1327, 188.1842184753136
1388, 188.14400920417353
761, 188.14341674290063
932, 188.13959208135245
1934, 188.0992678978443
347, 187.9860521760852
568, 187.83744206553592
959, 187.76786603075564
836, 187.75153836910695
3037, 187.7383560167422
2840, 187.73024514288102
374, 187.6960842806111
1905, 187.6715069906711
720, 187.4930598689748
925, 187.35547437897895
1357, 187.33185214810263
1018, 187.31584782185436
1275, 187.2481988571074
1992, 187.18002245730182
1789, 187.11647884696313
1323, 187.10874187550263
660, 187.0664338757895
897, 186.99590617413813
2532, 186.9563569157261
1391, 186.94980881287995
2136, 186.88035936252334
701, 186.8792935952118
1297, 186.8753808864095
623, 186.7035528815046
813, 186.68106429357118
1563, 186.67541545993393
843, 186.67090489651613
2833, 186.65737365063637
1340, 186.64565817352246
2183, 186.63482030242363
1524, 186.608086385171
1499, 186.58514489342116
2233, 186.5496867882463
1535, 186.528049328125
2849, 186.5273783910297
640, 186.46942079684706
1927, 186.46366905434613
258, 186.4079424766524
3038, 186.3975036016031
2119, 186.293107551808
1270, 186.2219707882941
2130, 186.17223933651954
1982, 186.10315098890982
1021, 186.0817303401057
1272, 186.03068293235202
2410, 186.01502712678467
986, 185.92140992732604
616, 185.9111503255881
705, 185.8991867540404
1554, 185.88279850221357
246, 185.87911494939783
740, 185.7801965921166
908, 185.63156556768556
2129, 185.54594441711228
827, 185.53239902198922
1548, 185.4853812648716
796, 185.41412588633335
1506, 185.32321352472437
1809, 185.3212278033017
799, 185.20370333010678
2175, 185.1482965722546
1020, 185.08709429292085
828, 185.07060606903545
750, 184.9876797247143
1294, 184.863012390504
792, 184.67679627034312
1453, 184.37174219101956
934, 184.35458631278297
1265, 184.31622772497724
3448, 184.28639561908557
2232, 184.24114697211058
930, 184.21195474526652
2847, 184.1941111060337
962, 184.11329163307707
1598, 184.08854470398188
2140, 184.0775709367157
2946, 183.98307688455847
1318, 183.7679276259149
1469, 183.59152546475048
722, 183.52931424770108
1786, 183.4073866643409
707, 183.407111736705
905, 183.28371964514562
692, 183.26639900249143
801, 183.24343990387854
2373, 183.17818035098267
1479, 183.16982506736045
2375, 183.0580019971199
1009, 183.04622056669294
422, 183.02186964102742
566, 182.9165086487952
350, 182.91528606205767
363, 182.83468254068643
1836, 182.64299150834654
2556, 182.58999397028646
2947, 182.55652615108414
904, 182.45886060161027
710, 182.4465688161371
1779, 182.33584295293278
1354, 182.30491180601703
2176, 182.26457370289063
1921, 182.2637590252689
926, 182.26055671955027
2336, 182.10169116139767
1329, 182.04893836584588
2377, 181.90582303243892
754, 181.87853162981517
1365, 181.86886760888237
1485, 181.8548672829457
1051, 181.7843009479274
1673, 181.72911311482278
967, 181.6251122891453
834, 181.58514922842815
241, 181.4808210648294
977, 181.34582998614394
1819, 181.1738351224962
2868, 181.0723792596515
2222, 181.05196317287098
893, 181.01652598634263
1949, 181.00163522849468
2133, 180.9904876870067
576, 180.98535705682275
238, 180.98115062985013
1930, 180.9789037195673
1022, 180.94137772190027
1492, 180.92200445380058
352, 180.76040044202307
1808, 180.73067321446982
973, 180.71332014594554
1620, 180.55320043736933
911, 180.44025505976873
1928, 180.38684811128772
2826, 180.3630836325129
1935, 180.35207372915897
3034, 180.28251201670932
596, 180.13465586591795
658, 180.07985721689414
3230, 179.9502421494874
1504, 179.73293099123978
824, 179.72151817414888
314, 179.6198035651375
33, 179.59038345292396
952, 179.5441304487125
2876, 179.37682768682677
2403, 179.32293548623218
1799, 179.25435216317607
1954, 179.1608430324287
2950, 179.01022481420588
387, 178.8837765417178
442, 178.8553460544203
1165, 178.83056994315632
1900, 178.8145875319852
910, 178.6818824764416
1837, 178.61457009804826
1777, 178.57786039078823
1320, 178.5651269517575
1282, 178.544261309878
185, 178.36323589965048
1778, 178.27250307900914
810, 178.2619645220061
2247, 178.2560826751234
929, 178.23094150253456
765, 178.12753892451815
1950, 178.12506032418204
320, 178.09944084976945
898, 178.06747032453396
873, 178.02577405104915
2144, 178.0044544292364
1898, 177.95222379004178
2325, 177.9498248353015
618, 177.90601635029904
994, 177.87769946233715
1582, 177.86849002845148
976, 177.82627390406373
729, 177.8018301003283
1007, 177.70187208957677
931, 177.70071029056663
342, 177.66345128887713
2327, 177.6231592559062
1414, 177.48157203947125
1470, 177.47047785406525
706, 177.46514918130413
1010, 177.32939148900425
1591, 177.20862928117586
2322, 177.2073432632886
1832, 177.19898234885295
1319, 177.13797507349685
865, 177.0983381773549
899, 177.0934677723191
979, 177.091741379985
667, 177.05883289394023
2126, 176.98234222872728
1017, 176.9093292660236
724, 176.82363781756044
2902, 176.80297552879682
1093, 176.79112026930162
2426, 176.6157853748005
831, 176.60742861327188
1953, 176.55486656186943
239, 176.3431593527638
1326, 176.32265000443516
1394, 176.3070718535861
1332, 176.26925160287954
703, 176.24677591519503
880, 176.20104944913655
1476, 176.096331566324
702, 176.0897041901781
644, 176.05562660932048
830, 176.0311033971189
325, 176.02933230271557
2367, 176.01155070646487
1351, 176.00377698406842
944, 175.8882006702576
807, 175.8456699607621
1540, 175.58442404747484
875, 175.57361931298533
1827, 175.56845825037854
1385, 175.5101156283278
633, 175.4650966252583
354, 175.46288615886442
712, 175.40851460934067
270, 175.39481154144445
943, 175.3661505059332
2370, 175.3462040537718
269, 175.22665470280924
2425, 175.17396206540653
1402, 175.079862907074
2880, 175.05747536419068
490, 175.05151346509018
632, 174.96665465530643
609, 174.9556769485547
1569, 174.95250740856608
631, 174.89891446844413
1834, 174.83192624645133
1311, 174.80866581950852
1932, 174.76879770960326
866, 174.71111574808745
958, 174.69882744414718
2251, 174.67131049045406
990, 174.6627104846673
1362, 174.6526365095167
891, 174.6288703368121
1286, 174.4673647373754
1366, 174.4645159419458
982, 174.42073318216066
2874, 174.387967669815
1416, 174.3647250261104
684, 174.3274514958862
624, 174.3274514958862
1304, 174.27554086673743
2186, 174.10070485397063
60, 174.0186929697187
2172, 174.00763141461726
1080, 174.00073536144413
2330, 173.99868509800535
2436, 173.99395816874633
858, 173.9783919105168
604, 173.96752608853606
1551, 173.9112583395939
996, 173.8767004751768
2054, 173.80380664829943
1359, 173.76551790046307
1335, 173.7180764487732
2156, 173.65898307323465
949, 173.57364125599364
3024, 173.39702687842149
1568, 173.38662607884154
1401, 173.26745947544296
1483, 173.23241169833653
687, 173.22698223297806
974, 173.16439470655757
1489, 173.14746330254937
305, 173.13749427421865
3282, 173.11388362137933
2317, 172.94999364100215
1769, 172.93651142833363
668, 172.9281612750862
954, 172.91027740751582
653, 172.88958238402884
598, 172.88733511532115
1383, 172.85375971035484
3012, 172.84943498057797
666, 172.83732772563135
2000, 172.82580686743555
1011, 172.80701889917296
1529, 172.77657461471924
1303, 172.61615148187158
3015, 172.55326185646868
2281, 172.50611251623627
1325, 172.3479477135681
1606, 172.32747492598457
1619, 172.30472500188304
2201, 172.29148029402464
1307, 172.22064920709218
1008, 172.09964040119237
2197, 172.01547709778268
1016, 171.96933634774024
3022, 171.6632337979899
819, 171.62502705042803
2149, 171.46655183989824
998, 171.45721108754773
648, 171.45721108754773
1342, 171.44900973604075
1092, 171.44277446551396
1918, 171.42479177616678
721, 171.38492927528284
1281, 171.30014606040413
595, 171.16816566331696
1276, 171.06026186095357
2132, 171.0372881375348
1528, 170.99320593020514
1774, 170.8876382433747
620, 170.74689219074324
1903, 170.62444985994875
2326, 170.61618854508626
1507, 170.61527096875668
1522, 170.5844444413834
1015, 170.51142647161709
829, 170.49556943816845
1787, 170.4082540685153
1192, 170.3711172651484
1305, 170.35619846360265
818, 170.33206283640925
229, 170.32997421320425
1341, 170.25662180419727
1956, 170.23128530716698
688, 170.20682321114
2127, 170.12473757604047
1946, 170.1004248076356
805, 170.08541661534906
1937, 170.0034883475469
2834, 169.98435636439692
590, 169.95537432312136
888, 169.90342161945915
2332, 169.85534958066842
2151, 169.8114102412891
3035, 169.77669967511284
1055, 169.6454960576918
753, 169.6084537290042
245, 169.595696529409
1948, 169.429880948926
2437, 169.42903408945364
1833, 169.37378925252625
1654, 169.3605892660506
1783, 169.32673257191865
975, 169.318090035658
2159, 169.29841334993512
1916, 169.1651381026393
271, 169.15239900934236
1482, 169.12726357749816
1317, 169.11207186694452
2147, 168.8929410437929
726, 168.81990433836495
1284, 168.72959471521597
1496, 168.61779755564652
2225, 168.51702109903314
1503, 168.48925659301838
361, 168.46686854570723
1296, 168.45116910890994
756, 168.41592168199364
1376, 168.34830336416195
1972, 168.31856197133942
2906, 168.2828849261886
339, 168.09412897128055
1344, 168.09236925310222
327, 168.01665336783105
700, 167.88026398256423
1952, 167.84291143495403
1621, 167.76606314656445
662, 167.70918229849684
1922, 167.661548566024
3450, 167.63587664870855
2035, 167.6351584831958
1333, 167.60966307514983
1497, 167.58352321929382
1990, 167.5449158378979
2895, 167.44846750374126
806, 167.3366903855837
1896, 167.3049884623002
1399, 167.3001920281508
340, 167.1425944506119
2835, 167.0008963045676
2161, 166.83665999571738
367, 166.8206960255043
1386, 166.74190491659178
771, 166.71543050026284
571, 166.67393063986935
1407, 166.6402290250996
2215, 166.5598435803286
751, 166.5582878733439
621, 166.3872698197748
1897, 166.31530257313582
747, 166.30917492467992
1044, 166.23258080689132
1054, 166.22493350776014
842, 166.2110336412965
968, 166.0689782401886
1472, 166.0116602791915
997, 165.97722938191535
605, 165.95186056265237
2221, 165.94162305355619
2328, 165.85327250810622
2418, 165.781198923403
3273, 165.74340799971307
715, 165.7331888964867
1570, 165.63231033591669
1766, 165.55688152629688
1793, 165.5015957794742
719, 165.43718855980683
769, 165.19575222482456
1556, 165.1822296714295
349, 165.1278672233835
2178, 165.1265075633642
1767, 165.00009550182907
2112, 164.7573993608597
767, 164.62906281935906
1471, 164.6227286557641
1565, 164.6069327324571
1019, 164.53928473944487
2250, 164.4918450790461
2374, 164.44461232780228
894, 164.34756460346557
812, 164.34222560004642
1553, 163.96661882654342
1929, 163.96335430865406
1056, 163.96053465146082
317, 163.87364599909114
309, 163.87364599909114
357, 163.67296914293414
1013, 163.66861244993342
318, 163.61252607446306
878, 163.5565347007854
695, 163.4692200202853
1538, 163.3717466985689
1349, 163.24626101293683
1375, 163.13600335203049
1936, 163.1306281548825
2241, 163.112518615829
760, 163.03741180041447
890, 163.0318180019028
223, 163.02513156252613
1796, 162.84449991390343
2329, 162.78092814905855
2174, 162.7253108823534
947, 162.64087195335145
2932, 162.44797768885758
1757, 162.41146914557498
3001, 162.20767408524287
1899, 162.0506248220223
360, 162.04446186016747
940, 161.98019529905173
2843, 161.94221524156188
1938, 161.75484902704338
739, 161.74798526708
366, 161.72353137990441
2893, 161.52271875931652
1395, 161.49316595119012
1805, 161.45685030465444
627, 161.39028127841823
2128, 161.38443281687165
570, 161.35108782927574
1360, 161.24218725578095
2049, 161.1565361493521
187, 161.08466197594058
345, 160.70232697388246
2420, 160.6179361134425
2886, 160.28990796646295
809, 160.25893575742313
2883, 160.226777248613
811, 160.22001782947626
3451, 160.02888070931076
869, 159.99010262235507
2924, 159.95739804226557
1797, 159.92803943320706
3224, 159.90974247935185
877, 159.89917920181122
2901, 159.85081311475616
244, 159.77241757841767
1363, 159.75162667349602
2253, 159.7508685417674
2711, 159.6542356143305
3309, 159.6322915149436
978, 159.6316524819185
2335, 159.62510207976808
2118, 159.59050877724871
1923, 159.5013946853076
1313, 159.47248404206644
1917, 159.4570626692381
835, 159.37668477498772
2363, 159.33326914686384
2155, 159.2613950886731
2234, 159.07429680279967
3013, 158.80832685236751
1283, 158.64994957448016
348, 158.48134186675298
1988, 158.38210770453895
995, 158.30086264412662
1592, 158.27810666386733
308, 158.26493027777408
2137, 158.2088267277035
1955, 158.20277447984242
1334, 158.13570323167124
587, 158.0785231961408
3011, 158.04420269242513
1924, 157.94875787511035
1338, 157.8968831036505
49, 157.89499610287072
2729, 157.88085595167146
2885, 157.80159136387115
359, 157.7337964510616
322, 157.7307523129556
310, 157.7307523129556
2182, 157.70569073689668
950, 157.70218362103546
915, 157.63649160288315
1945, 157.32974614679563
3023, 157.32530571743055
2371, 157.30479006448127
921, 157.2993193089916
2887, 157.21783597898133
758, 157.20928025556515
3449, 157.1338772518559
1609, 156.94778089626243
652, 156.8456824135191
2848, 156.75664528808338
749, 156.73541226861227
1337, 156.7015697580421
1546, 156.6696857112221
592, 156.66107273038222
610, 156.62287897084457
833, 156.25218285153588
2892, 156.20691300793956
1552, 156.17734225729782
2062, 156.1476449209421
1901, 156.04220308121603
1933, 156.00965130604376
1816, 155.99615645067837
355, 155.9936764726784
2838, 155.89378009969093
2368, 155.69970433828183
625, 155.69606085528142
1802, 155.6659808155447
622, 155.45388577310047
1987, 155.29148656991148
1812, 155.23753760025386
589, 154.9943540980857
2042, 154.97419232363836
1545, 154.95595898503146
224, 154.90456542945213
2836, 154.6924481366996
941, 154.50662037457803
2827, 154.45858835425264
889, 154.27456517177825
286, 154.16652887842295
578, 154.0646400749694
1947, 154.04729628897724
2001, 153.91889722422653
2944, 153.90827006848488
991, 153.8415028989692
1861, 153.7938836787563
874, 153.76137372713342
3218, 153.65914788765193
1798, 153.53428530790757
1843, 153.45398060840316
1845, 153.39925703435648
1000, 153.38113613725162
1602, 153.31771524211447
630, 153.25171529339866
2995, 153.1174785295442
1763, 153.1134317614488
233, 153.1088369736894
1290, 152.97076266040415
2316, 152.94727383853515
951, 152.79539284347507
343, 152.75266631811644
1350, 152.5311114839168
362, 152.42501311631634
489, 152.2902737242669
988, 152.15160208843557
2896, 152.12685382507425
617, 151.96010470246839
25, 151.95649676935875
1844, 151.84947662153877
1005, 151.73071252491658
2357, 151.65860629874763
909, 151.4573550312289
1310, 151.42150289033137
1379, 151.22712032261035
2051, 151.1438540888869
1384, 151.0077978648656
1826, 150.97501982460068
1775, 150.6979530205527
1547, 150.6150159156979
1795, 150.5990090697122
2912, 150.52427401354493
2107, 150.44421859015006
841, 150.1294493727284
2855, 150.01733111536208
802, 149.96679634607463
2067, 149.95997193135477
226, 149.8494990687965
2945, 149.62725764977284
1541, 149.44290785188588
2894, 149.3616644840348
341, 149.04830211622496
1526, 148.97952990274763
1821, 148.93754224103083
2890, 148.90419388922984
591, 148.5571763250815
356, 148.35361933154357
1842, 147.873085576787
1762, 147.71997974399065
794, 147.4426661569484
2402, 147.3803369046432
1347, 147.36740445845942
772, 147.32828476550537
1012, 147.28707204388755
1784, 146.98754548753527
2358, 146.885447762301
1373, 146.77780238947497
2248, 146.728603250475
1931, 146.68534526812607
2333, 146.61484857417477
1355, 146.3863321586613
1613, 145.9553932004048
2935, 145.4705106647803
939, 145.33326861452107
2364, 144.93593270348754
1616, 144.81022025127692
1536, 144.7711224390927
1764, 144.54630000731262
2925, 144.47756127496248
628, 144.26121740228507
1542, 144.19827090935325
629, 144.03806330925067
2904, 143.99483748399246
3220, 143.8549181098124
2923, 143.81386659506316
884, 143.75868311586078
1781, 143.72152862905813
1532, 143.7107722378178
2143, 143.60228165653282
1919, 143.36245530074353
1274, 143.14540643388622
3036, 143.0313673161513
1768, 142.6680051318391
344, 142.57896284717685
1190, 142.45424942604762
1048, 142.16154194294757
1765, 142.11579931730972
793, 140.5242443409304
301, 139.31338856665062
316, 138.4013809965776
2072, 138.05067315534043
901, 137.6286657439893
1287, 136.75740072271483
1049, 136.0534326497839
1564, 135.9110442492556
285, 135.85736773220307
2931, 135.73846313756547
1267, 135.3912850768921
3219, 134.34046255865638
1364, 134.20932725502527
1925, 133.92958501299947
393, 133.48668131362564
3216, 133.3156579295812
2871, 133.3136501150475
3223, 132.47301630633922
2084, 131.15345477164675
3221, 130.66707258635105
3222, 130.51393547033396
1863, 129.7689653727853
2940, 129.72205494333934
2929, 129.13727967581113
3217, 129.05666816526508
1050, 128.99011960697285
2922, 128.62112884623662
2928, 128.47199232983627
1358, 126.12315939839402
795, 126.10341158174239
1158, 125.78783144476081
2926, 124.77909326631374
2937, 123.62801335869153
2952, 123.1440543883903
2872, 122.76886604138753
2921, 122.52138511469211
2927, 122.23409873095041
2911, 121.94783462544177
2938, 120.52891895700387
2933, 118.97374678278845
2939, 117.30722243918805
2941, 114.82863625641015
2934, 114.11902538065752
390, 113.30920650514348
384, 113.18764490684842
2954, 112.90889753791879
2957, 111.06210041792707
1534, 111.0121584977547
2073, 109.58984128250715
3412, 107.36641983573433
2943, 106.92306296918873
2955, 106.62924527135894
486, 104.69979298014434
2930, 104.48369655798007
2870, 104.28221629571274
391, 103.82214973761097
2873, 103.05028930033902
403, 102.42614874575759
2942, 100.34749226026669
2865, 100.13920697291637
1064, 97.79241551902525
516, 97.19810835698742
1468, 97.06433061800847
3145, 94.02857014394654
2867, 92.91174886402551
3411, 92.65355357808379
1862, 92.36247081072733
1264, 92.04393864240411
2012, 91.6234611978317
2739, 91.10080349450972
519, 86.29928399512004
1157, 86.27789724396442
493, 85.71475878510752
3121, 83.54193806575125
183, 79.86060430277276
3161, 77.88796290747476
1612, 74.23223827257236
