499, 5255.623254738289
209, 5245.110398225542
1070, 4929.5035610606055
1298, 4773.818803365241
2976, 4639.535105621984
135, 4442.002019500525
3158, 4151.686825913846
1116, 4133.9786859753185
1227, 4050.7982031544598
2967, 3857.9764057287066
1446, 3850.5062704006104
2421, 3763.5787718996157
2028, 3659.3946267563515
2796, 3647.665485898568
1436, 3617.162935545635
492, 3543.626803031703
2719, 3540.30701699091
1435, 3538.5275245750545
1881, 3495.4793701984836
3115, 3472.4491600676124
3375, 3383.1226823355287
2771, 3359.4193894586483
3117, 3319.211332795505
498, 3310.534624895696
2960, 3292.5524813069133
2769, 3273.0054728771856
1217, 3231.8616526926307
2815, 3226.4496782687356
3131, 3217.1530002322997
3052, 3211.444621106287
2762, 3154.422510868863
1101, 3154.3019493558427
369, 3132.1720349158586
3103, 3131.1843197723642
3081, 3118.1771668479255
3414, 3101.9447376260773
2752, 3064.092423942441
3003, 3061.671092237639
3154, 3044.8299906100215
3157, 3019.3997048488022
536, 2979.9673411030117
2977, 2975.384579327083
125, 2966.743388197583
3156, 2917.2277633289905
3141, 2913.0009204022017
553, 2884.960178845571
2007, 2827.3611124301406
133, 2812.599995067821
3088, 2801.953286439821
3075, 2797.6564518848654
1125, 2795.2527842651634
3342, 2789.553418351512
1253, 2756.071230500646
1222, 2732.865661834633
3087, 2723.247100570435
2975, 2718.8706450529053
2974, 2718.8706450529053
2392, 2715.923704104109
3390, 2699.0095377408234
3096, 2694.547333875141
1097, 2674.229794116495
545, 2668.027863097999
3124, 2659.202861091018
1855, 2656.1811756931775
3430, 2649.8556357837915
2770, 2603.045332280524
190, 2584.494653627072
3104, 2581.822204373389
3074, 2563.711458221922
1095, 2535.590825001293
2761, 2454.5816475900638
2978, 2450.4118309826126
1438, 2422.989012252523
3109, 2418.2628146613706
1225, 2391.1524070505816
3152, 2385.261457884553
3132, 2383.757151661102
3127, 2382.7096664287897
1589, 2379.8708546384137
463, 2378.201261185568
3067, 2376.893043842217
1108, 2363.782702804677
3076, 2360.8496295721516
3328, 2357.8876892212843
2813, 2338.8978048315084
552, 2307.860231837955
338, 2303.9682942749414
160, 2285.537228566749
3367, 2283.59005002284
1229, 2256.25011836736
3053, 2247.637134483829
1441, 2233.325353784316
3078, 2219.457404145873
2396, 2209.4594627051233
172, 2208.731427473798
103, 2180.519970178102
3047, 2158.89481764413
3337, 2153.466414262214
3116, 2146.829957530727
543, 2137.7588811737846
431, 2104.52986632611
1998, 2102.8455471889183
1257, 2069.5546069489474
1431, 2054.4856581407444
131, 2049.200147239417
3139, 2042.8397707484503
1224, 2037.8001522645525
61, 2037.1119446627877
2862, 2035.8640988214552
511, 2033.7611032432412
3138, 2025.8931032950222
1099, 2024.7521180733547
201, 2006.1086928919694
3333, 2004.1746309776647
506, 2001.938669579613
3397, 1993.3938332087425
3355, 1987.5239513457057
3137, 1983.870589772889
205, 1983.4448768481668
2765, 1980.4781093274207
1852, 1978.2765835447772
1586, 1970.2929616551414
3153, 1968.4480411520774
1961, 1962.1520471629992
3372, 1959.8811707967238
3338, 1958.3612011404377
3028, 1955.0139307274128
3060, 1942.7330586892704
383, 1941.6040758824083
179, 1934.2900109511183
2798, 1933.1742521890537
549, 1930.9105428541661
1449, 1927.2007770133107
3140, 1913.509728599578
3335, 1905.4210910205818
450, 1902.8565526782968
3377, 1889.5259413329748
3102, 1861.867969788172
3291, 1860.5182532711146
3351, 1855.6380464332524
3126, 1842.8218961800912
502, 1836.368593053846
2819, 1816.244744972049
3349, 1815.9401150281738
1856, 1812.7552205116463
3125, 1803.1510508925112
2775, 1793.6287137288193
1115, 1789.4604270149227
3048, 1778.542868579479
2753, 1778.399683479177
3366, 1776.2977919088703
1974, 1768.056018225126
2, 1765.4957559147401
522, 1764.4243728715817
3280, 1763.8974827207994
1857, 1751.9064750270531
2919, 1751.4554251640811
3332, 1748.6204467049952
2009, 1746.2941914078228
1251, 1732.1406312991223
1996, 1725.2873015649106
3399, 1724.0348327067572
3429, 1720.631709702298
91, 1699.6377629464016
2787, 1697.8337071720966
154, 1695.5342570921898
1236, 1686.3099560675446
1088, 1685.3710531172933
3406, 1663.3486239178437
1447, 1638.5478177608281
3122, 1636.7415741981656
279, 1634.4100408401323
89, 1630.2010626038787
1773, 1620.2710850033347
2399, 1611.1314491316048
3425, 1578.5374600808107
177, 1574.9079783112234
2972, 1564.8526051760452
476, 1564.206920071191
3286, 1562.2076584522936
3106, 1557.7857399603752
1078, 1554.5888728004848
542, 1551.5411950996127
2799, 1532.1325377922947
3061, 1523.3546394612283
264, 1522.7750220533837
1123, 1514.9208740503225
2730, 1513.954383784961
1096, 1510.5325405534345
192, 1510.225721067438
1120, 1509.4865368426367
3427, 1507.868203669718
487, 1507.0422995473573
1872, 1505.4236813300308
1025, 1504.602141688874
3398, 1492.293400326068
1112, 1489.352565571924
533, 1486.300057555831
382, 1484.101229342948
155, 1476.4035192556692
3420, 1475.4705520715704
434, 1474.656898129049
2800, 1472.6321822547834
2065, 1465.6752024220848
3086, 1464.023474210035
128, 1459.5778916940037
1042, 1454.745022402251
1128, 1446.3712301053768
3334, 1446.2470341666494
3410, 1443.1133513721031
1148, 1427.7383488096477
1220, 1427.1461520454611
3330, 1426.5364787019162
3356, 1422.762342955286
3416, 1419.9651449491585
2080, 1417.695883544357
2412, 1413.1103222946574
164, 1412.0136440013707
304, 1410.3419013877826
2304, 1398.3937923347921
446, 1397.4766889917441
3339, 1397.4081002480632
2110, 1389.270756234462
462, 1387.8548792748406
1091, 1385.0859722404623
1761, 1383.5640875383776
1428, 1382.7853160911682
66, 1382.622978964135
3428, 1376.7616966414105
2716, 1373.8133422492228
1760, 1370.378215727702
151, 1369.5654095293396
3368, 1369.3549141555136
3441, 1360.660596386054
3073, 1348.4845507584553
1061, 1345.506627476679
1254, 1345.420152008526
1876, 1344.7527841187848
912, 1343.6315524950703
1241, 1342.1651969199204
2973, 1331.879635572899
504, 1330.5818265343587
1246, 1317.5559728415928
3196, 1313.905128988555
1242, 1313.0363443399501
510, 1312.7056371262456
1445, 1306.4648062172444
2990, 1300.9872177109821
3198, 1300.864669299572
2388, 1299.26783914981
3371, 1288.3675680513663
1437, 1287.9704662899705
3378, 1285.6974194999686
95, 1283.9585612867043
3374, 1281.5997925846325
1041, 1281.2986012999202
120, 1276.2666157956012
537, 1273.1202669808633
1074, 1262.819492962637
541, 1259.7211745855852
550, 1258.5956455791008
3393, 1256.7002886587566
3400, 1255.8653887023563
1213, 1253.1128246225546
65, 1251.7124264593147
1034, 1248.6953623459901
469, 1248.1230575760878
1219, 1245.208783327819
3064, 1243.8274684315145
210, 1241.0851916527074
67, 1239.1760504435981
2398, 1238.188558197489
2818, 1237.4945355283467
1107, 1232.916582330935
1973, 1231.739412256746
1753, 1231.1350633912332
2958, 1230.1251059660985
377, 1227.9593337357444
1212, 1226.3696062802412
1660, 1223.1870529004195
1590, 1222.0944480659055
283, 1222.0784202942734
161, 1220.887905260666
1588, 1219.4425588668425
1214, 1216.3127369140122
1094, 1214.328958509935
2417, 1213.3660012732744
2969, 1211.4390751932012
1030, 1210.888882007805
1069, 1210.394773030852
1713, 1208.6775243852076
1429, 1207.788140948609
426, 1207.2161203835585
105, 1206.1687621665742
197, 1205.4700347118533
72, 1205.1272180933026
2097, 1201.7882634226387
2717, 1200.3542553486413
2754, 1199.6955958304045
2395, 1199.2681191195215
1195, 1196.938759808908
3418, 1194.972461568
176, 1191.9595232630481
92, 1188.695584067994
1250, 1187.5145971503619
1662, 1181.0037460077203
1593, 1177.6560473478053
2014, 1176.6897338089718
90, 1176.089992909193
3376, 1176.0782315022464
1607, 1175.318885343679
2384, 1170.176008306223
1113, 1169.5572468879127
3119, 1167.5487590731443
3369, 1162.5326034583752
2056, 1159.0354985894026
1811, 1157.025747501754
443, 1155.6146286622582
2715, 1155.3955988013345
1218, 1155.3898708433385
1145, 1155.1278040242144
3392, 1149.7006436900397
1067, 1149.6562259810814
1083, 1149.283489948893
171, 1147.1071929909563
1068, 1144.4407833119203
3387, 1143.6493190267179
113, 1141.9526483320644
2023, 1140.9613617380364
3381, 1140.133833656123
261, 1140.1146336896488
64, 1138.8867131594693
3417, 1137.7939959438538
1678, 1136.5836351920996
1188, 1136.568768073961
1155, 1135.8971408939274
2968, 1130.2325963522985
358, 1129.3444097401389
2068, 1128.4516886437732
101, 1126.1437449449259
1223, 1126.099549058491
181, 1123.7269684494636
2344, 1123.7082663458573
530, 1120.820127223589
139, 1118.3737156912591
1160, 1117.252383240773
3373, 1117.1252727322378
1127, 1115.1609334347286
2387, 1114.5094827498835
1207, 1111.3479136665771
1139, 1108.8216428505614
1117, 1107.807195545141
2763, 1107.7144099268282
2783, 1105.7779788112682
132, 1104.8560762449433
3421, 1104.0875628615856
2414, 1103.6973581123736
1027, 1099.21901425902
3396, 1099.0080522956514
1736, 1098.4106585000811
3322, 1095.6659305549997
2100, 1095.0844815749501
3407, 1093.7254624816053
1465, 1093.317760805899
2411, 1091.8704709376755
2803, 1090.1470132251675
3058, 1086.7720100430572
423, 1086.1899743591553
2915, 1084.4377649402516
448, 1084.2901637911252
2413, 1083.8911042724349
373, 1082.8391298409554
1865, 1082.316368440789
3408, 1080.2055031312127
1137, 1076.6585128256766
820, 1075.1415115916482
547, 1074.9623140890665
110, 1073.3700523116302
3394, 1073.2169857561125
1979, 1072.471422189763
163, 1072.0578029781263
1656, 1069.1658061362964
3166, 1069.1554783834843
3353, 1067.8942970396572
481, 1064.0302701398243
3049, 1063.4937022793877
1031, 1062.6391055564109
336, 1061.247242005772
2105, 1054.6308976535017
53, 1054.2960061752103
1167, 1050.5931793988532
262, 1049.261335559605
1683, 1048.5685333620575
159, 1047.0141098881686
3108, 1046.9174486940847
1867, 1046.5256034465065
70, 1046.3810000534916
69, 1046.3810000534916
227, 1046.106721814543
2069, 1040.684754627922
1060, 1040.6076880744858
737, 1039.4691788737518
1261, 1038.9205832472587
3181, 1038.9166967620672
99, 1037.6961296112029
2797, 1034.9134138369961
1176, 1033.5946114272883
153, 1032.5313374860411
1596, 1031.574915602859
430, 1030.148195331647
3405, 1028.5615906192559
1247, 1028.436382149796
1245, 1028.3258521006437
454, 1028.221666134466
1962, 1027.9708332618475
3422, 1027.9567221500915
505, 1027.9413128877147
1089, 1027.8177188369423
1240, 1022.7893484913747
2913, 1020.7230204230883
1174, 1020.638099093691
1477, 1019.5345426601166
1658, 1018.9679020669087
2551, 1018.0099336665379
1444, 1017.4079766244442
121, 1016.4146457994802
146, 1013.6103974187237
3331, 1012.8006412951463
1138, 1010.6266847531037
1073, 1010.524278450437
1440, 1009.9791037462812
174, 1009.4278941499907
93, 1009.1554334372094
3070, 1007.6956341379223
1216, 1002.4736938642286
41, 1001.877731359707
3402, 1001.1380729853156
1688, 998.6031666207658
3277, 996.9511018848116
736, 996.3944252211999
2792, 994.3006941245045
2337, 994.1164377147278
1978, 992.4428410715706
1119, 989.0161661265082
523, 988.6713765754771
267, 986.6281429439537
260, 985.4987788719832
166, 985.1996935461856
2794, 983.7758988583098
3382, 981.563147109585
1849, 980.8313428770307
1035, 980.6685065986821
3227, 980.5621413701555
556, 972.2534969098647
3423, 970.6464113164133
3303, 969.5969169133812
582, 968.7805057010326
1514, 967.6651949671674
3155, 965.9162936593394
296, 965.8989932708939
3072, 965.6730527122058
3395, 964.8692001839051
1860, 963.7137970399397
1911, 960.3216977134751
1864, 959.7053629806677
119, 957.4763419813003
3077, 957.3668598451377
532, 955.7936321874844
2268, 954.9640203235829
2099, 952.3667690919212
1584, 952.3328719856435
3089, 949.1795008462327
1209, 948.6709187371163
3046, 946.3994091935139
2550, 946.1713027050318
1149, 945.2149726387897
1230, 945.1538014883638
268, 944.4696341030617
1531, 943.9563244263663
289, 943.1077932493372
2269, 942.8711904708798
263, 941.6148672219675
1248, 941.4057442173367
1131, 941.3272917139124
2982, 939.8599572910525
122, 936.6197774538526
3436, 936.4330695848508
3385, 935.459071962395
3055, 935.308783349974
45, 934.845307960565
1667, 934.6495361865403
619, 933.2204574972383
1175, 933.0578135804724
514, 932.7285919616205
40, 932.5508642260166
1040, 931.0054412908086
2918, 928.381043299328
3148, 927.6195905876446
1201, 925.8582182892737
1442, 924.7138843232716
3370, 923.2961417868664
2984, 922.2960715910002
2378, 921.9079485507667
39, 921.0322488314735
157, 919.7556378800818
2400, 919.2120659170142
503, 918.3642625488213
2309, 918.1936352948745
3340, 918.1008063543444
1126, 917.235057288997
3118, 915.34503545028
1406, 914.8776684450013
1448, 913.5581692582455
106, 911.9647100681352
520, 911.3472284649347
1234, 908.073855661015
2290, 907.7489121694254
2303, 906.4997638878965
1197, 906.101514052491
1194, 904.5037930079694
3135, 904.2749047859471
1179, 903.4977619015444
1450, 901.9875459633756
1147, 901.435155463117
3107, 899.3743616924096
1460, 892.7836167780638
1813, 892.6099112383866
71, 891.9558076589121
32, 890.9945420000115
1689, 890.9376552887011
144, 890.731995394988
2777, 889.0399885605534
457, 888.4896267880964
554, 887.7076469112513
538, 886.4070353293929
221, 885.8513567028799
68, 885.6671988651611
2971, 884.7695179875234
1065, 884.0091175258608
2071, 883.7640794776732
1676, 882.2140887293342
169, 880.4147239527318
2033, 878.9747465969862
2394, 875.1428105620664
3247, 874.8123178960736
2735, 874.5928576580212
1226, 872.942239369152
458, 871.3404606613536
1072, 870.5190012784607
167, 870.2149995424323
97, 870.0197333289378
207, 868.8330605962143
2022, 867.3413072469925
429, 866.807897383548
1144, 866.4730077569595
1141, 865.5146555773442
3317, 862.4584783094604
1693, 861.3809093379199
2347, 861.330315610407
170, 859.5034370400606
3388, 858.081588627913
284, 858.0292329754274
1043, 856.6712769492574
1110, 854.9943509147538
3114, 854.5146007994183
3054, 854.4083811493648
1130, 853.2268219410525
1196, 853.1568433655309
3437, 851.3979998398147
1198, 850.0063430310721
2409, 849.0406064416037
2265, 848.5565004085536
1964, 847.8744876051358
1086, 845.1228364046314
1182, 844.3863817533129
1075, 843.2042015682143
2791, 842.3833718797208
1603, 838.6781223477503
501, 833.8564207770663
3302, 833.8435358293724
1299, 832.6948900764921
2015, 831.7411326408243
3069, 831.5077239795202
102, 831.3874039251325
180, 829.9303623157588
115, 828.9517788460478
1711, 828.401500717577
1994, 827.741453254987
557, 827.4470354343512
1583, 827.1194762935476
202, 826.826957737163
368, 824.2265828744419
2740, 824.0083328396485
136, 823.3045288019523
432, 823.0408597362591
1124, 822.6789355086204
158, 821.8820497319768
414, 821.8566290475205
62, 821.8111799943235
334, 819.9066763155904
1154, 819.5406542729379
1133, 819.5372482135832
1208, 819.3958849937961
2979, 818.895516037553
456, 818.7145060484976
494, 818.389324043989
1181, 818.1151723100363
1624, 817.4471132858713
200, 815.247565704426
3188, 815.1709120927992
2297, 813.4525140354193
96, 812.1401628951943
2985, 811.5028677796782
295, 811.4151196076617
1071, 810.3166055966626
444, 809.6733903405786
535, 807.4212431376552
1585, 807.2922414655957
3401, 805.139514676669
104, 804.2064859017935
2406, 803.7282414883642
211, 801.9780646811688
1397, 801.941012921526
2964, 801.7809504771075
2548, 801.6421432811813
3275, 800.6406586625284
2010, 796.7816639550415
1085, 795.1207681076587
178, 793.8056001468299
2302, 793.3040398163037
1136, 793.044198546794
3164, 792.5639206512491
3379, 791.297074237228
3419, 788.3264748414125
437, 788.2552116290788
215, 787.074285017874
1215, 786.8989394071772
1135, 786.5574214712052
175, 786.0815577653144
2382, 785.7200445633298
213, 783.1667374122824
1239, 782.7534495477456
1200, 782.693313366741
2356, 781.0497878192054
3389, 780.4113960081052
3142, 778.6432701014274
1262, 777.9260444969746
1173, 777.7307251928413
2737, 777.6455472566622
2807, 776.4972641298858
851, 772.7756878026213
3167, 772.7520031829796
1199, 772.744760650681
3409, 772.7093364177922
3191, 772.5917297692853
1632, 771.8603133611847
1608, 771.5784468304647
1975, 770.3444329287139
220, 770.2690413893013
1848, 770.1347316947766
1430, 769.6142146613499
3341, 769.174966752499
1163, 768.223419509874
1663, 768.2172399268054
1228, 766.8127225656656
1032, 766.0027034710661
2050, 765.5743657568427
2273, 764.2397961342754
1610, 763.3591795000693
482, 763.1972408696145
2274, 762.0535433454057
1464, 761.2849992612973
329, 760.3602432956563
1079, 759.9139060367942
2986, 759.205596735751
1605, 759.088802666634
2279, 754.1700132839935
114, 753.3218195264097
453, 751.3586604186198
1634, 750.8450609683119
1066, 749.8471077814639
1651, 748.9123273552497
76, 748.8066632855805
1233, 748.7002293792006
1851, 747.3522772579881
539, 747.1585801316717
2053, 746.8887692165838
1533, 746.073894116208
1189, 745.8761864920515
333, 744.8377639986917
1076, 744.4748863104843
1302, 743.1289821716044
397, 742.1529905914985
2966, 741.0159184678508
1168, 740.9200533651085
1301, 740.5907777165489
124, 739.7955779005949
1462, 739.6976735729303
1183, 739.1026453727898
1180, 736.9972315459396
2963, 736.52032038679
2733, 736.3027428782816
2006, 735.4128014911078
303, 731.1336043733497
332, 729.9538759563343
188, 729.6700564171634
2772, 729.2535222379474
12, 725.5697566422705
2983, 725.4245612331821
669, 724.4223697272424
1169, 722.1999439736579
3210, 721.6324137642089
330, 718.3160212849372
1193, 716.1503602572432
2900, 716.0919964196358
1026, 716.0000682633643
3403, 715.7326748090084
2764, 715.4111867325884
152, 714.8673257047351
2424, 714.5002872151655
1912, 714.3442284923686
3169, 714.337383248715
3189, 714.1257505827942
428, 713.5718657553386
3010, 713.4540879024917
642, 713.05087471426
3203, 711.284534908338
2315, 710.5401601856878
483, 709.5399239807464
2011, 706.1748490595352
1980, 705.7954659630581
1146, 705.4915794235419
293, 705.4362543364865
3065, 704.9467425228808
2308, 704.7636749282277
251, 704.3322221767454
671, 703.9047077366803
1156, 703.5117978458686
378, 699.074442438213
1151, 698.1636767331297
3205, 697.2918109358267
142, 696.7108979461735
3172, 695.3771942776496
478, 695.2744096734305
108, 694.8176943058654
3212, 694.1338784978674
1090, 693.6725697970435
531, 693.4419123720834
2271, 692.7625357715478
2059, 692.6434177218966
3404, 692.6367505772222
1178, 692.2674518416363
1597, 690.7526376607825
3445, 690.0043022129602
860, 687.7598867979096
3149, 687.3151625573649
1166, 687.1423065445634
471, 686.6739801811609
380, 686.2394969663648
1997, 685.11618238029
1191, 684.7614541553054
832, 683.2594547494534
2790, 683.2279627632307
1152, 683.218776444144
13, 682.4303591162914
2075, 682.3603008240298
1866, 681.9302575826989
546, 678.9568758697255
3182, 678.8856265720116
3032, 676.8230709002614
2989, 674.9976379772629
1186, 674.5550369474055
3179, 673.5837926768567
1694, 673.3525442412464
2312, 672.7309547919482
2961, 672.3068259845958
2386, 671.7756665532393
2348, 671.4375201815874
1161, 671.124442608871
331, 670.4402308888477
773, 668.98869953217
3431, 668.3452329336437
2018, 667.9026897250321
392, 666.4608953123212
1252, 665.9539997457717
2389, 665.3545174854022
852, 665.1388540631099
232, 664.3378496775574
1134, 664.0488544521959
2103, 663.641363417975
1452, 663.5704126613435
2301, 663.2552381217849
3426, 662.4389108134711
129, 662.3635478253005
1995, 662.3516751988465
441, 661.9047974914517
1991, 661.3701327136924
1451, 661.1175331857921
2070, 660.576659761519
2747, 659.491900627603
1600, 658.9783022111283
109, 658.2432175991506
2746, 655.8651839842931
297, 654.7493573505598
272, 654.5789070394652
3434, 654.197403290757
1456, 653.3703747309842
467, 652.6023825788169
2055, 651.164303150232
1132, 650.7609230975265
98, 650.2374420549095
37, 649.1115573204168
864, 649.0551119680313
475, 648.9351001123322
3174, 648.1606575972838
2774, 648.14069458756
1432, 648.093456873158
1259, 646.0700363640101
677, 645.5444301064982
1958, 645.1597344181256
1690, 644.4375886819405
1316, 643.7767566295906
3285, 642.5485399613934
3128, 642.3179147546144
2088, 642.2365390118193
2026, 641.7757492887667
2260, 641.6361133232417
2016, 641.1493060084529
2786, 640.0633325521475
2766, 639.5426237058737
123, 638.0230367128555
365, 637.8454395949774
3424, 637.6360762849313
2350, 637.1311501922562
3447, 637.0350464804288
2861, 636.5779994419523
3202, 634.5843227235613
3298, 633.1486998810277
451, 631.9594669052664
2306, 631.8999056227149
1838, 631.0752766998986
3281, 630.5179097423347
3386, 629.3740022032936
1260, 628.903671195914
79, 628.5755081007402
2863, 628.0318689694767
466, 627.9176009303139
1098, 626.6379671097857
299, 626.0022354771445
916, 622.7625186975026
1111, 622.2314051453739
3056, 621.9933858089778
2298, 621.1705816216286
130, 620.8478792257266
3190, 619.8450605895811
2277, 618.9266814405196
2296, 617.6537206556686
2086, 617.6493637354196
1466, 617.4968681278863
1206, 616.9507431103324
1187, 616.8989799516688
208, 616.8671305264237
449, 616.8606948748362
2380, 616.4391687456197
1719, 616.2319012157109
1150, 616.0405630064786
464, 616.0213394992801
488, 615.8422146803096
731, 615.1300569818991
2767, 613.9649196800117
1709, 613.7662038898209
3214, 612.8463931511193
2263, 612.146806732321
328, 611.3627581633413
1457, 611.1414963458246
2759, 610.2835350303097
1202, 610.1292721028276
496, 609.9214195519073
3004, 609.3093562761991
3185, 609.2828471795813
1129, 609.0333145701939
768, 608.5652002398328
1153, 608.4439225543958
3173, 607.673060871299
2295, 606.3212922018205
1459, 605.2475921374943
1143, 605.1060100089001
1963, 604.7288181202929
410, 604.3867113482434
2267, 603.3408532794291
3300, 601.8528697226005
3175, 600.5424295316603
2734, 599.549258874641
2744, 599.3879431690841
2860, 598.3736366013264
2300, 597.4899125317811
1077, 597.2928187843694
2029, 596.6224706712987
2757, 596.3746374918013
182, 596.1345329570223
2817, 595.8515800009583
2351, 595.6905640679548
1170, 595.035720521318
3098, 595.0108013641945
1467, 593.6412249350947
583, 591.0499942405829
147, 590.7170740604901
204, 590.429609406251
2275, 588.8858148988319
3057, 588.8231157543512
534, 588.5857625346488
2270, 588.0406376372993
3283, 587.8910677095722
168, 587.4051591744687
10, 587.2809746162167
1770, 586.6379514060131
3208, 586.202508832587
2801, 585.7741257509342
2083, 585.2453898098331
2408, 584.6156777588902
1581, 583.6736312545283
173, 581.3055087560894
3244, 579.6762505749541
4, 578.0965443296429
335, 577.9364793143071
203, 576.8837699775362
3276, 576.6053816676546
1850, 576.4807982624864
162, 576.1551930840063
186, 575.4076905422745
117, 575.1281792805268
3310, 574.2895338504912
3042, 574.144788176233
738, 572.9963692142065
3292, 572.9914108484625
1893, 572.667842352814
3110, 572.2795440214262
2987, 571.823247253887
480, 571.6055649974173
2109, 571.5356130075066
3245, 571.5251108028687
1661, 570.1015225378114
3234, 570.0034765964908
2748, 568.0441503787634
3226, 567.5143661771476
2292, 567.3288048441027
2192, 566.7344909502158
75, 566.4295731996579
2027, 565.8096927741589
3348, 565.7417514807971
1, 565.0254526090059
2310, 564.5906402433831
2032, 564.5406302993466
1203, 564.2606518314822
2962, 564.100344010186
2722, 563.9502291602759
479, 563.5261763396886
2252, 562.2647231185513
2261, 562.1922996518496
1263, 561.648814064621
485, 561.5244326656642
401, 561.1119754219242
3093, 560.2857718577296
3440, 559.7416341235723
2224, 559.4438912402645
3159, 558.7492764001539
913, 557.6926709183157
3236, 557.4923345692865
435, 556.9107333485141
2078, 556.7455059057406
470, 556.6129636118602
1255, 555.2901685455495
2076, 555.0840269426585
1587, 554.6683161844865
1443, 554.5417477686823
2354, 554.0827811532765
1029, 553.9441494518911
2013, 553.9371462621327
1517, 552.8565883653032
1105, 552.7235943928674
2091, 552.6783416780382
1518, 552.3813307786163
1256, 551.5492595960525
1800, 551.2256635099864
48, 550.9847087619457
2820, 550.7599102803681
1675, 550.6769921387856
1880, 550.1762297569439
914, 549.9420127446879
906, 549.5552469693248
2381, 548.9275932354708
650, 547.3125636860173
2507, 547.2062522892932
2024, 547.161218816792
2776, 546.7849882589436
2920, 546.1081623830497
1853, 545.6229959615446
540, 545.4909560856535
433, 544.8966580907223
415, 544.6219349355847
1100, 541.438573491181
1910, 539.9889160604617
3293, 539.9027132107092
2857, 539.3369097050651
588, 538.9507620416526
1870, 538.7782333724494
544, 538.7762611911372
372, 538.3413337647794
2622, 537.7038267704053
193, 537.5942398841773
3297, 536.8863078164567
1062, 536.8713427127088
495, 536.3970797851399
2045, 536.1052599290591
2773, 535.7548894661016
2751, 535.5081641519289
608, 535.1428297226673
191, 534.7096686236061
1611, 533.9353825115855
468, 532.8119816704943
440, 532.5396500900674
100, 532.4503965863254
3209, 531.2045541751595
637, 529.698765686745
1434, 527.5638227808331
1433, 527.5638227808331
1087, 525.6346129476817
676, 525.5262603719043
1058, 525.4637201437564
861, 523.6463682256764
1140, 523.2245429609385
425, 521.7725260571497
2731, 519.7483084900674
148, 519.3088130025789
452, 518.911580328906
217, 518.8988979746816
52, 517.6863586770254
1638, 517.5608633336306
34, 517.5572676572305
3176, 517.5125061236901
1502, 515.7825154051299
2768, 514.7776073105058
1993, 514.6040961520038
2825, 514.3355267722591
2723, 514.1247396288805
1184, 513.5986529386045
288, 512.6571975274172
126, 512.5178486028561
46, 512.1894259236724
548, 512.1648222965143
1235, 511.948536505113
816, 511.32270088491583
1177, 510.7532222784572
2020, 510.06325157455694
3083, 509.7699352541383
1604, 509.36012029055047
2802, 509.16427789784836
562, 508.8144279803571
862, 508.03221428278806
2965, 507.11784905982483
222, 507.05686203662526
3435, 506.966454992514
3079, 506.70305788248396
1814, 506.3798484471594
2407, 505.80029062401155
3071, 505.65731491318934
56, 505.18713797599696
2352, 504.3456556303903
1172, 504.2552110589143
3213, 503.9072645268129
206, 503.4115248440471
1142, 503.04732862544626
189, 502.93274558767973
274, 502.88095458053846
1680, 501.79792234935724
2433, 501.75328642516354
3287, 501.0107994252901
2291, 500.36777112288115
2981, 499.86076209927734
953, 498.0940212503371
2278, 497.4298692320029
641, 496.6327709796507
7, 496.01545769985876
1159, 495.52083569054594
112, 495.30845851189434
3151, 494.63676050276877
1686, 494.40603635672346
1913, 493.3845430165138
3084, 492.9053266139306
607, 491.3244288222165
2832, 489.9346792699391
881, 489.919196982617
3050, 488.54602194730677
2988, 488.52988769471733
685, 487.85727597315395
3259, 487.60153107367603
1859, 487.1770482595391
389, 486.4282036595618
2810, 486.2082869325244
2805, 485.8696213675543
1324, 484.50132191226095
3199, 483.8759729839522
2391, 483.8354372789564
1454, 483.55407745748334
198, 483.4411568016355
1204, 482.6612164140391
44, 482.1498197731449
1513, 482.0041283439321
3009, 481.7075136067715
1666, 481.616717055522
1237, 481.3047147622511
1221, 481.3021702735829
1732, 481.30018582748016
51, 480.86196735027903
1707, 480.784819355471
1914, 480.4581272576505
670, 480.3870653632276
2025, 480.15852056216903
2320, 479.79405353180334
1785, 479.68659174289746
2272, 478.13408882696444
140, 478.06496501623525
3235, 477.5892763531523
2355, 477.5320619520772
1063, 476.8125794379441
1244, 476.46495775154017
611, 476.1385476930788
3051, 476.1358667247061
381, 475.70869168212784
406, 475.54924384765764
28, 475.22175420633357
266, 473.6135191569589
3192, 473.2310185009707
1102, 473.00358820518255
2257, 472.67861662053735
1033, 472.2487635691843
1381, 472.0293964922519
424, 471.9966517764441
823, 471.37298195368135
194, 470.84785234738854
3006, 470.8083783126353
107, 470.2621741915882
3246, 470.22778671339387
2266, 470.06393263198066
3274, 469.9773900684545
2811, 469.1066363276355
118, 469.0141329843282
3171, 468.12650077208554
2741, 466.21863632905684
2005, 465.98005822260814
2343, 465.89672516624614
555, 465.4558489493808
3315, 464.8594132872745
1002, 463.698274751929
2108, 463.3720258799106
228, 463.2185842123146
1818, 462.9910695680278
2223, 462.9796214314177
2795, 462.7822952242598
2041, 462.5171879156285
2238, 462.41857765527556
447, 462.36311110165644
165, 462.33390941500295
3413, 462.1584834153884
275, 461.3110786084914
2019, 460.84162652647416
814, 460.02160142340176
3439, 460.0210210849959
1243, 459.799049804989
3178, 458.9228477531399
515, 458.5345101113321
2415, 458.2112492900096
1788, 457.17006123560344
1521, 457.0653531206827
1461, 456.97467222253067
2999, 456.63806182303773
116, 456.6025511117317
0, 456.4794714694999
2546, 456.4609881179029
895, 455.4022204486475
1249, 454.03534744122294
1742, 453.9374812172531
2285, 452.79705709040513
82, 452.75272943157313
3241, 452.7235654245074
445, 452.2154624416257
2106, 450.9056719449841
2951, 450.67957358320456
3133, 450.3765309531493
2307, 449.8073449349057
3092, 449.6720935211571
376, 449.32870736073096
3336, 449.21898417883654
2191, 448.8019219343899
1677, 448.79232854602355
2808, 447.841035076281
11, 447.74776452517426
651, 447.4653832374892
654, 447.3012634189126
1309, 447.1323550773881
2736, 446.1704664199667
1515, 446.13700182753405
1794, 445.7141419893658
3278, 445.6216010620874
1758, 445.38564670450626
3384, 445.38318897451717
1738, 444.80513185062114
1122, 444.4110721495102
2218, 444.21780302311333
3144, 444.1814459533135
580, 444.0300626204229
30, 444.0017201857814
379, 443.54944632866216
3, 443.1224869618236
2276, 443.03915644067337
134, 442.67527578714174
85, 442.65047283742797
57, 442.5590740433839
3204, 442.33339445718383
2549, 441.9053946593355
2286, 441.3921480952591
563, 441.06043518629576
1024, 441.00206976834073
1720, 440.7923935234639
678, 440.5250089914841
143, 440.3200407027198
826, 440.1915199268798
3062, 439.65888113667904
2210, 439.5688003581013
1084, 439.4705213848474
9, 439.25562636024756
2419, 438.98957329925844
3170, 438.9888462320797
3432, 438.9864688270229
1484, 437.26149161238334
326, 437.0894028924756
3059, 436.39585442537793
2483, 436.30081348430855
1687, 436.2995411344515
3101, 436.080169694005
3143, 435.74888625781915
1877, 435.5634065072434
1509, 435.47806107115184
3095, 435.0948879603495
74, 435.0173872882206
2153, 434.9998244211991
2749, 434.7535233701852
6, 434.7293341418329
294, 434.4334842227556
2630, 434.02852709418335
524, 433.86173503799387
521, 433.8456155374134
407, 433.3576259875944
745, 432.89005267008116
1410, 432.6625421431774
3433, 431.9846648540456
1854, 431.9331797168374
1725, 431.6061407577803
2034, 431.36579421812917
1121, 430.95666522474295
1723, 430.5431915955591
2793, 429.6759816395463
3380, 429.5753863312972
2294, 429.0165875714678
2416, 428.62883913871104
237, 428.4368653602528
680, 428.32022306873404
848, 428.1264149250257
3211, 427.72659433976384
2651, 427.37549770344833
613, 427.35059100742376
3206, 427.28853505049284
2789, 427.25923719487736
3186, 427.20848994699
3305, 426.72585010050165
2003, 426.47053754339856
3194, 426.44293542991255
2134, 426.3025605648767
1004, 425.86422532776226
885, 425.6337424674804
47, 425.43945705368856
1082, 425.1068264038887
1439, 424.94420642594656
3163, 424.69996906524125
3327, 424.02346093772786
2311, 423.8345370110599
141, 423.240322267536
3197, 423.09284863851764
1627, 423.06913616964846
3017, 422.9347565256129
1574, 422.51169234561763
2259, 422.2552765010405
1722, 422.0420206710168
2314, 421.97344870801214
649, 421.85660294423974
2513, 420.69500571075434
5, 419.88426063613315
427, 419.66234644064673
3304, 419.23460028075306
1238, 418.9314087811008
2666, 418.9310812078756
3039, 418.90591139441926
2240, 418.8067408851517
473, 418.14815604585095
2505, 418.0788833655709
2454, 418.0173389884554
655, 417.57216952078943
2093, 417.54130644119823
94, 417.17225625539083
748, 416.74854335856173
2208, 416.5136279217486
3312, 416.41206561821366
35, 416.38032381602073
1729, 416.19784955002774
298, 416.0609858886663
300, 415.7025908275471
1771, 414.910364522636
1646, 414.03876742375576
3443, 413.59886899231844
3284, 412.60853268795
1685, 412.33825182786694
2203, 411.9162458883424
2280, 411.46181992436686
3294, 411.3926371963961
3350, 411.2382629987553
1882, 411.1377896173399
2048, 410.52495916078533
1231, 410.25050106574116
3289, 410.19865670978834
1718, 410.06347872914984
2002, 410.0010659163246
663, 409.88894062106993
1669, 409.1654391523906
8, 409.1142312164636
2583, 409.06130825495745
2158, 408.9662500376334
2211, 408.6444798592675
1562, 408.51892691403873
2104, 407.9846916866416
73, 407.67695543586467
408, 407.5470485163991
2288, 407.5100127155831
735, 407.03725378616383
1879, 407.0068084543987
1205, 405.71621238630235
3200, 405.709707802979
3147, 405.67386024520266
1874, 405.6115999935891
42, 405.3734517804881
2508, 405.24369816270735
2948, 405.17357122320936
77, 404.7641521549481
1695, 404.7585857385952
402, 404.6040462901487
3134, 404.46399263981465
1746, 404.4216099551052
956, 404.36970871254977
2878, 404.0107819384628
643, 403.6185360548384
2491, 402.9538254266474
2385, 402.78054519998165
1625, 402.68092631268956
1747, 402.4412583152816
491, 401.9501147419214
281, 400.94268257296096
3040, 400.8292712105762
1708, 400.65362278643425
280, 400.2595849204254
679, 399.1901162318571
1162, 399.1334706750677
3354, 399.10437332309107
3243, 398.74593279956036
966, 398.39374288198326
2889, 397.82981785879974
3120, 397.66281277559614
259, 397.0567113086499
2404, 397.0474458104359
1418, 397.0142356406199
1572, 396.0169517787337
439, 395.46306666207107
2824, 395.2402582900764
2442, 395.2047999206589
1875, 395.18417097326824
1104, 394.99716333364944
2242, 394.93078838142026
923, 394.5620511727082
1081, 394.1703810656669
788, 394.04712800360596
84, 393.70466803200696
2721, 393.38146173496983
2008, 393.28357103108857
1232, 393.24039100471873
2258, 390.7693728749563
1641, 390.69445670662196
2566, 390.52859879034673
1970, 390.1396713155048
2742, 389.62686614819654
2671, 389.4393849377945
2856, 389.02906750317374
733, 388.72928675109574
3000, 388.1357134980651
2379, 387.6196546667317
509, 387.55943072655043
2193, 387.4858905188842
455, 387.36386367064284
682, 387.23410367207913
732, 387.0615233219071
1806, 386.67763946218804
1824, 386.50870082740363
2393, 385.7591005516401
634, 385.2617042948758
1940, 385.06060927270727
1516, 385.046028245994
1939, 384.94514827366294
3082, 384.884184356083
1698, 384.828885231251
1868, 384.5745305791779
859, 384.2126552324543
1756, 384.1954808660978
1573, 384.04554102436936
282, 383.8861806065242
1951, 383.61910033691754
88, 383.46341397731294
3314, 383.38519538248306
2780, 382.83470960622975
2021, 382.4615397688836
1258, 382.03167264389145
3184, 382.0197913099108
2353, 381.4732709376435
3215, 381.1884725776102
460, 380.7592750111136
2587, 380.6642098013272
863, 380.37446762217877
1971, 379.88315690121954
58, 379.6104507101105
150, 379.083938843047
219, 378.84517610130086
2859, 378.7294837505473
2784, 378.3625626115564
302, 378.1119603794226
1894, 377.6383712737091
2338, 377.40178613597305
2696, 377.3076485973899
699, 377.2885234331209
3146, 377.17096511073856
838, 376.97448952803654
2917, 376.90195255653475
1576, 376.6981772458464
1269, 376.22279923866733
2688, 375.9373440197888
2823, 375.7688046441932
1644, 375.75614241019946
2816, 375.59601569998614
1717, 375.2524565024753
2553, 375.2013503170643
1003, 374.8335689250201
2562, 374.63752781891804
1740, 374.34635689236933
2170, 374.27553763723097
3150, 374.02843917822275
2524, 373.87694840221116
513, 373.621136530119
1731, 373.5155102026149
512, 373.2528670011426
2806, 373.0748455322298
2755, 372.9285629935868
2098, 372.71512147862603
3025, 372.1428574449713
2207, 371.9975081735892
1647, 371.9496059133293
786, 371.5551703352928
2782, 371.45923990070287
803, 371.2530668198323
2812, 370.81246357482667
2788, 370.65967138986986
917, 370.2309731341598
3264, 370.21424868414596
1871, 370.09114150217954
265, 369.9075359965979
2135, 369.7122405788419
1968, 369.6508802474725
734, 369.091719570712
1106, 369.0102677626406
3444, 368.8280958136966
145, 368.6143381727038
1739, 368.48323367332273
2705, 368.4715168813883
1714, 368.1708856076461
2039, 368.1160551074663
2287, 367.6863006747651
3352, 367.6020480644087
1682, 367.5030709268241
3248, 367.4350695327781
1057, 367.0442589487158
3187, 367.0266946499308
1780, 366.99038034616814
353, 366.51047044021766
3183, 365.9838313359234
3324, 365.9584276518664
2645, 365.8252787830956
518, 365.77372823396763
1643, 365.6214710405458
3105, 365.6166789855399
1210, 365.42382377563746
791, 365.2591780562103
29, 365.2544558131197
3239, 365.08307269497084
1543, 364.94881807912253
2758, 364.8970823355112
744, 364.78002254382665
1884, 364.03402792432007
3123, 363.62440696502694
2558, 363.56031506767584
398, 363.4097006651346
551, 363.36978332752284
757, 363.229592746534
2180, 362.9109212756712
2124, 362.7165411424424
1858, 362.6603261981194
3162, 362.58366590436054
1726, 362.44225676596085
225, 362.3968669471126
2864, 362.3562329043439
3168, 362.0391138850557
234, 361.63917061940987
1810, 361.56553088355787
1640, 361.38767463174423
1626, 361.30641652067214
2205, 361.2376394546421
2017, 360.898202726284
857, 360.891740100516
2610, 360.81896146121295
1907, 360.5369078604996
412, 359.8680235407046
2244, 359.8404186483127
1642, 359.8358823507089
2514, 359.22607175267694
2559, 359.04824823461485
2536, 359.02962359204014
746, 358.8704581133134
3415, 358.7605918954434
1039, 358.53654470708074
3290, 358.37463164838846
3063, 357.4295039883922
3269, 357.3218857953865
1776, 357.13939000993577
2101, 356.9401918336699
957, 356.8856538610375
1567, 356.771513102335
3225, 356.71680564628497
615, 356.53527239990467
1703, 356.21804153356413
3255, 356.14510866637994
2607, 356.00722264325805
727, 355.9881319099891
1705, 355.7562826079829
2305, 355.7446005552926
2217, 355.3015569832809
87, 355.2611299349062
2004, 355.1729861577478
2620, 355.11833106226123
561, 355.1179401413423
156, 354.4814204150316
278, 354.4690625760116
3029, 354.4649279974752
1171, 354.3160064240315
3090, 354.23966888687653
291, 353.93865184661655
214, 353.7529309202929
2694, 353.63367141175706
248, 352.4861752345295
3129, 352.4692551441943
1306, 352.4109864764663
1715, 352.2487237649065
965, 352.1182024768715
2781, 351.9827310885667
2710, 351.8407731494012
2677, 351.79373394762507
421, 351.3548428297512
1892, 351.351718589871
2435, 351.33270406775875
2428, 351.33270406775875
2640, 351.03665738398854
1185, 351.02163997436054
3016, 350.78034397160775
626, 350.77577848508764
3018, 350.56164846189716
2236, 350.46676912438124
526, 350.17562277614167
2991, 350.1258211744469
3041, 349.34315213128735
1869, 349.1353310607801
409, 349.03223369490433
1525, 348.9431858478532
686, 348.90023912063566
1721, 348.828029328867
945, 348.5523613807284
2686, 348.5234545481164
2390, 347.907584750397
3318, 347.6574262249422
1752, 347.56058440671654
3279, 347.4902594805338
2318, 347.4418286821747
1755, 347.2838996804123
1356, 347.2502378449948
2690, 347.00411181313905
2194, 346.8408157544282
2473, 346.57560722794835
1712, 346.4016648140453
2574, 346.2041642120098
716, 345.9145953767363
1885, 345.86502197884613
3080, 345.78784678509925
3299, 345.7146581321216
2953, 345.58499272319233
3066, 345.4838093906264
2571, 345.4659101435003
250, 345.4218878146957
255, 345.4025031446348
2157, 345.27188479596276
1630, 345.0627630543695
276, 345.02558204918915
2243, 344.87890624250053
2152, 344.63300122773467
781, 344.5273841315423
3130, 344.47260997703427
2429, 344.05244679627737
579, 343.80347073254393
1617, 343.784884647397
1692, 343.55125658721477
199, 343.24354220224495
19, 343.1494823943048
2997, 343.01115644289456
399, 342.79719846186634
2262, 342.60424453153485
2703, 342.4840324643094
681, 342.4571979145904
2030, 342.3038959531513
2657, 341.97066168993547
2814, 341.96679593796705
2102, 341.82117489949934
1733, 341.65602553728814
2936, 341.23982359486854
385, 341.0124875310228
1807, 340.48105032279886
3207, 340.3071325954191
411, 340.2076842003475
2650, 340.1988132347827
1571, 340.0774694924845
1701, 339.83506990901947
395, 339.40993321892233
1822, 339.2968828383847
54, 339.2228012802919
2779, 339.1992387154795
980, 338.9074596266894
2196, 338.362683680888
3347, 338.29687915770603
2653, 337.5951462382287
575, 337.5407253466278
321, 337.45815058428684
216, 337.3037799765018
778, 337.13743431652586
1336, 336.9279426843757
1999, 336.9121489086785
2756, 336.7021487314294
3111, 336.6954598301338
249, 336.6542567593785
1575, 336.41620583345787
844, 335.7659835820584
3233, 335.6875490390565
1710, 335.18368749307587
2195, 335.0456002355125
3306, 334.70125047021526
612, 334.4797089383115
981, 334.27541301915016
2785, 334.234132661791
1628, 333.5515223818111
3099, 333.28197645982715
2497, 333.2337315854512
2188, 332.9339512821399
3020, 332.8447948500908
2187, 332.84309616614814
2624, 332.28064065240653
825, 332.26943987515887
2111, 332.0653362083379
2096, 332.0653362083379
961, 332.047769540536
2649, 331.8107326097104
920, 331.80844964303634
2561, 331.5606866727675
2621, 331.49458549672664
1028, 331.3154693767043
21, 331.1372767351798
23, 331.1356335710476
2520, 331.07357437224545
1631, 331.05741346161193
581, 330.9956909109338
1966, 330.8869174054358
1735, 330.8578122027427
2438, 330.71750052548214
1716, 330.49281080654924
647, 330.4302851062922
2993, 330.12559831574305
2160, 329.888422322322
762, 329.818991409559
1023, 329.7278080326594
2683, 329.67263878559345
404, 329.5489892307958
254, 329.36265217624634
1279, 328.91973900224474
2572, 328.7048009819691
2525, 328.69493999571023
400, 328.30952798288985
1623, 328.28957338027385
386, 328.1408800033018
1985, 328.1137680588444
1744, 328.0999711687177
1748, 327.6657873207869
717, 327.2177119594673
698, 327.2152763593533
955, 327.0945213259446
3316, 326.17305542714837
2745, 326.1076666229253
1615, 326.07832187895224
1873, 325.90934701895054
2293, 325.8841530733469
2949, 325.2727530600385
243, 324.9395033680422
2189, 324.9278296315378
1684, 324.86961097819847
527, 324.77840291481976
2652, 324.7037069411535
2601, 324.4439560725535
1653, 324.39682755973956
817, 324.2139645751695
2712, 324.1535549008677
1891, 324.0799066670135
2095, 324.0773363152023
1670, 323.7283575872535
600, 323.7132241932315
1463, 323.5111120921765
2527, 323.4990603952297
1943, 323.4676825546079
3265, 322.8230226559957
3383, 322.7908574785847
27, 322.7363133652924
1659, 322.3754014902044
3323, 322.2825492652522
20, 322.0508461491589
3097, 321.967479367393
2720, 321.91454244293413
936, 321.85657693881234
1047, 321.5951622618867
1645, 321.36647194923927
3112, 321.17069652273136
3319, 321.02727150369867
24, 320.96715210891193
1889, 320.96385840877116
2738, 320.92800909428337
2289, 320.73868129414245
922, 320.66046715268124
3201, 320.56155175912994
1672, 320.20360159386496
2641, 320.109538117725
2434, 319.9399929372072
2360, 319.75955577352846
815, 319.6826993322751
2656, 319.54092754571104
1037, 319.191167327365
2145, 319.1385006910883
2681, 318.9280326018749
743, 318.67743712053306
2959, 318.3521578799122
137, 318.32668373789335
2568, 318.31289500701183
1741, 318.2923212577351
1730, 318.2194154583837
50, 318.14093855077294
2431, 318.06341294077953
2142, 318.0374607354892
2853, 317.90705270923706
1633, 317.83444813432567
287, 317.8299598777526
2646, 317.65955525939546
1700, 317.5304207636051
1668, 317.37862791937243
960, 317.2350938477943
396, 317.2135885805317
2362, 317.0978532080405
3295, 317.0104817714629
319, 316.9537245155908
2580, 316.92026252145456
127, 316.5289234149959
2340, 316.52001691616783
3362, 316.3478479774804
3136, 315.8681064436232
1038, 315.83527985220826
3288, 315.82626032287806
1657, 315.5515148405047
2212, 315.30302573135435
560, 314.86397245892266
1671, 314.83875252970944
2845, 314.60192798508706
3442, 314.5466120117034
1743, 314.37887250749526
1699, 314.3733835840839
1331, 314.0441577989396
2668, 313.7992807145176
2365, 313.7402233748658
1724, 313.73060906175203
808, 313.6788733616722
969, 313.5666870324451
375, 312.92726185252695
1412, 312.785956346829
1754, 312.59338729352174
247, 312.4654039498166
2879, 312.29428829914025
2635, 312.2285133428007
2608, 312.040669221739
2220, 311.88624342147716
218, 311.55631020514505
709, 311.5032278671162
1487, 311.13314632043927
2829, 311.04009284369835
1803, 310.9261452853598
574, 310.55272133772365
999, 310.3990047301764
2383, 310.3512991564579
2214, 310.20247268091055
787, 310.1309256386486
1941, 309.99213660214247
3320, 309.96103310305915
2485, 309.8758379383544
1665, 309.68924444403683
1308, 309.5574963651586
2726, 309.4482859427387
2846, 309.3771185335407
3311, 308.8395174486114
1523, 308.7350919225527
1706, 308.5405500223595
1266, 307.8780609971631
2122, 307.85920490718837
508, 307.7787116537106
1473, 307.6472665709044
2493, 307.6018052687947
2449, 307.20662603518167
691, 307.0801581055892
2563, 306.9723336796944
2907, 306.79768056024795
1745, 306.61940791154296
2828, 306.58845342556657
601, 306.56830589381605
2181, 306.4607756774952
2592, 306.31166381114554
1637, 306.1924805289445
2533, 306.19210459129096
2283, 306.018781236213
36, 305.9254507836944
585, 305.7668430057178
1840, 305.3498795460335
2858, 304.92148606985376
2219, 304.8564150723517
528, 304.6937309034607
2451, 304.68307092484747
370, 304.6798011496613
1967, 304.6311547074952
1629, 304.59064174704423
1650, 304.44400896077985
1599, 304.32768075451344
804, 304.3139927783622
2597, 304.1960145082761
2179, 304.1764970022556
1728, 304.16253638523096
1495, 304.0227231797665
1734, 303.90979956069793
1490, 303.76736888121184
1371, 303.6912030160684
416, 303.5987759462762
1404, 303.52109425768896
3254, 303.37623016866337
2992, 303.22740184521257
1314, 303.1817438839556
2204, 303.067336759449
964, 302.88251882833407
3232, 302.8438446962221
2466, 302.74941939993244
2611, 302.4426086007804
856, 302.40628540129103
417, 301.9128809301506
1649, 301.5050000867613
1639, 301.3222675806694
3094, 301.195059547274
2456, 301.03776389789124
2397, 301.0168853567413
903, 300.973306369511
3228, 300.70601932057576
1577, 300.37577506174097
2422, 300.319947294499
1681, 300.28765167491645
594, 300.1585374790236
3005, 300.08437370793035
1408, 300.0072961888002
2173, 299.69011186306557
1697, 299.6879758524138
2427, 299.62453854823957
2697, 299.49482535705584
43, 299.4155410425471
1823, 299.38888241819507
2171, 299.3469575133522
388, 299.26499732509933
1648, 299.13860225444625
1704, 298.99204193005767
1727, 298.37583285985374
1114, 298.2541210816317
2905, 298.01885201298495
1679, 297.8445505378757
2486, 297.68666840975317
2231, 297.4890550677349
2228, 297.39875020424773
1579, 297.37105540853014
1887, 297.3379609997886
1594, 297.25851064919334
789, 297.1678818514485
149, 297.1009840928324
2339, 296.70618263940133
2575, 296.6834491909246
2209, 296.5378623156052
242, 296.45654548217635
2206, 296.0855841638019
2168, 295.9361920928067
1839, 295.8099890254248
1895, 295.61100838467274
1510, 295.5805658867202
2658, 295.3140592164523
1977, 295.0186926806942
586, 295.0022425743065
195, 294.97092999277544
1691, 294.63238319672064
2165, 294.4073271445686
497, 294.2232553893486
3229, 294.14538961804635
1942, 294.10795616415834
313, 294.02877889003196
1501, 293.9106448905317
1424, 293.90414508337574
2239, 293.6827215731859
837, 293.6354775117347
1508, 293.59309905574963
1984, 293.48210224449275
80, 293.47849224974294
845, 293.4269094189901
780, 293.33673517394425
1749, 293.2904074914526
529, 292.82557745492346
252, 292.74378832470154
1580, 292.5704827751598
2877, 292.34866664843327
907, 292.34607644343373
2996, 292.2524174799958
1315, 292.16714717931796
3031, 291.9288979234729
474, 291.8459283966421
2235, 291.83758807391564
846, 291.73582094775867
1478, 291.7052695072734
1321, 291.5792488008359
3231, 291.50480492935014
3026, 291.35081959059283
1289, 291.219986096507
972, 291.1608204634741
212, 291.0538432719524
1505, 290.9885836989378
2200, 290.92718889832906
1527, 290.8583376947853
1348, 290.80318635756385
558, 290.72748386714676
2528, 290.7119165656462
2655, 290.1874099049991
1790, 290.13803371731245
2475, 289.9151309355876
2604, 289.5555318897628
1566, 289.4101351719583
3007, 289.37127694784357
2461, 289.2944421951894
2150, 289.03198467590937
872, 289.0203971638406
683, 288.938404778726
2190, 288.73698307050984
2185, 288.6059173220447
2850, 288.5841012600579
2167, 288.53926514768114
1423, 288.5119125547037
696, 288.01861071931876
1702, 287.9297886420752
2648, 287.71227510235786
2453, 287.43663101955684
405, 287.2930502829618
1846, 287.1554910327552
2282, 286.76274408897314
1369, 286.6441822316258
2113, 286.5420981300391
657, 286.5231510863857
1361, 286.4502978905515
1890, 286.2490537972138
1512, 285.87220726695574
2589, 285.7489160247678
593, 285.71655160843835
2837, 285.57948709682216
2852, 285.5658369672815
1751, 285.4811575924502
2980, 285.03681245760947
1488, 284.91714057184635
2087, 284.9100561149081
1674, 284.8444755493018
2256, 284.7793093304598
420, 284.6856990458833
1696, 284.5493000927113
1421, 284.4122096115755
839, 283.8732365328703
2164, 283.7603631641943
2804, 283.5725588590536
2778, 283.2786289945961
886, 283.2383999185058
1380, 283.2242209199054
138, 283.1086386051582
1481, 283.040700333069
1494, 283.0246237945028
26, 282.94231014348657
2543, 282.92458048653714
919, 282.88618589700275
2115, 282.61141924180936
638, 282.44018055667107
2612, 282.22032678807193
2334, 282.12161315233595
821, 282.08841389643055
1636, 282.02931158914294
307, 282.01858291564287
2139, 281.9987974999433
2226, 281.98830667727407
1635, 281.94166464506657
2184, 281.9230384454942
2998, 281.87024259617715
1322, 281.84912049481255
3267, 281.7304752568826
3195, 281.70975878298617
1390, 281.67082530439393
2484, 281.6278406030421
3270, 281.5697386904936
2693, 281.34113545217764
1425, 281.28234587671636
1389, 281.0913341354128
599, 280.99752969897895
196, 280.87251971953543
1983, 280.4922644302068
2841, 280.4275561327453
2673, 280.31068067470704
1549, 280.0968901410136
1268, 280.070296337744
1820, 280.0495734356687
1211, 280.0281751956962
371, 280.0109147323124
3258, 279.89820978665813
987, 279.8184559592009
1957, 279.73321218527127
1001, 279.60157332159565
2616, 279.5825512228752
661, 279.5760651666175
2321, 279.2688307772135
1759, 279.2516478279869
993, 279.1127282939677
2809, 278.86704843408165
928, 278.7424223785955
2623, 278.68489474110294
2120, 278.48710312568693
1792, 278.3327410182926
2324, 278.0240950265041
2117, 278.0226038672533
2299, 277.8531915653717
2125, 277.84217211795374
584, 277.70341043953994
1737, 277.6308090195882
1828, 277.3888411702078
2564, 277.2637196422979
659, 276.96213312799887
2679, 276.7770204544029
2713, 276.5425670682046
3313, 276.4873099874628
3296, 276.46885547923137
2249, 276.4443102903279
2839, 276.39157003660284
337, 276.3784456751255
3014, 276.30874923853696
1750, 276.2098956758005
2177, 276.15698127921814
2605, 276.05592469731135
2229, 276.0362148339904
708, 275.9360409594449
2264, 275.84120983852074
2531, 275.8240650949872
718, 275.7649087927093
472, 275.7339974121986
730, 275.65613539510326
2831, 275.4767263749529
602, 275.47112489525216
2498, 275.448445729946
2359, 275.2634110811531
989, 274.8698591664248
639, 274.63900941785624
1986, 274.4206582587824
902, 274.3481437277094
784, 274.34012189178736
15, 274.2260265050724
1493, 274.2026292061848
690, 273.8951517149716
1345, 273.84858787573086
1886, 273.68627317305857
55, 273.59947122036044
849, 273.5863770405402
840, 273.53472741231974
882, 273.4665042308351
3002, 273.3140484993131
394, 273.27962484694996
1377, 273.25327257182687
3160, 273.0512299638818
2821, 272.6415276442039
665, 272.5505606035262
2230, 272.4490678063063
1614, 272.4481379414511
1622, 272.3586201051774
1455, 272.2663667725072
2844, 272.2483234741048
3321, 272.1246070139415
2626, 272.1238015088056
798, 272.0672416228817
790, 272.06224477338753
867, 271.9842903945839
2439, 271.9472789777847
971, 271.76909400677374
1295, 271.6731465917603
1601, 271.5486848505678
1396, 271.5079924472482
1312, 271.50205834321264
2462, 271.48046316790334
606, 271.36196926958434
2490, 271.3170496334719
2687, 271.0425904348216
938, 270.96243159987444
664, 270.93929232975944
2345, 270.89864638449
2349, 270.76448914332
927, 270.6559326980643
752, 270.57801394623607
1908, 270.54972784419425
2994, 270.52743051594746
970, 270.3297159825159
1339, 270.297197469577
235, 270.14719007429284
315, 270.00804695815333
306, 270.00804695815333
1014, 269.87184942347324
2372, 269.8608869004132
418, 269.78950965204876
2750, 269.76759975327997
2346, 269.7366522728521
230, 269.69890154537393
564, 269.65843452158947
2237, 269.6091701209283
1330, 269.50561669804114
572, 269.3940780849448
3091, 269.3699104413865
2162, 269.2354519302519
775, 269.2305787027347
892, 269.15161449982025
1976, 269.0428955587564
2116, 269.03517888398346
2570, 269.03167265932166
3262, 268.9952610204112
2341, 268.9801289178408
1413, 268.8583216451748
1045, 268.80490804888564
2094, 268.7723096882565
1652, 268.7594760083101
2492, 268.7386528454874
2342, 268.5312782689477
2586, 268.5195538791208
777, 268.49369730775516
3268, 268.3128863473988
38, 268.2839565529182
2519, 268.2288102973479
3113, 268.2027244766557
1343, 268.156293859679
2629, 268.04979934724525
3021, 268.02760921435754
1474, 268.01637521912426
1883, 267.9766732836979
419, 267.75682063248223
559, 267.59865730251613
1555, 267.45809493134766
2464, 267.32971797908476
2851, 267.29638801321397
1550, 267.16419536342073
855, 266.9897547019494
2496, 266.91197130927424
1398, 266.89770219062217
2255, 266.74377691775186
2455, 266.737196625139
2704, 266.66989681042327
2511, 266.5810300783323
847, 266.46914316940985
2888, 266.44573654144466
776, 266.42216638932956
2538, 266.3859727878894
78, 266.3321939743714
525, 266.2702357698697
2822, 266.22880645584735
2695, 266.0534650110665
853, 265.9611909698474
1271, 265.7628539755891
2603, 265.6693049580098
1273, 265.627056632811
2707, 265.6017876590866
2692, 265.56798536964305
3261, 265.54912619814974
3272, 265.439251364702
3193, 265.3978326671906
1530, 265.3695605581163
256, 265.36716375047604
2654, 265.34570915398143
2908, 265.27849615830803
1902, 265.1562029469356
2534, 264.92552435457463
1561, 264.630445867749
2869, 264.4774687863399
3045, 264.45457725782734
2376, 264.42650778937417
723, 264.4087884440307
850, 264.2395222671939
2675, 263.9509857524024
2313, 263.8857528572985
785, 263.796860891796
1368, 263.72455916537393
1278, 263.7188856267564
2361, 263.66052138711126
2606, 263.5291210417276
636, 263.4981915695069
573, 263.4090087233831
797, 263.389684757323
770, 263.38836814334724
1960, 263.3368570142188
1420, 263.31569171207155
1422, 263.1678650540078
1815, 263.1311178958504
1511, 263.0560302027251
3180, 262.8081534857483
1352, 262.6869043355224
3344, 262.5997487678524
2366, 262.493414168528
1006, 262.45459968135503
2213, 262.24074125233676
1544, 262.2161917231261
2898, 262.19160205210403
822, 262.1181038752281
2254, 262.0023048832731
1392, 261.84589944727776
1578, 261.79520846903387
713, 261.77219858201124
1500, 261.6672168921993
1378, 261.4815273492856
1427, 261.441458058977
779, 261.4246543944215
1417, 261.361629883818
2700, 261.33341797447986
879, 261.17758409115874
2284, 261.1241748372974
1557, 261.1058215569599
689, 261.0991313152632
635, 261.0909152171873
577, 260.9149606599077
2638, 260.8305962281769
711, 260.82716395416617
2522, 260.8222566860388
2506, 260.68189903026854
2903, 260.64194548766557
2141, 260.6245038175515
1539, 260.6052594190727
2245, 260.5197193111732
1829, 260.4838450505828
1393, 260.3696173486805
2899, 260.3346041717739
871, 260.3088441491672
918, 260.2732108815833
3251, 260.22270364151575
694, 260.17529987133975
992, 260.0578449674008
1285, 259.83703955928337
3329, 259.77159268623035
16, 259.7654773290575
2499, 259.705157564392
868, 259.6960745325722
1480, 259.52582492378997
2581, 259.40862235311647
364, 259.38744954765315
2131, 259.2553880068718
1825, 259.1335772096001
1920, 259.11023189641213
231, 259.0144064337931
2600, 259.00452318884305
774, 258.8237192883188
2121, 258.77757054500256
1400, 258.7422724877443
240, 258.66045412136395
2509, 258.57136861359294
1804, 258.4222279798107
1655, 258.2878913455003
1293, 257.97489355583144
2830, 257.90489945128456
1409, 257.7032277564889
3044, 257.6792160215915
983, 257.540229196325
1280, 257.523106002414
2881, 257.41303396923473
2727, 257.3617985241355
569, 257.3312826720877
2166, 257.10995664469715
876, 256.89391853085647
1926, 256.83973126451946
3260, 256.7115737547497
693, 256.52244252729815
1411, 256.3281738606335
3361, 256.1837391798103
2227, 256.0623090039943
2452, 255.99201408228853
2369, 255.76062741164301
1959, 255.55944488414696
2495, 255.5362410075365
2665, 255.42658033153361
3364, 255.25683774867647
2154, 255.1674628275169
1817, 255.02825904976578
2488, 254.8660598427044
2460, 254.85822518154774
3165, 254.78671904946296
2479, 254.69201610200938
2662, 254.56891711761435
854, 254.518764758082
2644, 254.31655395154155
1491, 254.30773849266097
1989, 254.19148086483503
673, 254.11031939976706
3030, 253.95408418923373
883, 253.9109051472691
672, 253.8697356844802
2198, 253.71020165236786
3019, 253.6398361370303
1830, 253.446617381857
2760, 253.43870965575073
2547, 253.4284609562888
1909, 253.2635169718335
1370, 253.19996506550615
2163, 252.8736605498711
1426, 252.86733465876313
725, 252.77665730386656
755, 252.77217720436087
2044, 252.5900664747153
2199, 252.56505011510663
614, 252.41178380838824
2079, 252.35197749504312
2632, 252.30167435470074
1367, 252.24841333196858
2884, 252.1836523792979
887, 252.1614468238397
948, 252.15539594451823
2698, 251.94293395250102
1841, 251.83791683302923
1419, 251.70695198442715
257, 251.6814884309219
3271, 251.66923407219684
3100, 251.6173701193604
656, 251.50831032450327
935, 251.4355801254684
937, 251.41708250460684
896, 251.36113104506174
1475, 251.33315114927018
2114, 251.32038383194202
900, 251.28849794438713
741, 251.24264634019696
1403, 251.2328580741649
759, 251.21795574930104
3043, 251.13435638520792
83, 251.0616047618615
1559, 251.0017748393632
597, 250.8823006557112
2440, 250.75725908079565
2319, 250.63727979736305
782, 250.55568178190134
2897, 250.5136081021689
1372, 250.5059813715633
2037, 250.49174791432787
675, 250.4441398923233
985, 250.26370152565624
1981, 249.94609655607766
1618, 249.92276060954876
2148, 249.38706518635013
764, 249.34680200222556
253, 249.27242221317115
763, 249.17144926954688
924, 249.17065221120527
2423, 249.04053083189848
2138, 248.9729940249378
323, 248.95358276860674
311, 248.95358276860674
1498, 248.75490654077777
946, 248.75249006559588
2530, 248.71101975900396
645, 248.6690510463541
3068, 248.5835381656521
1292, 248.50833145063837
932, 248.1753600417793
1036, 248.16015931873125
1346, 248.08359928687952
346, 247.99262896074686
1595, 247.87292835591035
1328, 247.8647267487212
1835, 247.85161290105688
942, 247.8178984422884
1915, 247.75512246603395
714, 247.7177599506526
1904, 247.60728622736178
1831, 247.57042680942118
1906, 247.52362959675742
2246, 247.5200225130873
3301, 247.45860874031575
2882, 247.36827402377352
963, 247.23891300640577
2875, 247.05881308924896
351, 247.00398334333516
2401, 246.98692787258918
1277, 246.9572125171673
1387, 246.8243948443191
565, 246.74018549614385
413, 246.70122245825536
2714, 246.59591727042167
3037, 246.56633474071606
704, 246.49499273197827
2743, 246.43594659937892
2565, 246.41401604225
870, 246.3813851385676
567, 246.31590284993132
1791, 245.93442019995524
766, 245.93261249069735
1382, 245.81565012890772
2216, 245.80342889788517
1018, 245.74439733571595
800, 245.7333370888336
236, 245.66854848958215
1847, 245.65181539298987
933, 245.58731288971003
2123, 245.38926296807824
2535, 245.3562639183182
2092, 245.1887857474428
2323, 245.18554021270847
897, 245.1542941079742
2970, 245.1465051575125
1405, 245.0911453621507
1801, 245.0779237813228
2477, 245.0163546813898
984, 244.9243672748698
1458, 244.89672617186224
603, 244.79963128032418
1415, 244.79786107914578
1374, 244.7830926017678
836, 244.78220594964512
2854, 244.69433819990647
1357, 244.66106729689147
2891, 244.61156846929404
2331, 244.48332883726104
2146, 244.39524768762837
2842, 244.04717296379113
312, 244.0377900513674
1554, 243.98055731389167
1388, 243.88468750034275
3027, 243.85271997691592
1772, 243.84699323826086
1327, 243.83478405415127
347, 243.75969040045078
646, 243.72498579894008
813, 243.6698081777914
3266, 243.6373235147359
2833, 243.47810295078745
1272, 243.36679542298225
568, 243.33161274368533
1548, 243.32292830342152
1982, 243.31373421128964
31, 243.29357649912998
1288, 243.29036921226793
2625, 243.2098550663018
1486, 243.14095571880225
3038, 243.11387091592525
720, 243.10629424432258
1563, 243.05422688141496
1021, 243.0364463686717
742, 242.97546903508993
2444, 242.9121897331584
674, 242.91096222852
2684, 242.80696130856236
761, 242.7428594343747
1992, 242.70320004940427
1664, 242.68417547020542
1391, 242.53483890097422
1275, 242.47168658793234
2119, 242.45927663084
701, 242.34059116264314
697, 242.29129402258096
2432, 242.17835041468499
1291, 242.01093430855778
1323, 241.94387491054945
828, 241.84328329019925
959, 241.82757359451642
2202, 241.81374119067036
1340, 241.77646296323152
1353, 241.74802729638486
1944, 241.4252021080791
740, 241.3675053337061
705, 241.35226155866124
623, 241.12596757902386
640, 241.03882564704438
986, 241.03029668059733
2430, 240.96545926046682
2169, 240.80248003091873
728, 240.78508716668802
2670, 240.7767332190256
2598, 240.68842963329303
324, 240.6200292638453
2410, 240.55286386417043
2537, 240.52386501703833
616, 240.50599667260218
750, 240.42454206162265
1499, 240.41480001568235
792, 240.31404846199823
2847, 240.30593010026575
2136, 240.14148934187045
2849, 239.96284562339525
962, 239.85985126818935
2840, 239.78327963612097
1934, 239.77699609464614
1524, 239.6867327081564
934, 239.6240113503111
1020, 239.4988580702796
2233, 239.3995039125196
1270, 239.38840864893737
783, 239.36259562045794
1009, 239.22070657685825
2130, 239.0610214467897
3357, 238.9582527379164
2591, 238.8951571014963
2175, 238.862334446521
692, 238.84507207631805
2061, 238.83984155213494
2664, 238.81299943059915
2183, 238.81228270249355
1506, 238.775806618497
1905, 238.42846702064026
1294, 238.3699160584831
2946, 238.363258706945
799, 238.3428943152408
1888, 238.28759346225482
1297, 238.2859817415958
827, 238.26922973397006
1265, 238.26344886080787
796, 238.19606130586212
1927, 238.15650092210032
930, 238.00458111422145
1789, 237.93218055899933
246, 237.91023530315326
925, 237.75754399306078
2472, 237.6070505540415
2947, 237.49193342959825
843, 237.39154948719724
350, 237.0286955289197
3448, 236.86415289779933
660, 236.81869368437984
2140, 236.7874401866696
908, 236.75392680445145
801, 236.72348234990326
1819, 236.59567410078353
2129, 236.58321543648873
2552, 236.4904051674113
707, 236.43929557305023
2634, 236.1571515022994
422, 236.1231451694383
1782, 236.11637525212385
1318, 236.0860101384094
258, 235.97546316268986
1598, 235.85252796104314
374, 235.4539128923776
1329, 235.44842651392878
363, 235.41956707279795
2660, 235.34829011530758
2667, 235.09366318052318
1354, 235.0769990182066
2699, 235.0735086214942
967, 235.0576745002919
2576, 234.9987694409467
1809, 234.8451608558151
238, 234.774852653584
893, 234.75812292828485
710, 234.73449116123354
2674, 234.49611296232155
2232, 234.4943770454173
2474, 234.46254189602
2457, 234.2427463320942
834, 234.18472679923764
2375, 234.1286839759941
2494, 234.03644665280117
1779, 233.85518975962174
3034, 233.76022490914312
824, 233.70154649934773
2661, 233.69504454332915
1786, 233.61276934869187
904, 233.61185965936002
1673, 233.47724561586764
905, 233.47408792538985
1453, 233.44796942415826
722, 233.41447134174928
2176, 233.3699086386236
3033, 233.31405285612075
3008, 233.241626186826
2377, 233.23140219491475
2659, 233.16562176682422
973, 233.01931338291578
2669, 233.01634456278012
2617, 232.75559693997633
2691, 232.71376199516143
1469, 232.69508539630843
2510, 232.69347034321382
952, 232.68064302032445
2502, 232.66419838429698
2501, 232.66419838429698
3230, 232.48900922555075
438, 232.48154988374432
2631, 232.4264059222177
1836, 232.4158330230714
1492, 232.184700003372
2469, 232.18044249792018
2222, 232.11856199776727
2373, 232.01694273484657
576, 231.9731524165186
977, 231.9616954033555
314, 231.91957488434318
1022, 231.91613188246674
658, 231.7850696317547
566, 231.76555306051603
1365, 231.59196853755842
1479, 231.51182108990034
596, 231.49571652932963
754, 231.46384023376956
2247, 231.3695329636033
2336, 231.17687157468902
2405, 231.08022085549456
2542, 231.05990889730958
2403, 230.8856159101937
1921, 230.424866447819
1949, 230.38745820201348
352, 230.18584571512574
2541, 230.03861829265412
1808, 230.03736758586425
2950, 230.03578173853037
3249, 230.03099406497412
2614, 229.93901932792954
2448, 229.89502125451978
2627, 229.83007571962875
926, 229.67101940989969
1930, 229.3301509118213
2521, 229.31589926604087
931, 229.22339503092752
2133, 229.1754721998291
2637, 229.0875085154032
1620, 229.05360545420794
3253, 228.9009792134963
2609, 228.84792525824298
1504, 228.7635706111568
342, 228.6759180579461
831, 228.60292480683555
618, 228.3980267971664
2826, 228.33676395854326
1582, 228.27661547978974
1935, 228.13146886749587
1414, 228.0587852879325
976, 228.00627065069136
2476, 227.9916711564449
929, 227.9542925926897
1007, 227.76218442843512
1898, 227.71874309983684
241, 227.69524895584456
1320, 227.23148240707403
1109, 227.1644846968114
1950, 227.16077759794123
667, 227.149492626259
1900, 227.08349858186648
1837, 226.95977597916766
880, 226.95878513809305
320, 226.951892649361
765, 226.85204069073143
2504, 226.79526692957805
706, 226.74089763582373
1954, 226.73508749569646
1777, 226.72377904357435
2144, 226.6053397104177
2702, 226.59287318411393
2724, 226.57834481363523
898, 226.52614154867493
1319, 226.51887941878653
1010, 226.41390238334873
1928, 226.32226956569482
2876, 226.28210620418355
1799, 226.13887877744673
810, 226.05548432639605
729, 225.95004023473237
2089, 225.8939691389628
1017, 225.6584368049746
2956, 225.65615106347965
2902, 225.53571949669075
354, 225.35462114993024
3325, 225.33181883227934
1591, 225.1686863154276
2322, 225.15872928654795
2327, 225.1535398941594
632, 225.11838284718075
2325, 225.11734845932213
1326, 224.96951171960427
609, 224.9595471072106
3263, 224.9047967297405
943, 224.71481653871433
2367, 224.70423846022223
644, 224.6361840518668
2678, 224.45466559675424
2478, 224.2887803462971
866, 224.28767737013808
944, 224.12259679885025
873, 224.07679754380064
1351, 224.02925943971115
703, 224.00577647126727
1282, 224.002677116469
994, 223.97972760001304
270, 223.9565719764655
910, 223.91397550813713
982, 223.87022194163916
325, 223.77222634373788
702, 223.68227446872757
1953, 223.6735482501256
633, 223.52318097458033
239, 223.4864116666623
979, 223.46895248221034
1470, 223.44213588304908
1332, 223.44195933282677
2619, 223.4317600114741
1778, 223.3274829235753
830, 223.29109750496335
1300, 223.29044012614898
865, 223.2204169448358
81, 223.1562819050624
2706, 223.11797692374427
2567, 223.1107967699302
2426, 223.08529235432738
1540, 222.98104411306403
899, 222.95050184597054
724, 222.87413859110472
1394, 222.79927145120692
604, 222.7679090887311
858, 222.70029118961997
2585, 222.66553279278756
2880, 222.5446921140903
1080, 222.497545567285
631, 222.21171753771793
1483, 222.20356698169854
2467, 222.18278527132577
2529, 222.1343340763103
1402, 222.11253778361322
2126, 222.11231738521278
1335, 222.10162268405534
269, 222.03338839135913
2866, 221.96686050683797
2436, 221.9663937390292
2074, 221.93968996418542
2156, 221.76136700807476
1385, 221.75153725767876
712, 221.7125319943656
1569, 221.65915396703687
3012, 221.55342153268776
2557, 221.51468964119337
911, 221.47177673813837
2676, 221.37827456301034
17, 221.36533071900294
1551, 221.27036549245489
2370, 221.25041076668316
891, 221.24704805712398
875, 221.2400184445337
2560, 221.23513261858062
1401, 221.19027350731287
2330, 221.04326873778783
1832, 220.99460868724728
958, 220.90849735963474
1416, 220.8814071961494
1485, 220.86182856378326
2459, 220.8614466965056
1304, 220.83431929606607
2554, 220.78920369002796
1568, 220.7629744204252
2425, 220.72641069065386
1011, 220.69801956271618
1362, 220.56129091353603
2186, 220.4922779457014
1827, 220.39422509390317
2000, 220.29507181903972
1359, 220.2619140253861
653, 220.25051896161725
668, 220.17298692744046
2082, 220.0829042511525
666, 220.02795636555297
1476, 219.99600001639487
1311, 219.7956182173627
3015, 219.75845736532904
990, 219.62348542006876
2544, 219.5678849830402
1769, 219.53640568961532
974, 219.4728827066079
949, 219.34783041969305
1366, 219.30922591335482
996, 219.2860417152749
1286, 219.17204967283865
2149, 219.1259140257783
1303, 218.93599107179247
277, 218.92173344426638
1489, 218.86805156274266
1325, 218.8280734492641
954, 218.76682065987484
2577, 218.7141194658419
1307, 218.67571930667225
3024, 218.65145855010329
2317, 218.6029539536701
595, 218.5212689420862
2633, 218.49127977318162
2172, 218.31170868095248
1281, 218.16765073244443
3250, 218.1479414760673
2595, 218.12284182299845
2663, 218.0569093487734
1560, 217.9476051793435
1619, 217.91680878051824
807, 217.89675048928984
1932, 217.79349892525642
1834, 217.76535431524243
684, 217.6358636299594
624, 217.6358636299594
687, 217.603451967823
2874, 217.59035494947042
2685, 217.42353998456247
1529, 217.3271876154985
620, 217.26710040959074
2251, 217.24181225157557
2628, 217.07110318706964
2482, 217.05363867560328
2573, 217.04884765853186
1016, 216.97521414534674
1383, 216.9288093791283
2642, 216.88423916471612
829, 216.8489351994262
3022, 216.50721294164222
1008, 216.46144651391717
2151, 216.34994041526872
2201, 216.19170683260523
1342, 216.17286620686406
998, 216.06868547867433
648, 216.06868547867433
1522, 216.05241032414705
1276, 215.99525937379187
1305, 215.8115840718623
721, 215.77586183429057
1055, 215.7588309105803
1341, 215.6894835467575
2689, 215.6032883320527
245, 215.5821384681121
2127, 215.46064827345015
1192, 215.4119647943125
1528, 215.3460393084789
1015, 215.24973034988585
2523, 215.23080883947011
3035, 215.18389591878187
598, 215.17837467181062
2132, 215.12861585564355
753, 215.06845358680118
2197, 215.04627047968663
3326, 214.89090188211136
1774, 214.80940038452005
975, 214.79404422569402
2159, 214.74740521228208
1969, 214.58114638983096
1507, 214.56337624543502
229, 214.56056754736156
3365, 214.47767617942455
2545, 214.46124939786424
1052, 214.1886850323102
2443, 214.0598949659094
1946, 214.02039945058073
688, 213.96947916967088
2680, 213.9341960417603
3358, 213.83653689969387
290, 213.6785374493039
1376, 213.6531772394633
327, 213.53314730340026
1344, 213.49657179676734
2618, 213.37949719035885
2480, 213.3783396998898
2332, 213.34579188340328
819, 213.31845056354308
1317, 213.18461247922812
805, 213.02306863272693
1606, 212.89215634734305
2701, 212.76885485312187
2326, 212.67942458716402
1284, 212.65813753340328
2906, 212.62631561600446
662, 212.62425689576193
271, 212.5853255860585
2588, 212.55325447722922
14, 212.44949520893977
818, 212.3073966298116
1496, 212.13431693149977
2447, 212.1172400834495
726, 212.09472939840592
2909, 212.0176186213632
339, 212.0060819085771
1948, 211.90257875600324
340, 211.84622542780798
2481, 211.75584243334077
2445, 211.74831092399634
1918, 211.62770513565124
1916, 211.6228549697857
1497, 211.51429926711398
2147, 211.4384439819123
2465, 211.38634946142074
2463, 211.29664107190055
2602, 211.18548510484806
2458, 211.09194269737912
2047, 211.0705903382722
2613, 210.96473989839131
1787, 210.95139304139784
3450, 210.8950694878669
756, 210.88790874289214
1482, 210.8625533646214
361, 210.8507531187818
751, 210.80133834911555
1654, 210.64570887852784
1990, 210.57696778836674
2834, 210.536165076279
3307, 210.5102885636461
1407, 210.3681594513549
888, 210.35687168104042
1956, 210.3145640031237
1903, 210.22478161112093
2895, 210.095495217327
1503, 210.02073608897808
2225, 209.83962993045037
1333, 209.66333037267955
2489, 209.5574164196006
700, 209.50401461318327
2643, 209.4481729476896
3345, 209.44084125732076
367, 209.37652897912352
2437, 209.35963369787635
1296, 209.1861701599746
1621, 209.14218098153802
1952, 208.99329875430453
1965, 208.72203981245215
349, 208.71369332176016
1833, 208.67343720794466
1896, 208.63866908796663
2487, 208.6044495888374
771, 208.5456668978494
806, 208.5272252552057
1922, 208.51264230681085
747, 208.51209606510182
2599, 208.32430612982787
1570, 208.21014795400157
842, 208.11918420822386
1897, 208.11000796217132
2328, 208.06110350016388
2512, 208.045034302365
1046, 207.97769746298835
3360, 207.93720072320193
1399, 207.85170663778305
1386, 207.7179411618177
3273, 207.64958839313056
1937, 207.5055766813734
2112, 207.48853727534197
1019, 207.41059985281723
2835, 207.4080288010335
715, 207.2385713207313
997, 207.23102574395202
571, 207.2134587734815
1553, 207.20035698979862
621, 207.14017788943832
1783, 207.1207425622213
436, 207.07127213919082
2221, 207.05461514243126
2281, 207.040310465458
2728, 207.01194898377588
2161, 206.99646300328098
605, 206.5061622375089
1556, 206.45193565462088
1472, 206.36997122467503
2584, 206.27251677312833
2593, 206.23910358963894
812, 206.1538766268078
2708, 205.99071484940598
2516, 205.96478755336832
1793, 205.9277039175266
1013, 205.85957559228757
2081, 205.83993911523424
1767, 205.82227558495276
357, 205.8189726921658
2250, 205.7398123098872
878, 205.66072596225658
968, 205.65103549625914
1056, 205.5250890027733
317, 205.44257124155428
309, 205.44257124155428
1520, 205.4279157472968
2446, 205.37379208010196
695, 205.14405659365062
1565, 205.08939190075623
2241, 205.0531236020108
719, 204.94478165763633
2932, 204.6900081079918
2178, 204.54203916756322
3252, 204.478558045093
2636, 204.45297806611188
2540, 204.43885285852406
2639, 204.40788891918143
1766, 204.38633465186203
1044, 204.2749367928324
1375, 203.98145823680565
890, 203.9728011595334
1796, 203.89614097323
894, 203.8828279326625
1538, 203.78203560244933
2215, 203.7231579010156
1899, 203.31244469043176
1757, 203.30482913849863
1929, 203.2915732650885
3001, 203.26992313867433
3391, 203.26312734433185
366, 203.169754206445
1349, 203.03801322556677
3308, 202.77821071516365
2418, 202.74638192272957
2329, 202.69221628665
947, 202.4852224454656
1471, 202.38191708606277
2555, 202.34156462240912
2077, 202.1737513290966
769, 202.16169667208604
2052, 202.13011719642046
2582, 202.06319454397521
2057, 202.06193471698253
2374, 201.92926294913065
2590, 201.66435490465537
318, 201.65865362268744
739, 201.59868396613052
940, 201.53605429192393
1936, 201.48636264677995
360, 201.30435469123609
1360, 201.22648945984463
2174, 201.1565094887646
2420, 201.1251911331181
2128, 200.960734525146
877, 200.91469712734474
767, 200.90342526936797
2843, 200.58348884154876
18, 200.50226135895815
2031, 200.43419806784652
2893, 200.38927369244502
760, 200.35039607135258
1395, 200.32732593313835
345, 200.2461048216186
2901, 200.00897575242564
2090, 199.93486900470688
627, 199.55082068482147
1938, 199.52864550203867
3224, 199.46310348528158
244, 199.42734933212935
811, 199.32824914192605
3013, 199.0952096074153
3177, 198.85591650376045
2155, 198.70739731471278
2363, 198.65664817671916
835, 198.58896740173512
2526, 198.4946512599361
1313, 198.3535411059153
1805, 198.34792915088227
1363, 198.34600980589522
570, 198.25652450366323
1283, 198.21236430913143
978, 197.97295035133095
2468, 197.89557100700202
869, 197.6221030396409
809, 197.38713429810397
2441, 197.19920408150753
2450, 196.9995897719654
2335, 196.98347893324373
1917, 196.8765416294861
2253, 196.83218038413185
587, 196.78891716647328
915, 196.72151204370002
2883, 196.68029240482417
2886, 196.52161232744285
1988, 196.51776934985847
1537, 196.31746443263833
1797, 196.27866851435337
348, 196.2534906335153
2234, 196.20659827876324
2914, 196.02295545315746
2137, 195.9309202220605
2118, 195.90944591586168
2539, 195.6712650087762
995, 195.62010762168734
1053, 195.56679299750652
1519, 195.5663192683402
359, 195.5293270296917
3023, 195.5174699278389
3446, 195.50781497634958
1338, 195.37469968812132
1334, 195.29649799910004
1103, 195.25479146534855
308, 195.17171609093947
1592, 195.15082299864454
950, 194.87806713357543
758, 194.84855200662804
1546, 194.56230991443175
592, 194.54325681131706
749, 194.5291679411165
1609, 194.29804761004
2892, 194.2754119612113
610, 194.0847788342559
1337, 194.05975753365732
2371, 193.99080107641865
355, 193.8721043431701
1118, 193.77754938665646
833, 193.76665591754409
3449, 193.65288706968
1924, 193.58501216388288
921, 193.46623519467164
3011, 193.4095334346513
2182, 193.35058137387455
1955, 193.26859873108816
2838, 193.13951607187457
1923, 193.10245149723085
2887, 193.06975919229575
2368, 192.9868942852763
2885, 192.93550661431755
2596, 192.93544852416545
1552, 192.92029621884788
322, 192.78495280445102
310, 192.78495280445102
1945, 192.74903728195568
652, 192.71464494561982
517, 192.6597441695629
2848, 192.20032534987823
3451, 192.0085387856793
1987, 191.9435008278216
2729, 191.89902659218123
1812, 191.8695123108815
1816, 191.83128755659098
2709, 191.71138363771036
589, 191.60338494993084
625, 191.24164880602584
1545, 191.21234099250998
1901, 190.9700967913138
622, 190.5497254565857
991, 190.48387562371653
1933, 190.47312662930253
2647, 190.25543124179686
3343, 189.99981764553374
630, 189.8090786082558
1802, 189.742058439213
2944, 189.59551571632954
3218, 189.47181074020168
1798, 189.4668897541855
578, 189.36800078276076
2615, 189.19192278503743
2066, 189.07158043974644
1290, 188.94618841511578
941, 188.8978164384527
2001, 188.6997992008753
1602, 188.68402847674938
889, 188.66663888157993
233, 188.59692324965752
2827, 188.48093808487246
1000, 188.4254308761209
1845, 188.3267903649635
1843, 188.24506065195573
2995, 188.17264317589095
343, 188.12723967759712
2060, 187.98889584850198
1947, 187.89903185938434
3238, 187.75818630635266
2316, 187.75280099436864
2579, 187.4567723917676
2836, 187.45103487734846
951, 187.25610096170132
1350, 187.22980652072377
988, 186.84121717795642
1558, 186.81436552111447
2038, 186.60390710138626
874, 186.57747204540155
22, 186.4429007339502
1005, 186.40577959590377
2471, 186.24335931869985
1844, 186.02861130838406
1310, 185.89309305802442
2896, 185.85521130416438
1379, 185.7921546321177
2517, 185.78358366764124
2357, 185.4803048075719
1763, 185.30979512659346
841, 184.971814879991
25, 184.95299177582234
1547, 184.90126098499573
362, 184.600114046147
617, 184.57806816959385
3359, 184.3349066250281
802, 184.0987635198383
1384, 184.0595842618209
2594, 184.02556245160872
2945, 183.965992090147
909, 183.759882094642
1821, 183.66228967928092
2500, 183.57776012682865
2855, 183.4108916341995
591, 182.94408362438537
1826, 182.91675044276695
356, 182.69637749535713
1795, 182.66185452595622
1775, 182.5683473991079
1541, 182.00736848621295
341, 181.9514991059196
3438, 181.84565517393239
2402, 181.7759977993484
465, 181.6830475368607
2040, 181.05169662053785
2894, 180.92996755595627
500, 180.47145407321014
1526, 180.26339282139728
3085, 179.9964745542033
2916, 179.94373467017894
772, 179.92807723304887
1842, 179.91593732787152
2890, 179.83563930672068
1012, 179.6116535827828
2248, 179.43877164292022
794, 179.33498796121077
3237, 179.1935838207697
86, 179.05705663969104
1347, 178.94125628467415
1355, 178.9133311567286
1373, 178.9011563230509
2503, 178.6586663867013
1784, 178.3994670999871
2333, 178.33750445813112
1878, 178.2829470713131
2064, 178.08088368963683
1762, 178.03089198406622
2358, 177.84906952748207
2046, 176.6436564712148
939, 176.62016022069326
2515, 176.49844318807573
2364, 176.3376031872658
59, 175.83182685808413
2935, 175.6997898997749
2058, 175.51556171563027
2904, 175.47163108436206
2732, 175.36361770349873
1532, 175.36279975679537
1613, 175.18358595453512
3346, 175.05677907715457
629, 174.99955431019782
1616, 174.99688468934008
2682, 174.98840401592102
884, 174.80992103244466
2036, 174.72783384111142
1542, 174.69545410742754
3036, 174.1427231777541
628, 174.14191450068517
2143, 174.0752031695061
1931, 174.0097235932605
344, 173.96392552770254
1764, 173.7505818847066
1919, 173.30878305248098
1768, 172.8438314084018
1164, 172.60273603172664
1274, 172.53445426253325
3220, 172.16979785911226
1781, 172.090762393149
2470, 171.84358466079195
1765, 171.55320718039297
1190, 171.34910442327342
2578, 171.1160883562114
2043, 170.24875202503344
3363, 170.15772450760335
507, 169.64800437434272
793, 169.6081437026461
3240, 167.38520637459723
461, 167.17199789218455
2063, 167.05281378446327
2725, 166.76186077502788
316, 166.26707403002268
2085, 166.24702981239656
459, 166.20691333746024
3242, 166.04359943336507
901, 165.53501897720358
2569, 164.5814022456331
1287, 164.5437166929221
2718, 164.07244231505098
63, 164.07131241388885
3256, 163.10629341158878
484, 163.04845372713115
1564, 163.03966093219037
1267, 162.52709893361185
2672, 161.59259318626647
3219, 160.8240061960629
1364, 160.0536856591303
3216, 159.93167515225863
2910, 159.9179993584942
477, 158.8230900338934
111, 158.1176922888278
3223, 158.10485240812602
273, 157.42899717619304
2518, 157.29696376291503
3257, 156.24782561662641
3221, 156.0059822606146
292, 155.66800791609973
184, 155.53713700895148
3222, 155.1226563955237
3217, 153.8820595320989
2532, 153.04915447303577
1535, 152.21344904239436
2556, 150.08859526608384
1358, 149.51631968066744
1051, 149.16894009265278
2868, 148.3563199544431
33, 147.67471646242072
387, 147.22781611612535
442, 147.00733810255247
185, 147.0019910424756
1165, 146.89085098684194
1093, 145.86701933249458
490, 145.0122697059347
2054, 143.99433214226826
60, 143.8860402465109
3282, 143.50302221315516
305, 143.11954687047597
1092, 142.39752006323022
590, 141.17417205902657
1972, 140.11082995454763
2035, 139.67143573806746
1054, 138.71012676627296
223, 136.86701021337532
2049, 135.1235147239728
187, 135.07902415751494
2924, 134.34796422804732
2711, 134.27524091951733
3309, 134.0084090352716
49, 132.2407816750673
2062, 131.64267860803224
2042, 130.58611121154826
224, 130.54036577903872
286, 129.9415276947459
1861, 129.50768303991111
489, 128.7051452171102
2051, 128.03352738471418
2107, 127.62756083498509
2912, 127.45375194281038
2067, 127.1899149627963
226, 126.86525846866488
1536, 123.36475460249947
2925, 123.19040829838737
2923, 122.63052575554713
1048, 121.61354024596864
301, 119.5121829296213
2072, 118.37025170283859
1049, 116.93404738243511
285, 116.83234241334898
2931, 116.59868023343581
1925, 115.47107831178893
393, 115.16662449731184
2871, 114.57106970220384
2084, 113.49146668442197
1863, 112.24454773018793
2940, 112.2218498011732
1050, 111.77132261814488
2929, 111.75188089503976
2922, 111.37447974220831
2928, 111.22210309686528
795, 109.69538504498071
1158, 109.27286567474751
2926, 108.50523808562875
2937, 107.69717684508029
2952, 107.23695537345384
2872, 106.90248558757285
2921, 106.77671174026266
2927, 106.53366076436964
2911, 106.41559089992819
2938, 105.2123616163501
2933, 104.0993099212699
2939, 102.79693694588885
2941, 100.87240025975541
2934, 100.32116733492609
384, 99.65684841071072
390, 99.62105193944818
2954, 99.2211493195615
2957, 97.93157085913815
1534, 97.81218549970163
2073, 96.72281149680103
3412, 95.17056819842306
2943, 94.60604569651775
2955, 94.48211947020013
486, 92.96580893509778
2930, 92.64138569624498
2870, 92.60902742721343
391, 92.26411404639573
2873, 91.6807284129735
403, 91.14787315628382
2942, 89.54668480602896
2865, 89.27628891045491
1064, 87.44108167387553
516, 86.82052699899188
1468, 86.81593153539153
3145, 84.43648828192518
2867, 83.52214476681402
3411, 83.39782188924062
1862, 83.07307827418195
1264, 82.79062892703313
2012, 82.4680811118214
2739, 82.04589258253438
1157, 78.17449466542395
519, 78.16874461837648
493, 77.66234685085975
3121, 75.8783480040741
183, 72.86361293562697
3161, 71.24173326014915
1612, 68.14447683669674
