1191, 2350.0816374412584
1189, 2206.2135567544537
90, 1310.0696410775965
70, 1240.1638531342776
69, 1240.1638531342776
2799, 1132.168980142091
1477, 1065.3285869475803
1693, 1050.4263892403478
1406, 1044.5219009821712
68, 1038.2732430365768
95, 1009.8271940489336
72, 974.4120185462828
1397, 967.8791048749794
65, 960.1329070005263
1588, 948.1286225574918
67, 934.1988787063912
369, 931.412279578297
32, 921.0469762985242
2716, 912.578859756539
3392, 911.9246908592797
2411, 901.1561045493028
2551, 898.0118792152728
1634, 891.3273652498017
190, 878.2163504120881
3116, 874.8723848320789
1441, 870.1021277846072
93, 867.6056958149201
1460, 863.8394735135778
66, 862.021009371351
3328, 852.3511887733243
2797, 850.6457267026585
1116, 848.3446138110935
1034, 847.285043486772
492, 845.3521826423985
96, 843.7485879253325
2378, 841.6196055702197
2771, 841.4786447563803
2396, 838.2761897221327
2097, 837.8562286592646
3137, 836.359461248209
1224, 832.2043826925672
3349, 831.3964780319935
64, 828.4528511813239
2399, 826.9671598353764
1996, 822.0445983619185
3156, 819.8572420041527
2395, 819.2428663338837
3087, 814.354064476056
122, 813.1370024268297
498, 810.2283722676806
2356, 806.9761569640458
2796, 806.5124317164865
89, 804.819986853259
3236, 803.8706460163731
1465, 802.9950593969064
1605, 802.2917119980289
3157, 802.2251300036684
2800, 800.0737352602808
1435, 798.6292697452357
3140, 797.0238288729838
3075, 795.3352977022901
3088, 793.1625147583238
2719, 791.0700423867667
3067, 790.1780878605435
511, 789.8316792896492
3104, 789.7601701982956
1632, 788.8171191724975
103, 787.6068681190817
2815, 786.4753911759319
3126, 786.4527105472857
2960, 786.1872722280771
1855, 784.9396808215251
2770, 784.7301880211727
1962, 784.4931495332647
135, 783.4442587837642
1216, 782.9621228256367
2717, 782.7472096426515
3124, 781.659664190935
2412, 781.0883439836495
101, 780.9998995149002
3096, 780.520597268587
510, 779.7856404330022
3076, 779.0320154609207
2775, 778.5539550664528
1070, 778.1253889872673
3406, 777.5039990254714
1222, 775.0369946724107
2752, 774.5227229195633
2762, 773.385285151047
2787, 773.042031359216
3428, 772.458128261877
133, 772.3365688358477
3060, 770.0899367274358
2977, 768.9094407865756
3337, 768.7488241967072
160, 766.6170918374144
3356, 766.5479382028532
1108, 765.3439782270282
1220, 763.6631473234273
260, 761.9075289031841
1125, 761.5215168399787
3138, 760.1670447139687
1059, 759.9139060367942
3081, 758.8236220065036
2976, 758.7267826678487
2967, 756.1667646143175
3117, 753.5298896788099
3387, 750.4223530311921
2421, 749.573845688915
110, 749.5430448469796
1660, 748.5098533284141
3127, 748.4192286968803
1298, 748.0634592891389
1101, 746.6100140288528
1813, 745.6002253148597
1428, 745.2123494099035
179, 744.9283026631917
2409, 744.0952633368804
113, 743.0943748351995
2406, 742.4282811896674
2798, 740.1139658763634
2972, 737.4726573705459
358, 735.0289190737011
3430, 734.9637215238142
3355, 734.1574776954708
3141, 733.2730777645461
1881, 731.5319451701913
1095, 731.5304732555387
91, 730.8869624204601
2761, 729.875362523513
3158, 729.2264899862867
3109, 728.2015222084823
1316, 726.7136828633123
97, 726.1290906353582
1694, 724.7303750621759
1225, 723.97069904761
3376, 723.4003007464868
3154, 723.3634019398504
1227, 723.0240004068205
3152, 722.5092332059929
1857, 722.2458315451071
1253, 721.7603100636285
3074, 719.3913821092509
3052, 719.3483242761029
172, 718.5640030808217
3390, 717.6735647684989
3122, 716.5220107258348
1658, 716.0376211820158
3417, 715.6707254966137
338, 713.5227497071975
1217, 713.075988511877
1257, 711.9724558175267
641, 711.7630246032268
1446, 710.577853953565
1436, 709.7044421963088
543, 709.2094102993592
2765, 708.0792691893006
499, 707.8098067750312
3377, 707.7292389825668
2392, 706.2882535046724
268, 706.2267129991766
209, 704.0304229332046
3368, 703.146523770261
2007, 702.5595757804724
1864, 702.4626341066427
2, 700.4151856361926
3398, 699.3570079506659
105, 699.0410219763438
2414, 698.4301714765421
3103, 695.9041476195174
61, 695.5414696037387
3375, 695.1678252990641
3131, 694.9542494115407
463, 694.6243540826902
2769, 693.9800450887075
1856, 693.8518527844745
3342, 692.4443158863888
2971, 691.1734370677638
1431, 691.0405444085178
536, 690.5856870515372
1589, 690.3983456542605
3335, 688.8452468913563
2975, 687.7081946525412
2974, 687.7081946525412
2304, 687.6119600928857
121, 687.1149406037865
2550, 686.0199137946154
434, 685.755629928818
1073, 685.1770380795938
2028, 682.1975194754419
1607, 681.8798703385343
3397, 681.0043025491306
2715, 680.3440033061356
553, 680.2970845965895
1593, 680.1846053438644
2915, 680.028826769632
3188, 679.2036310805389
304, 678.4803397854415
2417, 676.642621876889
1464, 676.207059433522
1586, 675.7786722805762
1440, 674.4479724256279
1753, 673.030004545067
3414, 672.986331146259
3115, 672.0731744465776
1236, 669.7636837745058
125, 668.8464022263647
3427, 668.0111168845974
383, 667.7659679587741
1061, 667.619295346891
522, 667.2880696273553
1713, 665.5302922841349
2913, 665.059643929844
2730, 664.3334896585139
1872, 662.5682044835588
2862, 662.1149407871395
431, 661.8721800954346
3367, 659.8186497740122
3132, 659.7377402765532
1852, 657.8294100899886
2413, 657.0811680679635
3003, 655.9441560786386
3338, 655.0083347775517
2857, 654.0336232129785
154, 653.3930909309396
3351, 652.2554695490745
2813, 652.0925216105087
1773, 650.4621340187582
1097, 650.0899372402662
1998, 649.9360900276332
115, 649.4818205125392
2384, 648.1562767637895
3047, 647.3370011457969
2010, 644.6507363464053
450, 644.3819624366371
264, 643.7222364675577
1961, 643.5865732803348
1429, 642.889763990094
2080, 642.6731533150376
1876, 642.5930422326248
3372, 642.5518682257085
1663, 641.2621692188504
502, 641.029333272399
232, 640.7094845734392
2919, 639.4450357364374
3374, 639.1546790974552
205, 639.1105390860769
177, 637.7687357994739
1596, 637.5211219522279
2819, 637.1444683464395
2900, 636.3226393292373
552, 635.2945587584604
1120, 635.244120299705
768, 633.8266193492484
1760, 632.0813008295671
3106, 631.47221465785
3153, 631.4342775500326
3028, 631.2870554484055
151, 630.8351561929657
1438, 630.413048500082
3332, 629.79239781696
545, 629.6729740247102
3139, 628.7828682149385
2110, 628.4667602003769
3235, 628.0077908324475
1656, 627.9682132541215
1078, 627.4934262406348
2344, 627.1447821496232
3102, 626.6649042881212
3429, 625.5135625924983
2978, 624.8372678855641
3399, 624.3356880058442
2269, 624.1402453662193
3164, 624.042100621256
3053, 623.9228151661657
3431, 623.3376214499889
1974, 622.7873014065491
261, 622.2854492675659
3333, 622.1257032848022
3078, 621.1497749672757
3048, 620.7866633754713
201, 620.7750569609159
3291, 620.4250030992528
3086, 619.9016354998843
1761, 619.6441011714893
1123, 619.6215322527772
1062, 619.5300929112236
3416, 618.3704166379499
2068, 618.1148674397675
462, 617.2814013681841
92, 615.6684003863826
2337, 615.6052785637229
487, 614.750436831679
1241, 614.6629923301729
446, 613.1365495723131
1229, 610.8896329826199
3366, 610.3376943371179
3286, 609.7692649612204
1128, 609.6623049730274
953, 609.1807717571058
3125, 608.1517433487516
1462, 608.0599965596432
106, 604.0611677168629
443, 603.3968387875049
109, 603.1377733785425
1219, 602.3977699013556
1261, 601.7558976636
2990, 599.4820851495933
161, 599.212004284524
3420, 599.1463476812532
476, 599.102579672392
117, 596.807547562038
549, 596.7513077631747
1451, 595.7465958103729
1088, 595.5874669306596
2009, 595.1013108592723
2400, 595.0380064716389
1068, 594.8970944092746
120, 594.8220180657132
1683, 594.513926385343
2968, 594.0428180355377
2398, 593.9525339949722
2860, 592.7325695090409
3394, 591.9881980538454
1678, 591.4955163893842
3400, 591.0099353381912
3310, 590.550753343557
164, 590.0264211211787
3422, 589.6581249328005
102, 589.3177010053822
1467, 589.3043650768337
2973, 589.2229139317649
1091, 588.7468227517913
504, 588.4336426226552
1115, 587.8546969976891
2918, 587.5161466821232
2753, 587.3868623063823
2279, 586.9005493621714
131, 586.6027754125976
2763, 586.3713650581958
155, 586.2097197328413
166, 585.9396170357946
530, 584.5671648173853
3371, 584.5071673803208
506, 584.4978398154494
3064, 583.9400370750371
3280, 583.7469650657756
1662, 580.5616117248574
182, 580.3822314223587
1973, 579.3328178203175
13, 578.3355490898103
4, 578.1962155528536
3369, 578.1254907542774
1251, 577.9783826538462
1610, 576.7822949581926
1518, 576.7399368926997
2105, 576.7039933523516
3425, 576.117510482005
104, 574.7366665017526
3410, 574.3386321493139
1449, 574.0864597819068
3334, 573.7818389999154
1590, 573.6760513554541
1452, 573.0134432938445
533, 572.3727930608615
3339, 572.125664278877
1030, 571.242084075995
192, 569.7351764240962
2387, 569.5753491281736
108, 569.2463126927653
3061, 568.3056892828973
542, 567.6473993309125
1099, 567.5030708643192
1042, 566.1941656070487
469, 564.9798446186874
1213, 564.8929550008753
1074, 564.5527535602262
1094, 564.2371227456862
144, 564.187968413205
1207, 563.1872413124034
3330, 562.8815443337107
1911, 562.6432524526422
112, 562.3529792167675
3421, 561.6969536245684
1155, 561.6537614190895
3009, 561.5360911294241
3408, 561.3978743371213
132, 561.3161604049432
41, 561.2556929232646
262, 559.8529301903774
1246, 559.5767991190829
128, 559.4894682641841
1117, 558.7025117811055
3393, 558.4577506917713
3119, 558.2766268718201
454, 558.2220312258459
481, 558.083155798305
2056, 557.9061887331645
430, 557.6166780867375
279, 557.237329553307
2065, 556.2022975779145
1531, 556.187447001958
267, 556.0280911836076
373, 555.8940848025023
3181, 555.5436159414411
12, 555.1694133563682
10, 555.0534177398259
39, 554.6009282271544
1119, 554.5800117988604
2192, 552.536840406479
1107, 552.4536806352928
2320, 552.2363502704181
1195, 552.152845853041
3234, 551.8407865628857
1112, 551.3212718837084
3196, 550.9014177574625
153, 550.2890256681691
2969, 549.8085718606436
1514, 549.7115053856427
3441, 548.9925008754263
505, 548.6442897288501
503, 548.6158454798131
3353, 547.7503322469746
1240, 547.2657400801561
118, 547.1784924295573
1437, 546.6050604022779
912, 546.3747505374723
2783, 546.1849402798671
1025, 545.7929340102186
3322, 545.6378293278339
263, 545.5286283279833
1302, 545.1369676169946
2818, 544.5670604133331
823, 544.4948318941645
3418, 543.7220477326098
1218, 543.3777199395192
1661, 543.3752226782302
2861, 542.5781088659961
1188, 542.2891992956979
3381, 540.6203885188027
119, 540.0200271130809
1838, 539.8465298616876
1096, 539.7562984972825
181, 539.5852015453796
167, 539.5023078499239
1148, 539.3840238122121
1250, 539.0720261238323
541, 538.7161480526834
1454, 538.3232781326225
1457, 537.5082564538673
336, 536.9353081082604
1255, 536.7913583601952
3073, 536.7895544482167
3058, 536.4024413347719
1811, 536.2770389517121
1689, 535.457345661358
159, 535.0508830209599
1814, 534.7798023266051
1254, 534.6246596917811
2792, 534.5367107220153
3378, 534.3983723931747
457, 533.306800804757
2388, 532.3245467996807
2735, 532.1870435393199
3331, 531.8160747482943
3108, 531.1036975401153
2268, 530.9085480386107
1711, 530.3071956435627
382, 530.2217386310141
537, 529.7625278244041
3055, 529.2742378143498
1638, 528.8870539156158
1041, 528.6968532307437
737, 528.6494645457541
3388, 528.4631580835861
296, 528.3147253745951
1324, 528.2377016571147
3405, 528.1660259689266
3373, 527.7317439135157
1447, 526.9296883858653
1065, 526.7361173742245
1445, 526.0141147189064
745, 525.7707030882839
1688, 525.5560166368621
1736, 524.6418956233646
1709, 524.203623803086
114, 523.8054748907742
444, 523.6966472264348
2099, 523.5418515194027
1027, 523.5245501021187
1145, 523.4550971705369
3340, 523.241368887895
423, 522.6796090521709
3070, 522.3489801449894
99, 521.652290102898
283, 521.3132010201047
1223, 521.2314964968466
146, 519.6769678036192
1676, 519.1805974027005
40, 518.6513951083622
1113, 518.5329557236133
1083, 518.3501382231502
2740, 518.1940367928327
1442, 517.8837263576363
284, 517.660919033575
3135, 517.3597518192173
2014, 516.9972792171245
1624, 516.7490258975439
550, 516.7409036815959
1, 516.2884053179241
1456, 515.9346353283322
2394, 515.7790051704231
448, 515.767066987602
62, 515.7422205993962
3049, 515.6451513414645
2754, 514.715220697404
2270, 514.5393969359725
3077, 514.2875481080935
1979, 514.2407854183668
158, 514.217714966648
2273, 513.9242845888679
1127, 513.7479785182986
1138, 513.3009711011324
1060, 513.2012168667147
3155, 512.9923630532016
174, 512.7636535028321
429, 512.5798021323361
1214, 512.0875186236342
377, 512.0588086930125
1667, 511.99005425860065
814, 511.6334314528492
3089, 511.45710278083675
1212, 511.18485589763264
1608, 511.18096920506366
3046, 510.5127276656939
227, 510.12087798082183
458, 509.6338230900047
1234, 509.47888839223265
820, 508.3805423159135
3302, 508.3318480391818
176, 508.1394184584305
2023, 507.63886004629956
3402, 507.4587057802678
3370, 507.3963864096886
1156, 506.9470428300437
1160, 506.89507986279034
221, 506.78336400065234
3396, 506.30216487774806
53, 505.91287028607655
1818, 505.66863069177816
3436, 505.33417923171464
3423, 504.8833771633227
1242, 504.60329312213526
1603, 504.3836590965671
1484, 504.30105837287977
1167, 504.151624860689
2100, 504.02116565924865
1584, 503.75267386221
736, 503.6669053642851
3407, 503.35650928992885
1583, 503.19319159683516
3166, 503.03756606822833
1958, 502.48945424168545
1139, 502.4357927932395
333, 502.2001460965382
1198, 502.0990350456343
1069, 501.5795313403112
1149, 501.5401700992042
2777, 501.3249188414438
1151, 500.78190653760595
2958, 500.6962538416033
848, 500.2446655087294
2801, 500.2434867978618
2999, 500.11290406857194
3227, 500.0499019694588
3198, 499.1915781100831
2309, 499.07010432388716
3148, 498.8326828573961
1110, 498.693051065888
2548, 498.57867110842034
2006, 498.4898543921776
2153, 498.43341510585304
3409, 498.3864025788267
3277, 498.3122443088974
1719, 497.95243028098463
1174, 497.7440290579491
1848, 497.6084309486925
1867, 497.06975546640905
295, 496.4817250145114
3437, 496.46308672841053
1247, 496.30522576423164
1800, 496.2995872235941
1865, 495.42581938057793
171, 495.2019569732712
2731, 495.0804338384315
582, 495.0695273135252
916, 494.9771731891567
197, 494.75541155748135
28, 494.60013558300113
3382, 493.74273638775077
2832, 493.54794288309466
1176, 493.232133612838
1410, 492.94079527328375
136, 492.8116986760745
501, 492.340341300544
1509, 492.2159034407796
3107, 492.11912604075445
1180, 491.77640138161695
494, 491.33961708532433
1032, 491.06052505394445
3385, 490.90821771733937
3303, 490.56676248918455
1126, 490.1851845250825
1040, 489.9914284467082
2803, 489.3600788152415
1071, 489.09930631383673
1444, 488.39994691009906
1004, 488.0351309748378
1230, 486.85465787453506
210, 486.0485585907395
1072, 485.8480817779434
426, 485.81231377780415
3395, 485.60321318451196
2134, 485.5239193543833
1209, 485.1776766785021
1131, 485.1629551997514
139, 485.13607220147424
2290, 484.6478106114015
1978, 482.93273069685745
3275, 482.897351596459
157, 482.78691917175746
619, 482.2872820577783
213, 482.15795511544974
3054, 481.8758680475261
1860, 481.7840857917082
1448, 481.77350592534674
432, 481.3366510432562
1175, 481.25746798678375
3118, 480.8646047783727
289, 480.75767859389634
2033, 480.722916271494
45, 480.418763861055
2303, 480.1140623573551
2794, 479.0984228182824
3389, 478.8599520512316
71, 478.6517237178871
1466, 478.40105005840223
2275, 478.33387092704015
547, 477.46303181272833
163, 477.4489928247599
94, 476.93202595730327
170, 476.8826814253619
1153, 476.72901583688014
1975, 476.4566856535605
3072, 476.25006271581583
3114, 475.7844241784169
2805, 475.74703566169484
520, 475.5519736007098
2265, 475.33847095667016
2071, 475.1763583486066
1137, 475.06634180897333
1067, 474.97634365545815
1597, 474.3667572706435
453, 474.36593057423255
3069, 474.18866316842144
1194, 473.7969504137413
2791, 473.7315216890775
2807, 473.60345839401316
1215, 473.3849472237575
7, 473.37518502295376
1248, 473.212223836974
2069, 472.9768133334073
3401, 472.59892215733583
330, 472.5054972978334
2302, 472.42187980189345
1994, 472.2646004362907
1196, 472.18154472224205
1031, 472.13691430883307
3247, 472.10115650458647
2354, 471.6952593182531
1076, 471.4262008607192
514, 471.4115957872911
175, 470.87342683772675
1309, 470.6847412075596
2964, 470.6503386292746
30, 470.55719067971796
554, 470.4195732102569
200, 470.41898691682957
556, 470.3822060145458
207, 469.8164642730184
1163, 469.7610574828931
437, 469.75747780635567
2984, 469.64801628824125
1089, 469.6192430133624
107, 469.2375315234988
1075, 469.1941957465871
2982, 469.0235339212866
414, 468.7658739416932
3010, 467.9653744644006
2022, 467.3737283854338
2985, 467.22116555714484
1299, 467.1936958401455
1133, 466.76281555347936
2015, 466.4889109972183
2308, 466.4814087500602
220, 466.3090750492444
334, 466.2269245801548
332, 465.60847373968255
2050, 465.0972913981817
1980, 464.95865056956075
532, 464.6841607851256
557, 464.66757951418435
1450, 464.5014971573119
2274, 463.6301910889763
3142, 462.8879423710348
202, 462.7771506712366
2351, 462.28474353557385
3379, 462.1432648964506
169, 460.92222996108546
2347, 460.8267759728127
2737, 460.18612978146353
1178, 460.1301087292762
1147, 459.5759793027645
1585, 459.4805688324771
2389, 459.40929791636273
1533, 459.3147450890292
3167, 459.1270928126187
1035, 459.07066134868194
456, 458.92671217802615
180, 458.1364416190027
1600, 458.1125695355266
1964, 457.94353270238776
2733, 457.67693853601696
1245, 456.90030386516446
1502, 456.44057712540194
3341, 456.43149276949555
1043, 456.32706336444994
1197, 456.26900604043
1459, 455.9958163372939
1201, 455.18905703032874
2382, 454.9469735505042
329, 454.868451280819
3149, 454.8087915735008
3419, 454.21363903525054
1154, 454.14106356989595
2355, 453.0487235835758
441, 452.7297939341375
3205, 452.72506660288207
2772, 452.5639531755881
1912, 451.90294799561764
1418, 451.43063407646656
851, 451.03060633289624
1651, 450.74877282800475
1135, 450.5111973905994
3191, 449.17019913252005
1179, 448.9765658335041
428, 448.37781620278025
3004, 448.05812881794725
523, 448.02448011352845
1181, 447.7267342254203
2386, 447.0952685118005
1124, 447.037778905853
98, 446.9083323057593
9, 446.7801918751459
1849, 446.4812694567076
478, 445.96041520845347
1130, 445.90907537054164
5, 445.88965373707134
471, 445.51846792074036
3065, 445.5146680250246
1233, 445.3871038241101
2191, 445.3486624350777
3212, 445.28019764876706
1182, 445.1865030992543
535, 445.13327393441654
1152, 444.8631289819613
2011, 444.67964697440584
923, 444.4128158919732
1785, 443.7833128700018
1144, 443.72191056912595
2380, 443.6281333798107
1882, 443.5192036033463
1851, 443.4936470356548
1134, 443.4453273564127
1086, 443.10494333629777
1991, 441.9267021879226
215, 441.8261549832152
178, 441.72402065777067
1141, 441.2809404024077
1239, 440.8706614393922
669, 440.7613419489017
2158, 440.20060572023493
365, 440.1154936852452
124, 439.8483792359336
1136, 439.7897073955429
3404, 439.71048515343654
2774, 439.4263931802644
1262, 438.9799362270476
3445, 438.947033396447
3182, 438.91118865219784
2424, 438.6178790068576
3203, 438.2944111085579
483, 438.00977441648837
803, 437.6980621949969
3032, 437.60444859008516
2856, 437.3895116715487
1168, 437.3291687459403
2297, 437.03068164128644
544, 436.83728037708977
3317, 436.25352668598464
3128, 436.1821266885001
642, 435.94795741061
299, 435.8846173643176
773, 435.61747765969267
129, 435.24693761168214
1581, 435.09410131248256
303, 434.9662029557409
1085, 434.9323632864049
272, 434.6159917548809
788, 434.4643051091972
1226, 434.43413383448586
378, 434.3936664319436
142, 434.04689215294417
466, 433.74123867595875
3172, 433.4808480095457
1200, 433.09698650894364
2863, 432.81640222341576
482, 432.7575929711507
475, 432.7152558105377
11, 432.69651577511615
1199, 432.6505795088324
3, 432.19630887608605
293, 432.17325899540594
1430, 432.04985833947023
3386, 431.9650672054527
1794, 431.8631695570716
3403, 431.70223737942837
2790, 431.59644662641455
331, 431.4935652443883
3189, 431.41020256017043
832, 431.10069350580665
3210, 430.6555548908169
116, 430.45768998357926
2767, 429.82907524914333
1098, 429.8107078335665
368, 429.68878275670585
3169, 429.5394040466408
1208, 429.52083089817285
152, 428.55606920559444
524, 428.457296083432
1562, 428.1729488109452
2963, 427.9486561311791
2878, 427.84003656570366
1173, 427.1702584506514
451, 426.63172529856405
3426, 426.51447474149774
538, 426.38378280842795
2350, 426.33033360316716
380, 425.97395129308535
2348, 425.81986840476173
0, 425.33104124392327
1690, 425.2115789065889
2306, 424.8369651490047
1301, 424.6810435309047
76, 424.5584237172708
2208, 424.25460829116383
3190, 424.11812745894207
2055, 423.2873073492558
2433, 423.280260972576
864, 422.59074280006587
3424, 422.2917588937599
211, 422.0908490566829
1788, 421.8790558073874
488, 421.3681223658763
2315, 421.0896684808561
2053, 420.86960950382746
2744, 420.8391414679569
3056, 420.8364811695109
2979, 420.6431664212972
1574, 420.5708181539075
1026, 420.3288160341235
2296, 420.2485420665582
2764, 420.0780085757006
1228, 419.8415387740003
731, 419.73708893739524
3434, 419.7145873704522
328, 419.5205069847519
1997, 419.21634188264534
297, 419.0547950858047
677, 418.86216214540696
1269, 418.6388777234567
3173, 418.6326060811933
496, 418.3905011507462
3447, 417.7994755504064
3298, 417.62185315593837
8, 417.5004756066318
2271, 417.47626371944517
1186, 417.30597810702074
2242, 416.87336058434596
2059, 416.5988872675558
3300, 416.59299216058383
2983, 416.5252935667852
449, 416.38346591765537
539, 416.1517031361397
860, 416.1219404455022
1573, 415.5122027918459
2018, 415.2262843748477
546, 415.04538751438014
682, 414.0019862346203
2263, 413.4294968337971
251, 413.39728956670507
786, 412.87440275617115
3017, 412.80012700434037
1193, 412.68686780146794
2986, 412.6797282450734
2075, 412.5796075605907
1723, 412.49020423715825
147, 412.45391114693035
3285, 412.43482953923166
2734, 411.8893395420816
671, 411.7659192512904
1066, 411.68339704810234
392, 411.5800672762515
2211, 411.17778250981223
791, 410.7551971780278
3281, 410.6752511048399
3057, 410.6155065129232
467, 410.53498265730445
913, 410.4472260078899
3185, 410.2521260342151
2759, 410.06353531250664
1995, 410.0507435517697
6, 409.75342440255235
1866, 409.68874282551184
79, 409.23927838544853
1077, 408.5278261284242
1146, 408.2694044684774
2298, 408.21364563308725
3276, 408.1325550375532
2026, 408.0672616107215
1183, 407.81573566962567
2966, 407.75650456836877
744, 407.6986530589841
3283, 407.54292450702377
1259, 407.5169743820438
826, 407.1949497544332
3174, 406.7954745796361
1090, 406.70968457257084
259, 406.5929928964753
188, 406.3935336936237
3098, 406.3216941838084
2415, 406.11127327195635
1770, 405.5611008455971
2103, 405.4590543173757
2722, 405.12323582923256
2802, 405.0763888459517
2088, 403.9681453951916
1111, 403.51576631696827
48, 403.3325932876985
3042, 403.1168415148844
3269, 402.84493584945545
397, 402.84001409223237
1003, 402.49098404035317
1850, 402.3639961135165
1675, 402.16664488876995
464, 402.0968097509979
248, 401.8701004363143
2083, 401.8650005369512
2295, 401.5958688629637
2070, 401.3285847704646
2746, 401.3115386779633
2267, 401.2287561668622
2086, 401.04095507703835
2766, 400.35883909682167
3000, 400.3422093469099
2260, 400.106735225653
480, 400.0893406177802
1039, 399.69673832946285
1461, 399.6126840697458
3348, 399.5287844735199
2748, 399.44199848637436
1951, 399.3391924413783
1150, 399.21623860935125
37, 398.9985528109773
1306, 398.9475660808402
852, 398.90771335101715
1517, 398.8200069853928
2997, 398.45878341928386
203, 398.38015445602514
2961, 397.7882095881939
479, 397.3248987217642
1572, 397.2990261718662
2989, 396.9953637289909
495, 396.64411622605166
2170, 396.3599010356346
3245, 396.0191337220898
3292, 396.0162000425174
1166, 395.5814832951843
1132, 395.4384573967984
2252, 395.1287041238479
1169, 394.9022393891485
3214, 394.11211605896057
168, 393.908269005677
1252, 393.77782672038114
470, 393.2090704672247
2859, 393.17847954127865
1161, 393.17082036449636
738, 393.00280541155223
637, 392.49473764578033
2312, 392.4004478968319
3179, 392.29135257506425
2277, 392.27314177736304
2786, 391.90658319718494
321, 391.5168459925321
3159, 391.35552712941995
1525, 391.3376162070324
2622, 390.91317702924044
130, 390.6274208463859
2747, 390.51111724457127
2300, 390.38295055099894
583, 390.1960940245179
1210, 390.0270968115939
1260, 389.9672490256002
2301, 389.8807011935844
3175, 389.80063501953526
1780, 389.7984002496694
435, 389.4807949542323
615, 389.459231422487
1640, 389.2478565281905
2889, 389.2015240385382
173, 389.17776275524125
1170, 388.9851413507884
353, 388.7888704893544
2135, 388.77004550990773
2016, 388.548484055912
531, 388.47322856693535
29, 388.3843081317042
716, 388.35680646473054
746, 388.10358518281646
945, 387.2074352530274
735, 387.1810953560372
372, 387.1764381566549
2091, 387.164948757448
2193, 386.98419253810647
3208, 386.8741085266478
2078, 386.8476092968739
191, 386.76874594947145
612, 386.2435872439193
1810, 385.93910055392735
2546, 385.66989260695914
781, 385.40994861254495
3209, 384.9951193937385
1893, 384.9845514459638
2032, 384.360153176501
208, 384.1084598323247
1999, 384.0916128597799
3202, 383.8755587993278
1432, 383.86059892233976
727, 383.84134020984357
1910, 383.835017782918
2817, 383.8095517890194
2416, 383.69249531396974
1880, 383.6154270986744
1824, 383.5572926133693
857, 383.34699358216824
452, 383.2140794157559
1963, 383.21133854061037
2507, 382.95791280752854
2920, 382.793471086964
1853, 382.6386393433506
2029, 382.48936029389887
335, 382.3635681639832
485, 382.24325864362476
3244, 381.9359617292428
1356, 381.8547199112558
2224, 381.79260414649934
3440, 381.3979767817517
1604, 381.22310803987136
433, 380.3406098127131
204, 380.3335129118199
2318, 380.087756208448
3233, 380.0053474169994
1038, 379.95373003074917
3110, 379.89022524228807
1611, 379.8125773983294
608, 379.51932020806885
123, 379.28480610340944
534, 379.1548150976721
2292, 378.66974876018725
1806, 378.6367936508875
2027, 378.52506201920573
686, 378.43005374794285
1279, 378.2851674238071
2207, 378.2115129574064
861, 377.9411720769914
2953, 377.8887100778802
906, 377.4004293860888
1884, 377.280529986671
1105, 377.0885527531435
3025, 377.0146602396368
1870, 376.94691064271825
3293, 376.79756151923
2124, 376.5711369441033
825, 376.53742067207094
562, 376.5104770224224
955, 376.4837788002004
2757, 376.3927585497728
234, 376.38830747827654
2768, 376.37727223646533
2991, 376.23949998956834
1543, 376.1760791233563
468, 376.0540139391459
1587, 375.9155282291819
1939, 375.80834951614145
3226, 375.76701309086303
1940, 375.72702208240963
1576, 375.711109313373
588, 375.5554198470138
274, 375.50739814736744
3016, 375.35108587707305
1129, 375.33986346606764
2381, 375.08884234630375
650, 375.0551136285765
2045, 375.0070862199747
3093, 374.6328799386338
410, 374.23616432950877
1776, 374.1660308935376
2723, 373.8632081384725
980, 373.77605501674736
75, 373.7446954032227
3029, 373.59789753696566
1100, 373.4877056027977
2806, 373.3007326460688
1336, 372.9555738189963
3297, 372.7745504598383
1206, 372.6746032242425
844, 372.5886071223398
1202, 372.4789166205402
148, 372.1385559519761
2435, 371.6613201268366
2428, 371.6613201268366
56, 371.483022699293
249, 371.19780906605047
2434, 371.05115734145505
2261, 370.50036167210214
1686, 370.4271272546321
961, 370.3934165504255
914, 370.3706263476255
1617, 370.18308210138457
2981, 369.86758926819414
266, 369.76333825740574
1885, 369.75997903982653
2194, 369.5597903585309
1567, 369.4721924338484
222, 369.04874108701824
762, 368.8866824711905
217, 368.7675293633191
2013, 368.54722933819613
401, 368.37592448402904
186, 368.2466894127666
3083, 368.18927287454596
540, 367.93496458011384
917, 367.8602857916436
2076, 367.84932257334765
2993, 367.78281304564325
3079, 367.4574256290552
2157, 367.39346839436405
600, 367.34740546523943
816, 367.32475198343997
23, 366.47593139780065
579, 366.46056104663245
3176, 366.3419607343905
415, 366.14551807130204
778, 366.1275964164689
2205, 366.06430699834704
575, 365.8212517876832
2751, 365.7883513100555
1203, 365.7176512320891
2810, 365.26368155469896
2109, 365.1841986899788
1623, 365.1636577141122
817, 365.09305130691166
1443, 365.05733888187706
920, 364.9483640925833
1087, 364.5599936234525
2408, 364.21175084824864
3071, 363.81986355199325
1187, 363.8036142746775
2776, 363.7635455977549
1680, 363.65727785616144
685, 363.4781855161563
243, 363.43994596954667
1513, 363.43919636888705
1235, 363.07503804967877
2243, 362.934990442184
1913, 362.8068933817846
1256, 362.778442473626
425, 362.7158871148871
3213, 362.46662256631737
1143, 362.1859141233868
193, 362.08624451061166
1993, 362.04913094036135
198, 361.9936746150538
3050, 361.71586790508496
676, 361.64360926285224
421, 361.4038516231813
2180, 361.3021484923957
34, 361.0151449876941
1907, 360.7597193125845
717, 360.68912454858014
162, 360.66285181862435
1244, 360.4122158574535
3435, 360.37067189642715
44, 359.7783525181827
2020, 359.55665427869053
1404, 359.29958140951396
2987, 359.21476561764484
3018, 359.1985191760326
100, 358.9416127501679
2108, 358.4724269719677
3287, 358.3828719765444
2095, 358.28974457896345
2773, 358.17768864602925
2160, 357.7228709936878
2438, 357.70952018062917
3084, 357.67632880143844
2820, 357.54041178032315
2291, 357.48425299808525
3192, 357.47701976940124
2391, 357.245748251989
1029, 357.2062475075128
2278, 357.13900616883893
2236, 357.0925131745563
1822, 357.08997917007747
555, 357.0840089208039
3151, 357.03584859025216
1037, 356.95784529706145
389, 356.83081441967545
2431, 356.79793677571274
581, 356.5268996099947
2196, 356.36300643653135
698, 355.988793677268
922, 355.80280392820487
3413, 355.4932874453767
2352, 355.39310518520847
3199, 355.36931287549027
1807, 355.3069892665502
1515, 354.80630385163823
2811, 354.4233231189319
1263, 354.1157997031024
881, 353.9414103827473
381, 353.8709821235538
1058, 353.79561196114173
526, 353.7529865153874
140, 353.6963555484964
2041, 353.491788057737
2936, 353.3131631970292
808, 353.2970895168399
1571, 352.71517432310714
24, 352.5573240838201
574, 352.28805870410247
2310, 352.17531094986725
440, 352.09854814045696
2962, 352.0701546637551
228, 351.86295192506594
189, 351.7979195842446
815, 351.7494299158305
1666, 351.73357408778213
445, 351.3118168080285
3215, 351.24466197721597
862, 351.15082742790275
52, 350.84651749714266
3006, 350.6095539111037
2549, 350.3356987077922
611, 350.3296741302173
126, 350.1272600499444
2825, 350.0828596247082
288, 349.786805670125
237, 349.7159687037966
2949, 349.2749907382924
1575, 349.25864873755455
2024, 349.2514873410029
960, 349.187104646361
1823, 348.8961151386564
1184, 348.8650816565251
1707, 348.8571689552284
1033, 348.6928336697829
981, 348.5806466818491
3246, 348.49438260477234
670, 347.83218493541904
319, 347.34869502437533
406, 347.2920094399732
1732, 347.2610282573384
165, 347.0849693010013
743, 347.02303044003037
3439, 346.94984388181376
1747, 346.91206931225605
1412, 346.7494054153198
607, 346.7341944014616
275, 346.2977736386361
424, 346.2068069044954
1159, 346.08985917347644
3259, 345.512097433246
2965, 345.2544391549583
2005, 345.21657677602116
1434, 345.0949630073119
1433, 345.0949630073119
1002, 344.8625528813076
1859, 344.5779775112551
2262, 344.56171319964295
969, 344.43721708474027
548, 344.43701081515843
895, 344.1633035539301
1023, 343.95110690654957
27, 343.8809311405821
1495, 343.71771814799473
3133, 343.64634126814747
1140, 343.57860237843903
1308, 343.4674805709287
3171, 343.23245589645023
1487, 342.6963844912802
1914, 342.55780064105727
2238, 342.51492874848026
46, 342.4216067445275
709, 342.41942105993826
247, 342.4159260498865
1523, 342.15672352937435
1142, 341.7940080731378
3092, 341.77659839723015
3241, 341.55748892127855
2189, 341.48550463090004
560, 341.4259298390761
1527, 341.4213354583287
691, 341.3671983123771
2307, 341.1972622871215
1381, 340.99533317287876
1521, 340.5807261736767
1742, 340.5744311086773
2846, 340.5357652634116
3143, 340.5086874563012
1177, 340.41698130585434
2741, 340.10298418765035
85, 340.0547880694044
1204, 339.85229312800806
2272, 339.6260438633425
999, 339.5534342311173
2343, 339.2974682462898
3319, 339.2181562522154
82, 339.1495364317219
1615, 338.89318085893336
1266, 338.79874257790675
2106, 338.7217896939913
2187, 338.6518707449081
903, 338.4655601947321
2188, 338.3730202603413
194, 338.35059176673263
206, 338.31360520541574
2223, 338.08203406221645
3059, 337.945187077248
2795, 337.81675719409196
1102, 337.67498955512644
3170, 337.4965468026268
2483, 337.46122780249465
2808, 337.4494100112002
3144, 337.4362329975416
1758, 337.2559578748354
3274, 337.01458836720474
1985, 336.7045684584869
2992, 336.6082588572363
3384, 336.4692816061749
1122, 336.0956658727303
1510, 335.9907084934258
1172, 335.7899572843584
527, 335.65780245533426
1877, 335.5751617851628
2988, 335.52279090094385
651, 335.44496639265105
1371, 335.3926813110285
2257, 335.3329374874518
1677, 335.2783173692575
2951, 335.20237412853595
580, 335.162621655533
3062, 335.08369473380503
3278, 335.0084766781749
654, 334.85357260588427
2407, 334.5232838462543
1738, 334.46007502885925
2360, 334.30148797849864
1720, 334.286450465754
2286, 334.26899026450343
1243, 334.13992712751394
3051, 334.1317001012825
3320, 334.0186579400237
2858, 333.8630260701699
2845, 333.8292939754895
2422, 333.7339643586033
2025, 333.51207935416403
1331, 333.44059966220055
3327, 333.12520344785037
585, 333.1065803381996
2145, 332.9860338205782
326, 332.9513454469161
804, 332.68362210242094
57, 332.5514055475514
3095, 332.5416229229369
563, 332.5239627137516
3336, 332.12807806279625
601, 332.03858309972344
2266, 331.98320532655913
3178, 331.76302972466215
376, 331.58164760314133
3315, 331.4919570829046
2362, 331.3415944090209
528, 331.21880502585174
1508, 331.1522559628726
1501, 331.12537052166806
3204, 330.86515438449567
1408, 330.7183523811596
2583, 330.48660656670023
2379, 330.0840183105038
2736, 329.98987706372907
134, 329.86114331472953
447, 329.8248148097867
2195, 329.75470710067793
379, 329.21738640147476
3163, 329.20851318776255
51, 329.1874633377403
1473, 329.00995426727354
2427, 328.7638092297095
1221, 328.58393956019023
1725, 328.4051912534188
3432, 328.30875128918694
1024, 328.0730981701814
1627, 328.04710777209465
3101, 327.98746447891943
678, 327.7077127783805
2210, 327.685087005829
2651, 327.6754677641063
837, 327.48294265358373
2240, 327.2175073078071
3206, 327.18397792188654
3211, 327.08485414118195
427, 327.0412899063329
1641, 326.94183711005275
1687, 326.89572915510706
1490, 326.5954361935783
748, 326.4949996924365
1063, 326.3872679331208
2259, 326.2432562888264
2829, 326.1631799554956
3433, 326.05830926442917
1594, 325.9226119790377
2285, 325.83025451689974
1237, 325.7557679540502
856, 325.70307874235664
2093, 325.62294468459504
2142, 325.43050061178553
529, 325.31790523141274
1249, 324.771191089627
2122, 324.662402028244
515, 324.6558766225688
2171, 324.64660025609317
3186, 324.5412507428024
2429, 324.4839591037901
2203, 324.37621097928337
649, 324.3516901694326
2218, 324.31084610676714
1478, 323.9371822211898
73, 323.9174086570381
2173, 323.40092554936217
613, 323.34245626537444
789, 323.25604432749714
1729, 323.07846849591414
3443, 322.9780018441987
2666, 322.6978769162229
2852, 322.50611811960476
1314, 322.47830207748484
3031, 322.4554495291947
42, 322.4162127998893
586, 322.3492633241712
787, 322.337352072219
143, 322.3306250265696
2907, 322.28689094522844
242, 322.17261744196196
491, 322.1604602229795
1722, 322.103528277939
2220, 321.6753639454769
2280, 321.4032439701792
2365, 321.3852192224839
1577, 321.34682441551644
2505, 321.34680698660065
780, 321.3077329212199
2314, 321.25137011800484
964, 320.85276667695547
846, 320.6352718097897
3380, 320.612582398317
2996, 320.5354592403177
1231, 320.3965550420446
1943, 320.2079194126152
3120, 320.07414543304117
845, 320.00986445320444
972, 319.99587346208125
3194, 319.91638040254344
2793, 319.910989226352
1084, 319.8973898235666
655, 319.88927811737807
1361, 319.8430048097747
2879, 319.8405262434101
2630, 319.2267905896346
1889, 319.22059546443666
3305, 319.09284682643437
2181, 319.00187925480685
1348, 318.99284879736337
294, 318.883752056739
141, 318.87019854309705
3294, 318.85461555243285
2276, 318.81954522339845
1104, 318.56403894967997
2454, 317.6692337932484
1840, 317.4890601952096
594, 317.4819204772538
2905, 317.41558066594973
1238, 317.3218315747154
1599, 317.1967423431737
2294, 317.13868287578975
1439, 317.09993422249
2948, 317.07612085397415
473, 317.07595788800637
1887, 317.0519941644487
2258, 316.9589489936764
2214, 316.9507976037611
298, 316.80433887574753
1580, 316.4842309718128
225, 316.3256906328014
2513, 316.22272256871116
2003, 316.2103494812998
885, 316.1253427868421
1389, 316.1248134744255
1646, 316.0818817171636
680, 316.0706287037317
1685, 316.0116623315196
3312, 315.98491978018154
1653, 315.97780319446696
2219, 315.8638758632999
3197, 315.8178130473683
2019, 315.76648378388853
3229, 315.74420276406056
3284, 315.45007767078886
2828, 315.3666551032603
1380, 315.15570070934064
2419, 315.11456812215556
2168, 315.06891967697635
1579, 315.02834839967676
74, 314.9916702602577
3304, 314.9629850854521
1512, 314.8611405674659
663, 314.81244269126546
2150, 314.4432553831906
2824, 314.3466195247529
416, 314.3328273344158
2034, 314.3248819860497
1879, 314.2246142980088
2789, 314.05425341851634
2508, 313.9056266024294
313, 313.8933347513158
521, 313.8848440523701
3228, 313.87136547136913
872, 313.80612694087455
1421, 313.7812894906106
3147, 313.732370921659
2206, 313.51342185046997
1121, 313.4134257835223
1505, 313.1570175140107
1984, 313.1103052718644
643, 313.0488670262448
966, 312.93300188956124
1289, 312.785140122334
2165, 312.66920118107794
2231, 312.6316875585259
1942, 312.4797660304586
1746, 312.34957829756615
84, 312.1233440297487
2491, 312.11782271879594
1708, 311.7269907993622
558, 311.68618949408966
2998, 311.54834865807425
1625, 311.48436418819256
2209, 311.20422979819534
26, 311.0122302990967
1846, 310.985922574893
886, 310.94613449058636
657, 310.9222008177195
2228, 310.8783118890919
2385, 310.5544786158876
3289, 310.4241447931362
1695, 310.211203945512
47, 309.88611821172424
1481, 309.84857178742965
1803, 309.81331512999054
1895, 309.74737221724604
2749, 309.59940080124824
1875, 309.41075514843476
307, 309.3996141161489
1718, 309.38524922829674
2442, 309.124925329441
3039, 309.09149040494333
3134, 308.99806405011606
300, 308.50973330045366
2002, 308.37676587968554
1854, 308.1907049776624
1488, 308.12221646785986
1868, 308.0570787993677
2311, 307.93851028328237
2671, 307.884602310025
683, 307.8789181896311
3350, 307.8604226300387
593, 307.85297309617636
3354, 307.6103299885416
1516, 307.51714680718294
370, 307.5142574177615
1493, 307.37570026171795
1820, 307.28497065670143
3146, 307.2808375771059
2850, 307.2593742480092
2393, 307.1384931071812
1315, 306.9926927824385
1874, 306.99149152511797
1731, 306.8739372330989
1839, 306.80227207694634
1669, 306.7584625318992
3082, 306.53746731754575
1321, 306.02734530092476
956, 305.99858443549454
1082, 305.92115588376856
634, 305.8433107373801
732, 305.8003036272103
3267, 305.74125176484637
455, 305.5127904927701
839, 305.46512390059064
696, 305.3559628524225
77, 305.2195242811435
936, 305.2092770644719
2008, 305.1821924203271
35, 305.0795873699562
1322, 305.0364656878375
1494, 304.9522441635821
1369, 304.9469908642679
315, 304.8248795946296
306, 304.8248795946296
408, 304.7349820532436
2321, 304.6810859133138
2877, 304.2668366321268
2721, 304.1869433422354
2288, 304.09435541888405
1549, 303.9612686696688
1771, 303.8717266808518
3200, 303.80226986705367
1643, 303.6968168229343
281, 303.69217640616546
599, 303.6668635084899
2780, 303.6083832408964
3184, 303.52711433138836
661, 303.2058347974764
987, 303.1654277647766
3002, 303.09438816979633
88, 303.07893108381387
1390, 303.0782133726304
2104, 302.9521548027442
1698, 302.8939503103191
2115, 302.7153852605688
407, 302.5266854256756
3040, 302.4955071630029
1268, 302.37319748100606
2164, 302.1615828335268
2048, 301.915930886205
1081, 301.67212712641435
2553, 301.4766743778871
460, 301.41007657296535
2587, 301.2933956326681
2190, 301.2698756009274
2113, 301.2617212111589
1162, 300.9089459475605
690, 300.89542282057425
679, 300.7366687061421
993, 300.46281548905483
280, 300.4626694260755
58, 300.44019319282313
584, 300.43442268693303
840, 300.3724011050585
863, 300.30706790957487
1644, 300.2599371148094
150, 300.18874427531034
1295, 300.1672123734543
882, 300.0750705994748
907, 299.9112773350064
2696, 299.8589962234273
2353, 299.8278968004366
2120, 299.75803299316976
1455, 299.7091156432085
417, 299.6394035347868
2562, 299.6024097780875
919, 299.54379774316766
730, 299.3417665933808
3014, 299.3384374968216
638, 299.31319310114543
3243, 299.27142657034835
2200, 299.2385206049992
2812, 299.1904267757685
733, 299.1077176646429
2566, 299.0450680181604
3150, 298.7219104273298
2404, 298.3195268710613
708, 298.25625240277003
3444, 298.2251096370101
1717, 298.22187074977955
1756, 298.02624533984874
1377, 297.95347407738797
3264, 297.9277632364414
2338, 297.5365540017611
790, 297.52702628527555
2524, 297.5175182703696
1622, 297.4507925818395
2256, 297.41928798716623
1977, 297.2204642843954
971, 296.8109712852231
3314, 296.7538174789194
2917, 296.6544009730527
1352, 296.5520936862264
572, 296.4177318871672
849, 295.86037566692943
659, 295.7569829897542
1345, 295.75298836544005
3105, 295.69392342364563
2742, 295.6852652547672
821, 295.6590247099846
847, 295.4710235706605
1740, 295.43673745398024
2841, 295.3765951494349
928, 295.34604711866376
665, 295.30959622346006
439, 295.2837416376406
699, 295.1542850902529
3187, 295.14353956440357
1970, 294.9429576030196
1232, 294.9414640426736
1739, 294.91924959933306
3324, 294.7789484204417
402, 294.75420408325107
1790, 294.66158729275
1278, 294.6259615929226
989, 294.53940450471066
2536, 294.41986668215765
2324, 294.39766053599465
3026, 294.2512093583644
1601, 294.2006325013846
1420, 293.90565729721675
1330, 293.86324794762936
2782, 293.7581870330814
1205, 293.7198750985646
1392, 293.5033863459677
970, 293.4477350858554
1293, 293.4337069358574
2021, 293.3372856555915
1894, 293.27172828068535
2994, 293.2437132470329
3415, 293.2390703742583
564, 293.2325640342146
639, 293.22565985845733
2125, 293.19413447962194
892, 293.0477168310207
1714, 293.0313854853811
2098, 292.90342543705924
867, 292.7570924689154
752, 292.74170528679053
2117, 292.6876479799398
718, 292.58962681525946
1971, 292.58574347394244
1057, 292.46801963133794
1001, 292.4677915201069
3183, 292.35426920269083
859, 292.2871697320173
235, 292.25850933517233
1682, 292.185285575795
2287, 292.11905710871065
1614, 292.0250062968012
3270, 291.9746177133845
282, 291.8572445699592
1871, 291.58023035307554
2334, 291.5111800437848
1628, 291.39457610813355
1343, 291.2825910250031
219, 291.1368521603999
2844, 291.1088355552248
1726, 291.08794427645
1968, 291.0784943963919
1425, 291.04648352523594
2359, 291.01158725552756
2831, 290.87089353021804
2620, 290.7601521751305
3248, 290.70215248227845
1413, 290.68392865655477
3239, 290.5967092732515
278, 290.5357100459472
3123, 290.53349260619217
1014, 290.5254581963024
19, 290.3154662019712
1417, 290.1556440151301
1258, 290.1143678122023
302, 290.109182585584
798, 290.0355232430398
3352, 289.9963541663298
1626, 289.9408560953264
2558, 289.7823399368832
1647, 289.7033608454551
1339, 289.6449370920655
2823, 289.5761154113218
838, 289.56335091579666
1555, 289.5114955777504
1312, 289.46274078618336
513, 289.4356908432513
364, 289.2445236488476
3168, 289.1962561349963
602, 289.170860038714
420, 289.06107351721363
2816, 288.90143395376015
2784, 288.71097520721554
927, 288.57087452687944
1411, 288.5646939081252
3225, 288.5209472110721
2677, 288.4333774833022
265, 288.37027518036336
2788, 288.3493999082006
2755, 288.2722304438641
636, 288.07664145939145
734, 288.03603654980145
1561, 287.9122825251961
938, 287.87453165304976
2837, 287.8688763894748
1792, 287.65508020941047
3321, 287.52088645847107
230, 287.5161976178523
1500, 287.50586164444155
1423, 287.492323472858
2229, 287.38882844053455
2116, 287.3692504692954
776, 287.2844038040711
1890, 287.2813498751647
1424, 287.24918592657735
509, 287.1309559421294
1422, 287.10063561439136
3268, 287.0049813853552
145, 286.98239318207317
2244, 286.9443840002105
1566, 286.90875606148506
957, 286.89200953005695
2686, 286.80585575728173
757, 286.7801520958803
2688, 286.7151299006058
2390, 286.4292090076292
1886, 286.41062987495127
1368, 286.3881578062706
1642, 286.38191336753965
1828, 286.28843442607024
2710, 286.1858964104992
2610, 286.0123692531637
1705, 285.9786223445605
1550, 285.8759365027698
664, 285.7987220091175
2305, 285.7329300800086
2640, 285.70798543292
3255, 285.6734873481725
512, 285.48573136547856
2217, 285.4746978165619
606, 285.4580677064644
2804, 285.45006341927285
3129, 285.4211918211383
3063, 285.39795043970094
1815, 285.3283717219571
2514, 285.27921428556294
1983, 285.1972028190964
2547, 285.1766523127174
2645, 285.1123675385819
1396, 285.02859840319985
1869, 284.9684038862508
1474, 284.92800953037585
2017, 284.82539364654036
2705, 284.74002420624095
1703, 284.6099461177747
2694, 284.60269790620094
3090, 284.5230594584242
559, 284.5156475138796
240, 284.28856431334935
868, 284.14720784443625
3290, 284.13013805262176
3272, 284.066805869503
850, 284.06273491044124
2039, 284.0318022701846
156, 284.0057635891936
1398, 283.97629557736
3045, 283.8557144000175
3299, 283.8462712229092
2376, 283.8241302618879
398, 283.7170092203774
775, 283.6785023270366
1752, 283.65836276238775
879, 283.62698621433714
2574, 283.5761570291593
2839, 283.54180675079135
1273, 283.43568171166595
2888, 283.410749277875
2559, 283.29797080446156
551, 283.11271618023636
1106, 283.08390177293813
412, 283.01064964931044
573, 282.9426525157985
2758, 282.8974234069439
1715, 282.7964629968089
626, 282.77219949407595
1976, 282.73111745472346
2162, 282.724101254932
2703, 282.5906867380143
87, 282.5376480387812
371, 282.53251114731415
2121, 282.49845104330603
3318, 282.4396224755469
2237, 282.3412572317163
1393, 282.33445432937737
518, 282.3294641791033
779, 282.3032305596029
3162, 282.23999446402195
1721, 282.2397198522563
902, 282.22472971123466
1712, 282.2192166968497
1858, 282.19337196817753
1280, 282.18198932588723
2607, 282.1199992039955
883, 281.86600910001044
1480, 281.8389694692
411, 281.6331490555121
918, 281.62869168504
694, 281.54051622099104
2101, 281.48230063744234
784, 281.45460797980087
723, 281.43247742040705
785, 281.3292228722045
2571, 281.233639573124
1957, 281.1317006479861
1378, 281.1015473049473
1701, 280.9449361304192
1892, 280.9142812268629
276, 280.8905303282597
965, 280.84947343021116
635, 280.77405379652186
2864, 280.7682645258045
214, 280.6718813362482
3080, 280.605760512822
2230, 280.57878250679767
2750, 280.4451380351826
2439, 280.30087188794363
291, 280.161892982026
255, 280.12183414266156
689, 279.96816335045145
1755, 279.82321124718726
2908, 279.67206195005264
2903, 279.65162098321287
822, 279.41586514042854
1409, 279.3442720683734
1271, 279.31014908609257
871, 279.2209660499358
2814, 279.17979099131406
3279, 279.1478614774346
2361, 279.10600133666327
1539, 279.10447426164797
2473, 279.0516824610879
1419, 279.01644164544996
3130, 278.99691435692176
1733, 278.83925210650193
418, 278.7153767698351
2004, 278.71199839874566
2657, 278.61026437997947
54, 278.58969947694635
561, 278.20887782357
2899, 277.9407327743048
1817, 277.834818874526
797, 277.79201859073225
1902, 277.78335477026144
1630, 277.74352912448086
1285, 277.7401460380412
1491, 277.6322791545998
1908, 277.5416728838239
2152, 277.43911472268036
525, 277.427583254312
693, 277.34605368114336
2881, 277.3279669101963
855, 277.30035235281025
3066, 277.2508641622932
1006, 277.18466680474575
2851, 277.15838820562414
2781, 277.11598395799314
770, 277.08888748914467
1171, 277.05485875367697
2366, 276.96936179166306
2690, 276.81611524465114
1292, 276.7515602432776
1511, 276.71909937190907
409, 276.6144162366416
3207, 276.58402037116485
1544, 276.58347289917543
250, 276.48369423875477
713, 276.03579438444973
1185, 275.97019185678954
1400, 275.9515792620481
2683, 275.9488561114457
2621, 275.9400752946546
1692, 275.746101803307
2649, 275.5148365500603
2254, 275.240474467149
992, 275.22639191679434
257, 275.11808572910405
2111, 274.85209021341876
2096, 274.85209021341876
2650, 274.70694667950437
3041, 274.55924651911977
395, 274.3930121849559
1498, 274.36432888590383
2102, 274.25252371771415
577, 274.1736029449188
3099, 274.1580443264512
3347, 274.06832601025997
2154, 273.9438851529786
681, 273.7865761894414
199, 273.78376964499455
1405, 273.67213001168125
3111, 273.499573881913
2255, 273.25174892341147
983, 273.17014485795465
1631, 273.1440961357944
672, 273.1289793857171
1367, 273.008068304748
1986, 272.98156343506633
1427, 272.9791806102488
3044, 272.7189989304222
2166, 272.6700639095706
1272, 272.57720039234846
782, 272.37332773702286
1618, 272.36086263330196
1403, 272.2529624473897
1595, 272.14580677141026
777, 272.0970925098494
3020, 272.0741816191393
725, 272.0165409664964
854, 271.9631129399795
2372, 271.70928783088715
2114, 271.66847974517646
853, 271.60822960446876
2898, 271.57524301774464
704, 271.4272463176248
2245, 271.3428388209751
614, 271.32333602812344
1372, 271.30967452248836
1735, 271.23462787823945
2213, 271.13471741781836
253, 271.05359514420127
876, 271.04506325771086
2293, 271.0282372076518
2520, 270.87634885473767
755, 270.7668556192142
3306, 270.68008045345994
2131, 270.49055675382095
2319, 270.42612858598403
3265, 270.35121567962244
1710, 270.2605186558901
647, 270.18363217138193
1047, 270.1138176207096
1340, 270.0938874315137
231, 270.06118200284203
2624, 269.9396911679114
1277, 269.9137429947429
1645, 269.643228371318
1387, 269.54834057304134
2525, 269.4071987400244
1841, 269.36871935015097
2527, 269.35766197012686
1578, 269.33149941662316
1346, 269.0624108199049
887, 268.97135985167097
1415, 268.8900114200564
1716, 268.8865365028357
1873, 268.5406726328674
2779, 268.4808790934978
1548, 268.43284754596846
20, 268.344639591421
2653, 268.3436608966889
597, 268.33188310640486
2163, 268.26335943217566
2897, 268.192374287046
3068, 268.1827022405638
741, 268.1753585349641
774, 268.0913892570398
385, 268.0297424594927
254, 267.9790595052501
2030, 267.6601746714469
256, 267.566487622016
1370, 267.4750864989211
1748, 267.4515221243272
1670, 267.37195005569015
323, 267.36879205807855
311, 267.36879205807855
21, 267.1482223546257
932, 267.11643018716285
985, 267.0701008810822
2572, 267.01103650853014
2141, 266.9003141684684
216, 266.7546840124736
2561, 266.66802806049645
2756, 266.6503409812053
3112, 266.50247089681454
1028, 266.4474985891551
2423, 266.42556487290983
1684, 266.3945427915602
2681, 266.3287863097193
3037, 266.32196061105816
1357, 266.21218402010487
236, 266.1281735457865
2369, 266.01477565990604
346, 265.9875857887004
1374, 265.91990718591154
399, 265.89748392260395
1018, 265.7975007980827
942, 265.76850381945457
937, 265.7302946677699
1744, 265.7214553566471
1554, 265.70729241179714
1825, 265.64011045710873
2601, 265.5560146703307
1829, 265.5317540944657
1458, 265.43512268310457
1391, 265.4153747170591
1920, 265.394654031264
1891, 265.3927891659005
935, 265.33780773616377
645, 265.29395849384883
2198, 265.2665481915206
764, 265.2335047436972
675, 265.1924367974434
3316, 265.16746287567975
2199, 265.1661344952954
984, 265.06175581900635
3201, 265.00317144500457
2568, 264.906516124361
386, 264.8225003766671
1741, 264.7783279801574
1981, 264.60043204998334
2148, 264.47795271371933
2497, 264.4165990146587
2289, 264.3208060414886
1883, 264.2343930890665
2738, 264.184515058838
1966, 264.0387702738692
1388, 263.9448555556814
2580, 263.9072056861528
1657, 263.76086754546526
569, 263.73525886170927
3097, 263.69847663850487
1328, 263.6969530534473
1327, 263.69677219360165
1463, 263.67282606882793
3323, 263.58755923721435
1021, 263.57819389966954
948, 263.4483920934985
656, 263.2642999305094
800, 263.22114769950684
2830, 263.211805358858
763, 263.2106744628592
1475, 263.092140417096
3295, 263.0294274791846
1819, 262.999792053895
1036, 262.99607515658846
1211, 262.94112147773546
3030, 262.8985660305288
813, 262.87151899676866
603, 262.8122754796382
567, 262.8016408304956
2785, 262.7506845752489
962, 262.5330046041167
740, 262.458415350865
1659, 262.4372320694132
1830, 262.34307464999944
404, 262.3120859427316
1009, 262.06570349113963
3136, 262.0074988051764
400, 261.76864805010644
2323, 261.74966965404946
3288, 261.7063320327304
1672, 261.63040214924933
897, 261.59380366949193
2656, 261.5793069748407
2340, 261.5610799168655
2745, 261.4972779966629
924, 261.4621988928985
2712, 261.4313854346257
1926, 261.4163524665975
1671, 261.22545639292946
1959, 261.2132073509759
1633, 261.14432688563954
1909, 261.07860473191886
2449, 260.97228461963454
759, 260.9332355184667
2652, 260.90054602234767
3271, 260.82775028756754
2227, 260.7381958030673
1804, 260.60156315623686
1730, 260.40269703399247
1382, 260.3877785004895
2138, 260.29791514445407
565, 260.1953729543269
1668, 260.16868055454813
351, 259.88093581953
568, 259.8672065229702
2959, 259.85533245105074
714, 259.83522099897937
396, 259.6535766620785
705, 259.63604488347914
3383, 259.60330013073764
375, 259.5837577968975
1275, 259.5411243249921
673, 259.5399280875124
1982, 259.4891932927184
1700, 259.487887699597
3442, 259.4810288946602
2212, 259.4563076730098
2493, 259.35177342426783
3362, 259.12485422343394
692, 259.1170960251436
1270, 259.088607291511
1524, 259.04494527910566
3038, 258.95214567761474
127, 258.9002556416179
836, 258.8703363885156
287, 258.8628424936623
1941, 258.76690177194723
2726, 258.756702909256
2410, 258.6074622467893
1294, 258.53109179847667
1506, 258.5288850182065
1353, 258.5191692500674
1699, 258.46568258969967
3043, 258.46003915016644
2635, 258.40382443327394
750, 258.37507760526415
720, 258.3393613971962
1499, 258.2795105676752
1426, 258.27736011684425
2720, 258.20020015844347
2119, 258.16740301051635
792, 258.09090442896826
828, 258.08280426702015
2646, 257.9572959811574
761, 257.9564411176114
896, 257.9291871331964
2853, 257.77977125237777
934, 257.77089726033205
2891, 257.5909823965018
1563, 257.55679207706
3311, 257.53082303694345
1724, 257.5258640876827
2847, 257.42637486297593
347, 257.3811710072193
1989, 257.34456976331296
963, 257.2703262645292
900, 257.2335496494733
2641, 257.1923945120312
1706, 257.18866472891557
1754, 257.18208266691374
959, 257.0798894736797
2884, 257.0387539367685
946, 257.0230980579372
1665, 256.9750344466361
1291, 256.84025040306585
2608, 256.7981930758576
2204, 256.7953568547106
508, 256.75860512004834
2216, 256.7491008913055
2383, 256.74117758841123
824, 256.7124381546862
623, 256.5653323536502
870, 256.52111232020076
1265, 256.44019469208536
2146, 256.37113060870485
2246, 256.35633917216484
2833, 256.35059616519624
1831, 256.2888863781834
952, 256.180008793006
933, 256.1592837460427
1904, 256.1476772895066
1992, 256.1340512081753
3034, 256.0832872226912
2875, 256.0514882096155
1637, 255.8729079706081
711, 255.7995564895584
1323, 255.76669443711006
986, 255.75871921045749
701, 255.74205075529648
1906, 255.72608264286274
2854, 255.668452811797
2592, 255.62652681536898
1743, 255.62159143462188
3094, 255.59435614980072
1835, 255.56619804675742
616, 255.48115922776597
137, 255.35154422711986
674, 255.3351453019692
2283, 255.26857480985717
422, 255.19680565942025
796, 255.0262899901513
31, 254.99661708698017
2466, 254.99432603085444
1745, 254.92551460356214
1329, 254.8473554702283
2485, 254.67867749437963
2947, 254.60340292804057
218, 254.55485424864324
2331, 254.55041521764548
2533, 254.46921159401904
2597, 254.37353183995546
1288, 254.13861640737608
827, 254.07569755712456
2563, 254.06213174976847
2946, 254.01483744594998
1486, 253.9983593479014
2882, 253.9854031996499
2179, 253.98325158097947
967, 253.71147899926368
3232, 253.6516926752998
50, 253.57877805786885
1020, 253.5685518488625
1915, 253.54457381153344
3005, 253.36345487781574
1639, 253.3463531243214
2175, 253.344951218622
801, 253.33457684687133
1318, 253.2291073153415
2842, 253.00620809121668
766, 253.00434861946587
1734, 252.99135399191718
2668, 252.9101240230767
2123, 252.88549789075978
930, 252.85725150157577
1772, 252.834394429002
3254, 252.81150545893033
2130, 252.76337387159145
707, 252.70803262585042
1791, 252.6664871659129
2611, 252.53690399891917
1697, 252.53645055985265
246, 252.5076347401666
640, 252.1909962813152
1728, 252.1668258625924
646, 252.03727490054436
2430, 252.02750848934926
238, 251.99432818123492
2456, 251.9590061050706
742, 251.95370257347776
893, 251.8346528231409
1650, 251.7761071246147
1649, 251.72030407997758
1354, 251.71963885611
2202, 251.4749767307113
363, 251.43782449193628
1673, 251.32085328418628
1704, 251.286103310145
1648, 251.28156847264086
1681, 251.21026021577578
350, 251.2046044048949
3027, 251.15354856374788
2849, 251.13874492246552
1801, 251.03330366707021
2451, 251.024266730831
799, 250.87830571541937
314, 250.75030396331422
312, 250.68317314178123
710, 250.67686824803886
1492, 250.6344759971875
1967, 250.22159991344674
2840, 250.21551683450522
1598, 250.16529559211986
2339, 250.15530422339452
1297, 249.92090189534605
697, 249.90494868907865
388, 249.81661496969406
783, 249.75687686065564
1629, 249.73119874559572
1582, 249.6574071101656
149, 249.61838015389884
2247, 249.44629609835113
1414, 249.40051699062042
2397, 249.17948230023453
977, 248.8937528589581
2486, 248.71771945976178
2233, 248.7073790096273
1727, 248.61806833654654
2403, 248.5244657572632
1934, 248.42209393593222
834, 248.34288645629107
36, 248.3295463054141
908, 248.2391113840699
973, 247.98088410384
2183, 247.9679644981684
1483, 247.95529103084834
880, 247.85744073120625
1944, 247.67473471748622
904, 247.66091502508732
2169, 247.63017904850904
2235, 247.60155161995078
931, 247.58630199105076
2658, 247.53333972050515
3448, 247.42267872661358
1679, 247.41472375356145
1749, 247.3678719112332
2475, 247.33914590864518
2129, 247.04451529518806
3230, 247.02269419308263
405, 247.0220495046446
2239, 246.98353960859865
576, 246.74500887324353
1114, 246.7292188088411
905, 246.69872972016222
1479, 246.69726374759475
2140, 246.6696358331594
1691, 246.50145530218305
831, 246.48067382727243
252, 246.3939305575647
43, 246.3681019606389
660, 246.30472250892504
2136, 246.30215073780928
596, 246.10844707197938
1365, 246.05830472657627
2176, 246.0208539487837
320, 245.9907322352744
2222, 245.8284557123516
1319, 245.77896511571006
2575, 245.77394113690278
195, 245.64543959191857
2377, 245.58136398726288
2655, 245.4469112340417
80, 245.44330752323535
1789, 245.41482106207823
324, 245.1616253399189
3231, 245.12909272569294
2453, 245.09685890101193
270, 245.06952561972952
2528, 244.81357666134872
658, 244.77629032420285
497, 244.73063084596126
728, 244.69900752563515
2185, 244.63198726189165
2697, 244.54397692671657
754, 244.52202253855685
2648, 244.50120370260353
976, 244.41262028518958
1779, 244.348695297341
2167, 244.30635782757756
2232, 244.26923173214215
1905, 244.18025845178354
1836, 244.13452730717486
1837, 243.93065653635156
1702, 243.85448717751424
1320, 243.63707430825784
3007, 243.62371364906556
1326, 243.62336230585333
2436, 243.5529319626728
2375, 243.4845754395692
1351, 243.3589698995234
2980, 243.2242177575058
1332, 243.14302128394124
1808, 243.13955513789801
1453, 243.1237589811785
342, 243.0301835430887
618, 243.03008498076056
1898, 243.00014686628228
843, 242.98521390598827
1927, 242.98361460192092
2282, 242.95733039740665
1335, 242.8892734897682
2373, 242.78320981815622
1591, 242.7590282332494
1017, 242.71236428524932
866, 242.70330776018636
2950, 242.61456309123784
667, 242.5414942061506
1022, 242.47275403347615
1469, 242.21664218114825
566, 242.19165049523457
1769, 242.18323468162896
929, 242.08810745610958
1504, 242.07432868494507
982, 242.0735415807719
765, 242.06638740528692
1007, 241.95161660342723
474, 241.93147305117674
722, 241.70972185520935
2461, 241.53970084888383
269, 241.53713330074476
1402, 241.3761037870199
1949, 241.35249473396823
1696, 241.28551345343877
943, 241.25904114536254
1786, 241.0853259865728
1751, 241.05386161874188
3012, 241.04959782482484
706, 241.04618481845313
1620, 240.87899470405048
2880, 240.87444424218808
258, 240.72748881750604
632, 240.66808072090157
1011, 240.644186404054
2693, 240.48250412201898
925, 240.3556973971514
2612, 240.3043454709378
898, 240.2921009938332
2604, 240.20173960704335
2325, 240.16960609118723
212, 240.13638053010408
729, 240.08023716604464
1489, 240.00125413474288
2336, 239.949443620122
2226, 239.9468819519366
944, 239.93718424182862
2156, 239.83562505202454
241, 239.65900513431131
1010, 239.65278863839904
354, 239.57618000923497
2426, 239.56618363664307
1930, 239.50285963106936
644, 239.43582610311535
1522, 239.1814509000215
1777, 239.15375210961753
2484, 239.1009561302462
374, 239.0749819601266
1809, 238.96990395396014
1950, 238.93089365509593
2673, 238.90256243965712
1636, 238.80796206152488
620, 238.70508117654222
633, 238.6892176990227
1282, 238.67920669912507
2322, 238.6684620042028
2531, 238.61945393350913
1359, 238.6155545219904
1674, 238.5650987259777
2184, 238.54733260123578
2809, 238.5038638596054
196, 238.49504738315446
2432, 238.49403756924366
1635, 238.31860909453135
604, 238.24828582666566
419, 238.22565493675597
1540, 238.20316817248477
1304, 238.1961015962919
2543, 238.10551626374425
1416, 238.0343089278928
858, 238.02352766028307
2139, 237.91247840241869
2498, 237.90486528498565
926, 237.82743099204336
352, 237.69324369745794
1921, 237.68062862586208
3195, 237.6454269601276
1568, 237.62942663837077
3258, 237.6077633482276
810, 237.60013069630168
2144, 237.57157055424656
2367, 237.57016396772926
830, 237.47489251318333
1935, 237.46723358359125
1080, 237.21152914754
1759, 237.10179805448888
2133, 237.02695646860357
1470, 237.02586826091763
1376, 236.9876529961448
2425, 236.93465934012536
1401, 236.8726679606211
1325, 236.8156008138873
702, 236.8069835816748
2149, 236.79036812813575
1551, 236.75316531104207
1737, 236.6764822820795
2902, 236.53401616882206
1782, 236.5197773446225
2623, 236.46148896211545
1900, 236.44941321749047
1281, 236.43693366094672
2087, 236.34290486628063
703, 236.34180790902192
15, 236.29955340735512
724, 236.2716621876188
1055, 236.16252234501385
1394, 236.16040833917728
668, 236.1229863057731
666, 236.09943364683306
609, 236.0744363554626
2264, 236.06896757513402
2126, 235.74039856813266
472, 235.71239664665518
2679, 235.68906990518627
2299, 235.60404391842624
2713, 235.59603853699645
1888, 235.53652207464518
2778, 235.36683055907648
1954, 235.31334258339757
2616, 235.210714069444
138, 235.08872753302836
239, 235.03054356759586
595, 235.01672791787507
245, 234.97537225332425
325, 234.96153594432823
1799, 234.91404147534055
2589, 234.91335476004951
1362, 234.7670763151218
891, 234.74518014274568
1341, 234.53700849041468
3160, 234.49105188729692
2826, 234.32240618918144
3313, 234.3078624625961
1953, 234.2399770399353
2000, 234.2114196826613
55, 234.18035785545817
653, 234.13702644491312
958, 234.11448314987598
2327, 234.05110202844975
979, 233.87794396381602
3296, 233.84883532879
1569, 233.7301884101839
2462, 233.70617805456268
2177, 233.59964733954803
873, 233.58976366473007
1307, 233.42200453242813
1303, 233.41995941685965
712, 233.41712264949928
865, 233.41608293007812
2349, 233.38779737368984
2249, 233.3644352793976
394, 233.35360100764422
2605, 233.30025424550828
1619, 233.25016850940693
2151, 233.1343985281409
2876, 233.1286000920323
1344, 233.07497505202974
1286, 233.01686192058372
2186, 232.82958855966808
1750, 232.4366279003838
3015, 232.2717618811592
1385, 232.26530986684438
1045, 232.056682573957
2687, 231.92126410244828
2172, 231.88329270722343
875, 231.84565174900754
974, 231.82238076817663
1928, 231.77499056584546
1383, 231.72996291901794
2490, 231.499154329346
3091, 231.49037651922518
2127, 231.45837309672964
2629, 231.40057603497033
337, 231.3874014855676
2317, 231.33685594470543
271, 231.1929135621267
2330, 231.1658818062585
994, 231.15642603711348
949, 231.11960019915824
3262, 231.08604265894908
1305, 231.0857253339096
631, 231.04008751491065
2564, 231.0284098959063
1366, 230.98167321080427
1192, 230.88486694869508
2511, 230.53830922213115
975, 230.41623305769363
662, 230.38130902315658
1778, 230.34070326536883
1652, 230.31282940861536
2370, 230.266657135685
1407, 230.2520098310231
2341, 230.11886549754848
2519, 229.99666632251584
1476, 229.93146353641205
2346, 229.92852418049407
2345, 229.6774559231869
3022, 229.61064483678098
1528, 229.54956920805571
1342, 229.5093917339988
996, 229.47295910018596
3035, 229.4454064686513
2626, 229.41751288054726
910, 229.38367115196462
1016, 229.3684199368885
829, 229.3225137514533
2675, 229.24286791597078
1827, 229.20197284758322
2821, 229.13957493298793
2570, 229.09864308164993
990, 229.01404398573393
2464, 228.97838637878326
3261, 228.81692933329686
998, 228.80966342571475
648, 228.80966342571475
2197, 228.8006621816057
1485, 228.7507591384836
1311, 228.74242563766987
2159, 228.6837223407977
2496, 228.67999877225427
2455, 228.59456295079616
3024, 228.52557497053556
3113, 228.4378989416201
753, 228.4005336389529
2342, 228.37842111846766
3193, 228.36019800298854
1529, 228.33594683476844
2132, 228.22875477951652
1507, 228.15078920478993
687, 227.91365551678786
2538, 227.89250989828446
1276, 227.74812251814126
229, 227.74672591425013
1496, 227.73390292320437
2707, 227.73265980094854
78, 227.71080958509654
2094, 227.42612551545756
2932, 227.25324413730223
2499, 227.21076809136602
2869, 227.20278417391145
2822, 227.17160407726965
327, 227.06201085567744
2704, 227.0609983379993
1832, 226.97930369253982
3021, 226.80945825727727
2313, 226.80581371577455
726, 226.76819078899234
2534, 226.73978019288626
1008, 226.69715719518686
2509, 226.57120022148715
38, 226.55159103086652
2492, 226.53830174178174
899, 226.53817555438596
954, 226.42532645925348
2700, 226.40300988681102
2654, 226.13230040214447
1960, 226.0998134484941
3329, 226.06792565970838
2695, 225.8832973525404
3180, 225.77447224559774
1530, 225.69833385758108
2603, 225.61969038493052
1557, 225.5646198983133
1015, 225.53930746198083
1482, 225.53343542684686
3450, 225.51071312701356
1767, 225.10115835052736
2692, 225.07917012520159
1333, 225.07819479973688
2638, 225.07407892118653
1284, 225.05528760574106
2201, 225.0439541206416
317, 225.0144289723238
309, 225.0144289723238
805, 224.89166365722795
721, 224.85453822735985
2586, 224.84113846720186
688, 224.71610196311102
751, 224.56338904838367
1317, 224.53162655141395
3344, 224.48474046288845
366, 224.47908973967822
2906, 224.47087457052552
1774, 224.37298139614848
1497, 224.35209551897782
16, 224.29867554940967
1553, 224.2454219921623
2284, 224.13999183037498
2251, 223.8481379083748
2506, 223.70558678322527
2874, 223.68059428082825
349, 223.359331215275
3251, 223.16898086088258
2112, 223.02546478933058
598, 222.94955276347335
2600, 222.94929372445017
1834, 222.9362908881865
2727, 222.8290347895916
1932, 222.80920593680133
1990, 222.69176406971812
2522, 222.67826985071778
1948, 222.3983956334931
807, 222.39532965268762
819, 222.35524204433898
1019, 222.32097356690682
2332, 222.17308278046946
2665, 222.03322668127302
700, 221.9840613714269
3001, 221.9197519905446
684, 221.59707654090624
624, 221.59707654090624
3364, 221.57043596697494
1056, 221.5380882909128
756, 221.52397075982296
339, 221.46824649675665
340, 221.45885507030735
2241, 221.45867705744064
1655, 221.4497229816213
2581, 221.41823101256827
1503, 221.2459222199182
747, 221.23570254845947
911, 221.10145688760056
2326, 221.09852671192382
878, 221.05327021610276
361, 220.98164923071832
1013, 220.96018200846163
818, 220.83890052458844
2644, 220.6699892215159
3260, 220.63071643644514
1946, 220.55129987369352
2606, 220.4163777179476
1621, 220.4001100380631
3361, 220.35510683092934
3165, 220.3360734677487
1556, 220.29273527936405
2147, 220.25429206502363
1916, 220.05930759824975
1570, 220.02850211526922
2250, 219.92420641192976
2895, 219.8454119361619
2460, 219.81069081919452
3100, 219.750912823042
83, 219.5600910464489
2698, 219.50978148355355
1375, 219.393006466735
771, 219.390782014499
1399, 219.13483032548032
2488, 219.12305800278656
812, 219.1168238985393
2225, 218.97398695224186
2479, 218.93003400360172
2662, 218.8820869902716
1897, 218.84114480352903
842, 218.8321195028849
877, 218.5876867307603
2437, 218.54439746358227
1472, 218.484896530744
1386, 218.3706173125756
1952, 218.35923394936302
997, 218.31795739476328
2495, 218.1936097054024
1296, 218.06748598604472
695, 218.01863160907757
3019, 217.9874576366952
357, 217.98075587661668
2044, 217.92431386777983
2452, 217.82109608535185
2161, 217.73633432814236
888, 217.6168052406717
2328, 217.54175006807117
1796, 217.51786694144928
1922, 217.2253892044253
2530, 217.21649203915314
1787, 217.08952995124005
715, 216.9721780864324
1918, 216.8592075270656
1044, 216.82877555946914
1565, 216.8229370775937
890, 216.73444068519785
2760, 216.73068190246983
605, 216.68018313995026
367, 216.62459471592945
1899, 216.56389671866486
571, 216.53076044004442
1395, 216.4917333695646
2565, 216.40924021920387
3273, 216.39790492581352
2037, 216.3710903827355
2079, 216.23357803366017
1538, 216.13457420477715
1349, 216.12976720753718
1360, 216.0723106100589
2155, 215.95644045990306
2401, 215.9174850029442
1896, 215.91716759769642
719, 215.69163315371034
413, 215.66069223044425
2440, 215.65492216331174
806, 215.65184399344332
2632, 215.4145079999337
1766, 215.30076747877197
2221, 215.16958669589164
621, 215.14042337009192
3301, 215.0040637035824
2178, 214.9681938024107
1956, 214.89079528969634
1903, 214.85461606582453
1757, 214.77554713676471
1283, 214.68873684137318
2970, 214.34737038212313
1559, 214.18745230939285
1833, 214.07086139622177
2835, 213.97833144390947
739, 213.90336755407338
2834, 213.87022872199069
1847, 213.69088532904468
968, 213.68146254643813
2174, 213.55239121476623
1929, 213.52897802233926
940, 213.4527917557956
2128, 213.35817104112144
1606, 213.34880752369713
360, 213.24629304882956
244, 213.0608613779727
2477, 212.79672190528657
2625, 212.78691016393694
811, 212.68332147375088
947, 212.66133659141377
915, 212.62859389473135
1654, 212.5916879409592
2092, 212.53110864072585
2535, 212.5303635189935
2363, 212.4366618905465
345, 212.09152553869245
627, 212.02074615378731
2444, 211.98293198596699
1793, 211.81360050677745
2329, 211.71594054911375
3266, 211.54701261957132
894, 211.54363072419872
1471, 211.48703376414136
2743, 211.34496459028952
2714, 211.28170305253607
2901, 211.23431322009858
1363, 211.1703039348151
1664, 211.05981456549156
2684, 211.00780444059413
835, 210.83374732150233
2664, 210.595797911769
3013, 210.52820561409078
769, 210.5202748512918
2537, 210.34776957257958
978, 210.32884596484323
1937, 210.32680395652332
318, 210.22290704636126
1313, 210.09027663951971
3023, 210.04664448221467
2420, 210.0199737138588
2893, 210.01611180107008
1337, 209.6883636464934
2843, 209.6605594837359
2598, 209.54095454557114
1936, 209.01340252236304
1783, 208.7920186554345
2215, 208.76078425399484
2368, 208.70433192350964
3224, 208.6642232880063
2472, 208.45328033931816
809, 208.32051254262234
2591, 208.2583739859592
3357, 208.2563400130368
1609, 208.16525644889632
587, 208.16515590401852
2457, 208.13250082644223
2061, 208.132029123183
2253, 208.09338489816744
1938, 208.02809185773535
2418, 207.83896798585548
2281, 207.66761009148104
1334, 207.47879508215883
2674, 207.38699992722624
2374, 207.34111457992375
1338, 207.32673241057495
2552, 207.2718241356952
2892, 207.1090621381824
2670, 206.93702681189777
610, 206.84603299636743
348, 206.80957984668302
359, 206.71212198654084
1546, 206.67839486082752
308, 206.6504640768154
2474, 206.59659678990073
1592, 206.47823074799453
767, 206.44173307068442
869, 206.4337849345382
2494, 206.4287791608974
749, 206.36945642117695
3033, 206.35509718669397
1805, 206.29780529917937
2118, 206.11804280467632
570, 205.9987042301781
1917, 205.9305433478402
3008, 205.88138884956786
995, 205.82078041605595
438, 205.79978142193622
1988, 205.79313491568442
592, 205.67231910364643
2510, 205.56024301156836
758, 205.40625270428154
355, 205.3970574808276
760, 205.3796405235639
589, 205.28868853435105
2667, 205.25239439962206
2576, 205.24265022751524
2234, 205.18569169351045
1552, 205.044520025422
2660, 205.026476863009
2335, 204.82595723003612
2617, 204.34730549852821
2661, 204.2949102772198
1797, 204.21780927897117
1812, 204.19004091751495
625, 204.15433728182597
2883, 204.07463562603988
2542, 204.06515983265047
2838, 203.99629673095373
2137, 203.9358182026297
2699, 203.6891151420835
322, 203.57689388814836
310, 203.57689388814836
2691, 203.49049916054653
2448, 203.1799205716272
1816, 202.81458817896103
2634, 202.7759886740076
2371, 202.7231854076212
833, 202.64553160924794
921, 202.54082203067983
2469, 202.47015230874044
2887, 202.43955012403856
1602, 202.39562579744802
991, 202.3826135926935
2659, 202.36375056265368
1545, 202.34736366989353
233, 202.24292775211728
2637, 202.22560104116457
1798, 202.15514910400938
1290, 202.15351457867382
3253, 202.06948093315094
2182, 201.9656259352181
3249, 201.9054404820769
950, 201.9039562874122
2669, 201.89553779965644
2631, 201.70042540838705
2521, 201.63230424459945
1987, 201.41688297654895
652, 201.38280135870764
630, 201.37456431668863
2944, 201.32994429611213
2886, 201.2983486314344
2405, 201.055530788239
2541, 200.94316242508214
2502, 200.92860500551146
2501, 200.92860500551146
578, 200.63917108890067
2995, 200.4656628738639
3449, 200.35855320730778
1109, 200.34234611684752
2848, 200.28662919276675
1955, 200.18380962800444
2627, 200.10394245492895
2476, 199.99716078883796
2504, 199.91001630884253
343, 199.85626640018785
2702, 199.85478089399479
1310, 199.68663655038068
1924, 199.63290108442564
1945, 199.46050510133358
1379, 199.33593656912288
2614, 199.29656403560114
841, 199.17995685394058
2729, 199.1742892330478
1821, 199.1583027301041
2609, 199.07556950623487
2956, 199.00239619254313
2885, 198.9674167989622
1350, 198.528126933394
2724, 198.5190578308812
1843, 198.3765944594903
2089, 198.36297175739134
622, 198.30546627426162
941, 198.2782691031817
1901, 198.11020153207673
3263, 198.10751003241123
1933, 198.04320194109584
1845, 197.79722651703685
1000, 197.72444611409898
3325, 197.680877419189
2316, 197.55651671036776
2478, 197.55167225915525
2585, 197.53149254547472
3218, 197.32134624443486
889, 197.3071893707239
1005, 197.25271821819808
2529, 197.23287190103602
2467, 197.17968177304965
988, 197.11657890485606
2706, 197.03106191503926
2560, 197.02733038926561
1923, 197.02621249080178
3011, 196.97500900372282
1802, 196.60939441198968
2619, 196.5624987656297
2001, 196.53459291638734
2557, 196.33042396111992
17, 196.25870131338885
2866, 196.04310959687137
591, 195.72904714211873
1547, 195.5866047727787
802, 195.493200663083
2678, 195.4445969777432
1844, 195.33949482465843
2855, 195.3371092993949
2074, 195.26579946979396
2459, 195.23758619010536
2402, 195.1814449237784
2945, 195.1595722707398
1384, 195.08457154581748
951, 195.03620901639553
2554, 194.91202364419826
3451, 194.83484089214946
2357, 194.7293408681788
2544, 194.6052969096912
1947, 194.57156796309357
2567, 194.42506294198813
1763, 194.34714349029232
2577, 194.17579564024498
2827, 194.13578327567183
277, 193.8868831820501
356, 193.71070414655676
2663, 193.71006189022384
81, 193.65327906213057
2573, 193.55648266437495
1300, 193.51637899256542
2082, 193.340875755683
3250, 193.104933309712
2836, 193.02122768804313
874, 192.98515966080888
2633, 192.97502964749725
1560, 192.61814535716388
2595, 192.52405504680195
2676, 192.4208461243023
341, 192.29151005114687
2628, 192.23397655676774
2482, 192.2324704654694
2896, 192.16061497697336
2248, 192.03549233749732
25, 192.02803080015212
2689, 191.94731490227733
2685, 191.72487095981404
1526, 191.57133780801834
362, 191.34962708453125
1541, 191.34171045676266
2443, 190.75381991766614
617, 190.67126037922827
1355, 190.64677953459787
772, 190.60610062283655
290, 190.52943811522346
1012, 190.22599339646223
3365, 190.22223121200466
2588, 190.07824454493323
2642, 190.07169390375034
2523, 189.95850913339177
3358, 189.87109344702264
2894, 189.84782165117005
1775, 189.79041413590005
1795, 189.72360993293273
1052, 189.66183159448929
2545, 189.6482110777579
2447, 189.5872880447612
909, 189.4770070621433
1969, 189.42080649826678
14, 189.1459876588395
2701, 189.0759361014082
3326, 188.9491378259353
2680, 188.93384440192602
2465, 188.91747392687785
1347, 188.68784595808998
794, 188.66258058248349
1373, 188.61522015449503
1842, 188.60810474191962
2618, 188.6023730500934
2463, 188.5852020076332
2480, 188.56832000464365
2445, 188.56540388390712
2458, 188.43962714785863
2481, 188.26732457956757
2613, 187.9394395360286
3307, 187.79245901409038
2909, 187.63947485429802
1762, 187.44734414068935
2602, 187.41865944224273
1826, 187.40932318603222
2643, 186.9418557566634
2047, 186.91396429222686
1784, 186.7679336255171
939, 186.25646338261342
2489, 186.25336916773117
2364, 186.02542692136205
3345, 185.93269821808772
2333, 185.86723731026495
2358, 185.71835750687552
2512, 185.6963699141779
1046, 185.6034005529042
1520, 185.5999345660486
2599, 185.52794187264
2487, 185.48920551240153
3360, 185.4734464492135
2593, 185.35854322840754
884, 184.94207960163655
629, 184.66380009160267
1965, 184.60173359225504
1768, 184.53419115436756
1532, 184.47624107028304
344, 184.4750338874231
2728, 184.44809828106332
2904, 184.42141999051302
2708, 184.0364077215319
2516, 184.01787321464784
1542, 183.9509018852539
2890, 183.90030558095785
436, 183.63201333537722
2081, 183.46795007050852
1613, 183.2457189549147
2636, 182.69517806070743
1919, 182.55231191419114
3252, 182.52562185823476
1616, 182.4702187347349
1765, 182.40294840368207
3036, 182.3536667975683
2446, 182.20176666474003
2935, 182.0455507244693
1764, 181.9960299810526
2584, 181.94591643703345
628, 181.8476289214803
2540, 181.73687907690123
2582, 181.52420723987595
3391, 181.5132254929467
3308, 181.3193476712393
1190, 181.28249761222753
2639, 181.22136427328098
2143, 181.18365161725725
2052, 180.81395863984142
2077, 180.6674170875618
2590, 180.1023799899338
1274, 180.09214682824256
2555, 179.83953152468456
2057, 179.42863035587672
18, 179.25396701088957
2031, 179.25311454261447
2090, 179.03167340267998
793, 178.28809695185885
1781, 178.13084499949713
3177, 177.92196487970915
1519, 177.17187204071408
2468, 177.0303327447246
2526, 176.39231890688268
1931, 176.347441743585
3446, 176.29865853847699
3220, 176.17358421024642
316, 176.14763609107524
1053, 176.00437895974065
2914, 175.73091266608284
2441, 175.7293497154546
2450, 175.56832178394123
1537, 175.41415712750046
2539, 175.37086413173296
901, 175.17473733772414
1103, 174.37553432380216
2709, 173.6140354606929
1287, 173.5733529291031
2596, 173.11278352805635
1118, 172.731241331083
517, 172.5533930731798
1564, 171.67336061063304
1267, 171.22023946958208
2647, 171.21169928578414
3343, 171.05305867880216
2066, 170.79367077293185
2615, 169.96326688584742
2060, 169.7130573201147
1558, 169.54506499848887
3238, 168.8487804373676
22, 168.48023807998115
2038, 168.07341912367818
2471, 167.9440072156951
3216, 167.9238687111615
2517, 167.8881655540708
3359, 167.51735043508182
2579, 167.379628760831
3219, 166.91970168425283
1364, 166.3854929206903
2500, 166.22910890767753
2594, 165.3133842647825
3438, 164.2348756898547
465, 164.21327513400522
3223, 163.9137328062044
500, 163.75110402003398
2040, 163.5891533641187
3085, 163.3667268945082
3221, 162.88605797482356
2916, 162.68033460448086
3237, 162.35554068911802
86, 161.89479069765687
2064, 161.6695248648855
2503, 161.46846901555605
1878, 161.46098450300514
3217, 161.4173109554709
59, 160.785550846473
2515, 160.50116156023907
3222, 160.49957521495324
2682, 160.3609755990306
2046, 160.30973705390602
2058, 159.6809713257465
2732, 159.45556179389132
2036, 159.19461222244288
1358, 158.80891268343373
3346, 158.47953297880468
1164, 157.35313949905543
2578, 157.2686815774331
2470, 155.9079513842958
2043, 155.13012739270482
507, 155.01171781935275
3363, 154.63720538087048
3240, 153.23049695982678
461, 153.03441733714925
2063, 152.82662655199036
2085, 152.47925659718078
2725, 152.3652629254478
3242, 152.144876874936
459, 151.79744570531838
63, 151.426523329313
484, 150.70842932585398
2569, 150.68143533504846
2718, 150.58243628379734
3256, 150.1585282201256
2672, 148.48961618199974
2910, 146.67941266944007
477, 146.03253985032333
111, 144.94997872930594
273, 144.8046547252875
2518, 144.71373871481055
3257, 144.06555851219932
184, 143.69288254247425
292, 143.04481996439927
2532, 141.35367901398092
1535, 139.95846326363923
2556, 138.74979407932503
1051, 137.8684842419809
2868, 137.0869432979023
33, 136.43966475539872
387, 136.18452446167177
442, 135.89467994198353
185, 135.83085751996316
1165, 135.7014338990315
1093, 135.17996602095235
490, 134.931633659633
2054, 134.0073934427975
60, 133.77093586927342
3282, 133.46323720406448
1092, 132.62281326371635
305, 132.37401405640776
590, 130.75851294018872
1972, 130.44355583625722
2035, 129.88769817715118
1054, 129.29348960053454
223, 128.75407097384914
2049, 126.24235943891095
187, 126.0185326241826
2924, 125.74671360082463
2711, 125.44263643686092
3309, 125.17067408554635
2062, 123.225994604885
49, 123.18093624648205
224, 122.15305499508565
2042, 122.05248262580722
286, 121.54136866911769
1861, 121.22442568323156
489, 120.65725073972202
2051, 119.9544377592198
2107, 119.80502425742918
2912, 119.50344895616945
2067, 119.05734909313027
226, 118.90740837983088
1536, 116.0870081254578
2925, 115.73273443239586
2923, 115.3865624509811
1048, 114.62495477283777
301, 112.7433734165373
2072, 111.61512456177529
1049, 110.3097262892645
285, 110.06104840562706
2931, 110.04685656905646
1925, 109.0598051553857
393, 108.99832589626796
2871, 107.94938841033147
2084, 107.443777154425
2940, 106.23980241442432
1863, 106.1663361396395
1050, 105.9415943425825
2929, 105.62301733871082
2922, 105.42005843555253
2928, 105.17212167405972
795, 104.05890827688995
1158, 103.52987382064346
2926, 102.89776690797063
2937, 102.17744757168543
2952, 101.67750123855987
2921, 101.30847707965364
2872, 101.26474596237779
2911, 101.08696379260236
2927, 101.01222566586112
2938, 99.91734561830151
2933, 98.86965121338304
2939, 97.78646433747699
2941, 96.0266218630358
2934, 95.52792695648384
384, 94.92483540343115
390, 94.8792264573545
2954, 94.30826234274419
2957, 93.30560947363995
1534, 93.23016446447676
2073, 92.23208587659242
3412, 91.0120484505897
2955, 90.28046129101119
2943, 90.21509437617198
486, 88.88621163924577
2870, 88.52405033580017
2930, 88.35395625683864
391, 88.24715657300418
2873, 87.75694774320262
403, 87.18193342671645
2942, 85.81018920293936
2865, 85.53831683732231
1064, 83.87685310228456
1468, 83.1285034633374
516, 83.11219802271522
3145, 81.19300937560303
2867, 80.26253817637313
3411, 80.26226111529311
1862, 79.8651011549692
1264, 79.67374027329382
2012, 79.34662741314973
2739, 78.9579433077147
519, 75.42385034946888
1157, 75.42021467460293
493, 74.94136123483959
3121, 73.25281830474712
183, 70.48678355182557
3161, 68.97799929853245
1612, 66.06982605642287
