2276, 1403.4728715000322
2278, 1320.8330880753801
2419, 1210.12895287194
2352, 1140.0124697383005
1162, 1114.261510504672
2267, 1079.213427975286
1142, 1059.6271773988888
1521, 1025.3582969067807
2277, 991.1498745275871
1184, 965.2729646177299
1381, 925.1160789468468
1171, 917.8674947582545
914, 916.90087426201
1204, 909.6289744840958
1082, 905.3205839026591
74, 885.4900985874
2266, 867.3563289102697
1604, 864.4673963529538
2306, 855.8732475457008
143, 842.5344994731207
2307, 835.2508217404534
2272, 830.4803812454239
1177, 830.3444734455559
402, 828.8872348030064
2294, 824.1759779103337
46, 823.054016177348
2311, 818.4275713727905
2292, 818.0919773986644
2298, 811.2665151121795
47, 810.4096258922032
509, 808.1005221426043
1159, 804.3631473997389
1970, 801.3412046939503
2300, 800.7547365620958
82, 798.5695989532228
2024, 793.8013231010837
1249, 791.8473466322744
77, 787.8459579633668
51, 783.4512955941689
521, 778.7576585010314
1143, 778.3115624215864
1172, 777.8817824088209
100, 772.7017754546941
1963, 772.2875019385868
1203, 770.9654639245355
2019, 768.2318709879398
2291, 766.3163587994962
2271, 765.6915214838936
1517, 764.7356620623086
1166, 752.2512867156713
282, 747.5710886342434
1651, 746.0026391991923
1746, 743.4359040588924
2315, 741.5716498542482
2263, 739.4497908883942
425, 731.5778102360098
1132, 728.887801255752
1063, 728.2248398617301
3426, 726.5366360621089
2549, 720.2389884641444
1516, 719.7256754671018
440, 719.0817373576126
1205, 718.6519079764927
2297, 711.4143895743333
1771, 710.6911762475737
1256, 709.0122022366324
126, 707.700727758582
548, 706.1233674802249
193, 705.9432468935219
1854, 703.7644831543643
76, 702.2692540130072
1914, 701.8582921859661
1859, 700.6869694654828
424, 700.0235290142267
2039, 699.860939891299
1140, 698.5210578465421
885, 696.0727768907792
3179, 695.9068657913539
1161, 695.4216858522377
3040, 695.1540517370372
1102, 694.3598740299412
376, 691.6620849034294
407, 690.9999288618164
2733, 690.9717156126707
300, 690.7240457443324
1243, 690.0149612963097
1202, 689.984459452289
3259, 689.8034415583642
2965, 688.6822053503847
3305, 687.9110522474394
1187, 687.7689497406642
2386, 686.1529147300349
2348, 685.1252518839996
1647, 684.7130200716734
2381, 683.8277857199728
75, 682.9969881785889
671, 681.2815150029494
1084, 680.9737993209028
2820, 680.8208306902405
1058, 680.5276296806823
435, 679.1751027063068
1193, 678.914209856163
2825, 678.795528671567
3440, 677.6789819410766
85, 677.3261621284374
2404, 674.777602007091
1260, 674.5400731529727
956, 674.351245898783
1581, 674.2309183501885
3214, 674.1221495478165
607, 673.727487176507
2746, 672.6119202428889
3110, 671.1054899574334
173, 669.1739642432062
3403, 668.5421608332919
3419, 668.5117500625887
862, 666.9209275998064
1221, 666.6587743784264
3175, 666.5365688585706
123, 665.6805342820631
3194, 665.4886535587477
906, 665.2107373202765
1185, 664.1480627804117
37, 663.1890250597149
3447, 663.1395579646073
588, 662.400310493548
2034, 660.272455647855
2961, 659.7821837288272
2988, 659.7268724036762
189, 658.9847563932608
540, 656.0887908304794
861, 654.312041660571
676, 653.4746662020294
2666, 650.7409493715436
864, 650.1227935402683
2776, 649.9234019874323
534, 649.5690559175767
851, 648.7824956043744
1263, 648.6205236429878
3051, 647.8463212362857
1237, 647.4453267775773
680, 646.795148565273
3169, 646.2755972803992
208, 645.3235705846931
2507, 645.2606986997371
204, 644.8946628836491
608, 644.6506749591996
410, 644.6029232732951
2920, 644.4586716892404
3190, 643.8357309519831
3439, 643.789618819192
3151, 643.7569768069948
288, 643.3702083649475
124, 642.9118154618776
838, 642.7694668257557
168, 641.8608001371224
3435, 641.4620032141414
415, 641.0041036469797
2382, 640.9995346172318
583, 640.8161299683643
2817, 640.7842264233243
2029, 639.003763714423
3445, 638.7637486073984
2966, 637.6539671284237
1029, 637.4519656702407
3191, 637.4083409757775
2962, 637.3588897781522
2989, 637.3259955352416
1432, 637.3039920446715
3350, 637.0485073264607
447, 636.4527031214639
3315, 636.3853624772983
773, 636.315457496139
2310, 636.2836415669155
217, 636.2329787787868
3300, 636.1144103513858
35, 636.0041379286131
188, 635.8708309691626
3245, 635.7219610593255
3211, 635.269165673586
1770, 635.2634162383815
3433, 634.6660719156804
2045, 634.0521411946073
432, 633.7220061462319
2864, 633.5464528806547
3281, 632.8169274920624
860, 632.5330531639984
251, 631.730991272171
651, 631.620128081525
2025, 631.0891722102875
2343, 631.081909124256
1533, 630.9638224042444
3189, 630.9025139119934
2312, 630.5044958481636
1513, 630.4526770701623
2238, 629.2143614188097
2020, 629.044834987772
2987, 628.7028900230415
2749, 628.1351574947477
3336, 627.8788237793724
406, 627.4870929518648
3205, 627.443131239084
165, 626.9778577309971
2260, 626.9600643829552
2252, 626.1109017147791
650, 625.9893538996007
2109, 625.445764743303
2075, 625.3304443254981
206, 625.211518450899
1024, 625.0978393071014
2016, 624.845989706561
3083, 624.6989818397543
2224, 624.5108451401956
1239, 624.2279486297983
3213, 623.7297375362414
265, 623.0289694583171
87, 622.9577256552967
3432, 622.8978333035257
3401, 622.8401128303343
1111, 622.3797426211544
3404, 621.5775493570137
3162, 621.5627323105272
3285, 621.5483963865054
679, 621.4094398557397
2917, 620.6302828687144
3241, 620.5743487847767
3341, 618.9627906752148
294, 618.7240778642744
2088, 617.6707767006792
1200, 617.5435226340833
2013, 617.1299211729449
2645, 616.3945154364293
3172, 616.1133142264201
1995, 616.0568212237516
52, 615.677324078628
738, 615.2687053655867
1443, 614.508808285766
1235, 613.5946758353917
3348, 613.5097199954881
3176, 613.3440452552792
2032, 613.0067456120883
514, 612.6494053823175
1450, 612.2207666845406
1026, 611.9255171092606
3185, 611.8116407755751
3340, 611.8050972217198
3243, 611.3622339022442
3142, 611.1298951795802
3226, 611.0788092801702
3208, 610.926350923502
670, 610.6082615537194
1183, 610.5989378322753
2751, 610.5416217745327
2747, 610.4164393277085
1173, 610.1537865754882
1732, 609.9878631381964
881, 609.6867920410622
2076, 609.5974432607147
832, 609.5852604995412
1106, 609.0717225751976
3244, 608.9247507173345
404, 608.8558208924507
1720, 608.73122990405
2083, 608.605255373423
401, 608.3356468344443
1587, 608.2448460338511
1603, 608.1883490472749
2963, 608.1288050390065
186, 608.0799751984356
175, 607.9698529399635
1870, 607.6201592958545
428, 607.5851401307293
3304, 606.913561955891
1879, 606.4709319180241
1121, 606.2844027452794
3405, 606.2412547013483
3298, 606.011774076862
2030, 606.0040026735774
3178, 605.8050756046362
3128, 605.6638374413321
2288, 605.1444042264532
669, 604.8675356569814
3278, 604.8224955593337
677, 604.6177050421516
1686, 604.2390143306956
2302, 604.2262011467899
194, 603.9800795246044
1301, 603.6081173118241
2018, 603.5777861986071
1002, 603.3332501969522
2070, 602.7172186359153
1515, 602.0396277268245
169, 601.8097547412159
464, 601.711570572697
3197, 601.4477074330775
3424, 601.3786651419898
408, 600.6982465604141
859, 600.5411754428732
1066, 600.4201992649786
3159, 600.3517931229776
380, 599.9192891805717
34, 599.6082159731068
613, 599.57430639307
2985, 599.0077510271609
1124, 598.9970816454547
642, 598.9883012697068
147, 598.2526803693149
611, 597.8518140973371
1756, 597.7113239210532
1669, 597.4757314289384
3057, 597.4515818806899
3210, 597.3540817823878
2091, 597.3056607460934
207, 596.786841177007
2757, 596.7865052712006
2742, 596.7528705109155
1258, 596.7343971625985
1666, 596.6601497809341
3312, 596.393761236223
200, 596.1187960314297
3114, 595.6017096799396
3056, 595.5509097793566
3246, 595.5103681324989
3274, 595.3114659191871
3173, 595.2551354188889
3174, 595.027939486034
3093, 594.9638840899045
1997, 594.8360758888506
2407, 594.6281279737615
555, 594.4934922405299
130, 594.281487858016
2309, 594.2554317193232
2641, 594.2264706969484
2003, 594.1972994789063
2059, 594.1841135034994
1444, 594.1033949882346
557, 594.039419288926
757, 594.022376976741
580, 593.9259044635185
1077, 593.5344386090226
378, 593.3289034794749
1090, 593.2663988573823
655, 592.7722400469968
2773, 591.9295591380488
895, 591.8118412722234
3203, 591.744547323996
678, 591.6266950597513
619, 591.3193520308756
2104, 591.0281110872659
2380, 591.0001741132472
3065, 590.9866151120146
654, 590.9862893477116
3370, 590.8555411058375
2103, 590.3084384254117
1893, 589.8927517105514
816, 589.8145190359298
2454, 589.7799470845023
3292, 589.6229645430865
1248, 589.5417541040182
1252, 589.4031909250282
2723, 589.2028791614317
433, 588.7505253157317
2795, 588.7497241172337
2285, 588.5811231073047
219, 588.2891337803284
539, 587.7481013122991
3059, 587.7071392706439
3171, 587.5687314547781
483, 587.4251141959069
3039, 587.2519202191958
280, 587.2347944327132
3202, 586.9482080228023
467, 586.8870004419657
1880, 586.8156915549564
515, 586.6765833734959
2764, 586.3315692767702
222, 585.6146100550233
134, 585.3930956671181
3287, 585.2916162089123
2314, 584.6941017745277
3443, 584.6357121674996
3293, 584.4381717595534
372, 584.3687859741647
1033, 584.3532336242916
3041, 584.2606837157592
1964, 584.1571108528409
1624, 584.0886877696106
1434, 583.9333287381414
1433, 583.9333287381414
429, 583.7705599972955
663, 583.6707009819918
3227, 583.6596740070237
3277, 583.4268883887332
335, 583.4088183903705
3380, 583.2052319043155
303, 582.6900076919278
53, 582.6774475110398
2086, 582.5391452564218
2491, 582.4358873303767
2823, 582.3080034845771
1087, 582.1381247918163
3098, 582.0542585286986
1971, 581.9182783597844
2483, 581.5508908865185
685, 581.5293897388767
298, 581.4932698814233
562, 581.1911804475914
1968, 581.1803330621523
3275, 580.7709944817027
733, 580.3988326796161
3084, 580.2983185174352
152, 580.2052685917722
546, 579.9974348086822
2793, 579.9572958846519
1585, 579.5676351047792
1238, 579.4355872196475
1680, 579.0995159406564
3182, 578.7997872140853
3062, 578.7631363885038
1738, 578.7439018957328
2766, 578.285399812052
731, 578.024105789421
214, 577.9896958207181
170, 577.8636018013534
3284, 577.8560465355899
174, 577.3466421850654
1466, 577.3124975070417
1060, 577.2453068074811
2986, 577.240201868119
3423, 577.2396842860924
3297, 576.2733072191006
3289, 575.902395258056
3163, 575.9006533761659
1993, 575.7942723682563
3352, 575.399084989906
2296, 575.3918255453682
3004, 575.3404078303936
1144, 575.299745923105
2026, 575.2762004136532
427, 575.1585879880402
2951, 575.0938462362496
1085, 575.0547458940077
2758, 574.8340423033277
2027, 574.7847356770826
3079, 574.0155227486495
3092, 573.4882232342527
3206, 573.4724337616836
1105, 573.4657040768101
392, 573.439525700972
3167, 572.9917599809834
3042, 572.9826506380975
482, 572.8219850048876
1215, 572.6906607600336
3200, 572.5689723369626
3184, 572.5440995904826
3212, 572.4136308862387
2265, 572.098307066926
3382, 572.0537876978892
2807, 571.950892901897
1718, 571.853371409077
1811, 571.6963935118007
2741, 571.4163975000172
2078, 571.0426035602588
1259, 571.0185542794868
1874, 570.9813979476259
2721, 570.8811368024327
1439, 570.8228446499679
293, 570.7276182974337
2786, 570.6390118213634
2005, 570.4978134591954
556, 570.2007471654221
532, 569.9956761362466
3402, 569.848920536167
3209, 569.6315876438543
3239, 569.4324731300137
3133, 569.357293399823
2630, 569.1996095740845
1690, 569.1430698890337
2053, 568.8187323137438
3072, 568.3927267045394
3107, 568.3729906912538
3170, 568.1679643182179
3186, 568.101295842873
178, 568.0648065533828
2755, 567.3598980760008
3095, 567.2231212055813
2223, 567.2110808387073
3144, 567.1356926644427
3089, 567.1204308223905
1247, 566.8155177865693
2508, 566.7753068260636
3436, 566.4835572730253
643, 566.4421018564202
2048, 566.2207672801181
2784, 565.7838787106937
98, 565.6710063674776
2290, 565.4073491305132
302, 565.3748402483116
1894, 565.227722821876
1707, 565.0464386831408
563, 564.9210124623519
1299, 564.8637454603006
3331, 564.8624528794627
480, 564.7430916311489
1966, 564.6611076457517
1100, 564.6024155090213
148, 564.5131237515153
211, 564.5037887648394
2736, 564.0942228496735
1725, 563.5729525322199
531, 563.3513406602651
1075, 563.3303763989117
142, 563.3264334266252
748, 563.1975049474959
1685, 562.9085708722185
3147, 562.9040753969535
1912, 562.901815938335
2022, 562.8548252886009
3077, 562.7530568726007
84, 562.6855068385327
3294, 562.5453605203027
485, 562.3440209167642
2055, 562.1944530213012
1858, 562.1724071969908
3204, 561.8122211463632
1722, 561.7894950555205
2722, 561.6845522588468
582, 561.6596727378877
3199, 561.2536715470962
2015, 561.1588381397581
1978, 561.1551905930768
1098, 561.1035093346901
737, 560.9946053846176
1688, 560.7234648054113
2548, 560.4317938221355
254, 560.2670783940057
449, 560.1195904550261
1244, 560.0908828727133
1583, 559.7748720011217
518, 559.7285131582533
3071, 559.646698239869
2788, 559.53628458853
329, 559.4735170901935
1717, 559.0789039323342
2424, 559.008107804658
3389, 558.8958339744836
379, 558.7163736032937
3134, 558.5114976310607
2385, 558.4787251062224
1687, 558.437180996133
157, 558.2544133214665
397, 558.0635083227412
1130, 557.568790307304
1179, 557.5132780061361
2279, 557.2163194543974
1913, 556.6571308697903
1742, 556.6148450301796
2983, 556.3384907411497
3069, 556.2871280363905
3369, 556.2450307701274
2152, 555.8499772059822
3155, 555.7999686686661
2473, 555.7718296585717
368, 555.4571666654286
3317, 555.0390238440368
141, 554.8223683212418
468, 554.2533909458949
649, 554.1613428943941
451, 553.9241708080948
3118, 553.904679043196
1877, 553.4979897484288
2745, 553.1436030627144
2808, 552.7378714160861
1232, 552.6985254069914
2004, 552.6952671996775
913, 552.5235260558402
2737, 552.4433459278209
3353, 551.9114760225801
2779, 551.6864971347742
2803, 551.6801559015626
1758, 551.4275077199758
1627, 550.9295441535501
423, 550.7600031612953
2524, 550.2411393258689
3354, 550.0847634306434
2790, 549.8936661087154
551, 549.7656616720553
45, 549.7278222047884
3395, 549.653820676297
198, 549.3087319811673
699, 549.2279834408014
2777, 549.1999547683347
2690, 549.077075642621
3120, 548.8723130412053
732, 548.8239866106256
479, 548.7809172622177
3032, 548.4719398189277
3434, 548.4652981594522
3418, 548.0034608139381
79, 547.7611626243546
44, 547.4168459098844
381, 547.0008853212976
2021, 546.9561032622407
220, 546.9263589562432
2108, 546.7005559919259
334, 546.6922926723357
1625, 546.4664749644501
734, 546.4072324478662
2712, 546.0712094426707
3373, 546.0433392667686
3150, 545.228488867569
1456, 545.1966215041753
3379, 545.1771612901342
2011, 545.1539172845804
1853, 544.8925357868645
2810, 544.5793978607941
365, 544.4031801502371
496, 544.3479116446399
3437, 544.3458757606514
3276, 544.2396321208253
2100, 544.1373181758466
2688, 543.932523105691
3421, 543.9033837504113
1597, 543.8857217989166
1991, 543.8579860561218
3166, 543.7782104742606
140, 543.6773558771777
3302, 543.5782411224682
3058, 543.4232203741722
2106, 543.4136135629141
1086, 543.1114267171432
3050, 543.0824274677193
736, 542.9889178857619
1866, 542.9070479342131
1910, 542.8184915901224
1083, 542.1462220359498
2337, 542.0934329105803
2566, 542.0835630823625
1228, 541.9402538434656
163, 541.8397035382762
512, 541.7726027457879
3146, 541.6539961101889
1975, 541.5682086427065
458, 541.5571634308583
88, 541.2776073931062
215, 541.1750552796464
3314, 540.6390709073721
535, 540.6153157208811
2102, 540.5960763381407
1740, 540.5298666658882
3381, 540.0287459021201
2789, 539.8607942952507
2389, 539.7679460200482
2744, 539.6801973831276
331, 539.6481306730553
2559, 539.6155239626133
1642, 539.5565986726888
966, 539.5372218242534
1851, 539.4953507649896
250, 539.4830050168677
2513, 539.370933716498
56, 539.2831201114844
3101, 538.9835446362414
202, 538.9814373876935
471, 538.9032673582487
71, 538.6586519611942
3135, 538.588368261786
2286, 538.4541791863569
2981, 538.4135897816489
1129, 538.2854106128386
180, 538.1877267115683
3444, 538.1251003129088
1072, 537.9080114326875
3264, 537.7245420119069
3168, 537.6829565770906
2505, 537.6616533099483
127, 537.6473195378453
1865, 537.6065640222183
3385, 537.3616867438307
3149, 537.0823879505618
2651, 536.9415355482219
1218, 536.8797443410783
1646, 536.3504312072276
495, 536.2414378526582
389, 536.1303408995825
2071, 536.0685683671044
1715, 535.8671597521643
162, 535.839272436646
439, 535.6674693982054
3143, 535.6493863390793
1199, 535.2187785113354
2734, 535.2175422890026
2624, 534.9400892302633
863, 534.8819265873401
1174, 534.5334705085609
3070, 534.186297627925
2002, 533.9905074851647
3371, 533.9225659918761
2816, 533.8727204181669
203, 533.6934408127809
2791, 533.6578993084772
1755, 533.5644656330551
1043, 533.3702928192578
119, 533.3192699182994
2442, 533.2323331708885
1600, 533.1905582460092
1695, 533.1562760400697
3049, 533.1507727796221
2774, 532.9863587230543
150, 532.832864823292
2653, 532.5461545176817
2069, 532.5355286152353
1682, 532.4344792934397
297, 532.245982472454
2767, 532.159763796822
2720, 532.0077681638614
291, 531.7193928557085
554, 531.7043051444374
1145, 531.6738467234776
3407, 531.6527159072751
1147, 531.4993993336212
634, 531.4538359463018
213, 531.3647695322821
274, 531.3591996509705
1677, 530.9826084598254
1729, 530.8586864382974
1262, 530.5412274270126
1032, 530.421069828588
414, 529.9785918006056
171, 529.9208260988663
1031, 529.9032077467771
398, 529.8925867727567
3283, 529.5927497390752
2759, 529.4912582574193
289, 529.4111415270665
3148, 529.3403758539238
36, 529.1583043178468
2203, 529.0934552409898
470, 529.0205255726346
191, 528.9741629750507
965, 528.907589715054
513, 528.4349199398671
1430, 528.3129628165375
1230, 528.1574278403467
139, 528.1528425506849
2964, 528.138702620043
1736, 528.0646430436007
57, 528.0628806827106
1231, 528.0498877336177
2768, 527.9295625781646
399, 527.7931710202464
2408, 527.7518779095493
3063, 527.6744714559554
145, 527.15758752466
1675, 526.7644616031795
2748, 526.4937433031655
3378, 526.473035985354
2979, 526.4727520924508
1726, 526.3393941578443
1708, 526.1505638008845
3247, 526.0993320318292
3393, 525.9472065058093
146, 525.6130268341059
2338, 525.3667912512951
409, 524.9887806642713
1979, 524.9366276555269
3129, 524.7070330977616
1245, 524.532306021145
1867, 524.4266098821801
2391, 524.4245491237303
3306, 524.0469678172548
328, 523.9951336338045
820, 523.9080827089257
3192, 523.8103783855372
2394, 523.6730912250774
237, 523.4546116116754
626, 523.3495444658784
3066, 523.167076873737
1641, 523.1273512818151
1714, 523.0762681879912
228, 523.0198108128016
3303, 522.9354725381871
2099, 522.9066243127592
2863, 522.8251804081912
158, 522.2384901212356
326, 522.0690684819039
1611, 521.9969056426851
2033, 521.8360642571395
1849, 521.3564404143891
441, 521.2369041135346
475, 521.2359837812596
3413, 521.1991989125011
43, 521.0531696882103
216, 521.0251423296934
129, 520.8886212105903
1871, 520.2131204431673
437, 520.1886662825716
456, 520.1421933097539
3082, 519.958778404555
2269, 519.9030942115888
1848, 519.7106344197438
3386, 519.449144727269
2287, 519.3691437386033
455, 519.2300524747275
3396, 518.9707243081007
3181, 518.9635711438007
1169, 518.8751097975345
2696, 518.6007301176214
2705, 518.3159050768079
333, 518.2767761004554
1226, 518.13612458186
1233, 517.9072665096138
2607, 517.8819639731438
466, 517.8131605886653
2553, 517.5287197432639
473, 517.501165436034
3324, 517.3963938499594
1875, 517.3410590538007
412, 517.3236731422708
494, 517.2014649633547
176, 517.0535835281572
2093, 517.0324083290952
3384, 516.711453015556
1089, 516.2890056399161
3187, 516.1398828074513
50, 515.9471419117951
227, 515.6067433756291
1035, 515.4993404443775
2811, 515.4272185111114
478, 515.2769592621252
2303, 515.1449167600069
1973, 515.054914009728
957, 515.0360807995803
1584, 514.9590405850564
852, 514.9282356933356
1980, 514.84408280072
136, 514.784492549181
2694, 514.7200037297558
1911, 514.6562979498816
58, 514.355040277297
1429, 514.2815537288578
281, 514.1532599896451
523, 513.959404602512
2558, 513.9591757893971
430, 513.8930279087788
132, 513.8868607072417
2610, 513.7735441382358
1850, 513.5701305137235
2546, 513.2376542253523
2785, 513.1326864858859
3290, 513.0629414926439
2497, 512.5685661449905
1630, 512.4317871072167
501, 512.3710252657679
3090, 512.2594331772174
1744, 512.0747815544272
283, 512.0735844386744
460, 511.6503217814818
3054, 511.60588281550275
1076, 511.1436247123889
284, 511.01100478329164
2274, 510.78798038205946
1119, 510.47593733605606
2794, 510.40382847898945
2280, 509.52375481098403
2772, 509.474043864336
1117, 509.3914704701809
1994, 509.24096283319307
1448, 509.16043551387713
1040, 509.02516975245084
1122, 508.89891119810943
2257, 508.7742073033086
538, 508.6215021890617
452, 508.61239181548086
2969, 508.348612526306
3299, 508.1966333643645
488, 508.18291390786464
2101, 508.1281868109951
3279, 508.1034839326961
3196, 507.9990580486169
1610, 507.91486733103505
181, 507.6825977871085
159, 507.52971796155265
3010, 507.5134645479407
2261, 507.355286843631
2735, 506.6960908880531
2754, 506.6632648244921
2783, 506.62311053784015
296, 506.3754325653534
2656, 506.2164775519546
272, 506.20767080923775
1752, 506.08731355891
42, 505.83417855161434
3055, 505.5549149856343
2781, 505.4863882671316
3362, 505.39572530962647
1214, 505.353359689807
2050, 505.1288110314388
275, 505.01124513514986
2608, 504.2694019721102
1212, 504.0327886821498
1041, 503.9807019016162
1154, 503.80663494157074
3347, 503.76150475687695
1234, 503.7386078554791
385, 503.70020727585495
1209, 503.4819496159201
2782, 503.3550332969909
2571, 503.04221382265473
1110, 502.7988323331708
2792, 502.7262304879525
2740, 502.46843319845664
681, 502.3136569284825
1042, 502.1296848440214
457, 501.9690157531239
530, 501.9526551536281
3046, 501.913571149217
561, 501.87661343955034
1731, 501.8558546068483
2240, 501.7114469112371
1626, 501.59031559839764
199, 501.50861810692857
1711, 501.3289286823399
2006, 501.30271785173875
1027, 501.0403797928568
2041, 500.97317023061186
2301, 500.8735105304103
448, 500.57588965435406
2098, 500.483536953774
2218, 500.1767463398281
3255, 499.8569765886488
1705, 499.6568041427711
1698, 499.5063698059213
3183, 499.4128889557363
266, 499.25903463758436
912, 499.2501208671054
377, 499.17614166901444
3425, 498.63696054251716
2393, 498.6305082216453
164, 498.41323393236047
3123, 498.2430300102392
3383, 498.1426122384629
3061, 498.12648858772616
2968, 498.10323247782725
3334, 498.02952928245946
3064, 497.9617228145241
3086, 497.79502737999576
2658, 497.7715106401268
299, 497.74456205810264
2379, 497.68720973787674
3441, 497.4530283912918
3108, 497.35421599253675
1094, 497.23463156914397
3080, 497.14712815885963
454, 496.8129739466172
505, 496.15995516249365
336, 495.61076182332977
295, 495.437665365492
2824, 495.41897337478076
2562, 495.33642458504823
3420, 494.9807226991654
537, 494.8712939885915
400, 494.7372072156033
221, 494.71261567994577
1710, 494.6814028700914
1030, 494.32681847933827
156, 493.6332175027928
2652, 493.5389424033105
453, 493.43825272248006
2244, 493.21243076146493
332, 492.8247464695149
128, 492.787914390677
1672, 492.580950939053
3339, 492.4187109666208
3248, 492.37995759553047
1113, 491.8920504121786
3410, 491.80253790627245
2008, 491.7073496186277
1451, 491.69941672387426
481, 491.62777706833464
1676, 491.27364559815163
2948, 490.74730035236195
3327, 490.6919564990394
3198, 490.6570536541979
2657, 490.59868276463646
1141, 490.44448847332717
2756, 490.18388282729296
386, 490.1675416443766
1678, 490.12550898873997
2525, 489.845259468155
3105, 489.46441384616554
3111, 488.85475197844517
3207, 488.3966761059911
330, 488.35318374897406
3006, 488.0596519212726
1126, 487.7694591018749
155, 487.5866985615457
2780, 487.5718492300962
647, 487.39560933100927
2646, 487.2127454349155
547, 486.95983367299954
1868, 486.8889241834929
2388, 486.8649906289198
550, 486.77485419427035
1607, 486.70615827844506
1437, 486.65094734891096
1074, 486.5353976283411
3225, 486.45265155394895
2818, 486.40775485008857
1892, 486.18025130434717
3332, 486.06449388361114
1028, 486.0221349036619
1241, 485.65676551378556
3130, 485.4837529011187
3408, 485.03499288793506
2056, 484.85756690059367
2671, 484.71325371774304
21, 484.6948899730477
1631, 484.2022949018511
3280, 484.1807408468236
395, 483.9893996304241
2305, 483.79616835996325
48, 483.4548949046685
445, 482.9393516582662
1644, 482.8102579921137
1659, 482.7314057439153
3388, 482.2041092267042
2387, 482.0323061743133
476, 481.66378384628507
1463, 481.58846286271387
153, 481.5788620675339
2710, 481.55482301362036
373, 481.32596793358147
80, 481.2101529214136
3073, 481.1783055674124
503, 480.96375413186223
2697, 480.95338050274097
3415, 480.39944132708524
3409, 480.16381305631535
3316, 479.8850959225071
1071, 479.8112251562306
2650, 479.1225004203064
1057, 479.0491009817283
2398, 478.728174378708
2958, 478.3096152189515
2258, 478.0474213244563
1590, 478.0153786402632
2812, 477.92900618876956
3099, 477.2434632667582
2738, 477.17780377323174
544, 477.03205522619567
2668, 476.9345700168309
1743, 476.92291720780497
1206, 476.8890625186165
41, 476.82728390285644
1748, 476.8034909824158
2017, 476.73035011139433
2527, 476.55280232327885
1703, 476.3696249508849
3333, 476.00731612642704
1761, 475.94357142653826
1721, 475.89093653673825
3286, 475.38802834284644
1088, 475.25227129339083
279, 474.63364705808306
1219, 474.16211797119973
1967, 474.04910519992114
2574, 473.66585656587
1891, 473.538901475482
1175, 473.0611808993443
276, 473.02459044217375
444, 472.9412781299732
225, 472.881340884201
1459, 472.30854880928183
1128, 472.06175686217574
1442, 471.776050989446
1445, 471.38755618743886
3125, 471.1654155066949
487, 471.04483930432986
3265, 470.98529498759683
426, 470.9572211576303
2802, 470.93943142112016
1139, 470.66693614176097
197, 470.59767183942085
2601, 470.5239183371742
161, 470.38354993069856
2111, 470.0223654173272
2096, 470.0223654173272
2353, 470.0072385653735
1735, 469.9310675711268
2622, 469.82658275428406
443, 469.5631504771703
2819, 469.47018480504926
2649, 469.41744414349733
491, 469.38029596381733
3429, 468.1918256509221
1104, 467.92318612183914
2990, 467.4219168049078
1182, 467.4198879976182
2413, 467.2628888734849
2973, 467.2323606871135
2635, 467.14924237033244
3318, 467.10919554802746
3139, 467.02590981544364
3020, 466.9822678431937
1115, 466.652557791914
2763, 466.4226154111156
3372, 466.36580141147454
2814, 466.33448637226417
2486, 466.30693227149055
40, 466.2171554007056
3097, 466.1938302823231
2640, 466.1492841426313
263, 466.12264171782584
3442, 466.08839000617473
264, 465.9151012369613
137, 465.7862068006244
2568, 465.64535850425824
1961, 465.5460730048656
2, 465.3057126522726
54, 465.1851613462084
1745, 464.7130418043288
2009, 464.53129301903357
2105, 464.5011271311194
2014, 464.46380438883875
2466, 464.4124647139715
1148, 464.36649762851175
212, 463.86041934437003
3078, 463.52746206180996
2561, 463.5262319586701
1873, 463.50017431706766
2217, 463.4885549909388
1692, 463.3820355328196
39, 463.28632565478085
1869, 463.2600096282074
3201, 462.8300258015197
2572, 462.82244723455966
549, 462.28623574637317
73, 462.23377936622427
106, 462.20651355665706
382, 462.13387827964385
1700, 461.90793459775705
3291, 461.7036575317072
1112, 461.6123367632877
1701, 461.30183662309145
1170, 461.2981520770499
3106, 461.0185464687786
3323, 460.93597441107084
2853, 460.8645540720034
2862, 460.5651700158642
469, 460.4783386167888
2683, 460.46784753182675
1699, 460.33751648347663
1236, 460.33201200759635
1181, 460.2487751471528
3288, 460.2420618931028
210, 460.1368218639973
172, 460.0481881049917
2536, 459.7871084911367
2390, 459.7655589362657
1096, 458.96703689251177
99, 458.91971239623047
1739, 458.91164137934584
1025, 458.71883882255827
3153, 458.6925351478055
1974, 458.6354762863838
2110, 458.6199480872979
2563, 458.4852000371796
1069, 457.9500110830575
3005, 457.42902999768523
2715, 457.38553979292413
2068, 457.21087397543357
2589, 457.02874235533454
2587, 456.87613163462635
2304, 456.76994476507406
1730, 456.6989513372895
105, 456.6029411439698
1941, 456.5243149996085
287, 456.52255909374225
2268, 456.3704497630745
3136, 456.27884113263264
552, 456.0517083664012
1149, 456.02990281511467
446, 455.98171707941424
1160, 455.6531505500179
2959, 455.4802490866855
3112, 455.4366786170422
1741, 455.33402814018876
462, 454.76451944691865
1860, 454.76021698214583
1091, 454.70107877392667
1712, 454.70040286636726
218, 454.69493249219573
2289, 454.6861355650877
2514, 454.6523750863011
1733, 454.4354721605347
2293, 454.4270551626595
2686, 454.3562508135938
2259, 454.21947842576367
1461, 454.1436373739361
1684, 453.560987825336
262, 453.5512526992385
2753, 453.5033606330305
1716, 453.2984064600734
1114, 453.27691676135936
502, 453.21509388013294
3416, 452.97641537126185
2919, 452.50471766719255
1643, 452.3169024781832
504, 452.1182548118439
151, 452.09465560117604
2340, 452.0092809415893
1671, 451.9595840264012
1633, 451.94999186857166
3366, 451.9118469360483
19, 451.58307144627645
1665, 451.08215230635176
1852, 450.9889717682327
3295, 450.91419766567583
450, 450.2222818225111
3394, 449.5644848039665
3047, 449.5418109328548
1876, 448.5516820053782
542, 448.53856374393035
2485, 448.4798093612822
1670, 447.93790446910793
1704, 447.4397542806276
2604, 447.2777450675096
2397, 447.22215436580666
1531, 446.6656575548327
2583, 446.59326889609684
195, 446.3820497387416
3351, 446.3435130125587
1449, 446.3268380908875
2730, 446.26991502856697
91, 445.8744457192785
131, 445.6773746715939
2347, 445.5828170321318
2273, 445.5101444687443
3322, 445.40054056118623
431, 445.3558754260271
2283, 445.26042363076925
2726, 444.68696227508264
1754, 444.5649561850148
3311, 444.3603625122696
1208, 444.2911218432605
3254, 444.22174657577216
92, 444.0817293576471
1681, 444.05150167546697
1872, 443.1991325275996
2383, 443.14682284898856
388, 443.0810219027411
1596, 443.04112347342914
506, 443.03250918686706
2677, 442.96911737872523
1629, 442.0674319739679
1727, 441.654871442244
3232, 441.5339176721965
278, 441.46548179335184
1650, 441.21467925365664
3021, 440.9529236189387
1679, 440.8857745341885
20, 440.28841811353016
1586, 440.0571613526896
1099, 439.6924495530534
1668, 439.6582739180991
3367, 439.61308982303166
1254, 439.2512762843021
1067, 439.221586301015
1196, 438.82773203609804
201, 438.74103497764764
177, 438.5971482356762
543, 438.36940898788333
120, 438.36624261633006
1462, 438.3395079931098
2978, 438.30627063027976
3028, 438.0529435831252
1229, 437.72386578582575
3399, 437.5838377351479
2212, 437.39669087746154
2580, 437.2147146587152
3119, 437.03807531127075
396, 436.9419842239754
411, 436.82514832482855
3048, 436.74647745736013
1734, 436.6992591561781
375, 436.37625214744565
1857, 436.23317420311196
1747, 436.06625886893926
1253, 435.31686798565903
383, 435.2734148476773
2918, 435.1940617314678
2575, 435.10507824356637
1724, 435.09986343428693
1773, 435.05640619141866
2528, 434.9764214104411
2520, 434.5269442926662
2451, 434.25700765010134
463, 434.03567216922363
1176, 433.94950367341715
1213, 433.86050650226144
2461, 433.8384745039066
1447, 433.67600055813153
2179, 433.6153008329979
2769, 433.303735212932
1706, 433.2860820185337
1649, 433.18380830493714
3342, 433.130949557958
2453, 433.1237551324544
2417, 433.03232911527545
1645, 432.78016657112937
1257, 432.20506800794624
2533, 431.85042088784155
2975, 431.63002194858433
2974, 431.63002194858433
2813, 431.544589040657
508, 431.38413019934524
2620, 431.09478166168407
2717, 430.704279942349
536, 430.13114532477425
61, 429.9992499764453
2778, 429.6738251282407
3003, 429.3729702773405
1628, 429.24803361529473
252, 429.0867073337816
1188, 428.98391829108743
3132, 428.89903757278955
1047, 428.8219884185795
261, 428.6227832335976
3375, 428.6128767209944
1593, 428.3659435162716
1133, 428.19053996237227
497, 427.87561447535154
1639, 427.7946084850529
2087, 427.76355098895067
2592, 427.7463104316798
2354, 427.3704077466215
3131, 426.53922273717916
138, 426.30849377057154
1691, 426.00004613742755
1201, 425.96410382229124
474, 425.869398265092
2612, 425.7582837141947
2308, 425.6214629525943
3335, 425.55559965268355
3377, 424.8864288283384
1242, 424.58313836719486
1246, 424.5715684599609
1637, 424.48979060545486
2080, 424.21120887657787
2616, 424.1330480221541
3117, 423.90709422972793
1136, 423.86934284292
154, 423.74112242580503
3231, 423.60969320832896
1608, 423.60359317978975
2339, 423.3177018023654
1759, 423.16085755904913
1195, 422.75439308544884
1101, 422.74448166999326
110, 422.55959332129316
1728, 421.8078498135918
1137, 421.7499491763612
2752, 421.56483694098495
2065, 421.5441565539185
3258, 421.511803638841
1163, 420.8761632747381
2603, 420.7917534642479
2239, 420.4685530030039
2597, 420.2942258735165
1168, 419.52542612286203
2695, 419.4528790688762
1217, 419.1129838616895
520, 418.8779396202656
149, 418.64480085849294
2449, 418.5171993372185
2475, 418.2588105026775
3398, 417.98395114523953
2396, 417.8956847458873
2456, 417.77077609216775
1502, 417.6169537931789
1589, 417.47717421777156
3430, 417.4432515521366
1760, 417.37301071446444
337, 417.36834103870945
2623, 417.2323455700751
1749, 417.2130295128233
1753, 417.20342299745687
1261, 417.01630420543296
2606, 416.78031782884875
3102, 416.70669267852634
3195, 415.82511203859224
1657, 415.75621625937043
3094, 415.641075912181
1514, 415.4475681887945
2765, 415.2989009016695
1697, 415.11734507771416
2798, 414.96845642695666
1438, 414.9452803198309
1674, 414.32708054749446
1656, 414.2791021724245
1751, 413.919533741603
2681, 413.6778980781173
1431, 412.7067115402811
3141, 412.65755602264846
1250, 412.6095419102748
1167, 412.25261196493415
1636, 412.2243830810351
3115, 412.1587951808916
2392, 412.0418014944386
1648, 411.95850081871623
2235, 411.9564665249609
2621, 411.8963579965079
2493, 410.9019479617016
2350, 410.61524014238745
1856, 410.5703086695811
1855, 410.43613899455534
3154, 410.3458541979075
2167, 410.264872047962
1464, 409.55305462201983
2412, 409.4947841359468
1702, 409.4526646184615
2543, 408.86331377835967
2821, 408.54140266651837
3397, 408.5378349708845
2648, 408.3252756569232
2611, 408.2403319365915
62, 407.20142949948007
1750, 406.9072295677922
2094, 406.1913023514318
38, 405.9647479895889
2586, 405.21160519475467
3007, 404.9039798682556
3330, 404.75984323655535
3400, 404.67050700490495
2204, 404.6694717043311
2282, 404.48302798795476
1662, 404.4031215718383
2185, 404.2235596881957
1197, 404.1944891285098
2605, 403.79053398154673
2295, 403.7187663438166
2703, 403.7166564822632
1689, 403.53063295243635
3160, 403.4850391627462
2809, 403.0315831502718
541, 403.00222218403735
2982, 402.673095858552
2184, 402.39880912165586
2484, 402.3949843751252
533, 401.98376498057524
1107, 401.822120295672
205, 401.60128584164545
89, 401.55682961715956
3158, 401.48149484387557
2226, 401.43083294298265
2249, 401.4156551523623
2655, 401.38427506373387
1696, 400.8205763136475
1095, 400.4675672060966
1131, 400.4567833410664
2550, 400.2620713933045
2984, 400.0510609485431
2654, 399.7987192788633
1667, 399.7508001296685
196, 399.5676922903193
2564, 399.22857960906987
2299, 399.0134329275239
2023, 398.9744475660328
1125, 398.8749743458263
2139, 398.5245790059611
192, 398.4703800178863
3313, 398.07229574659164
3076, 397.8726119987203
545, 397.5652614221603
1530, 397.38701765904096
121, 397.3502995098222
2692, 397.3040040828282
2496, 397.2376931538815
2462, 397.22607842097136
209, 397.108667127238
405, 397.0845291031646
2534, 396.9939474513654
1186, 396.94463841795744
2177, 396.7860760724513
1138, 396.7218373442682
113, 396.2960113701666
2492, 395.94189562500594
3081, 395.78159992697954
1097, 395.7510756007001
1127, 395.6712515846919
1635, 395.2906526211268
3103, 395.1077988658867
553, 395.0536712968444
3427, 394.9572325794072
1223, 394.77913291992536
499, 394.40315847597145
2980, 394.171506196468
1059, 394.1703810656669
3124, 394.15470862928447
1251, 394.1490931483614
2797, 394.06053757797025
3338, 394.00852840294425
2345, 393.9780050147162
2673, 393.7282461724297
1446, 393.56063513126435
125, 392.9923483305673
2600, 392.9751696041042
2455, 392.9471284402363
2346, 392.6198071338161
1078, 392.34638767571306
2960, 392.04568049909506
2264, 392.00317547926466
3414, 391.63091761920487
2028, 391.523550472593
2665, 391.4198231780893
1135, 391.3289132985105
2498, 391.25143667100406
3053, 390.95574889059174
3180, 390.94543324043815
1070, 390.6916552093782
55, 390.3423519268204
1737, 390.2965247033891
2421, 390.15929379836854
3262, 389.5953013095406
1465, 389.5711724753235
1146, 389.44033995631264
2976, 389.3609703465442
2531, 389.02226681459786
1998, 388.99811746403714
114, 388.282385588924
1240, 388.2555847604476
3296, 388.17100916884004
2341, 388.0492889975802
1436, 387.9801207946293
104, 387.57914342505353
394, 387.4962460370497
1452, 386.6402615428804
2342, 386.5124096228997
2644, 386.36074417777047
3019, 386.3052097163179
2822, 386.0819059962028
1881, 386.01179451804956
1683, 385.9501593494982
1227, 385.94692796660615
2716, 385.69917023250935
2693, 385.6088803031137
3067, 385.41226986333754
1298, 385.30578071125376
472, 385.1565642236457
2479, 385.03627572267374
2344, 384.8921780141443
2679, 384.5191623400573
3113, 384.2247397215815
1960, 383.74462479747314
3193, 383.6527642051288
2349, 383.4220987998008
2490, 383.1675288058075
3087, 383.02225540178745
135, 382.9244705192033
3251, 382.87983138966166
2538, 382.61988700105724
3074, 382.2119922746025
2704, 381.8889503242876
2762, 381.67654780634973
2626, 381.64515600028045
304, 381.57324870637495
3355, 381.44591404280493
2411, 381.0961754243395
78, 380.9203141921106
2519, 380.91563485597067
3260, 380.6166078616471
2452, 380.5401138859434
2506, 380.4771969355134
2313, 380.3137648293719
2464, 379.55108892661553
1194, 379.37826359454994
3091, 379.36663531514336
2570, 378.7562791447122
3116, 378.7173193816759
3422, 378.60462875093253
3157, 378.5744866927493
2700, 378.4326569636013
3261, 378.2436138074777
498, 377.86003551231886
1155, 377.704421101678
3109, 377.6638621109584
3390, 377.61366189712805
3152, 377.27040083516727
2967, 377.2685340598773
2079, 377.06302048176747
2815, 376.9127411886935
160, 376.6930035948261
133, 376.58817558054056
2869, 376.5592914608888
3088, 376.46576008281806
15, 375.9277313765157
2687, 375.81833641467483
1045, 375.5709011786163
3337, 375.31302458971203
3104, 375.2795259122165
3096, 375.18780941218824
1198, 374.6497062390532
492, 374.3192991077392
1123, 374.2513261781943
1435, 373.59376313805063
3344, 373.5667398329609
2760, 373.52130843149706
2284, 372.9346740038235
2713, 372.6745767254796
1655, 372.66916843796577
2638, 372.63178470588224
2632, 372.5855184800777
2007, 372.47739677169807
3361, 372.3460469644595
3127, 371.86980362900727
2913, 371.66001139781497
1116, 371.5070257979042
3060, 371.25675687085555
2625, 371.16580255326755
2460, 371.0999367592105
2977, 371.0700304488973
1660, 370.9892205243145
108, 370.9287036654148
3052, 370.816388908812
1134, 370.74777631674476
2670, 370.1832815658923
434, 369.8691007847969
3368, 369.7731485522665
1847, 369.7473850568689
255, 369.742904817405
2719, 369.60352230057646
3075, 369.52006695355874
2092, 369.0668001276847
2771, 369.0340448881247
2044, 368.024716453772
3364, 367.87712083817604
1652, 367.5199102027263
2581, 367.42088748377506
2522, 367.04524034060137
1150, 366.96357410596886
2530, 366.5562422420212
511, 366.4826026707253
2727, 366.28310995132466
2761, 366.16634684465237
3329, 366.0683259215598
522, 366.05250788437434
2662, 366.00979696461485
2037, 365.95814677396106
102, 365.82642530186183
2675, 365.6921715307597
338, 365.50024632284146
3406, 364.62376580744984
2440, 364.4833799495278
16, 364.3873246904295
369, 363.98576708075115
1467, 363.72907756766523
3138, 363.255368307837
3328, 362.98317872134163
3156, 362.81285596324625
2796, 362.6416406252858
1207, 362.24629596283097
1225, 361.9293574388764
1557, 361.9231410810577
3356, 361.7069108910464
2669, 361.2287714148862
2707, 361.0683843118545
2414, 360.92396546591897
3165, 360.9165692799863
2714, 360.86931945016016
2488, 360.59816043249634
103, 359.86729851495113
190, 359.7192155061758
2495, 359.5005428799398
2629, 359.32677635215117
2499, 359.2426587528362
2770, 359.18081011249404
3100, 358.99393430525083
1180, 358.25214904053746
1108, 357.63436861567425
1222, 357.5003359719293
2659, 357.19860933116445
3137, 356.2074843834881
2405, 355.6298348908654
1441, 355.62109199195356
2698, 355.5799119233854
2511, 355.39176049331616
1068, 354.78525305555746
95, 354.442047571443
3301, 354.43730230733297
2743, 354.12191320073066
3374, 353.5785943629309
1713, 353.5596215113315
267, 353.0222712796191
1428, 352.81868648787605
2634, 352.62574622629654
2775, 352.5251848357515
2378, 352.21592201668005
2537, 351.55715269421233
101, 351.43459118452506
2061, 350.9568784403941
3349, 350.53888906526686
2477, 349.81820418771446
3140, 349.70040237188164
1224, 349.5740188021708
2660, 348.6525115156339
2684, 348.63714283308286
83, 348.18494244183677
179, 348.1138472856999
1120, 347.99713226741017
1664, 347.8834842864279
1663, 347.7909034226065
2598, 347.5611922806281
1061, 347.21939916969393
2384, 347.052917677526
2667, 345.96433115826477
3122, 345.31482678750154
1460, 344.76220548077714
510, 344.5794307891203
2502, 343.74810545026907
2501, 343.74810545026907
1559, 343.478961634366
66, 343.3232459353184
3126, 343.132854837043
413, 343.0152502395643
166, 342.68784733779324
2787, 342.5704279321207
3266, 342.2460587440136
3376, 342.1407824895676
2614, 342.11845561786214
2399, 342.11503517798377
2356, 342.0215474867059
115, 340.9041181999473
1220, 340.6080447868891
2800, 340.39113791522806
2509, 340.1600971520167
1813, 339.64629984648235
90, 338.6743858020879
2970, 338.4205505755751
2416, 338.3891813730643
3357, 338.3521198472323
3428, 338.1706162742915
2535, 337.75104372315116
81, 337.5153214921175
2552, 337.2230556322665
2915, 337.2092011916187
2551, 337.2056025294315
2557, 337.11669159043385
1996, 336.7461254336564
2691, 336.35105009861337
2210, 336.246910929085
2576, 336.01275335928983
1300, 335.41721151814386
2972, 335.41184095459965
1658, 335.2546304408474
2699, 334.86061765819636
2415, 334.8212352489791
2609, 334.26560074128963
2409, 333.3526915899519
93, 333.04033387995395
2631, 331.42527012880845
3417, 331.35652767610986
122, 331.22523478780334
2591, 330.96936978412094
167, 330.730804326673
2799, 330.3236390650326
144, 329.88793872874413
2504, 329.5734693233184
2469, 328.25144674042406
2494, 328.13792974342914
2406, 327.4334578449422
1065, 326.63099215776606
2474, 326.5624117346925
2567, 326.418144716702
2400, 326.2004347728252
2678, 326.1415689668422
2676, 326.0881383807918
2619, 325.4279033303581
2664, 324.92743270590034
2472, 324.70786274223804
3253, 324.6550395891506
3008, 324.3743636269205
2476, 324.00858933855886
3249, 323.1524725975051
2661, 323.0827551709615
2565, 322.91541986217675
2617, 322.6137658757831
438, 322.3728149472246
65, 322.2562620741293
2627, 321.2416925973639
2355, 320.9642299301054
3033, 320.8374343082919
1962, 320.62035768581546
2444, 320.4944311602839
3263, 320.4621548581893
2724, 320.1512428143921
2801, 320.1063726720853
3325, 320.0740442386843
2521, 319.9870210292135
1156, 319.7805940450956
3387, 319.5610539566536
2089, 319.3672708608582
2956, 319.1323456035158
2401, 319.09618510948707
2074, 319.0522165074639
1109, 318.79602038844513
358, 318.79338667496387
2351, 318.7824475612269
97, 318.21765200090437
1034, 317.6986247142905
67, 317.66730524202416
2510, 316.5674038355164
2395, 315.6035563663243
2097, 315.503372400855
1838, 315.3631946487611
2618, 315.15347572171504
1588, 314.5158196166367
109, 313.7347572842595
12, 313.7059998369815
1152, 313.52179291813593
2866, 313.48404735024127
260, 313.2420572580982
2702, 313.1318701503874
2433, 313.11438649243905
2541, 312.68905705416904
2560, 312.47871954694904
72, 312.20362232290057
2478, 311.70769486665426
3326, 311.6537960409807
1178, 311.0211839075
1864, 310.87011739785294
2637, 310.7667508983533
2663, 310.71194571076825
64, 309.5506704689356
2595, 309.53134017587854
2628, 309.1286728645458
1151, 308.98663469127047
1477, 308.8767879546881
2448, 308.71785298978136
70, 308.60398804301224
69, 308.60398804301224
2082, 308.5365699132112
2457, 308.53503300205887
2459, 307.52766754604625
3392, 307.21136775531204
2706, 307.1208302711065
3250, 307.0190075012553
1440, 306.79174509610704
277, 306.516277820115
2674, 305.9840246171698
1216, 305.73080090734595
13, 305.6479093317106
17, 305.5204308567653
2542, 305.38648726140445
2577, 305.18507367272025
2642, 305.002714867346
2529, 305.0001585630287
96, 304.8280933351584
1073, 304.327654607022
1189, 304.31564890402285
2544, 303.6110663662141
2573, 303.59319954512773
1560, 302.95910043037395
2445, 302.8560540323363
2481, 302.3619594822233
268, 302.2599416455663
2482, 301.93614654845726
2701, 301.8774204666093
1079, 301.67212712641435
1969, 301.4405623274526
1052, 300.9789793669286
2585, 300.94070705508483
232, 300.6506981411752
2467, 300.50902866531237
2447, 300.16758479645875
2971, 299.75466014255295
2554, 299.51123050305875
1719, 299.2652378146238
2047, 298.8234203450418
2689, 298.8067267839891
2909, 298.7716895883959
1302, 298.4818068430048
2480, 298.46467659668116
3365, 298.3464930343899
1457, 298.12599551244415
3358, 298.120919319977
3164, 297.9509517791444
1634, 297.55666483509304
1958, 297.32437115199144
1965, 296.60001376597216
290, 296.4877210426529
3360, 296.4183433775538
2523, 296.1209149730571
2685, 295.78422629715334
2275, 295.0875478798741
2633, 294.8487470463726
1406, 294.64712918906264
2516, 293.8532405775091
14, 291.93388272366445
2443, 291.92718316338176
3307, 291.7895053346737
2487, 291.01994016834453
2463, 290.55558069583185
916, 290.533097814566
32, 290.3809020475849
2540, 290.2612178295817
2861, 290.0735240990099
2680, 289.9877127487745
2545, 289.5241271391963
3345, 288.4659971574363
2584, 288.33828341191924
2458, 287.9188914225603
2728, 287.6739677136678
2593, 287.62900852316
3188, 287.5757425870134
1153, 287.44367839388065
1605, 287.15881815562807
2081, 287.12104919948194
3391, 287.1049655243931
1046, 286.7519626533243
68, 285.96148701260137
1518, 285.95152444353397
2489, 285.7679671677089
637, 285.2666725436234
2010, 283.8139052742093
1191, 283.7686231794248
1520, 283.37142751789287
2599, 283.30372792198057
436, 282.5692177527734
2465, 282.5477491411376
1632, 281.8306974085569
2446, 281.82909682728274
2602, 281.7266942668012
2270, 280.84542886427056
2643, 280.56910941308365
1397, 280.4323062871045
2613, 279.862905862103
2588, 279.82416991686335
2636, 279.6270627015231
2512, 279.4497769824178
1693, 279.3383216227816
2639, 279.31685000793016
2057, 278.92041454366483
2031, 278.5052601621509
2052, 278.1697100840799
2090, 277.53065864101194
18, 277.14015527389216
1800, 277.0723119593477
2526, 276.75199725363944
2900, 276.4240142086853
2077, 276.3302512987942
3252, 275.8586942422272
2590, 275.46303914453136
2555, 275.4594563199807
3308, 274.81115933003093
3177, 274.07197263083543
1103, 273.96154423258037
2582, 273.9174810907551
2450, 273.839799457016
3431, 273.38958750787384
4, 272.9661048685378
1785, 272.63046187596086
2914, 271.94782059472186
1709, 271.86191648894714
1, 271.8007252613602
2441, 271.7687344882545
2708, 271.6132376969786
2468, 271.5561801535695
1661, 271.4698531560062
1118, 271.22815786543816
2860, 268.5695140903075
1788, 268.5028918933504
2709, 267.80986166979176
1537, 267.55614549888566
2539, 265.8774950945202
3446, 265.5846368651114
1053, 265.39162948810065
1694, 265.2353646918637
517, 264.90930800065786
1454, 264.8462562816532
1316, 264.74141486914914
2596, 264.55859572161376
768, 263.9689705027157
10, 261.6943902996386
2192, 261.6231538584762
1638, 261.23725312258625
1062, 260.92131523592883
1794, 260.72567515260374
3343, 258.1384434232397
117, 257.99642460521034
2579, 257.5047446523277
2647, 257.2644337929138
182, 257.05475163408886
2060, 256.75258681169737
2615, 256.59136837418293
3238, 256.30337472156316
2066, 256.28887376046765
3234, 255.48797976809593
7, 255.18403843375575
826, 255.17771405722604
1255, 255.1738953215539
1576, 254.0218742867605
1558, 253.0411418682234
2731, 252.6043942690738
2038, 252.51960980928905
22, 252.37315074426516
1814, 251.65184305913564
3310, 251.19013330452958
2471, 251.0801783375299
107, 250.91004090202745
1574, 250.71459323509174
2916, 250.69131382983676
2517, 250.17068290436595
116, 250.13153087556532
6, 249.49810292669216
1519, 248.9009657166653
2594, 248.2504670332924
1562, 247.0226076883139
3438, 246.23716946554612
3359, 246.1016991004571
3236, 245.62476415012213
1324, 244.5458020642352
86, 244.45363068180347
2040, 243.8610010949151
28, 243.75007712028653
0, 243.16160779588566
1824, 243.00099781845987
2857, 242.967285429669
3, 242.78389696635423
1164, 242.6025218659512
500, 242.42120799994444
2191, 242.37106513255947
9, 241.9513424148145
2503, 241.78099274622875
3085, 241.67511806035048
2732, 241.45930003508863
1572, 240.80442545548743
465, 240.67026512475982
3237, 240.65648343255282
2500, 240.59643482266702
2999, 239.12938452529554
1818, 239.08145935950517
953, 238.84967058874292
641, 238.78201374965775
112, 238.51219998383888
2064, 238.22363562016616
2046, 238.1983024212054
1723, 237.6239876737337
1940, 237.17152937776476
1939, 237.06297717653882
1878, 237.05280207541813
2889, 237.01852705043459
2832, 236.32568559273747
2805, 236.25047038395803
2515, 236.1705954755973
2208, 235.9213740414794
3017, 235.79989450437836
421, 235.51048316056847
3346, 234.91577297663517
259, 234.85131052620457
524, 234.720037124732
2036, 233.8620569255369
2429, 233.4449488717398
3215, 233.29686094302704
1573, 233.14177828088
2058, 233.03663644978312
30, 232.9494806383009
1424, 232.7605468962076
11, 232.73535916715588
59, 232.27337710156
814, 232.14401381009262
823, 231.10737396769304
2320, 230.31878143727872
2211, 229.8820647366542
1543, 229.72233450016333
1806, 229.71124552711987
3235, 228.85258634307934
2470, 228.49688901451347
3009, 228.08799508887992
118, 227.39395800226927
1309, 227.286549284514
1567, 227.08674944083066
1509, 226.87953493751786
2878, 226.7997845896764
2682, 226.1484816490837
8, 225.83977548331808
2242, 225.7818784284253
1951, 225.76834096669435
2043, 225.7133289935238
3363, 225.70045832639568
526, 225.08858733995024
1004, 224.38400917280615
2725, 224.3327847072358
1907, 224.056732960377
2578, 223.87543266242784
507, 223.83471883170438
2153, 223.55261582833174
735, 223.49649754149718
1882, 223.06868009664026
2193, 223.05738155190312
5, 223.05172180582377
1410, 222.40438871550506
745, 222.0882269006446
2134, 221.887287459999
848, 221.79778701422092
788, 221.6528465618305
3000, 221.10084443144922
1810, 220.84105939070682
1484, 220.42958022786013
2063, 220.15988946472194
682, 219.64149102413535
2991, 219.57516030215191
417, 219.57443360055845
3240, 219.20251792386247
3242, 218.61641452974712
1003, 218.3263706541657
2158, 218.23875545163386
29, 217.64242628741943
94, 217.54864625649907
1575, 217.39247495571965
2170, 217.30705308796837
461, 217.28306943751588
2180, 217.27883078284907
2859, 217.2462664483272
2207, 217.16785243390902
2085, 217.01553316381475
1653, 216.14610570361396
2124, 216.0694915144842
111, 215.60220351940566
2718, 215.59562883206934
527, 215.41164798756037
459, 215.2408738237063
917, 215.20908815088666
1423, 215.13401756214165
1943, 215.1071967912784
2856, 215.0578322349147
2205, 214.8020329178194
1776, 214.79414831804448
727, 214.5886211193656
923, 214.56857929551498
2262, 214.51372626160884
2435, 214.44813824070684
2428, 214.44813824070684
3269, 214.3121532870283
3256, 214.1320329335787
2806, 213.1874647368209
744, 212.9672539624548
2569, 212.93020008462793
1571, 212.42484402561306
63, 212.16039992662158
3025, 211.627715475583
3016, 211.60441544514478
1418, 211.38886266157266
484, 211.31638798050724
1210, 210.8995858094479
1269, 210.89669454400894
2236, 210.55369349817997
2936, 209.60920501586574
234, 209.26641194688574
2672, 209.17293751987785
803, 209.14695757822741
786, 209.0715238378768
1803, 208.92433601599822
1884, 208.6555926437219
1640, 208.5491474152871
2910, 208.51286102701087
3018, 208.50720126016358
686, 208.46600349217707
2135, 208.46303712680876
3228, 207.96273522861412
353, 207.9191481139868
615, 207.914994260475
248, 207.73829200050184
1780, 207.70998918851822
2318, 207.53311895218337
857, 207.30377333174087
791, 206.72912789301776
249, 206.57529871207157
477, 206.49300992786763
2157, 206.46209116379816
579, 206.29080420722272
2196, 206.17614172826694
3319, 205.96756157263704
2438, 205.8016935366762
1615, 205.72443483454103
416, 205.59500865165748
762, 205.57089780723783
1039, 205.3454799341917
936, 205.34029032631372
3320, 204.4692236217984
1807, 203.5666544970428
2518, 203.2826784532388
717, 203.04487369782626
3257, 202.61828234571817
1566, 202.60381080316864
247, 202.33802477220152
781, 202.33483874637
3029, 202.28722686446622
2187, 202.27209250001664
716, 202.23757758461016
2194, 201.9439469890806
24, 201.9086467295048
2195, 201.85076314714695
743, 201.82710921466375
1822, 201.75430257256133
2188, 201.69839385706007
292, 201.57338011591742
321, 201.46446557283835
1525, 201.2786876620778
1885, 201.21106211706936
1617, 201.20516463483477
1336, 200.7392540316425
1306, 200.6602587783797
2879, 200.5446704043276
698, 200.44179752634287
528, 200.43112730667448
981, 200.42430415728973
2142, 200.368052945519
2997, 200.33830770635146
1889, 200.1256938727219
817, 200.04420692711554
184, 199.74741830783697
2243, 199.74130722822798
1425, 199.4989474252872
242, 199.39546012431057
575, 199.3597295890367
1999, 199.3242193710411
746, 199.3148629542047
370, 199.27774036462742
980, 199.2353011177997
273, 199.1477291208328
945, 198.8793261817436
1356, 198.87548190930113
2360, 198.68082454039745
787, 198.631741696016
243, 198.53186020160842
2362, 198.52671250764203
2189, 198.46963437155597
27, 198.38812008159925
2160, 198.33090648740855
612, 198.1876840225347
969, 198.06941224325794
2993, 198.06121011837897
2220, 197.92405629927669
1023, 197.8944938509468
1577, 197.67940449520677
2953, 197.6778452073402
1535, 197.34428471468436
1977, 197.24749482139435
420, 197.22519338294927
1985, 197.11851160866445
2365, 196.9993908219175
961, 196.94802407718052
960, 196.7826384175243
2145, 196.47958607310773
1037, 196.38974815188902
419, 196.32506280266722
2532, 196.19911591023245
2214, 195.98445436199222
1957, 195.8866471540186
313, 195.8085428380798
1580, 195.69391200965242
2431, 195.67972525028486
581, 195.50373220833703
418, 195.2845304171199
907, 195.10502095378405
709, 194.95542473164252
844, 194.92676543224943
1473, 194.7006075413871
2877, 194.61381382609113
1579, 194.60842455964087
2996, 194.56866596613364
778, 194.51533156691966
3233, 194.3801879520583
920, 194.3261755980443
1279, 194.03805747848355
825, 194.03107177601882
2181, 193.97336658477576
2427, 193.93488380450145
33, 193.93206424219133
2949, 193.91985860517786
1412, 193.47087589848607
594, 193.40007694134982
1369, 193.33060073726256
808, 193.31034182179835
1623, 193.174083523153
815, 193.06488753933786
600, 192.99580592431397
1890, 192.9693493917716
2434, 192.96312355725232
1839, 192.80500155555592
1371, 192.7650998746368
1790, 192.73333557653916
1331, 192.67819366703816
1211, 192.66666160963123
3270, 192.6096625907799
23, 192.2676614755432
2122, 192.18716798779303
2209, 192.07989917953012
2556, 192.0103597399494
2231, 191.89014521762948
1051, 191.8430656866224
2422, 191.84148799388495
972, 191.80505325105972
1840, 191.71872979304865
560, 191.67951521928725
964, 191.54057742996812
529, 191.36868806272116
2804, 191.35488193321194
1427, 191.1969793677539
2095, 191.08062320870465
1487, 190.98333651484594
593, 190.94818174871892
1038, 190.9249058682893
2829, 190.86713187272437
2200, 190.8554739556877
1846, 190.8223562519435
1942, 190.7257004453661
2828, 190.64675901934163
789, 190.6419207479338
371, 190.6392327360021
1165, 190.5996456578462
2868, 190.54187801786256
775, 190.5317341287873
319, 190.40765345720263
3026, 190.35336875737943
2907, 190.04956399020753
442, 189.99737764095454
955, 189.83475533162144
2845, 189.7681456522548
2219, 189.690338206166
3267, 189.67389297622228
780, 189.5564675776613
2439, 189.4096879465899
804, 189.38458789483565
585, 189.36130462175328
2837, 189.33626783384443
1599, 189.2884733074687
387, 189.18410626216576
2334, 189.13890638055764
2168, 188.80913529546538
1315, 188.42447563473087
1986, 188.37300268933194
185, 188.36061260337118
1828, 188.28406137669336
1266, 188.24755677561373
928, 188.18719353965963
1490, 188.1704231403566
691, 188.15942731660695
999, 188.08815112959553
3229, 188.03630786925672
922, 187.95534458065174
1505, 187.91464135723066
601, 187.72583633889323
2998, 187.68130719187857
1594, 187.4995265980973
856, 187.42105771056288
2228, 187.4054661083722
903, 187.18620843301954
2173, 187.13049626323377
711, 187.10189136273735
1426, 187.05760876874388
2841, 186.9848044992512
1455, 186.9062546987178
1093, 186.84412977037758
1983, 186.82301313706887
1408, 186.77572820240368
1001, 186.7213974962465
902, 186.53001488588083
1792, 186.39301607412665
872, 186.33828817097725
1321, 186.31802185712624
606, 186.29025984433056
574, 186.22174247918514
2905, 186.10551434625515
2165, 186.10288607617855
3321, 186.0344860286132
1308, 185.99116731471776
784, 185.98408074702175
1314, 185.96723440791038
2255, 185.91962706569902
1883, 185.9177921563828
1523, 185.88106783496053
638, 185.80481177126805
2190, 185.78350526810243
1396, 185.74196596550289
855, 185.68614002640933
2846, 185.4508977228964
837, 185.4332186953965
2256, 185.43170394249194
2206, 185.33941328303843
2321, 185.25556789803585
1508, 185.24520003729194
683, 185.2397965563304
586, 185.20957293161135
2992, 185.19980447965065
1895, 185.1502160868904
1823, 184.98003049519207
639, 184.97239897623194
1348, 184.8779636350704
2324, 184.8080451295022
2372, 184.78979466798202
1495, 184.71922044016927
2229, 184.47554581575437
1887, 184.47537352114557
2230, 184.29101261393873
2858, 184.15448515581946
853, 183.83239215075358
846, 183.83176948335517
1390, 183.82568119397004
1984, 183.82313309569935
2851, 183.7777379598031
60, 183.69095941523312
307, 183.66505618405284
1271, 183.59711762214562
845, 183.5171633369552
2432, 183.213075395986
602, 183.15155541013215
776, 183.05793311291495
2054, 183.02948840565438
3282, 183.02104666727385
661, 183.00542005274787
938, 182.86254626422524
2171, 182.69973097047114
490, 182.6851189244662
696, 182.6324972925773
305, 182.62151472746672
777, 182.60935225739132
1926, 182.52417619067526
886, 182.4964961532521
1920, 182.4434379217163
2164, 182.39657896340123
1959, 182.26421478084728
1380, 182.21995549723334
2113, 182.14231028663022
1825, 182.1258575976343
1908, 182.0759242855278
2839, 182.03826010532964
2884, 181.96798112419629
558, 181.87313315746505
1494, 181.71534325556303
3268, 181.6778810228268
1289, 181.64629093718935
3002, 181.61736775459747
933, 181.58144764039054
1404, 181.49630184756688
1488, 181.40434883830235
1421, 181.39747259030494
1527, 181.2313902754001
569, 181.12917883755665
1512, 181.09933718113504
1092, 180.8849907638904
1578, 180.86975365672126
1510, 180.8650588407913
1339, 180.8424768941619
665, 180.68080716855036
1614, 180.68069892285956
256, 180.6056542831598
821, 180.5607742188941
1481, 180.52800505182094
1389, 180.3667792221302
1976, 180.2514074751268
2150, 180.02858100131905
1511, 179.94709342571105
1478, 179.9462373082342
708, 179.8570988962904
790, 179.73969102528235
2115, 179.73409317163353
659, 179.65900937085422
798, 179.52607229387198
3031, 179.4598523498897
2227, 179.44540423604974
2369, 179.44108782569188
2750, 179.43738512991615
1989, 179.42883547670442
664, 179.4107891525346
718, 179.25777202709634
1888, 179.2394906074981
230, 179.17579598302285
657, 179.1136309590068
1501, 179.03527347629404
2994, 179.00046815535572
590, 178.99259715588403
1398, 178.8993210931126
839, 178.85619812206963
919, 178.80688241690555
584, 178.66834306741063
235, 178.6307850865698
987, 178.51933439833687
1820, 178.34875080026416
1345, 178.33404930449353
2359, 178.27614787405574
1322, 178.1749509036145
599, 178.11531001970664
2141, 178.0825162209721
2908, 178.02494765638767
525, 177.9848499462401
1343, 177.92785323733443
1361, 177.9264694833673
1815, 177.8341020212008
1915, 177.82824375287154
1804, 177.81327173367478
3014, 177.68037057719062
2882, 177.66281591608396
1378, 177.62434893594684
2125, 177.60799172777473
1972, 177.453491018923
1622, 177.3952999651001
1544, 177.38924561751222
1493, 177.3116719618727
1268, 177.28864590457613
2237, 177.27544198813274
1539, 177.23780209046893
785, 177.1875406254083
689, 177.17151666858402
850, 177.07993068589758
970, 177.05755142345578
2852, 177.04235321987056
26, 177.0313343900943
1475, 176.99553764657156
971, 176.9581663302956
1829, 176.91956292443453
577, 176.91518472285267
2850, 176.88981081685648
2831, 176.66773626697676
1550, 176.62990412129605
1368, 176.5946532967522
2361, 176.57818242848373
2035, 176.5521892424694
2162, 176.49938453050805
741, 176.44668380154718
723, 176.40927344081427
673, 176.37616873630446
2117, 176.33408282035575
690, 176.20536907525684
1782, 176.16398478484635
1330, 176.14965258944088
927, 176.14484690539504
1549, 176.13156302542905
1601, 176.10338939808608
2875, 176.04205869668925
1886, 175.97611774753415
2120, 175.97540024055198
2213, 175.95519540985768
559, 175.86590580759332
564, 175.82525316775244
840, 175.75745779541361
1561, 175.62889954880532
993, 175.61520969670596
849, 175.55729945949153
1377, 175.5496411283606
1830, 175.48079059821444
730, 175.4195582201831
1791, 175.404605957551
854, 175.35481355924753
1835, 175.31020511589261
752, 175.27061072458034
892, 175.21462625549802
1382, 175.06822733201273
1902, 175.03931067723948
2898, 174.97464771219947
315, 174.95583416320508
306, 174.95583416320508
1393, 174.9482146303252
1909, 174.9167642103437
774, 174.87715847748322
1014, 174.8067963563191
1413, 174.6417338999827
1904, 174.5898474596564
2547, 174.5190934447212
1273, 174.4613252020454
900, 174.4369772156407
2376, 174.43485598404405
867, 174.34469650607457
1831, 174.32093021812588
2842, 174.23471787717799
2888, 174.22130780607765
1312, 174.04086430757383
1285, 173.97464911858177
896, 173.85401977888992
882, 173.85306774340975
1906, 173.85149373297494
713, 173.8147629423949
1006, 173.76760313096491
2166, 173.6878317945112
3272, 173.66058278672048
2844, 173.65268768976463
240, 173.62446874014603
2198, 173.6124640791919
1370, 173.511410930535
766, 173.42611106002477
1944, 173.40831153049922
674, 173.30029538403926
1054, 173.2492009849904
983, 173.2285932025401
323, 173.2041292945184
311, 173.2041292945184
1555, 173.02585339267625
770, 173.00190588443797
2199, 172.9413638068376
876, 172.92834610397642
2830, 172.8549873680991
797, 172.8380128133519
1934, 172.78980391320803
847, 172.76055169621011
1293, 172.74435754364794
231, 172.73333050629972
822, 172.63186136836467
2116, 172.56958678559266
1474, 172.5651087919304
572, 172.54855481106412
573, 172.48243323653537
597, 172.46751930408462
2881, 172.42355773848388
1817, 172.30141568166525
946, 172.2607545032404
2323, 172.2140711397856
2430, 172.17255377298775
783, 172.1134797854525
675, 172.0597303818316
2246, 172.0314976809003
1295, 171.92333312598427
1392, 171.91466843171375
2903, 171.89009463445475
2366, 171.86763705430656
2254, 171.8393242229437
2899, 171.8224922890061
779, 171.73005436586732
764, 171.7257074264867
2131, 171.70815136861486
374, 171.61401408726937
567, 171.6108053513429
257, 171.6089307410159
1905, 171.50140591063203
697, 171.46209429912204
763, 171.45537383104204
948, 171.3469629904749
1367, 171.29555992528313
871, 171.27666810544366
3043, 171.24824905607204
660, 171.22001249809804
3044, 171.21671775844328
759, 171.17120971209113
918, 171.12111890270697
2163, 171.10922317476127
1809, 171.04738513450803
2245, 171.01346947515344
1453, 171.0040052665707
963, 170.99071306075612
1500, 170.9538961282756
937, 170.93627335254487
742, 170.89672800276801
1927, 170.82192949216207
887, 170.79493974655242
879, 170.66391551822178
694, 170.57138733698366
2423, 170.55664699039846
49, 170.55638965480998
2123, 170.5514114471469
989, 170.52965133204708
3045, 170.45915158849493
1409, 170.28317654685424
935, 170.27286388268513
635, 170.1775194226546
2138, 170.08255109298167
1789, 170.05566804036837
1297, 170.00496243795448
761, 169.98939763325973
924, 169.9772147164919
728, 169.96505997279118
1400, 169.94422199607214
2891, 169.93506273170186
1801, 169.9256196051622
3030, 169.91360672839014
1352, 169.87128150764653
565, 169.83772617522587
1346, 169.73075725164566
2154, 169.68549722161453
755, 169.671169822747
984, 169.55283622693443
959, 169.5256141395442
908, 169.35263206676447
1353, 169.34254855172833
2049, 169.31327965488475
1480, 169.30318207914527
258, 169.27618302955113
2216, 169.24703755107643
223, 169.24478637914243
187, 169.19236338316543
925, 169.16213697319787
636, 169.1375653796972
364, 169.08502838556745
246, 169.03203122683698
1288, 169.02750264183288
2840, 169.0094820478923
646, 168.96317427311288
312, 168.95505503701085
1422, 168.91863276001496
3271, 168.8733471847901
1403, 168.76564670758518
1280, 168.74906201020463
992, 168.63078877708645
868, 168.61722595825697
1417, 168.58614660195732
985, 168.56971867668994
1278, 168.5592900314243
870, 168.46277998048726
714, 168.44861195520878
2121, 168.4371882586636
1372, 168.37477905243924
672, 168.3514219345974
1498, 168.3487063209003
911, 168.33096584780426
2373, 168.28646876048995
31, 168.28573538146858
656, 168.28102132194292
827, 168.26073726987434
2924, 168.257791202625
1841, 168.23919390513174
1458, 168.18620560686287
346, 168.1742317586797
3309, 168.17001477435002
1420, 168.14273426969515
568, 168.12931154823917
1469, 168.12005350015613
236, 167.9438799596208
1491, 167.81652588408556
2331, 167.75075053814024
1411, 167.73505701576022
2146, 167.7221984254544
253, 167.7074693422795
640, 167.635062631883
1270, 167.58860590583424
603, 167.55090832835654
2169, 167.3673502161046
2148, 167.30515822841463
2897, 167.30089455472694
1419, 167.29536229770366
986, 166.97807875492413
1992, 166.97258927745196
796, 166.95608972979295
1921, 166.9415469668769
1327, 166.93615658306624
2136, 166.88039061527027
701, 166.78748813056316
1928, 166.72278041480547
1291, 166.7104869724466
351, 166.6729147590412
1772, 166.63354225538137
843, 166.62546623104538
725, 166.58121861444914
1036, 166.5808191878444
3027, 166.5303718470913
1405, 166.40993930382194
836, 166.4078321134475
926, 166.38731599102093
1388, 166.13377856356973
1563, 166.12870554253522
2202, 166.10360207931993
2140, 166.0519093031086
750, 166.02836131472293
1323, 165.98889420260898
2711, 165.97453135164818
883, 165.90932910733818
566, 165.90711368516418
2233, 165.89093249473598
1499, 165.8680817660176
800, 165.78590210667795
1935, 165.7844965291171
614, 165.77231452478475
704, 165.7706829557838
2849, 165.7562361038381
693, 165.6732499953861
722, 165.57912584584108
705, 165.48971510084908
2336, 165.34199645490813
2319, 165.31422166238508
2114, 165.256472249251
1328, 165.25584528250835
1618, 165.1227188632014
1018, 165.08366710533008
2375, 165.0793891694057
813, 164.9881343578124
645, 164.9621936713651
1391, 164.9168420985083
1981, 164.9136851523631
2130, 164.88545608191373
942, 164.8787658473979
2826, 164.8649849711672
623, 164.74576726161646
1021, 164.72009297382726
1277, 164.6997435336824
347, 164.51561056552413
2183, 164.49487481469785
932, 164.49072113154156
710, 164.4880997585051
720, 164.4725900145644
1930, 164.46894020687543
792, 164.4414637880193
2377, 164.3829786722171
740, 164.38233431248096
1357, 164.34568032090183
1595, 164.32127006752793
241, 164.31101548701426
1506, 164.29257023684178
897, 164.2922783187989
977, 164.29219414355555
782, 164.26063058410395
2854, 164.20455367233745
1374, 164.16491011190288
2876, 164.11052897562135
1020, 164.04840781177296
1836, 164.04703052102388
1598, 164.0111499156168
1275, 163.94691673079993
2062, 163.90222603160584
422, 163.87784414046095
1365, 163.81927929866117
799, 163.8154733776076
1486, 163.7785638759886
1387, 163.7457031640035
2129, 163.71775882753911
2232, 163.59001047431101
1954, 163.54188273535232
224, 163.50734716217337
1808, 163.4835629112426
1949, 163.33609023210772
754, 163.28525248669948
2042, 163.27802394394215
1340, 163.19709781444786
2175, 163.12336326247154
1524, 163.09760664833647
324, 163.08886893325806
707, 163.01953641449492
1415, 162.96867527626407
807, 162.94785974361432
1786, 162.82176593490135
1778, 162.738176092979
2833, 162.73043397713508
286, 162.7012788249102
576, 162.61932803600354
1932, 162.53033495208246
1982, 162.49798580712795
1861, 162.49639256154111
1554, 162.41130564879634
3038, 162.39765914030014
962, 162.30599644861206
934, 162.2642744297231
1900, 162.26188664617652
2119, 162.25459372498352
363, 162.22338696076346
910, 162.16085506449252
1476, 162.1439319370628
1292, 162.13267265200105
967, 162.1303746614821
3037, 162.13006972547416
2946, 162.07459359428495
1779, 161.95284774029867
1318, 161.91858565183992
979, 161.904423964803
801, 161.82084012104423
1294, 161.67260816921262
1950, 161.67181481002518
3068, 161.6667969213528
692, 161.6601332379378
2874, 161.65111106866604
1827, 161.64269205560785
1837, 161.64168876701407
1282, 161.51720336110088
1777, 161.42049609227578
3448, 161.38421395748998
2425, 161.35882470468857
2410, 161.3449593668652
1548, 161.33442667805596
2222, 161.32250901732908
828, 161.23022956982618
865, 161.22411117360917
1272, 161.21401730402744
2947, 161.20960738501765
1673, 161.18428717376577
729, 161.1719205483479
810, 161.15098411865532
320, 161.05082791918858
350, 161.04695709521073
2847, 161.01258588808824
238, 160.99475833476302
2426, 160.97894812149312
616, 160.81050864928196
1937, 160.76551904637134
1953, 160.71781853957575
899, 160.60455776607733
765, 160.5495769195623
873, 160.46820718396512
2133, 160.4255589283751
1620, 160.40763102751967
905, 160.39678639004518
1265, 160.39058372123515
2176, 160.35049763001913
875, 160.3298623037835
1591, 160.29949451699218
2144, 160.28562778666608
2322, 160.226176522807
1819, 160.1491178525234
2370, 160.1075633270087
994, 160.10499913884647
1834, 160.07508576057168
2325, 160.02689936544238
1009, 160.0249749408435
893, 159.97543567953343
1504, 159.97353547085072
930, 159.96813558739805
1017, 159.86768573058612
489, 159.8593215962291
834, 159.70327272531514
973, 159.69182274695626
352, 159.68909272312052
1385, 159.6695208986385
1354, 159.66871102270545
2950, 159.54745679086201
1799, 159.40640874313831
1329, 159.35347931305108
904, 159.34623215093137
1918, 159.33390495642067
667, 159.28477965616904
1479, 159.19225594225847
706, 159.1560758467717
1022, 159.1220746435134
1956, 159.0989550304786
314, 159.09208044818877
598, 159.0601450298537
226, 158.96320794734606
1898, 158.9609974225317
325, 158.92982400888613
2051, 158.92196904654955
819, 158.91364310527615
2912, 158.67224117270587
1903, 158.66972605333578
1832, 158.6466447347973
1320, 158.62121085733065
1332, 158.57549807141046
2902, 158.52340736018664
2107, 158.50237777987275
929, 158.45040629968548
830, 158.40542568524876
1492, 158.39908377591019
976, 158.324949319357
703, 158.28280284039795
824, 158.19785163378867
3230, 158.1724041604044
270, 158.1433875653871
2251, 158.1229926098298
2067, 158.0645257699771
644, 158.03010819498098
724, 157.9960500042285
702, 157.9899233536688
1783, 157.97544933050105
931, 157.96512629089244
712, 157.96139394831576
1286, 157.85048230588606
633, 157.83864005013592
1394, 157.83847013183401
898, 157.83009034895068
2403, 157.7935933853418
1540, 157.71235563516407
3024, 157.7096858569614
1833, 157.65936943661828
239, 157.4826113323509
342, 157.40294293631183
684, 157.39816216581153
624, 157.39816216581153
880, 157.3914161000338
1470, 157.3276302893943
2834, 157.30794403783509
1383, 157.30680700604714
3034, 157.27923574295477
2330, 157.2477915923963
2317, 157.16545831206747
998, 157.15878607487102
648, 157.15878607487102
952, 157.11792225169094
1351, 157.10194406451237
1582, 157.0831681026926
2367, 157.0639846213848
1569, 157.05408417834565
1311, 157.05146997070767
818, 157.00112615088403
658, 156.9792419762465
1366, 156.84708060324266
1319, 156.72704544218013
2247, 156.71445265729054
1362, 156.71181725339028
1296, 156.68642378607987
1769, 156.6692533978621
1359, 156.66045427815544
269, 156.65271186045217
1485, 156.60527696916463
596, 156.5834517443883
1010, 156.5069219285143
3015, 156.4021577298473
1568, 156.3321904648792
2281, 156.29216681228064
831, 156.2842805940937
2436, 156.27061639892335
2880, 156.27021286328522
1606, 156.2559577435619
2437, 156.2486049564415
1416, 156.14763572438298
2327, 156.08781472560148
666, 156.00761490546162
1414, 155.9936310574219
1008, 155.9170630710907
687, 155.91405106191505
990, 155.79161606445513
2326, 155.7555661164717
1007, 155.72991414272985
1774, 155.66714212285711
668, 155.615489628201
2000, 155.5727787487543
2186, 155.45030693535406
1619, 155.44168899521506
2201, 155.4235409045014
1787, 155.40359551050943
618, 155.34770676842317
1326, 155.2836047287919
3022, 155.27530979480537
1529, 155.15414154991763
632, 155.1195199442922
2126, 154.93509604997143
1401, 154.82391030818908
1044, 154.76308766378867
1551, 154.744834978376
954, 154.73919995708354
1946, 154.73034715668194
944, 154.72482348944934
996, 154.55496010992258
891, 154.54519077642036
721, 154.538872154043
866, 154.4175608407281
354, 154.37255480224817
245, 154.34061140620463
949, 154.2671303367082
1304, 154.17607426989287
2835, 154.13808771039
609, 154.12841360720824
982, 154.09012325865902
229, 154.07326158710248
271, 154.01414314942437
688, 153.9966977366782
958, 153.98168285280883
1948, 153.97072258423387
974, 153.8802771154327
2332, 153.84520089241678
2172, 153.84265073031145
1922, 153.80178864005944
1325, 153.68461100092452
1489, 153.64163310833797
1507, 153.57067883437446
756, 153.50870698160952
631, 153.46978440670034
943, 153.40372161338848
2197, 153.3923557502487
1342, 153.34739314157116
1952, 153.30682538809515
595, 153.29742130444487
1016, 153.2733727431295
1192, 153.18818586190244
700, 153.16670479752395
1896, 153.1561696862627
1402, 153.0145947988529
3012, 152.96289535583136
1916, 152.72615528329234
805, 152.68469584136537
3450, 152.64353858291264
1528, 152.55709761645605
1503, 152.48088818040287
1536, 152.47766441452202
1011, 152.4607608214542
653, 152.45267915572663
753, 152.4115718593832
1015, 152.36186862129264
1080, 152.31533094980315
1483, 152.28270337230305
605, 152.27125994798507
858, 152.1478083891088
620, 152.1434542217256
888, 152.1407963941187
2156, 152.12497290545292
1929, 152.05028553020617
1335, 151.98986887418744
2925, 151.98528306944087
1766, 151.96631159051336
1303, 151.95096549298435
2132, 151.88766000076862
2895, 151.86358370418844
1055, 151.83699818008967
1621, 151.73585228336688
760, 151.68623400774345
771, 151.6564928269382
2127, 151.59612585067245
662, 151.57011600747128
726, 151.47252693668773
2149, 151.4683976586492
2906, 151.40772912893507
1307, 151.27896112160317
2923, 151.23937218258823
1654, 151.22073029212234
1767, 151.21865862091298
2159, 151.17556734694884
2374, 151.16763128303293
604, 151.15475175112002
1386, 151.1463887446269
747, 151.1449071328568
1399, 151.13562410024252
1341, 151.00656297728105
1276, 150.96884099915562
361, 150.9182008050139
2225, 150.9098012405753
975, 150.89707708717714
2151, 150.8910724821035
2215, 150.82199011349954
1284, 150.6669963005822
318, 150.6280732607427
1522, 150.6153629662231
715, 150.61484226923898
1990, 150.53798748080587
1793, 150.50698747347843
1565, 150.505921723582
806, 150.41603157759906
2418, 150.31517008466273
621, 150.24229387850335
1471, 150.2386932357439
1936, 150.21370103189338
1305, 150.16707366529155
1317, 150.15142354115576
1281, 150.14688843039843
339, 150.12519585445537
968, 150.0821499611346
367, 150.06146453904998
997, 150.0495431840244
327, 150.00896902234908
2178, 149.88318954112358
1333, 149.87127770806435
2221, 149.75796370042562
1897, 149.61735175502207
719, 149.5926744353242
1496, 149.55769587165923
1938, 149.537342509817
829, 149.50530860092607
1048, 149.41883314822334
3273, 149.37656847384073
1497, 149.34992372413
360, 149.21436449408122
2843, 149.15949503895095
769, 149.14761602477077
340, 149.12394826345306
2883, 149.0581921464449
1472, 148.96780007527508
894, 148.91277587374773
1349, 148.8654012423875
2147, 148.83598395484404
751, 148.72740520521037
3035, 148.70787256995922
1056, 148.5301929558711
767, 148.51875362014025
571, 148.38241795233327
878, 148.32865230554282
1344, 148.29840087779678
1556, 148.2352793168025
1538, 148.23188575363997
2329, 148.1598648562228
1570, 148.06641689741872
1376, 148.0316321720136
2328, 147.95144529008238
570, 147.94529311056797
2161, 147.92308728757703
842, 147.88250563391352
947, 147.8465725108471
1923, 147.78776886003615
1955, 147.5852070082836
809, 147.43654129915004
1407, 147.37926759071277
1019, 147.29536932429286
3451, 147.10432131112347
890, 147.076539115798
2885, 146.996591500092
1482, 146.80862627897238
812, 146.79353466383108
1899, 146.69667264266582
940, 146.6680933301298
1553, 146.62476605177918
1375, 146.55056795144407
869, 146.5076302706763
3011, 146.42383323586702
2250, 146.408280300818
1805, 146.24358415991978
695, 146.23787469548932
2886, 146.19716446379292
2072, 146.16886650551612
317, 146.12322724676827
309, 146.12322724676827
1757, 146.07907696261128
627, 146.0656227938718
1395, 146.05628779080413
1797, 145.9843923560066
1924, 145.96430813145355
2112, 145.88211097377473
301, 145.8287904358995
1945, 145.69483465544315
2893, 145.68727071290544
2335, 145.64129286030075
345, 145.63158034371588
3001, 145.6235954110232
1592, 145.59663873337993
1796, 145.56575588383802
366, 145.43431599755024
811, 145.2536258380409
2128, 145.24080662831176
2137, 145.18972093024075
349, 145.07514859496663
244, 145.05815201115664
2241, 144.98776265951906
1013, 144.98233287281184
322, 144.87564831869332
310, 144.87564831869332
357, 144.84401166013976
308, 144.8368953300714
3013, 144.75589691011754
1363, 144.6619875444731
978, 144.52241804596093
2174, 144.30699944805824
3224, 144.23753345185207
1933, 144.03418325792535
835, 143.92889597532573
877, 143.91082861705976
2371, 143.90374337676116
1360, 143.83763746280565
1917, 143.77467849826115
2836, 143.76984926702687
2363, 143.7679330863444
874, 143.65911078560666
625, 143.5425005258316
2729, 143.42746539555426
739, 143.39455355143667
2253, 143.38338030947622
2827, 143.3441237141639
915, 143.16439726939552
1334, 142.99030172903875
1313, 142.96435909622681
2887, 142.88787192440847
1049, 142.81865848210995
1609, 142.81692354468206
2234, 142.70096017705578
652, 142.6725554540869
1816, 142.64651144426313
285, 142.53847408959106
1763, 142.5168802261452
2848, 142.5161598066542
1947, 142.46534321141257
2901, 142.42452040696384
1338, 142.35958143341773
1337, 142.22358602006855
921, 142.1425655210574
950, 142.07271429836482
2932, 141.91815557446404
1283, 141.9158585910985
1901, 141.86095259051055
941, 141.84074542048393
587, 141.83379762266992
1552, 141.8159343088589
2931, 141.7879492169656
359, 141.75728125369304
592, 141.7471784549998
1988, 141.7184204873244
1546, 141.7157801475985
889, 141.63385165043837
2182, 141.58879474266075
2155, 141.4281306272437
2420, 141.30364494798414
749, 141.2020162496258
362, 141.14975589564065
2892, 140.91780386879051
3449, 140.89980421066872
1545, 140.88666465844128
3023, 140.76316999573476
348, 140.72920868898674
909, 140.71959076626763
1845, 140.7118537391732
622, 140.70687928109172
1925, 140.69520075024968
2944, 140.6430042519977
1843, 140.4662505153552
758, 140.41509289181272
2871, 140.3553609033951
1802, 140.30323384451768
2118, 140.25378537885078
355, 140.2477481700339
995, 140.05029172980642
589, 140.04271370469726
2838, 140.01092530534382
2316, 139.94816070066182
2995, 139.90261436972364
1000, 139.90159859596037
233, 139.8866633318223
578, 139.87052306215645
3218, 139.70210484488993
2357, 139.6398415689078
2368, 139.61179042215502
1812, 139.59792781014139
393, 139.58505488651784
2894, 139.56535125196933
610, 139.56451548963844
951, 139.45296571970226
1350, 139.20875370635815
1775, 138.98459865414233
833, 138.97798319613548
25, 138.8842608606478
1987, 138.77757384280648
1798, 138.71008334576706
991, 138.6924917479506
1826, 138.6109747954034
1844, 138.35953415761853
617, 138.29810441942524
1005, 138.26810103799846
988, 138.2375958742305
1384, 138.21294281023518
2084, 138.19248092926995
1310, 137.80580498075435
1602, 137.75783837085635
1762, 137.55242496125288
802, 137.47146689950162
1541, 136.99174636623437
1290, 136.9059675089758
2896, 136.90462257542285
2945, 136.6856804245273
2001, 136.59165758222434
1547, 136.56398806469147
343, 136.52788318523997
2358, 136.2486472643159
630, 136.2334873570635
2940, 136.20748172329104
841, 136.09212450527554
1795, 136.0537874944421
1863, 136.05209962488854
1931, 135.9641410159715
1842, 135.59454924104267
1821, 135.55412786629714
1050, 135.48891387179194
2928, 135.45926385747296
1379, 135.35575341802723
2929, 135.29967090344994
794, 135.0478011831137
1012, 135.04339099182633
1526, 134.95420222245772
2922, 134.8080971765571
2333, 134.74155802750775
2890, 134.7402266085348
591, 134.631659098675
2855, 134.24311615469855
772, 133.9687814736757
356, 133.82852478913725
1347, 133.65644565511448
1542, 133.60079316939115
341, 133.46690531083274
2935, 133.44566550141914
1613, 133.39011159302459
1919, 133.31932913052174
939, 133.00602173910787
3220, 132.9978461001501
1373, 132.84639128415182
1616, 132.6755299919008
1764, 132.6397057488701
1784, 132.38426555423464
795, 132.15773400027766
2143, 132.12316425103376
628, 132.0734928423845
2364, 132.066419585638
2248, 132.0309864177706
1768, 131.80151661088397
1158, 131.77048092532078
1190, 131.6920032674908
1355, 131.58095004889782
2402, 131.55993486454202
1532, 131.02870530799711
1765, 130.9950755933355
1781, 130.88284537307473
2926, 130.65591624968928
884, 130.29808716829743
629, 130.17961026864734
1274, 130.1320533080335
2904, 129.8975881732749
3036, 129.87974750542998
2937, 129.44411072667776
793, 129.19750509990376
2952, 129.12176995780285
344, 128.68891226424313
2872, 128.50395938129748
2921, 128.25178972272
2927, 127.96908541214775
2911, 126.87525114673812
316, 126.8679902792971
2938, 125.81676225356401
901, 125.74251248518074
1364, 124.42817875781972
2933, 124.30330957648734
1564, 124.248298045723
1287, 124.21734606979041
3219, 123.78823262440349
1267, 123.32153587505739
2939, 122.62446392923897
3216, 122.3446928116895
3223, 122.13881330840354
3222, 120.30079639459024
3221, 120.28317189631849
2941, 119.97831870325072
2934, 119.21664214815755
3217, 118.83522144250048
2954, 118.60200198412711
390, 118.31446938117548
384, 117.95724891765452
2957, 115.96614355522347
1534, 115.82144494396286
1358, 114.9849980923558
2073, 114.33892925999496
3412, 112.27619424695509
2943, 111.5139550265682
2955, 110.81032094335713
486, 109.26724493443649
2930, 109.20888035851327
2870, 108.6904779334194
391, 108.1708267107049
2873, 106.81763101023114
403, 106.69303429866875
2865, 104.20995258571533
2942, 104.06673873703146
516, 101.86356157653177
1064, 101.73381955209187
1468, 100.97833905503238
3145, 97.50101844415803
2867, 96.51214034257167
3411, 96.12631025699251
1862, 95.92547702614408
1264, 95.43298161613991
2012, 95.16933952254612
2739, 94.60589034505969
1157, 89.40807887563925
519, 89.29914152619853
493, 88.89557373869962
3121, 86.64298854402722
183, 82.61860515054335
3161, 80.50684946002701
1612, 76.6862079349121
