614, 2866.081892325185
1417, 2716.6744123044487
1422, 2597.34017990942
1415, 2561.2614875072627
1400, 2370.8996485623834
1500, 2307.3531930156446
2121, 2169.738007317211
1419, 2161.833735289112
1294, 2139.7255398644697
1480, 2089.657469620885
1277, 2081.016902332714
1295, 2076.525484609307
1352, 2014.1630818619503
1491, 2001.443002438312
2154, 1989.6727871956896
645, 1956.26802394694
1420, 1951.780858635219
1402, 1839.2104548423847
1280, 1825.4188548057143
2410, 1773.8509308812552
1292, 1768.7804362662325
1411, 1757.85001636458
905, 1712.528110903766
1414, 1705.1040340111417
1392, 1703.5246886583686
1268, 1702.739563492149
1413, 1689.7003184077792
616, 1681.7509173160365
1265, 1681.393579388311
1272, 1653.76441927204
725, 1640.0502380076607
1498, 1636.9358216478659
918, 1633.913496096506
1548, 1629.7931912148993
904, 1614.7538475276822
1377, 1608.8877024626445
253, 1591.9354507031667
1374, 1590.6683043556966
930, 1548.583647511644
993, 1542.3252996467404
1278, 1540.2430196918328
2319, 1509.6735497508519
1340, 1501.616382177944
1492, 1485.6537739281616
1478, 1480.4458865838458
840, 1470.7255561149186
364, 1466.7647614502664
2148, 1462.4002507869704
1479, 1461.00101300609
927, 1459.574616386942
839, 1456.2108839889459
3045, 1449.7417018408828
596, 1440.2380387811716
1595, 1433.7150289157732
1524, 1430.5756160403018
942, 1412.1699418739106
2125, 1407.4354605569315
2156, 1405.9173911934747
1346, 1405.8533889729345
1361, 1405.2806253498456
2114, 1404.487606878262
987, 1400.4450244680183
1354, 1397.4477267060972
2172, 1395.605740787959
2116, 1392.1618792934757
2126, 1380.984401828702
1506, 1379.142289216372
1601, 1374.870175582337
958, 1372.6106916003932
2120, 1371.8991110790275
1618, 1357.0596125003403
1393, 1340.9010781825316
1357, 1328.2263524822913
3031, 1324.850283887147
1403, 1319.8364684836924
2115, 1318.2859557042855
1488, 1298.9876082530864
236, 1281.8522246573825
992, 1279.2295845470799
1501, 1278.2137749488716
1345, 1274.8562493776049
1512, 1273.0973245358805
2166, 1271.3734428762425
1409, 1267.72410241775
937, 1267.0914913489867
1281, 1263.4130198380221
1458, 1261.3746818472732
1326, 1260.6171683181992
1421, 1257.4720198315538
1320, 1254.3157921771844
720, 1253.4547364970638
1380, 1243.792314081269
2162, 1237.5810198889144
1474, 1237.5641789145009
1493, 1237.229299289491
1389, 1227.4483436800915
1408, 1225.595027674363
1014, 1223.8996529335582
1009, 1221.9702920419015
3034, 1216.9506952449128
1341, 1207.6405386483418
2176, 1206.4415384229706
1330, 1205.8999717021202
1470, 1202.7048945122413
1335, 1200.5717802250006
1508, 1199.8001712852436
1318, 1199.7225385522067
2146, 1198.5815984048836
919, 1196.8555021945378
1329, 1191.7973746608084
1388, 1191.75072517912
1372, 1191.378822852201
1319, 1188.0794308191316
714, 1186.416891600485
1489, 1181.018899801914
1495, 1174.9995085406708
782, 1173.9336401093863
1007, 1169.913968908297
1550, 1167.0425644841232
2366, 1162.0090314777215
3038, 1152.6886257526853
973, 1147.0780951532408
943, 1146.2288560633353
1307, 1144.6015623010444
856, 1137.7639165463788
1273, 1135.6244803213572
2150, 1133.744862621694
999, 1131.4680741539912
2129, 1130.0356538929634
235, 1129.263639710115
1308, 1126.8519946084111
2119, 1121.6392745854496
1549, 1121.3702186101173
1351, 1119.849538952888
707, 1110.6896015904463
2175, 1107.4945394658205
1305, 1106.8443208544354
693, 1103.7541941797638
1523, 1102.4607150798022
2163, 1101.8818358530064
1522, 1101.283390585315
1582, 1100.4066625375451
713, 1099.7518686726285
1327, 1098.9675123462516
891, 1098.5718264064963
2113, 1095.4285209292123
1011, 1091.7855545677946
1673, 1089.2027867777101
658, 1086.6783822412497
3030, 1086.279959821155
1594, 1084.8294063703618
1494, 1083.7198376586307
672, 1083.622657270596
1006, 1081.819865582202
572, 1078.3021187797162
1010, 1077.5711439198851
1370, 1076.5068504572903
944, 1074.288769355109
2850, 1073.1563886702347
2173, 1072.1641483298795
1080, 1071.0228676253823
1376, 1070.0963778002535
559, 1069.4702177311842
849, 1068.4575848811617
868, 1064.9256896671839
618, 1064.1817160554651
1416, 1064.1531700653516
1504, 1061.8707043610912
2183, 1061.3884389553991
1348, 1060.5105737324316
2130, 1058.5506584524794
1314, 1058.5142301512838
834, 1058.3361015950484
2202, 1058.3345689063574
800, 1058.264259158388
2171, 1057.8584542625517
1481, 1055.2482538225045
799, 1054.0336694807818
3014, 1052.6954127190154
2854, 1052.4516808946707
3037, 1052.0486093629042
867, 1048.8953878248028
240, 1047.2729663545335
1293, 1046.722057197134
2403, 1044.2027471452748
573, 1042.3103301407602
752, 1041.5571976426781
882, 1040.9254083289418
1321, 1039.962591455998
1275, 1038.4621553413856
1344, 1037.4090936905347
1266, 1036.7751645385747
797, 1034.694062964129
26, 1033.24400422773
319, 1032.6640764789688
770, 1031.5588069806554
2117, 1028.8626950729958
871, 1028.6853726291788
1289, 1028.467971860955
866, 1023.5207026947938
822, 1022.8471326661586
315, 1022.5930911837104
306, 1022.5930911837104
1555, 1022.4147744585001
1312, 1022.2400133521741
1510, 1020.6271324320306
2992, 1018.9703369610706
2197, 1017.7494079843309
2237, 1012.1067212844811
1291, 1011.4590936178265
1407, 1007.7502826585051
1022, 1007.7090948290376
2359, 1004.3057916112293
2750, 1002.7836423664968
2245, 1001.6820580749536
1353, 999.703889121252
1483, 998.5239999527777
2206, 997.5583597984545
1499, 996.3888784743319
1276, 993.53794228251
1490, 991.2577722663996
1333, 985.4328913916837
740, 984.9980710259706
1390, 984.1284213297673
317, 981.7691242318998
309, 981.7691242318998
2165, 978.0374165509297
982, 978.0284031937155
231, 977.855446397903
2219, 977.6469232466258
1367, 976.2026494205215
1528, 975.0337186144673
1391, 973.6431916280213
779, 970.0326342730579
2213, 968.2835482942929
2250, 968.081877456155
1496, 965.7117695279626
934, 964.7886763234966
1339, 964.2817446188791
898, 963.5670858048419
801, 962.3968150371584
363, 961.9537576241122
2327, 961.1355865140915
696, 960.5322436996022
2847, 959.3133013474999
3448, 958.6136510268856
1394, 955.4623049600159
584, 953.431501001199
2198, 947.5241620570922
269, 946.0694131550424
1020, 944.2159901638336
821, 942.4604582869655
257, 942.3984592743403
1331, 942.0728772624797
1343, 941.8802208243065
2844, 941.5185222551797
1285, 941.3279957095741
1823, 940.0848344357993
2161, 940.01836775997
704, 938.5071234542869
2232, 937.1303540219394
1018, 935.1713908465534
2846, 934.9606339346537
805, 934.3804966923365
1368, 932.6648053967771
1772, 932.4627007350598
2216, 931.6988480480352
2169, 930.643088622569
2132, 930.3657677732929
604, 929.8479771880794
1561, 929.6206219259815
585, 929.2822431723528
1342, 928.3874879783405
2852, 923.974469148266
2181, 923.6454552152376
730, 923.1316362623154
1840, 922.8369215032386
2833, 922.6139968932722
924, 920.0405111517758
1620, 919.6450676960027
718, 919.4410750030024
599, 917.5904948576858
1554, 915.8878911335408
3035, 915.4878881718574
1486, 914.7408221756498
847, 914.462100128428
1360, 912.1542109510544
346, 912.101021047204
893, 911.9222099975742
2932, 911.6866161297214
897, 911.6304449438268
974, 910.8823541970063
1505, 909.9593992931872
2254, 909.7073141639338
1375, 908.5000250228351
1279, 906.8659255946253
755, 906.7725862656204
3012, 906.151501187937
1317, 905.8844112023779
239, 905.0256359179853
1021, 904.1106392134667
1013, 903.0244984929277
842, 902.7283440284039
3268, 901.7560453460158
1304, 900.3636807482139
798, 900.0530973966133
1472, 898.1747538643616
1511, 897.9264805439426
1982, 897.7252919080074
3229, 897.086541680611
2164, 896.3442405931304
1527, 896.3320360898523
824, 896.3254950716222
2155, 895.693779934785
1599, 895.6441895347793
1016, 895.0962844185934
2228, 888.8417846863941
1473, 888.7485806001903
754, 888.1756106226145
2112, 886.9241875482322
2149, 885.5536666357364
2145, 885.3941434961865
620, 884.3278231055868
1037, 882.7660418275478
2151, 882.1488795901262
692, 881.8660470531127
2325, 881.1917230677046
2122, 879.925589999702
813, 879.6618059537416
565, 878.3689536348761
879, 877.7739487595231
887, 877.3704500128136
2190, 877.3287784784316
2422, 875.988272866456
929, 875.9329620354421
568, 873.8051957431776
2160, 872.4840611968402
3044, 872.251684976607
347, 870.330091729332
962, 869.8359478258444
314, 869.4949754684322
2436, 868.3460005386308
1551, 867.0731321571523
2168, 865.6076229231851
2174, 865.3512690465207
774, 865.21583730516
623, 865.0780317577814
975, 864.8451629880002
2994, 864.6457965264982
1786, 864.1473927292457
2321, 863.679010252236
2186, 861.4451921358594
3230, 861.1965930125599
1820, 860.8792559624935
646, 858.2951833496087
1507, 857.3704373482794
1981, 855.1773531609545
2858, 854.9107004884681
2324, 854.1764069571885
690, 853.8692273779689
1322, 853.4119913532932
653, 851.5046816429269
683, 850.6566179229111
575, 850.6177813294198
2222, 850.5130895775306
31, 848.5520670347221
1336, 848.1400614492597
636, 845.9997571019633
351, 844.7367378265392
2127, 841.9236199993119
920, 839.7501500959095
1779, 839.5147371048394
661, 838.5785269548543
2903, 838.5278639995894
1799, 836.7850194239228
602, 835.5117639372542
2241, 835.0487213775615
2431, 834.6409130539965
706, 834.2132189427448
2256, 832.686897738702
1984, 831.5399916936566
1332, 831.44697233724
828, 831.3265600520249
324, 829.7627491734108
1323, 829.6627330695173
2209, 829.5815281614215
922, 829.2968383426334
705, 828.9056327985461
990, 828.7618452727675
949, 828.3082141458758
858, 827.4136297800923
804, 827.3611380767619
1286, 826.1209901355858
354, 825.8364012708934
1475, 825.666191848474
2123, 825.0955233813207
2376, 824.2655376396559
2831, 823.3529866965727
1270, 823.2645752368853
1898, 823.0399696960603
2881, 823.0311460979322
586, 822.8338034364396
558, 822.7719856540366
571, 822.7400009288302
307, 822.2524906081311
976, 822.1477333132925
349, 822.146135445321
581, 821.5335562202913
2840, 820.9342326307892
638, 819.2770063122591
872, 817.1301099960041
23, 817.0728851279412
2246, 815.9476806902703
2839, 814.4322858819376
1622, 814.3902121801138
983, 814.2975186357701
2323, 813.2782407078348
726, 812.4256240672756
967, 811.4206223330837
1796, 810.8490243664464
739, 810.2002419341671
1356, 810.1479627386851
955, 808.5498321212239
1328, 808.313470660458
3001, 808.0638188142736
1623, 807.9771373588852
230, 807.8472309547624
2243, 807.5457377959049
2189, 806.7073980590226
2946, 806.3215495644911
1315, 805.9020295950318
270, 805.4965168537343
312, 805.0383033783928
2194, 804.738710971403
1503, 804.6881247245146
1841, 804.6308806430396
350, 804.5842318322013
2231, 804.3484488776033
1282, 804.3443043893973
2225, 803.8160609198767
845, 803.2013305782847
2131, 803.0715967360011
2845, 801.3236846839943
577, 800.8418876616882
632, 800.1043501619879
812, 799.9299631340157
785, 799.3450732546389
708, 799.0329150264079
1482, 798.5437459684293
2434, 798.5322912135389
759, 797.9638788000341
1837, 797.7787807039455
1362, 796.6152090993869
659, 796.2114921286262
1619, 796.1343998784638
2841, 796.0503890519673
2322, 795.9126413435821
1306, 795.5603315192072
938, 795.2703334226711
1405, 794.8178443403029
2220, 794.6576155568416
1378, 794.2317897057738
665, 793.4573005383008
1792, 792.3361791406026
525, 791.5671346871213
703, 791.1813134384115
2907, 791.0903807076996
846, 789.9787797826016
2233, 789.9420316726687
729, 789.9097818087699
2229, 789.345609323432
963, 788.149521080458
1366, 788.0335252396828
792, 787.6264032126485
361, 787.5726193675825
529, 786.9406460858625
1404, 785.4207417534436
3068, 784.8532359768903
1808, 784.4881752979085
1569, 782.902480411063
633, 782.8140967247715
238, 782.6370741260769
829, 782.2923464965114
1819, 781.15899182858
970, 780.7558276025045
1829, 780.3958602443793
1839, 780.0058545822518
2368, 779.1903624690592
751, 779.161922465097
712, 778.8808970848505
2908, 774.6039354001858
1284, 774.019858706814
1311, 773.8337145340324
1822, 773.4422324664475
2214, 773.0977411698578
945, 773.0048750396919
831, 771.4552636364375
1942, 771.4383605475192
1283, 770.8777240673809
2159, 770.6171498698075
778, 770.0910654579122
422, 769.9919933621144
886, 769.8459113052231
2247, 768.8163665553363
1832, 768.3240213317086
635, 766.8135073621555
560, 766.3758363895332
952, 765.3286450176585
2095, 764.5675164029706
1568, 764.3810371463852
657, 763.5982695735166
1015, 762.844900922344
610, 761.5912161446954
873, 760.6648581587057
995, 759.9147852390512
357, 759.7443846498211
1412, 759.578079829403
348, 759.1087993163255
2118, 759.0063166953502
981, 758.6943444817889
880, 758.6477963338475
1303, 757.4035739920485
1399, 757.2943494817209
352, 757.1177736955821
1614, 756.9063132118455
1288, 756.8462470749108
2949, 756.8232598063128
320, 755.451999063107
724, 755.3784666761422
366, 753.6925646586548
1525, 753.2691870770203
2361, 753.1679892356171
1886, 751.9748183526436
2947, 750.6790713908567
763, 750.5760343228453
2830, 750.443629400159
2230, 750.019882125197
1365, 749.3057578390944
2993, 748.88788998057
664, 748.420243375895
1529, 748.3805663912233
2196, 748.3719135312557
574, 748.2887261753145
1371, 748.0016812137796
971, 747.9024465277103
1807, 747.8893932425132
2253, 747.8836172545048
1836, 747.4548363310403
2829, 747.43521240886
694, 746.9563046515719
3029, 742.2364012582516
959, 741.9602123034974
564, 741.2679361713097
996, 741.211388581637
3321, 740.5909057313482
948, 740.4197222543191
1556, 740.3440395406977
989, 739.2891070262646
2136, 737.0160500902676
2362, 736.9038254914508
1271, 736.8112673318627
271, 735.9277112610004
3022, 734.6637997025314
750, 733.7653065813582
2426, 732.1693854126509
935, 731.7696588338549
1313, 731.0445532635126
1017, 730.6221437694311
1325, 729.7017299108693
765, 727.7453774798246
1001, 727.6224545985465
1909, 726.9822470555587
342, 725.4109618850368
2430, 724.6260704635647
723, 723.2914239839781
857, 723.178319765132
1398, 723.1515433234458
1192, 723.0292955645809
850, 723.0062544384814
2365, 722.9124527238106
931, 722.7697325171911
666, 722.2920098291971
241, 721.9855479902177
701, 721.9568326618333
603, 721.2954015321935
2360, 721.1315548800056
656, 720.6612439361604
1777, 718.9933706154584
1908, 718.5627893440914
843, 718.4832209610801
2200, 716.9317067562728
2997, 716.915419565776
2144, 715.1839427205792
2423, 714.698123625488
2234, 712.5452870845481
1369, 712.4827318967058
321, 712.4214265286448
903, 712.4203193146
796, 712.3885757874407
1897, 712.0189894829075
980, 711.7554502249552
817, 710.353169636541
1019, 709.7499048827302
621, 709.3838132889726
710, 709.3314719213538
827, 708.8934336368073
601, 708.5531260346179
2199, 708.5444289646348
758, 708.4923172034256
1815, 708.3213588159385
3233, 708.0539466238638
1884, 707.327426150407
1602, 707.0559861991051
3026, 706.7036563785564
249, 706.669818690273
1887, 706.3613369320957
1497, 706.2639195558008
2897, 705.8016052380561
1008, 705.7750511234258
246, 704.9932333312852
2188, 703.6247618078811
892, 703.5603989850856
932, 703.2865753133212
747, 702.1143607150856
888, 701.5264873171931
2318, 701.4382409519775
1769, 701.3717500245873
2178, 700.8600908213078
2135, 700.065288136767
3319, 698.9825678559886
589, 697.6068072147885
968, 697.6014082180508
698, 697.5302502809988
640, 697.4667399736348
2849, 697.2345094008367
639, 696.4061974805147
977, 695.6229298448525
2880, 694.804689254895
790, 694.3325898551996
1830, 693.8453198030563
830, 693.7503238992344
691, 693.3587052383493
994, 692.8317913808078
2157, 692.3045249336449
256, 691.3666164659211
2317, 690.5736590827552
644, 689.9016854227851
1359, 689.6173622174122
719, 688.9561029826149
1902, 688.4963042708983
964, 687.329275503467
2438, 687.0179680949389
709, 686.633575305825
2331, 685.8675274407278
780, 685.3065157093464
2375, 684.8689380618628
1992, 684.4073477588053
3023, 684.1393600950092
2221, 683.8945380775046
2950, 683.5194514985601
1540, 683.3205574531057
1338, 681.97282743178
844, 681.7664646037738
960, 681.5714277165673
836, 680.8951463151659
1916, 680.1910579672563
940, 679.9420274558641
1039, 679.8409544804542
2128, 679.6141043090003
359, 678.5708438023584
1395, 678.5452545545669
1804, 677.8274853518751
2138, 674.6305735290777
1917, 674.4871168119884
567, 673.8245104742908
579, 673.7273018080693
343, 673.2686378929621
695, 673.0028011687446
2255, 672.5352805285777
728, 672.4650157555302
1767, 670.7258421821754
675, 670.4491065993732
700, 670.4114037845465
2147, 670.3660159788595
1817, 670.2201284550736
1379, 669.8368613738214
1812, 669.471753381079
1269, 669.3268021871975
323, 669.1264421019224
311, 669.1264421019224
313, 668.9328800762462
1023, 668.5759349093187
2372, 668.5067672672793
1471, 668.487476673603
1789, 667.6758373594332
1801, 667.6753076345311
1038, 667.4366137402122
1790, 667.1718720063271
688, 666.5346600659863
2367, 666.4623822122912
600, 666.146285010401
1563, 666.0272405547803
2855, 665.9870911792003
1383, 664.7322643459745
3002, 664.3171510225201
811, 664.2066910475932
2905, 663.8982277014637
243, 661.7911271577747
2236, 661.329900399634
697, 661.2971299305442
2936, 660.6564918588153
247, 660.3296525808371
702, 659.5055456199095
2842, 659.2043560624425
1598, 658.6721264653978
2326, 658.3202555406317
1553, 658.120651445186
2888, 657.9288145513634
1210, 657.6610573799524
1036, 657.3575785544681
3025, 655.8867032915537
1617, 655.5454124321593
2363, 654.6655496603296
2182, 654.300802056246
769, 654.1942534257662
1621, 653.4504923817307
595, 653.171319068132
668, 653.1536919273866
815, 653.1150035509074
1805, 652.9373618593258
1835, 652.9280830713882
1640, 652.9143099988156
1396, 652.6492603843766
1885, 652.6434475483647
825, 651.9621233195485
1382, 651.9126736176603
2893, 650.5290067753971
985, 649.8172408788439
2828, 649.3420813161163
2133, 648.7958963795148
597, 648.7368361528837
615, 646.7481865245833
786, 646.164764613368
716, 645.9455701321091
587, 645.8014145487319
876, 645.0865938234891
2201, 645.0372029065021
741, 645.020843745224
978, 644.8305466887929
1290, 644.3737499557902
234, 643.4605905628792
2838, 643.1430829186281
1334, 642.1305515008104
689, 642.0471066663315
627, 641.3290320082962
771, 640.6364079332247
875, 640.3836564851777
1349, 640.138180999111
3018, 639.4289060601312
1930, 638.8331867446564
2837, 638.673923916857
835, 638.2171962825704
837, 637.8311559893602
908, 637.3675451691287
921, 637.1509291586735
746, 637.14513745563
1990, 637.0731403908984
576, 636.8847039120651
2001, 636.8166064968068
2891, 636.7499679383756
3271, 636.4458069183175
528, 636.3871796696194
594, 636.1934956608171
1950, 635.6461713618478
961, 635.0315992620305
1363, 634.62723630035
1778, 634.3320689926254
1337, 634.3114927918264
854, 634.1777736716399
687, 633.59994037264
2207, 633.3356836879016
1055, 633.0972144926324
2373, 632.9748756341486
2124, 632.9188149703143
1539, 632.7041553179903
258, 631.1484087741352
764, 630.638862124199
667, 630.6370682399928
1828, 630.1457008119834
2859, 629.9826304452083
2251, 629.0119271263889
325, 628.9721363475878
1787, 628.3768581669432
761, 627.298050520284
722, 626.5773841906348
915, 625.6976857399894
806, 625.3936863650159
2899, 624.9509403075668
3320, 624.4214686784694
1056, 623.4684486920443
1766, 622.9816966702535
353, 622.4623889557034
1310, 621.900658736643
808, 621.1681928572276
1385, 621.1493154234813
749, 620.9429894400622
1544, 620.1438409132132
923, 619.9452165676629
1526, 619.9002201001258
1987, 619.6377658692849
753, 619.0355172256658
1900, 618.5753109223363
1386, 618.5418285703729
715, 617.546143623849
341, 617.3200362696999
1418, 617.268295511739
870, 617.1111504960145
2170, 616.8646407982648
2848, 616.5972099632796
229, 616.3611842292125
767, 616.1007436946435
883, 616.008169985682
24, 615.6450496857083
2906, 615.3747346074865
781, 614.1779907132964
27, 613.8373224556898
1776, 613.6700269174264
1999, 613.4866326552321
2437, 612.7858866261419
2856, 612.7548702749539
1609, 612.5732265022044
979, 611.7530222838568
984, 611.511800362205
1985, 611.5098278317796
986, 611.1473618735699
1954, 611.0101989103943
2328, 610.5901006627032
660, 610.267386577968
1904, 609.8107838019852
972, 609.5483889594892
1476, 609.3096907675376
1579, 607.8395134868191
1757, 607.8269555647806
2370, 606.5051011866794
566, 605.9318235504867
1988, 604.7703608704793
2158, 604.5631033974081
2215, 604.2718571842594
841, 603.8974874431915
2547, 602.674054836147
308, 602.6522898976157
2729, 602.4516076055122
896, 602.3428211725553
877, 602.318309312645
2427, 602.3031501934397
1899, 602.3028109901368
2998, 601.5875649024786
2377, 601.5597601082934
244, 600.3427567667367
2953, 599.5946841685229
578, 599.1592483357934
2418, 598.7483133990748
743, 598.530469592943
3016, 598.2438200719354
1591, 598.1533345595972
727, 597.8451161139957
988, 596.1747441521827
1883, 595.7113505004343
1948, 595.2145540512244
1570, 595.009899378418
2435, 594.9459511909457
2428, 594.9459511909457
902, 594.5632058169715
1949, 594.2431774983111
631, 593.8941506608014
2851, 593.871248042519
997, 593.5555919470687
1802, 593.5238036119862
605, 593.1874791699327
245, 592.8213137177383
1401, 592.6639965520764
609, 592.5900837948744
721, 592.3637800503709
622, 591.863384387875
1831, 591.7071014298788
2187, 590.9628938982368
766, 590.3883073235355
2193, 589.5011927510546
1953, 589.173617793411
1546, 588.8751464269112
1825, 588.7080795207377
954, 588.3384497718848
2142, 588.1826390467678
3024, 587.7198127652296
917, 587.1879961283024
776, 586.8922288954826
2892, 586.6637369447247
1906, 586.3814593566316
2804, 585.7352280151907
1780, 585.4796527267753
890, 584.7397646271744
756, 584.6429136534438
1654, 584.4356342381452
345, 584.2660208692523
1578, 583.5474854102849
991, 583.3552444473186
2248, 582.4476368793646
2140, 582.2716052960068
928, 582.0823488339505
1538, 582.0185978443218
910, 581.7783183854307
1882, 581.6693756214745
1774, 580.700636469212
1552, 580.1374037367917
2369, 579.653451753218
1797, 579.1382229797563
612, 578.8395700495885
3027, 578.4451085503001
673, 578.2690653576125
1952, 577.1836467946715
1795, 577.0860416491582
2195, 576.9850093196744
3269, 576.7333617220219
3000, 576.3159293000095
1000, 576.2758786147019
2134, 574.9739443907495
569, 574.2631983075944
2806, 573.9908614471955
2242, 573.7939006573023
810, 573.7297441281593
998, 573.0222233988306
648, 573.0222233988306
1469, 571.8703718617207
339, 571.1366730974488
789, 571.0360184963099
355, 570.8233762942494
2205, 570.6864339835003
717, 570.4399611356105
809, 569.9399268914188
2879, 569.8984760013306
1834, 569.689465505033
969, 568.7055270575565
1355, 568.483539796352
233, 568.3371701263798
2439, 568.0085018518139
662, 567.1343841464287
2180, 565.8155526595372
1921, 565.6226158638294
2895, 564.9221060380634
3272, 564.5577813910614
946, 563.6755725674036
2901, 562.9603458537626
865, 562.6956418778163
652, 562.3146302689742
593, 561.6528114280112
1005, 561.5841516399597
94, 561.1332698055108
1410, 560.8120553787413
2330, 560.6592268572526
1920, 560.5521270023927
322, 559.8351354280794
310, 559.8351354280794
936, 559.593201978073
2402, 559.5311597140122
371, 559.4906760603141
1901, 559.3341733049916
1890, 558.9489267263899
803, 558.293114320022
570, 557.1069174634458
1922, 556.6945095693181
1784, 556.1758640220514
2141, 555.9774651887183
3273, 554.7127694046956
2843, 554.4937285969111
791, 554.173781737881
941, 553.9198934563672
1384, 553.5695545261638
630, 552.8236780888235
370, 552.1910363278735
2425, 552.1370385262054
1487, 551.8883942198514
1615, 551.6448647933044
592, 551.4657247118174
1373, 550.9569694432073
674, 550.923565605853
1816, 550.3201686168518
2211, 550.1202626692675
1347, 550.046599296712
625, 549.7174280934761
2316, 549.653469538911
248, 548.7299554241343
1592, 548.7208140774547
833, 548.1428898495012
1297, 548.0541862506265
1003, 547.5989707798769
2902, 546.9561819793212
1983, 546.4968085792148
1915, 546.2406813383084
889, 546.1333379314035
2420, 546.0245966956653
318, 545.7904207986483
783, 544.5611631063057
2374, 543.876243654612
1896, 543.3580423132358
1350, 542.1066586313317
1044, 541.7853168522785
1309, 541.0903593024499
878, 540.8638180085179
1485, 540.3674274918492
1509, 539.7626126989908
1944, 539.6415733615012
2826, 538.7861296638897
2153, 538.3087630381847
682, 536.0572253966493
629, 535.8991483669598
1803, 535.7680585253341
2332, 534.9512682260345
1926, 534.2226223574146
606, 533.7834686054722
762, 532.6556336989989
367, 532.1639763477937
2887, 531.8068169001922
1905, 531.2516828860317
591, 530.9958156273427
947, 530.4001992335646
2281, 529.5192941009278
3450, 529.5054667722017
1827, 528.8281219177425
1806, 528.739080591984
853, 528.353273767801
2329, 528.1876442567191
869, 528.0335884458389
340, 527.6861651012862
3224, 527.3276361354998
242, 526.8379529840086
744, 526.7049928941509
1798, 526.5886599725291
742, 526.5800369882568
772, 526.2000731683346
3267, 526.0879590895729
25, 525.4442587466303
1545, 525.3286438162091
1793, 524.4984363673582
950, 524.3784373714437
907, 523.9775112113224
2996, 522.303690000105
2896, 521.5144868553367
29, 520.8573806814662
684, 518.3471436302702
624, 518.3471436302702
1484, 517.6213492969051
787, 517.1916749954938
2208, 516.4064393716985
1606, 516.0255227373716
784, 515.9221195512031
2875, 514.9924441228042
686, 514.859150423201
3451, 513.8230184365348
925, 513.6347523990714
3270, 512.9735825882632
884, 512.3225180823405
794, 511.8098625061867
951, 510.63953045551864
2371, 510.5104270554085
802, 510.3682914848348
2835, 509.1693208628164
356, 508.78183046675264
2877, 508.65352048789146
374, 507.5325094487564
1935, 507.30037745997606
1845, 507.09360167385347
775, 506.8742514028943
2227, 506.3638444768797
1547, 506.10063479487314
1613, 505.8015995904239
1977, 505.5229912211613
327, 505.43162943345953
855, 505.11306966626216
526, 504.8544629074546
2944, 503.15021911811095
2000, 502.1354873946668
1577, 501.359921766925
1004, 500.4331671717367
2336, 499.97391784380216
777, 499.1486975496228
527, 497.0783920292838
2262, 496.9669041530939
788, 496.57043806503606
1929, 496.32132492530275
2334, 496.07472699166635
3449, 496.0014686302264
2876, 492.8605391081795
5, 492.799404153456
118, 492.5409801402202
2357, 492.1395671336701
1821, 491.9008926843025
1934, 491.4203574068996
939, 491.0740070244611
711, 490.76846561360526
1012, 490.7510826283305
1791, 490.14136834100987
1844, 489.9056112855807
2191, 488.751585251258
894, 488.17051417432657
848, 487.83221039610254
1782, 487.77408738543335
1943, 487.4575199305606
2834, 486.52747731339366
1810, 486.3140622941027
1846, 486.1538541274487
1928, 485.96758192680664
1907, 485.4575067021018
2364, 485.30236441531
1775, 484.86033677380203
1843, 484.8486304906579
1918, 484.5253845344886
1723, 483.46227427660017
814, 481.32580792314315
1455, 481.2616473925246
3015, 481.2347654993971
1933, 478.75678268790386
1833, 476.4447170299288
2945, 476.0334084689013
1296, 475.46618712409895
8, 475.134635755068
818, 475.05115101668747
628, 474.99111743351966
3009, 474.45128890466214
344, 473.3079505784328
1453, 473.1403566801332
11, 473.1301676183467
1616, 472.17745527408744
360, 471.720743326803
926, 471.65203080302626
2878, 471.47286566394587
1781, 470.7705998193564
1765, 470.5215119872832
1951, 470.1776041376101
1959, 468.65818971906805
416, 468.03642923689773
1764, 467.62998907906507
1274, 466.14319494661953
2890, 465.9039265940906
1989, 464.3151589666689
1324, 463.6991825493284
2886, 463.1907524192028
1957, 463.1056098228687
524, 463.05341048988663
1580, 462.67916188460055
1842, 459.95649388100327
1938, 459.4978168427491
598, 459.4701588452283
3235, 459.00102763794706
418, 458.72567713875367
1888, 458.6477155055778
2335, 458.5211660901538
1565, 458.51993140694606
899, 458.4032962233952
2995, 458.01184018296834
1889, 457.87083880269466
3218, 457.66872918091264
1936, 457.6168761428696
1763, 457.59671237320515
911, 457.2726036340481
30, 456.886826865229
1986, 456.75680839772645
2935, 456.6920339589976
1783, 456.6247027501384
2898, 456.6105923833227
1826, 456.39467605746864
2805, 455.88741453515235
420, 455.1902843564159
745, 454.67715112512866
2904, 454.57512810279786
2874, 454.5661998472851
2884, 454.09134814628686
2836, 452.9142820028582
2137, 450.61785728579144
2320, 448.69958730089695
2832, 448.6632343828759
1762, 448.5006191876766
1924, 447.8671423826926
2889, 447.4954904480189
1932, 447.41461742064894
901, 446.94215370210054
1190, 446.07696549830183
819, 445.96239899181904
933, 443.03704575438627
1541, 442.5170381932138
2827, 441.3860904291603
2999, 441.2915941907741
1211, 440.2766635010693
107, 440.1647908146583
259, 440.09896146035817
617, 439.63276324144994
2882, 439.3476813607459
1287, 439.11889801303914
1927, 438.97936753339116
1809, 438.9163188206353
1818, 438.7985151266683
900, 438.3874648459761
1653, 437.8942526915614
2358, 437.31210192842406
362, 435.63851771188047
953, 435.5448327974097
1571, 435.04855227979795
1768, 434.25438837193224
1814, 434.24004268489125
1947, 433.80671582837545
2857, 433.4874316804002
807, 433.23469233417495
1946, 430.7448675298227
112, 430.06144662195686
0, 428.6765538615573
793, 428.6618788289881
1903, 427.5527338120507
3310, 425.9055341505453
28, 424.8280213331379
1956, 424.34935450574517
823, 424.2860842538105
1955, 423.5727825274491
735, 422.0236836792342
1427, 421.7995473806713
1895, 421.7082364480007
2883, 421.58667019247633
1267, 420.23114680411936
1425, 418.4368081568596
117, 418.04378656100266
1945, 417.97939235913987
2991, 417.6854960600972
1542, 417.65381689613366
316, 417.14987925597956
1923, 417.04118077662184
1255, 415.7794368205962
3234, 415.53009470049767
2333, 415.28867050897355
2731, 415.2567449789364
1940, 415.1814311353745
1939, 415.02098209032334
1919, 413.3385227390943
1426, 413.05246995172166
1824, 411.9037615338472
2192, 411.7942407989366
3013, 410.9905274584438
874, 409.7418512778631
3220, 409.1119078171868
641, 408.4281676639623
2885, 408.24559279893924
3017, 407.93480482300157
2860, 406.31945961580396
2143, 406.2830625740658
2894, 406.0265783234968
1567, 404.37513556863206
421, 404.32251288383725
10, 403.55228659735826
1566, 402.1026751041245
1661, 400.80578314430386
2432, 400.74399282480397
3228, 400.6634019999432
1575, 400.60999116396823
1937, 400.4124652806104
9, 399.49655883470723
417, 399.1057025533454
1564, 398.22260198535486
760, 398.0172496231343
1794, 395.56336085047207
3, 394.29637091539394
182, 393.5267542541713
826, 391.7307069737502
1785, 389.7846222683143
7, 386.3328988288439
3215, 386.192467702177
116, 384.75328787199896
1573, 383.99049561542716
1800, 383.0769023718419
768, 379.0738183318546
1931, 378.8444241821949
1788, 378.5304208100992
909, 377.1487924662219
2429, 376.63168378631957
3036, 375.85859576754194
1423, 374.06227851040205
1316, 371.87256904341484
1709, 366.897290469402
1562, 366.7124602991582
3236, 366.418785758796
6, 365.56391132904537
3216, 365.0460833953401
1976, 364.8497457774455
3431, 364.6420255057175
2861, 363.73806107257457
1358, 362.167606780332
1364, 361.9855420026762
1543, 361.25549029511177
3043, 361.2315650738973
3011, 357.8810588400765
1062, 357.70506098932555
1572, 357.3396301991744
4, 354.75858015013233
1638, 354.7176640719151
1532, 354.3990103808939
916, 351.77855937980144
1454, 348.39404552281826
2900, 348.3780413126556
1457, 346.7352044819169
2010, 346.55476477672715
3188, 345.9291063329937
419, 344.7219480605456
3219, 343.9950285580374
3164, 341.6657373078522
1632, 341.4188348551777
1302, 340.71213404663706
1694, 339.75189831521783
3221, 338.9625021299494
1576, 338.83671507801006
3223, 335.6632118129845
1153, 334.96763849227386
2270, 334.5722155265406
2971, 334.0234303127375
3217, 332.4608325638908
1574, 331.3624522417441
1424, 331.3272374782393
2275, 329.00092878034513
32, 328.9099362211733
3222, 327.68913055088785
1397, 327.2245763034894
68, 326.80864894784474
1, 325.63424551399197
96, 323.97016052993195
1216, 323.018756309491
637, 322.4852019046222
260, 321.61111276989095
1073, 319.9795949269374
1864, 318.4848011571441
13, 318.33979594058803
1838, 317.6330487899141
1958, 316.8462456537593
1440, 316.6663317324602
268, 316.48332312661404
2351, 314.64957477127257
1605, 313.4598001662669
97, 313.02133007943513
1634, 312.1991125596125
64, 312.1540315413262
2433, 311.9582504867931
3392, 310.6923194510748
109, 310.4871697973723
1156, 308.27883832397606
1962, 306.97078575360996
1151, 306.3729507579146
2395, 306.1695736373384
358, 306.0800476817744
115, 305.5740373784653
3387, 304.6447320685405
1588, 304.5593892926672
3417, 304.4183630707013
1406, 304.3811037038836
70, 303.9347655125512
69, 303.9347655125512
72, 303.8678389743239
2097, 303.60350766332874
1034, 303.01238923849587
65, 301.960627829827
1813, 300.0891097372749
1693, 299.6083821432114
2801, 299.26567966781
122, 299.0535299454358
67, 297.5895930988256
93, 297.055156950877
1178, 296.3823812361917
3376, 294.87028535493624
144, 294.5569344580126
1220, 292.6772955829758
167, 292.3792268048878
510, 292.0818997749821
1663, 291.64494783538595
1152, 289.970127981553
101, 289.38167851634057
1191, 289.3087713446793
12, 288.8359202634453
1428, 288.80462291691
2972, 287.96243721849015
232, 287.5490349865546
2384, 287.5172419723524
1180, 287.290487085611
2400, 286.67592381533626
2399, 286.0240472052347
2787, 285.5635276889883
1065, 285.536743599321
2915, 284.2754656289593
1061, 284.23909144311415
1477, 284.0514160522306
2414, 283.82148233075304
166, 283.6395874625697
1996, 283.54141411555446
3428, 283.4564539664764
1518, 281.48528838789287
3356, 281.44414497682226
2775, 281.2585752685004
95, 280.5869891878445
3122, 280.51910824188127
90, 279.7186822702226
1068, 279.6489942603478
267, 279.2758840082398
3349, 279.21661652896603
3374, 279.1698120109934
1658, 279.15084858725515
179, 278.9902261066648
1189, 278.5161616230483
1713, 278.43636836737835
3126, 278.3832567094021
3140, 278.1360886997947
2799, 277.0881776645908
1224, 276.3318327382629
3406, 275.8118524345233
2378, 274.8209458583858
3137, 274.61306915967464
1207, 274.3214717558938
2551, 274.2651498222335
1441, 273.97590838213637
2550, 272.43940798336087
434, 272.23247186501305
1108, 272.07973822520574
2913, 272.06812217580637
1123, 271.8837204134386
522, 271.1577094697463
3328, 270.36584443392985
3138, 270.2888813668946
1225, 270.2410720506447
1467, 270.22766178535977
103, 270.06429547451063
1079, 269.54834057304134
1460, 268.9573618795944
1120, 268.88956775625127
3368, 268.34237758651454
1155, 268.20907816299683
2770, 268.0750426802813
190, 267.4626671716094
511, 267.390814362533
3060, 267.37446844331595
160, 267.29055538580457
1222, 267.00455403065405
1198, 266.6887555122988
3422, 266.55645471284413
3337, 265.6493257437187
304, 265.6174796170886
3075, 265.52883632449885
3127, 265.47568024238325
2977, 265.19309239147043
338, 264.90810136174537
2761, 264.7712166493025
3116, 264.61931228284124
3088, 264.1438045311255
3104, 263.7933666688612
2411, 263.7781946953977
1078, 263.75814245080727
121, 262.959778460615
1240, 262.72959303162344
1138, 262.66587273948807
1719, 262.55547795212584
133, 262.40644627328044
3156, 262.1694309795653
3096, 262.1288316395665
3157, 261.8838652248247
3152, 261.42862097181387
1656, 261.07425724345933
3390, 260.94019105984916
3067, 260.70969953603765
2967, 260.04665500890485
3355, 259.7135720798645
3074, 259.38953185766076
1435, 259.3789205088834
1998, 259.34693940863343
3052, 259.26714181518076
2719, 259.24190501426114
1150, 258.95605004874085
2762, 258.76177747167804
104, 258.67610985262115
3087, 258.3548332034613
2007, 257.98096761822745
3124, 257.8298641411911
492, 257.758828119461
2796, 257.5171381824783
3338, 257.1813549613628
3427, 257.14801813419336
2800, 257.1435655032805
102, 256.7587155888755
1194, 256.75436338603026
2344, 256.4273327745296
498, 256.2999479200744
3109, 256.11825127564424
1116, 256.0896550361585
3076, 255.98804198243033
113, 255.86399946722884
1514, 255.6849765545822
2716, 255.58198804661174
1251, 255.49882380898563
369, 255.33658970955716
1135, 254.35571608883768
3081, 254.13593255348658
1195, 254.06481989038278
1431, 254.04214341662617
2815, 253.93592395633078
1881, 253.89939278965429
108, 253.62675666617017
3330, 253.50538714748842
89, 253.4060797163055
1227, 253.1539314588978
2976, 252.77783767901542
3053, 252.7722474457562
3103, 252.76334161845614
1261, 252.5549911896491
1134, 252.44716052528602
1446, 252.2359972833215
3397, 251.98445899152475
553, 251.72232383186298
1298, 251.1757491802981
66, 251.15829178000152
1097, 250.6594934933081
2268, 250.65130060466413
1107, 250.51983098933255
2771, 250.47416589137825
2023, 250.21024794245878
135, 250.0792816296902
3158, 249.83587169894378
209, 249.22742858760844
1223, 249.19216768129337
177, 249.02091930006551
205, 248.88228010770106
2028, 248.77204184091676
1127, 248.46727840210116
545, 248.46069247968137
1593, 248.38912810168486
1257, 248.32013736303
261, 248.27191213018244
2984, 248.04927124962379
3430, 248.03530903472026
541, 247.8768334175058
1167, 247.54198818583518
3414, 247.49414636908946
1250, 247.46547275101915
92, 247.45710443980738
2982, 247.36213040876197
2421, 247.3520200213841
1136, 247.13332235297398
2412, 247.0340565342943
2273, 246.98977466307477
1186, 246.93212750971702
1059, 246.8243948443191
533, 246.7167004596663
3154, 246.65929331483804
1246, 246.54687138155631
2347, 246.53278943176414
3141, 246.49370944570336
499, 246.48024198033664
3377, 245.90851295486408
114, 245.86978398062658
1146, 245.4786548007014
1131, 245.4543535360982
1436, 245.10855767485666
3117, 245.09634062121316
192, 244.87988011695415
2406, 244.7926376228066
1773, 244.51548308316237
2356, 244.2451737275684
2295, 243.94431978623552
1176, 243.86372365181813
3102, 243.5079056353259
3335, 243.2210538536355
1188, 243.1619183229727
1217, 242.8282450221349
1133, 242.80178461493006
1168, 242.65835671448536
1125, 242.5779245144422
2065, 242.28624367990864
3400, 242.20317115059214
1242, 242.05429860341232
3115, 241.91711792541076
106, 241.68708375932587
1070, 241.32462209296648
1163, 240.92048858539934
110, 240.88787441650817
125, 240.71979212801023
3399, 240.50700575731148
3375, 240.4651867615201
2304, 240.301975006808
1596, 240.27544959243454
1667, 240.01184333808052
105, 239.95865922091107
1213, 239.9056439358593
1711, 239.688956143735
3398, 239.38424873623316
1201, 239.31121893019406
120, 239.30685832250978
2392, 239.278497315364
3351, 239.2567409029028
1196, 239.19373362364308
1438, 238.91618680015588
1197, 238.9062607559565
2080, 238.79896803428443
2960, 238.5237289674235
62, 238.35393119429406
2355, 238.03014169995075
3342, 237.29544755314052
3394, 236.73317927149557
2413, 236.7056474959724
2014, 236.40127534592852
1254, 236.27546610011638
1182, 236.24052279251606
3366, 236.06751986077987
91, 236.0192379051002
1181, 236.01539383943611
3131, 235.88905423398612
3367, 235.70086861334536
2409, 235.5345139415932
99, 235.35501258634415
1229, 235.33498258137084
61, 235.0902613268795
2396, 235.08340692963
1208, 235.0124241742201
2387, 234.44997076093793
1137, 234.32263313069862
1678, 234.22819489135682
1160, 234.2135674803769
1095, 234.20473860664322
431, 234.19121244349196
1660, 233.9810782232827
520, 233.71243805388434
2752, 233.67254715073648
1209, 233.1026897358965
131, 232.86431870270297
2350, 232.85315573314466
172, 232.70150713798742
1447, 232.6088561852794
1175, 232.5823652666239
1101, 232.23135148025034
1855, 232.21425722965952
2769, 232.21209950357994
3132, 232.0999390473886
2975, 231.88282629609935
2974, 231.88282629609935
1662, 231.78864087806582
2978, 231.7142458543675
1149, 231.65282030529676
1253, 231.64195328172283
463, 231.637685538269
3322, 231.52376153470487
2, 231.4711134244091
3003, 231.43550497892045
536, 231.3735713376033
2813, 231.31237923412772
1148, 231.1942905794402
1961, 229.90726142485894
2417, 229.8104681132794
3441, 229.7816204653647
1099, 229.64325618546204
3420, 229.6253032103053
543, 229.5538255580092
1683, 229.49781874558613
1860, 229.3992664352221
1974, 229.3407358251611
1112, 228.91579617461989
3028, 228.6429511418448
2730, 228.44753762352065
1857, 228.42657840202475
549, 228.38124655581686
2765, 228.2905573648154
1589, 227.68798887615117
1597, 227.66129945355908
1139, 227.56148386035477
3332, 227.22936214683895
3372, 226.89760185174015
552, 226.79695393848243
3333, 226.75936360737458
1449, 226.7113357760612
3139, 226.5719615668124
2798, 226.28587202804536
2269, 226.15324084784166
1170, 226.05816842362717
279, 226.00052459760843
3078, 225.80036551985552
1761, 225.57403041766753
3047, 225.5690484207802
1586, 225.32565994953447
2717, 225.30898149228318
2797, 225.06680224320192
506, 225.0427334792589
1147, 224.77725466248307
1154, 224.67993736810382
1688, 224.6454016659558
1872, 224.52163770110235
1067, 224.5039509703274
3153, 224.38090908048105
3198, 224.2708218679445
1856, 224.24782748038612
1852, 224.18390270066385
1096, 224.1749754806691
1753, 224.05488185819584
1760, 223.71013772940785
383, 223.5148882979823
201, 223.4791399393487
3048, 223.434294424494
2290, 223.10546063028727
1088, 222.82367133730543
2862, 222.73019948240912
210, 222.1717714827493
2919, 222.04811558633742
450, 221.86327417587216
426, 221.84939297390295
1430, 221.77828613981197
1199, 221.77186009472078
2715, 221.68669529586387
1262, 221.56578805924656
1141, 221.5268914177587
3280, 221.51817528262953
1115, 221.50826235960935
1236, 221.2856148069025
1069, 221.19697498476364
3425, 220.93150349676702
502, 220.91462386503963
3291, 220.8630925008265
2794, 220.75932093238663
154, 220.73989426428545
2753, 220.44433813097098
1608, 220.35509535263168
1042, 220.03340086686245
1214, 219.67828124081407
2819, 219.49494319781957
3410, 219.48181727262056
3393, 219.4326038580414
2009, 219.1845897235131
3125, 219.16550515959005
1212, 219.13486140407016
1025, 218.73515163220452
3106, 218.66622680033979
3286, 218.54159363335768
542, 218.50473119262213
1600, 218.31195835744435
3429, 218.2967523482201
1041, 218.19578337104855
155, 218.03066614559933
1465, 217.46583306559393
3061, 217.34396677433517
128, 217.29932683163847
1206, 217.1816238501423
264, 217.05162604435654
1145, 217.00524867056922
523, 216.88868009492518
3396, 216.8767007929279
1130, 216.86638897925195
382, 216.7818586344194
476, 216.6175855679877
3416, 216.54551997071985
151, 216.36881425721836
3073, 216.23657548764893
1429, 216.23370541911294
164, 215.82439174441984
487, 215.65888682289793
3004, 215.65193549205026
3334, 215.44233048519413
537, 215.4073616409814
1083, 215.0463201910664
1128, 214.83932122602147
1867, 214.80855611021002
2337, 214.79479595141373
1226, 214.6258984612686
3086, 214.60765827486534
1299, 214.47491148724896
1144, 214.2769092835813
1445, 214.2679700408873
283, 214.18933364703946
1607, 214.0157454478053
1174, 213.99062608687703
3371, 213.89101578156328
3421, 213.67989278609522
446, 213.4437123193172
1464, 213.433891574148
2110, 213.36374674540258
2398, 213.34516086983987
377, 213.3426536509188
2068, 213.30852794832276
462, 213.28845576653052
3418, 213.1852472954956
197, 212.90182323184115
504, 212.84711216952215
1179, 212.71579626919774
3339, 212.65833223286052
1876, 212.3409771301
3119, 212.32400282279812
851, 212.305928646336
2056, 212.22692735528761
2983, 212.0531727578728
2969, 212.0226439850395
1091, 211.9868754005065
1301, 211.97481770386597
912, 211.8855965948334
3395, 211.86892102354153
1241, 211.77791663509643
530, 211.47843844195992
1031, 211.12372818326793
1094, 211.10091305218955
1074, 211.01252682922643
176, 210.99194447723076
2388, 210.87887224267755
2958, 210.79456182835793
3378, 210.7095754551693
3196, 210.67423638519494
161, 210.64133250707889
139, 210.54460724044574
1442, 210.40178936525552
550, 210.21131021781892
2973, 210.17955411872288
1245, 209.8831047481676
547, 209.70827309148774
2990, 209.65489973739793
1113, 209.6422114735503
1437, 209.4014273348727
163, 209.22641908335777
2754, 208.96162523900426
2763, 208.86485714196172
2803, 208.78014950704548
469, 208.7723884116087
2968, 208.7512604492536
3064, 208.72753624272482
3369, 208.59177540062925
443, 208.57807949738338
1689, 208.50021990399537
2279, 208.46828455126214
1590, 208.45903039739662
414, 208.37669791921695
1849, 208.3378194824281
1973, 208.11694133105416
1218, 208.0302470820876
53, 208.01539981370405
1811, 207.9951915208979
1979, 207.99471895226208
1219, 207.75767182131528
171, 207.7443885614934
132, 207.7238992926788
1978, 207.59337972031975
538, 207.47363450123302
3402, 207.44013527202085
2303, 207.22806555750904
2069, 206.92872909200565
2309, 206.9240910265748
2818, 206.8706664581287
336, 206.86311362384356
181, 206.69727740498826
1462, 206.50191174019776
1030, 206.48989784096185
2783, 206.27715773740007
454, 206.20983211945497
119, 206.04532472446388
3381, 205.8826877795284
2100, 205.77358705042033
1247, 205.71911668587805
1451, 205.5944903708434
1060, 205.55701740200368
423, 205.5148231956511
619, 205.46401972695506
3407, 205.3769749852661
178, 205.3739637252764
373, 205.37002954529666
3405, 205.20177454695917
514, 205.12852831268816
3373, 205.0509290674595
2105, 205.02863974751818
1043, 204.93103203963582
215, 204.85154575077013
1089, 204.67842757053785
1169, 204.56358839653103
1027, 204.47232199527488
3408, 204.28999670904017
397, 204.27006535056282
1119, 203.9337051681904
448, 203.8850912986904
1865, 203.81905012351862
2408, 203.78960320142545
3058, 203.71523515712906
3166, 203.60305726165933
1736, 203.57034505672507
820, 203.45732651446707
153, 203.43267898834685
1117, 203.39930760004273
2548, 203.28305734885268
1444, 203.18079082866643
45, 203.13293618129472
3108, 203.10203163224034
737, 203.09583395263422
1035, 203.018380458748
3181, 203.00051412925853
1866, 202.79453311450902
481, 202.66174793784398
2071, 202.55199635503914
262, 202.54496935153307
174, 202.50019079134344
3353, 202.43721161244875
1452, 202.4064222949752
159, 202.20795460459524
1911, 202.188644150182
2966, 202.14301976953004
2033, 201.99867396129895
3423, 201.936451511003
3049, 201.71060714037733
1200, 201.66588837861408
227, 201.6047995077506
1248, 201.55289681624498
289, 201.50769461813886
3055, 201.44706497691348
429, 201.37218008350717
71, 201.36250554281747
3277, 201.35706346197836
430, 201.33081816004275
505, 201.2155197468502
41, 201.01686930372458
2099, 200.98386374297496
146, 200.9200558350837
1676, 200.87660610901125
532, 200.86207119936407
2918, 200.8559860600262
2297, 200.83166930894757
1183, 200.80508195843868
3331, 200.77628944958377
2985, 200.6972530638053
3382, 200.6698572992385
556, 200.64417920261198
3227, 200.61541175558912
3070, 200.5957983474694
2733, 200.5251601142819
3436, 200.45730703407557
1124, 200.43343246358103
1450, 200.26490150774472
76, 200.16860197920204
2792, 200.0700762479618
157, 199.99542714801726
3340, 199.91126923621874
1230, 199.90119761579044
162, 199.87394732341994
1126, 199.86438037274627
457, 199.49507697611335
1531, 199.4773838485912
736, 199.43011951607664
1193, 199.4124497719575
3072, 199.26208939618814
582, 199.2267896677
2315, 199.1615309151481
3089, 199.15546401969257
1040, 199.12957620878197
296, 199.01434880283696
432, 198.987807640546
39, 198.9632379203847
3437, 198.79467336631333
3303, 198.74639406307006
263, 198.68011841824895
1110, 198.43718606472387
2301, 198.42972639177637
2271, 198.29871785927506
1085, 198.24240506402762
3155, 198.2155733985233
3317, 198.0941715533144
40, 198.08530971874842
3077, 198.02090838540988
2312, 197.80616094803963
458, 197.78966303674864
1448, 197.76090230825602
2979, 197.67825308067208
3385, 197.60313995466888
1584, 197.35387997243913
2386, 197.3516137284615
503, 197.31654019428677
3046, 197.29395576053494
3370, 197.2826152792094
3118, 196.9156097955779
3247, 196.72844965955952
1072, 196.62825174055172
1234, 196.5357802121543
1075, 196.47291909757377
1624, 196.27821002175992
169, 196.18645742547014
2735, 196.16145947495014
3135, 196.1548848258319
3107, 196.1334694959788
1603, 196.1297472415715
3148, 195.9051351193098
3388, 195.89535214296532
2394, 195.86578212914307
2777, 195.68133697430963
2747, 195.46742392696206
2022, 195.37285987009946
1610, 195.3560670551591
1651, 195.3493535871951
3302, 195.31172390556276
207, 195.2285352194529
1086, 195.2284551156241
2274, 195.20974947953962
221, 195.12726225455927
284, 195.11545592640448
554, 194.96494244305148
2382, 194.8186172255366
158, 194.5946374465136
2015, 194.28647541532794
136, 194.28571279374236
211, 194.2190647141927
1964, 194.05134001638464
535, 194.02575190415766
1071, 193.7500310673756
2740, 193.53597309230983
3114, 193.4624900195508
368, 193.3916259022545
170, 193.38747340508462
3401, 193.22226891370386
334, 193.22190316177867
98, 193.15904802786665
494, 193.1279706183844
2791, 193.05067204054524
3275, 192.99569597074947
3054, 192.97187815954098
124, 192.955322851049
2053, 192.8862253929345
2050, 192.77765865969033
456, 192.7635221113149
1066, 192.7605109448042
2302, 192.74713990114432
1583, 192.70953532698817
2265, 192.70798940784718
501, 192.6786729397171
444, 192.65111105693458
2260, 192.562549219725
1173, 192.4840949725311
1533, 192.38410167221087
188, 192.23764764660592
295, 192.23379089689925
293, 192.17369372595374
3409, 192.04436021954564
200, 191.90355418111665
2986, 191.8267643701781
1202, 191.82601954736
3379, 191.82498191111736
557, 191.71052980732432
180, 191.7101521626759
1215, 191.6921510298341
3419, 191.6501690426182
2807, 191.65001356820332
202, 191.6382117752805
2964, 191.56220059407346
1239, 191.51280408785033
1994, 191.47154219790016
2292, 191.42409088685412
1585, 191.36849320848825
3069, 191.18014597122715
1166, 191.08081618844932
1228, 190.92298656287593
333, 190.68682848504295
482, 190.6643931874436
175, 190.64558153154704
3191, 190.35356105425416
531, 190.32556651600612
2055, 190.00266187849257
1026, 189.87075786214442
3142, 189.62324342974796
437, 189.53120604289683
1848, 189.519358590046
2772, 189.51374714439223
671, 189.50790272827186
539, 189.4315821064051
3389, 189.40609093485023
2308, 189.37242999459883
428, 189.31279697999656
1975, 189.30932705348934
220, 189.17370602874044
3341, 189.12071982717617
1032, 189.03576876466596
1456, 188.99787302292125
213, 188.96162974287606
251, 188.8533613850718
1076, 188.56116593498595
329, 188.48386930234744
2737, 188.45970490375575
3167, 188.4484894956793
2018, 188.33020459086688
453, 188.27606296128027
1187, 188.11324675642567
2006, 188.0735254011585
1263, 188.06265499475774
330, 187.93160925367425
3010, 187.909864739261
483, 187.5905759502718
1851, 187.51091302418428
2298, 187.49451292536733
1161, 187.46300018064582
1233, 187.35248782752325
2088, 187.34081837574053
3179, 187.30639029138916
303, 187.28340953523266
2267, 187.27913028330636
2070, 187.26892940889164
332, 187.151092447981
2277, 186.99478305516146
2963, 186.90629709382793
1132, 186.89780141228948
123, 186.76432051491685
3403, 186.59242464913004
152, 186.55919404287172
2086, 186.40211856917767
3189, 186.30209784086534
3169, 186.21863791730843
2961, 186.21349640667182
3210, 186.20305539353038
2389, 185.90978728284932
1912, 185.86792550443664
1090, 185.64014138404428
3065, 185.63976681889716
2424, 185.54652518557307
1129, 185.47438547394947
2380, 185.3231694449993
3032, 185.3076736039261
2306, 185.26757095620962
2764, 185.25583515266425
669, 185.216914638409
2310, 185.20874028853308
2075, 185.12718347509974
186, 185.1166791819102
852, 185.0553992625794
2011, 185.00998556720901
1980, 185.00246396784016
3203, 184.93845655135533
3205, 184.89616986409962
378, 184.88204257315618
129, 184.85080708271735
642, 184.8029902284605
3149, 184.7280922777062
2989, 184.6824383318006
392, 184.59070021672227
478, 184.57738092989888
2059, 184.5050376094352
1466, 184.44728833811584
860, 184.3019727831504
2348, 184.27021865513296
3445, 184.18478917837734
3182, 184.1613357339504
1581, 184.11859775066443
471, 184.1119581457757
1459, 184.06035576729167
3404, 184.0522251426127
1143, 184.0073008972487
1203, 183.96482860090256
3172, 183.96423499113206
272, 183.95596236820873
2103, 183.85431856143916
475, 183.63412385859328
142, 183.614265775203
2790, 183.57427475265646
3212, 183.47890682669546
1432, 183.38026103314522
546, 183.32497401058274
441, 183.29949203114975
3426, 183.12766259333307
380, 183.12182299862295
1997, 183.03268489377814
467, 182.97658784076452
2354, 182.840776504307
331, 182.6636002377702
2774, 182.54125489508363
365, 182.4821962213484
832, 182.43578850969416
2746, 182.39359969115253
37, 182.36321677957952
1252, 182.2746804383987
2311, 182.2571310069628
410, 182.21372194932675
1259, 182.20049473042792
297, 182.11413020616274
773, 181.92398641608133
1260, 181.87344130916574
1098, 181.63378687244608
1995, 181.51766865064542
2300, 181.50260247928597
2766, 181.47708262158704
2263, 181.35595480121646
1963, 181.27428649229927
168, 181.22373411851848
2407, 181.09069496691484
2016, 181.0398343184624
2962, 180.99247658148414
3434, 180.91773147930203
1991, 180.9092300592141
3128, 180.9009763992078
299, 180.86866480075224
2786, 180.63518475234622
2296, 180.63474774356686
864, 180.55559530154835
3202, 180.31865383000073
3190, 180.1922936207719
2863, 180.1861710525128
3386, 180.18036618963214
451, 180.15344100780476
3447, 180.09186539535204
2026, 180.06571119360916
677, 180.0401128967668
466, 180.01269859454922
2266, 179.82313543561605
3285, 179.76068911531777
3281, 179.75786413947833
3174, 179.74737282140737
2083, 179.66510768681837
488, 179.62740794877703
2759, 179.60525296307384
449, 179.5043014843651
2734, 179.22508458740865
1690, 179.17100295546442
464, 179.1296951961603
79, 179.10503681792812
2252, 179.08660579063698
130, 178.99800716692744
3424, 178.93417588550776
496, 178.6280760411794
2767, 178.57737414520366
3298, 178.45419471328674
208, 178.40755284704798
3056, 178.375552112305
1184, 178.3514099106356
1502, 178.28114939001767
1517, 178.26147360202043
2744, 178.25974586479228
328, 178.22687128385232
2352, 178.1969732461817
1111, 178.09625150647875
3214, 177.98803884245243
2415, 177.6960613388279
2091, 177.68673867253725
3173, 177.65263474083048
75, 177.43510892262157
1177, 177.3707293035265
2757, 177.34503076184222
3185, 177.22227521806477
2032, 177.20658056100456
731, 177.19321753036994
1604, 177.09649197068157
3300, 177.01736545924825
914, 176.9456779067607
173, 176.7664784126467
2029, 176.6731761212556
204, 176.57126076752
1077, 176.5562363054035
1770, 176.54528259554843
3057, 176.5271389142229
2987, 176.51210908317498
2817, 176.51126520543767
3175, 176.5014773990749
147, 176.46591095598308
100, 176.4625303916241
2748, 176.32207043721328
2078, 176.21079143397975
2024, 176.0000244930352
3098, 175.98720332446257
2109, 175.86291424355022
534, 175.82978595544034
1140, 175.76487191281967
480, 175.75261829784057
435, 175.742258479943
3283, 175.68091257841874
335, 175.6611709068409
2261, 175.62675473982137
1893, 175.53594254323826
485, 175.49891677806605
3208, 175.35097735258768
470, 175.32546648554688
1850, 175.2177180631573
3276, 175.1913631460397
583, 175.13506710056663
203, 175.09362387174514
1513, 174.97912525506308
2027, 174.96212284994397
3244, 174.7395467796474
2722, 174.64719219228178
433, 174.2848207117146
401, 174.28300143847093
2223, 174.24279594998706
479, 174.1863618889175
3292, 174.0438582607112
3226, 174.0379284243301
2820, 174.01110070796344
3110, 173.7916591348467
1029, 173.76922218421652
3042, 173.733551568962
3245, 173.6802740598522
2076, 173.67905850622859
1521, 173.61836589983713
1172, 173.6052383856816
372, 173.55686803113846
738, 173.38775679428377
3348, 173.36519975303077
415, 173.32149844299272
48, 173.20589564448466
3440, 173.125102224041
1443, 173.09370317118538
3093, 173.08502981354923
2278, 172.98711977348685
544, 172.945615596821
1256, 172.87750764506688
913, 172.85031585205434
1105, 172.810413102907
2622, 172.7837302088798
1853, 172.74608238101098
2381, 172.73721483581892
2276, 172.6725960470948
3159, 172.6265244272096
1675, 172.36282937269237
46, 172.30048176494424
1142, 172.20549942910853
2224, 172.20285218176
2013, 172.12428666903213
193, 172.10205194977394
1910, 172.07511142767567
2751, 171.9514324049454
2045, 171.9363717314441
1587, 171.90974473566826
468, 171.89529654719232
650, 171.79501482690156
1880, 171.7662922758516
2802, 171.75610372050326
906, 171.5506156515519
2776, 171.53360361626613
1870, 171.5254396835692
495, 171.44921080607836
1434, 171.44664674474907
1433, 171.44664674474907
540, 171.38086323909906
3293, 171.28924922857414
440, 171.2787492271985
2416, 171.23865879066534
2920, 171.04793398072295
2507, 171.02495269613877
2965, 170.92026610184743
1087, 170.85443161547545
608, 170.80984563540682
1100, 170.72976599334936
191, 170.68249491521897
1611, 170.63721825476824
2020, 170.630503299788
1758, 170.6245374394519
189, 170.51534252775699
2768, 170.5110468211563
588, 170.4863458563687
52, 170.37431168626082
2773, 170.33717602801846
3297, 170.31679273710895
548, 170.3161637970352
452, 170.30396708800265
1235, 170.26310058674682
3209, 170.21580717096958
2825, 170.14987484362413
2285, 170.10691620497664
126, 170.04143160991694
274, 169.87544277061116
1058, 169.71555686788906
288, 169.57723045485716
148, 169.55931474674176
425, 169.42915505982924
861, 169.33088926876798
34, 169.04616295266547
2981, 168.9088676331271
217, 168.8265930347377
676, 168.80234699708583
2210, 168.66319576128595
206, 168.54285671336953
3176, 168.50554466360302
2291, 168.42830588408037
2723, 168.39926120521974
3435, 168.330303250484
1993, 168.21131984922465
3083, 167.98541819165985
2546, 167.85408311894085
3079, 167.8130769754947
56, 167.72338434493537
51, 167.7230821025443
1515, 167.72219689429687
1204, 167.6518895058071
562, 167.51182238813954
3071, 167.49412873717475
2988, 167.4419730691557
816, 167.42028899410948
222, 167.38254260786275
1063, 167.3074961401127
3287, 167.26098420916674
862, 167.25531150020564
1914, 167.16253416065229
1461, 167.11442700084058
3213, 166.96700636630396
1221, 166.8840391529815
1159, 166.83428076852354
389, 166.75382019280258
266, 166.65895656393783
140, 166.39692077494314
2810, 166.34790448307876
1913, 166.3418983603261
1680, 166.14234591830837
3151, 166.11786528537945
2272, 166.08716058398844
3084, 166.00737348061713
2041, 165.94237921464514
2019, 165.87880243843958
1237, 165.83159039167543
3050, 165.82044199134478
1686, 165.79769386556885
44, 165.78979189064486
3259, 165.69705726123365
406, 165.64887029843234
3006, 165.50861702367834
2549, 165.4931252260352
1859, 165.4861038169037
607, 165.46299442645136
1381, 165.0816267068693
198, 164.98576005230572
2391, 164.98372815399705
881, 164.9808499131199
685, 164.9470561710857
2025, 164.8962753776276
1033, 164.8400949967545
381, 164.62096759332732
2257, 164.61627271564706
2811, 164.46285047300879
1244, 164.44149024534408
3051, 164.3791241321529
2005, 164.3700407789073
3199, 164.26678157236617
275, 164.26337524012845
3192, 164.13383337268817
2108, 164.06088754067258
1102, 164.00427703844915
2419, 163.95614349649836
670, 163.88509899691854
165, 163.8756461975221
447, 163.86814956547397
2795, 163.79508559914814
1666, 163.7941995883193
1732, 163.7646632934783
424, 163.75140202264225
1081, 163.7457031640035
228, 163.57178959203608
3413, 163.5636054897916
611, 163.5295125014216
194, 163.5180119685759
1707, 163.5176215009004
515, 163.49319847925756
3439, 163.45677046807356
1249, 163.26823740812551
3246, 163.1371654670538
3274, 163.10775603227955
2307, 163.09052671148675
1516, 162.97912295503318
407, 162.90066421437743
2741, 162.89540838974222
555, 162.8549786165863
3315, 162.67968028519286
2343, 162.42412468675582
445, 162.27630231607168
3171, 162.27312378423323
3178, 162.19708453408487
1243, 162.17020202992754
2106, 162.06815889642692
82, 162.05361691883945
1002, 162.0501763779661
2238, 161.9725193640367
3133, 161.9364520651976
143, 161.43081929073816
2034, 161.37440425698023
3241, 161.35946439052557
2093, 161.34163271939235
895, 161.33041400965266
1082, 161.2931557112899
74, 161.29012501432356
521, 161.22737977154046
2736, 161.11101816449306
3092, 160.854519753754
1122, 160.84841703783547
2951, 160.70721304379137
376, 160.68967907486254
2218, 160.62115531358063
85, 160.60600919707107
3384, 160.5338574343099
379, 160.48690626851806
134, 160.48252565042807
3336, 160.4389644793622
1742, 160.43128113119283
2808, 160.4157177744307
3144, 160.37587055662163
3278, 160.31623846024627
3143, 160.1385704224112
57, 160.11289074852962
2749, 160.08046642843138
1084, 160.01554009884555
3170, 159.99252330776625
651, 159.97039419984614
654, 159.90709181446317
1677, 159.83939172124866
1854, 159.83204555909228
3432, 159.79588215576246
3163, 159.77328177358953
294, 159.6884315269144
47, 159.61527399229692
580, 159.5583490633894
3059, 159.54085919752882
3062, 159.46189813941376
2286, 159.43275391422063
3204, 159.41104720166848
3101, 159.4070987281871
1738, 159.33391930899174
678, 159.27032874887794
1877, 159.24607153679767
3327, 159.19086606500213
2483, 159.18428048708333
563, 159.1058317074329
1720, 159.0852981691579
2294, 159.03894150970456
1024, 159.01450712831132
141, 158.99066572864865
237, 158.9795450978203
2259, 158.80357045316828
3095, 158.78596311475107
2630, 158.76270916442076
3305, 158.71714190956607
427, 158.54268796957436
1687, 158.53071767679864
2789, 158.49107566800012
326, 158.4751652045012
1439, 158.35694268773295
3211, 158.29176266569283
2793, 158.28209719307853
1205, 158.18430130223436
1121, 158.12998798138537
3194, 158.121723712776
3206, 158.11376286312046
3433, 158.09310115898484
1162, 157.99051337904717
3380, 157.748205772995
2651, 157.62645739799734
885, 157.5370270284807
1725, 157.52842783458573
2003, 157.5235468065508
3186, 157.505843974876
35, 157.44878098440776
680, 157.41347047094024
613, 157.41108111428525
2240, 157.38480098700902
402, 157.1213071441395
300, 157.10946349141568
473, 157.08190694202125
2048, 157.0765577927315
298, 157.05180313475833
77, 156.97904273545421
73, 156.95588372877492
2666, 156.88211027687612
3197, 156.82439307555563
1771, 156.80924831409806
2314, 156.66012281695956
408, 156.65994088480412
2583, 156.65941573264428
2002, 156.63581963948462
3039, 156.63310001395757
649, 156.59852022971216
3304, 156.59154517035807
1747, 156.54549590645254
1627, 156.52152029142584
1238, 156.5139268349486
2513, 156.38439909210493
3312, 156.36766854578295
3443, 156.28444143679948
1722, 156.26857856895234
3294, 156.25822011929603
3289, 156.16720758374245
748, 156.1135162373888
655, 156.0485906709286
3284, 156.03757064504586
2454, 156.00413512085223
1729, 155.92271447541697
2505, 155.88349806717395
491, 155.86554248715882
2404, 155.8408913543814
1874, 155.57584654119034
42, 155.53625798682015
3134, 155.42460127520067
281, 155.36159012906958
280, 155.35703303120397
3350, 155.34460749635045
2288, 155.28115295686052
3147, 155.23175050512808
1231, 155.2141911418487
2203, 155.2123148159149
2104, 155.21128070583484
1646, 155.09644408021626
1746, 155.06251072350375
663, 154.97524932176844
1685, 154.94730454010977
2280, 154.91707429160883
1879, 154.8589462893877
1669, 154.72016527144362
2824, 154.70727266366268
1718, 154.6422097773258
3040, 154.53621812122432
956, 154.45795117910055
1875, 154.43739847047607
3200, 154.32686794128486
439, 154.23864771746523
1104, 154.22975710406502
3120, 154.19072913738438
2948, 154.1640059512266
643, 154.14385453387902
2508, 154.0772315442801
3243, 154.0553778577524
2008, 154.0524257680516
3354, 154.0268777479774
225, 153.96548825186022
2491, 153.91952776813963
2385, 153.90526225329037
509, 153.893061572717
2379, 153.80963932182715
1695, 153.80804511707208
1970, 153.70275878321223
1625, 153.48091370143646
1641, 153.4282678996987
966, 153.38068636553487
84, 153.32020146396187
679, 153.31437354756912
1708, 153.1995431433222
282, 153.05169894586288
2742, 153.04705287665115
1232, 152.90560332643898
1868, 152.77521151758097
455, 152.74078921310246
2442, 152.67984009445073
88, 152.65622570944865
2721, 152.62262935233474
2671, 152.61729898846025
2258, 152.56084078236378
2393, 152.30459032999178
3082, 152.21886581867085
2780, 152.18395628145916
2566, 151.97555499012967
733, 151.92490896368278
732, 151.78057392829763
2688, 151.6888397244719
634, 151.65009005005516
150, 151.64845067399884
460, 151.60062025994256
58, 151.4533557093449
3314, 151.3643856650551
3184, 151.28933486839148
2353, 151.27276547869366
859, 151.1863847461575
2816, 151.16063648274695
3146, 151.1459582357265
1756, 151.12392991654238
2021, 151.026231600381
1258, 150.9951699759828
302, 150.98728906873092
219, 150.93152663559297
1698, 150.919673751737
2587, 150.88143772830412
513, 150.86466971380244
1894, 150.81874433295238
1971, 150.75003403130495
838, 150.70483378903688
863, 150.6661957979156
2917, 150.66366497489022
2784, 150.62657673238735
3150, 150.51705360438328
2098, 150.5134477065165
2823, 150.32487234887913
1871, 150.32050002881746
2782, 150.24596541696448
2645, 150.23612567553243
3183, 150.17173560968652
265, 150.17014600773817
2812, 150.12128681633016
512, 150.08765837606666
1647, 150.08243271815118
699, 150.08226412378053
2039, 150.08089909388224
145, 149.98678081975862
2696, 149.9531735115041
1644, 149.94929346302015
2338, 149.92936281850402
2755, 149.9289595881697
2788, 149.80873409200424
2553, 149.78779264080273
3264, 149.771154131325
1731, 149.6260664768103
1717, 149.52613412418333
2562, 149.48367564000307
3444, 149.44432655213174
3248, 149.42215121149087
518, 149.39999074142972
1968, 149.39083324405127
2705, 149.31023452053643
2524, 149.3044711781925
255, 149.28875220279141
398, 149.25915891250966
1740, 149.24928965729163
1171, 149.24488151238108
3105, 149.17475553122455
1106, 149.10852397885728
3187, 149.08668638157877
3123, 149.0308667408391
1185, 149.01000207047764
2559, 148.9981706849338
1739, 148.9071200467398
1643, 148.79152960282173
1858, 148.78265193790176
3352, 148.7785241790627
2758, 148.7629552862375
3239, 148.7400746110209
2677, 148.72039758023527
734, 148.69841805056964
3324, 148.47511593953138
2640, 148.44623069279032
412, 148.42667415386853
278, 148.38191093938326
3162, 148.32258474957638
1714, 148.3191124229194
3415, 148.30174660266522
2287, 148.2541471991324
1682, 148.25278936759162
2101, 148.24466143925568
2864, 148.22299125553923
551, 148.21900745205042
2558, 148.20880669657484
2514, 148.13095189658387
2703, 148.05165990814857
757, 148.04234345645506
3168, 147.99570640236084
1057, 147.92214364940816
2607, 147.88368422279254
2620, 147.853418024592
291, 147.79654777192562
2536, 147.68419459776152
2017, 147.65662927912823
2610, 147.5733307533612
2694, 147.51904213849585
87, 147.5080568177791
156, 147.5071538650447
3063, 147.44928904601474
3255, 147.4024525041057
1726, 147.3903225970846
1626, 147.2958555688215
2004, 147.27685555668802
1642, 147.23082563439138
3290, 147.21750731665742
3090, 147.20595462046842
3225, 147.17273543417045
957, 147.02457896121493
2217, 146.92137611499453
3129, 146.85934193225984
1869, 146.85216489497816
2244, 146.82332115801015
1892, 146.67953716702
3318, 146.63955299279115
561, 146.60076422473452
411, 146.57034931700122
1703, 146.53500906270804
2686, 146.52040914633102
3299, 146.44141224445607
250, 146.41993047242417
2781, 146.40465363564417
2690, 146.3794672657292
2390, 146.3787281618612
214, 146.29197284156393
2710, 146.16488422702201
1705, 146.1560756186167
276, 146.1541382385456
2305, 146.0851178023759
965, 145.96477915073
3041, 145.92769890007153
409, 145.90375518854287
626, 145.8451785366531
1715, 145.84221486674411
2814, 145.7664969304936
19, 145.7370123682795
399, 145.62401151447852
2574, 145.4185330807454
3279, 145.3038288136586
3080, 145.29147291722848
3130, 145.2603579760487
2473, 145.20650498134
3066, 145.1670075399206
54, 145.12798393600792
1721, 145.1164767511876
2030, 145.0762269363993
1752, 145.00369441684117
1755, 144.98300540413436
385, 144.93990368803037
395, 144.85164767659484
2102, 144.83658955332652
2657, 144.8341644892212
1712, 144.79967285112772
2152, 144.76766877622575
2571, 144.75628650115877
199, 144.7507980673467
2779, 144.61318527547206
1630, 144.51461953553633
216, 144.3332686751739
681, 144.32439802960621
1733, 144.23352560049577
3207, 144.19403217825814
3020, 144.0658388567244
1692, 144.00522859731893
1701, 144.0022343574241
2756, 143.9781031017102
1628, 143.95866818315798
3347, 143.90255491822535
2497, 143.81479635702195
2785, 143.78662092057044
2111, 143.7730685137694
2096, 143.7730685137694
2650, 143.70216952631128
2653, 143.69428075834284
2621, 143.53649575926164
3111, 143.53129308481627
404, 143.1865304192761
3306, 143.04889323123604
1966, 142.9150131267553
2624, 142.9099469999293
3099, 142.832760927681
400, 142.73259745814224
2561, 142.72247329451804
254, 142.64437503523885
1710, 142.5704161088537
1028, 142.53877211996402
2683, 142.48040537617374
386, 142.44702936042142
21, 142.39712103644166
1873, 142.39430543484406
2649, 142.335804800955
2520, 142.32340196121854
647, 142.2553837954962
2745, 142.13387711473626
1891, 142.06753955803006
1631, 141.97386912752737
2572, 141.90896919237412
3316, 141.90178561539227
2681, 141.843811506025
3265, 141.83834046860088
1735, 141.77923097023455
1716, 141.64903174373745
2712, 141.55995563778404
2525, 141.54614935746352
1744, 141.43059107884727
20, 141.3702602109796
2738, 141.3088837189224
1463, 141.30101912491997
1748, 141.28416020362502
2720, 141.23255187874267
3112, 141.2069853191679
1047, 141.19459866449301
2527, 141.17297770902246
3097, 141.14984222012765
2601, 141.09805808715447
2641, 141.07739331672323
2959, 141.0114393329884
2652, 140.9581340755884
2293, 140.94046932625727
396, 140.8529781719707
3383, 140.7920444902991
3323, 140.7659794061686
2668, 140.73696156064983
137, 140.73273548936308
1684, 140.70382416296854
1670, 140.63426644953495
50, 140.63064372078622
3201, 140.62498518208753
1659, 140.5889637149759
2568, 140.54175239982237
3295, 140.40115697313604
1645, 140.37754597019477
287, 140.29346558209002
127, 140.12535625186175
1672, 139.9648094239813
3288, 139.95429136754302
2656, 139.9225596055825
2289, 139.91708479878935
3362, 139.75701540438865
1730, 139.67401142879518
3442, 139.65719869239354
3136, 139.60038142129284
2580, 139.59953129102612
1741, 139.59204121530274
1633, 139.58712180518415
2635, 139.5629157591786
2853, 139.47824052978848
2646, 139.45995988022395
1657, 139.42620811147268
2608, 139.3676583240993
2563, 139.34121792800133
1700, 139.29197335959864
1668, 139.29140205023475
218, 139.12955726182318
2340, 139.10942329124038
2611, 139.04713416367528
1743, 138.8266876828773
1671, 138.81345471523485
1699, 138.79719122577183
375, 138.73890200021307
2212, 138.7308868666563
508, 138.72981238553248
2485, 138.69089241754293
1941, 138.68889304301106
1724, 138.65157911093755
2726, 138.50266859599446
3311, 138.4782755920643
1754, 138.28447989316382
388, 138.10742974310944
2533, 138.0207938234416
2493, 138.01869235597033
2449, 137.9716615926188
36, 137.9511654821078
2383, 137.86887677226338
1665, 137.8560842925759
1706, 137.64572621149546
3254, 137.50628960630533
2451, 137.46830868574665
1967, 137.4552962107264
2597, 137.453408289001
2592, 137.41864007854602
1745, 137.33801046300397
3094, 137.22349214281365
1728, 137.15575450767153
2397, 137.08952618734375
1637, 137.08652698533498
2283, 137.04457851178847
43, 136.9764605063215
3005, 136.95085381329656
2486, 136.8181631951831
149, 136.81411139599246
2466, 136.8087902080741
1650, 136.79187243641775
2179, 136.75015363664556
2697, 136.74274601543442
2456, 136.72758716599668
1629, 136.60823356089722
1734, 136.59850379086816
2204, 136.53944225601293
3232, 136.44005863696844
1649, 136.31666555807982
1639, 136.17452074386347
1114, 136.07418002946665
1704, 136.0560059031769
80, 136.02119205293434
1681, 135.93391166665864
1697, 135.82192294429444
1648, 135.80420613033377
2658, 135.7046889039407
195, 135.68868832430093
1679, 135.64627480958234
1727, 135.64036961174992
497, 135.57845608046043
2339, 135.1916618979596
2575, 135.17285707379486
474, 135.17239318332943
3007, 135.15914415065157
252, 135.08087731674902
1691, 134.90449302228066
1759, 134.87911147555715
212, 134.84095187999398
2528, 134.70160214238922
2980, 134.65818738550948
2604, 134.48612951013462
2239, 134.46064108841756
1749, 134.42774124043777
405, 134.2966375071432
2655, 134.21291683981642
2475, 134.1896316185364
2693, 134.16683269796707
2235, 134.13741794925215
3231, 134.0041135184972
2453, 133.78071845373645
2461, 133.7358128672323
2543, 133.69471621695305
1702, 133.5130455509118
2185, 133.42110444686972
2167, 133.40318198299303
2648, 133.37007357694216
2282, 133.10223828127053
138, 133.07772953378023
1751, 132.97969328566614
2589, 132.96088791315194
2087, 132.8094724247242
2778, 132.79331734369575
2809, 132.78861433595242
196, 132.69843804753233
2612, 132.66323519577827
1674, 132.60033718913107
3195, 132.55958376521363
1696, 132.52928876517288
2673, 132.51660695035025
3258, 132.51536636789336
2484, 132.27021381996317
2713, 132.18138856457992
1636, 132.1588384379677
2623, 132.1184325173211
394, 132.0924003190105
1635, 132.02162609896922
2616, 132.02123918329178
2226, 132.0052408589261
2139, 131.92417435878875
2184, 131.8891759024664
2679, 131.79996797608328
337, 131.72471319210183
3296, 131.64329335689408
2605, 131.47551792850462
3313, 131.41100341309598
472, 131.38838548452685
15, 131.3732485107004
2498, 131.3151174999692
2531, 131.30137775158923
2564, 131.25860553053204
1737, 131.12493268590302
2299, 131.04635086786223
55, 130.98621312872578
3160, 130.96768757654309
2821, 130.85044742193708
1750, 130.73879275630864
2249, 130.6662144681246
2264, 130.65947055161095
2177, 130.608182064758
2626, 130.5424567182878
78, 130.34592612070458
2462, 130.32846473188658
2687, 130.26640128290083
2490, 130.26086267963407
3091, 130.2292675981612
3262, 130.03792045056954
1045, 129.877983781858
3021, 129.8224005116163
3113, 129.73406026407713
2586, 129.69179018629072
2606, 129.66840006421805
2349, 129.57699657693726
2629, 129.54253908974712
2519, 129.514889084635
2345, 129.4761086811696
2511, 129.4698684876233
2695, 129.42318103119905
3261, 129.4105742891332
2094, 129.40325552744793
38, 129.39561390579155
2496, 129.36706059648117
2570, 129.36033889093835
2346, 129.32087969037943
2704, 129.32044469292987
2538, 129.30881484086643
1652, 129.30709884028178
2822, 129.27486886167497
2464, 129.25330808945338
2455, 129.2489744502196
2492, 129.2098414651873
2509, 129.2037415958143
1530, 129.18468533936135
2707, 129.16663092114123
2869, 129.14440574659426
3193, 129.1318130998404
2700, 129.13040717201554
2675, 129.10057729486152
2341, 129.07134288281173
2534, 129.0324484337762
2654, 129.02851296620557
2342, 128.91255988636667
2692, 128.87282985777352
2603, 128.76899425355717
1557, 128.50240392392055
1960, 128.431625736919
3344, 128.27056725201282
3180, 128.2372661869924
3251, 128.06138013384896
16, 127.98123674565726
2522, 127.95305803378979
2313, 127.91811081053015
3329, 127.8584388225031
2499, 127.54279589625669
2506, 127.52875895635196
2638, 127.38013945786041
2581, 127.33137985800052
2600, 127.23336720092156
2727, 127.22369230544886
2665, 127.21762911137762
2284, 127.20400019318127
3165, 127.0404458154013
3260, 127.01431773067476
1655, 126.8328615976322
3361, 126.74400519257878
2488, 126.63797258443995
3364, 126.57982655583828
2495, 126.4860094054634
83, 126.30815436245616
2401, 126.27712474128172
3019, 126.26912747057979
2662, 126.26108335951922
2760, 126.1444594602573
2452, 126.14190703600617
3100, 126.13118466416287
2644, 126.10376524516705
2460, 126.0909849689533
2479, 125.95934204252626
1559, 125.84824261442742
2044, 125.8355179119959
2632, 125.73701869238334
2079, 125.49313272034702
2698, 125.21854845732359
2037, 125.1828343808395
2440, 125.03544575600016
2743, 124.69010586190333
3301, 124.6735150243618
2714, 124.66785228243704
413, 124.66107656688499
2530, 124.65378293017612
2565, 124.5975782200019
2970, 124.4119349613764
1847, 123.89518763274265
2535, 123.8691332786109
2092, 123.85732532707206
3266, 123.84928826325228
2444, 123.64755844743347
2477, 123.61209760788977
2625, 123.53424512707835
2591, 123.40400934226597
2664, 123.19548696874561
1664, 123.0455102914992
2684, 123.04002026575431
2670, 122.98872953443541
2537, 122.80150227511712
2598, 122.62242254305728
3357, 122.6129439407368
2061, 122.29842145233063
2674, 122.04370467428149
3008, 122.03427173946764
2472, 121.85578788404844
2457, 121.81961240369291
2667, 121.80560967865037
3033, 121.65382453722964
2699, 121.62403275532655
2660, 121.54761674982106
2659, 121.44969244798247
2552, 121.35873926186072
2510, 121.16801840442805
438, 121.15255549817691
2474, 121.14686908709933
2634, 121.1341519607498
2661, 121.07733280268423
2631, 121.07320780547505
2576, 121.05262149702453
2541, 120.95302979872446
2469, 120.83075833542374
2494, 120.8297046026667
2669, 120.8215110877219
2691, 120.7914316233265
2405, 120.72421604145751
2617, 120.57265115036905
2502, 120.43782607323408
2501, 120.43782607323408
2542, 120.43729234102116
2448, 120.29803539672045
3249, 120.23377608602098
2614, 120.10585052116011
2609, 120.063998603252
2627, 120.02763856124481
2702, 119.82967397971542
3253, 119.82857844821038
2637, 119.77101640728341
2504, 119.74527669317388
2521, 119.69467987466922
2476, 119.5763534131055
1109, 119.52268381375673
2724, 119.10478236396908
2956, 118.99908384693151
3263, 118.91771838446533
2089, 118.80942129530422
1300, 118.7944946573515
3325, 118.74631876522845
81, 118.61424814572644
2529, 118.35397872676137
2866, 118.30766288461005
2478, 118.24887958447931
2678, 118.19153225136718
2567, 118.08724833432798
2585, 118.05233345025272
2557, 118.0260422832516
17, 117.98598353711029
2706, 117.92861194246703
2619, 117.92367849171352
2459, 117.9176237901418
2676, 117.71407865626941
2074, 117.62023518807189
2467, 117.56945171486942
2560, 117.52035349856916
2554, 117.51356481122686
277, 117.44213399571932
2663, 117.25662065446127
2633, 117.23997600797736
2082, 117.16351892861411
2544, 116.97092451881858
3250, 116.9536386293319
2577, 116.7722804043134
2685, 116.76593319660468
1560, 116.72473691698043
2628, 116.47794366116658
2595, 116.47116211189552
2573, 116.35774545548601
2482, 116.32323331220557
2523, 116.21320659910168
2642, 116.00237141290381
1969, 115.960731095545
2689, 115.95389009523265
1052, 115.84527878726281
3365, 115.76631429253757
3358, 115.7591844862817
2680, 115.75826449904457
2443, 115.75225661070704
2545, 115.64316800671834
3326, 115.61924427287234
2613, 115.50886294804658
2588, 115.48596369252138
290, 115.4723740142296
2618, 115.35173536800039
14, 115.29021595105408
2447, 115.27699524510966
2701, 115.18676159767338
2480, 115.1762007011444
2481, 115.17505869794216
2909, 115.17000030671957
2465, 115.06975458189166
2445, 115.01965463631407
1965, 114.94310485430324
3307, 114.71576315411595
2458, 114.70082883054636
1520, 114.68120043519353
2602, 114.6717847704653
2047, 114.61637003036405
3345, 114.39057203550614
2463, 114.3710404491048
2643, 114.3492247373798
2512, 114.1648038367664
2489, 114.15045959579659
436, 113.97888648197495
1046, 113.89715341683191
3360, 113.86401795342084
2599, 113.73784925304018
2487, 113.69499628899769
2728, 113.57171013143487
2708, 113.54660937939224
1519, 113.15514660034964
2446, 113.08387748620466
2584, 113.07406293044266
2081, 113.06415085624674
3252, 113.06410102413535
2593, 113.04414184468638
2516, 112.97541465167113
2636, 112.81189843007388
3391, 112.64542267238957
2540, 112.57803217149963
3308, 112.46544721997
2639, 112.4278644597578
2582, 112.37774203892957
2555, 112.19151797605771
2052, 111.9915299747678
2057, 111.97586560113828
2077, 111.93721029159654
2590, 111.70567912272882
18, 111.60309600125215
2031, 111.43374241854993
2090, 111.37747374300758
3177, 111.11122269789867
2468, 110.93494578280543
2526, 110.904975101071
1537, 110.58497236436415
2914, 110.45466399765931
2441, 110.29243235169432
2450, 110.22311565884878
3446, 110.19816575402409
1053, 110.18734670173201
2539, 109.92430854750957
1103, 109.89086251658948
1118, 109.60203133123855
517, 108.98518752829698
2596, 108.94776317914739
2709, 108.90723756275015
2647, 108.54864463418897
3343, 108.47475968615262
2066, 108.00170891129403
3238, 107.86229307194948
2615, 107.83025279636237
2060, 107.63208678111837
2579, 107.59885261812049
1558, 107.31784682608348
22, 107.21961585353185
2038, 107.15812596363872
2471, 107.14248630627064
2517, 106.74718103697478
3359, 106.57557603904958
2500, 106.18970945698037
2594, 106.1310311332553
86, 105.80295320817557
465, 105.73761363539644
3438, 105.64345840087643
2040, 105.32905121418186
500, 105.21575701733421
2916, 105.09911197653385
3085, 105.0551729827014
3237, 104.7505077619399
2503, 104.6686550311831
1878, 104.56363388118803
2064, 104.23372082075102
2046, 103.86469353174509
59, 103.84859365819239
2515, 103.77800088247376
2732, 103.52638439577383
2058, 103.47880229427533
2682, 103.44236481693837
3346, 103.28410071356656
2036, 103.17908208062958
1164, 102.80218886045877
2470, 102.1151233105347
2578, 101.91303610555286
2043, 101.64318896895952
507, 101.61709038897352
3363, 101.54772359693399
461, 100.91569384245481
459, 100.82494754584633
3240, 100.70324252026822
2063, 100.52319579834099
63, 100.28857403391737
3242, 100.2124080107173
2085, 100.19903667555033
2725, 100.03418047061109
2569, 99.59641163726279
2718, 99.49877703716474
484, 99.33031759396752
3256, 99.16848073582044
2672, 98.45789322417771
2910, 97.91839125553854
477, 97.68325169905506
111, 97.40074155583096
273, 97.38532874957589
2518, 96.88196379764008
3257, 96.60753760211988
184, 96.45398843341599
292, 96.25259287451274
2532, 95.25907226354235
1535, 95.0641187056324
2556, 94.02093390743501
1051, 93.86684922979667
2868, 93.83477130073962
33, 93.3964996776258
387, 93.32209631326661
442, 93.0714415206799
1165, 93.00583229861155
185, 92.96991831392461
1093, 92.6581573964439
490, 92.40132769124673
60, 91.87325544409138
2054, 91.8271868676367
3282, 91.62451730037452
305, 91.42053223621419
1092, 91.19432269386851
590, 90.60932304224353
1972, 90.24400791496232
2035, 89.97029351453402
1054, 89.73965897292948
223, 89.4885054689826
2049, 88.18658547908782
187, 88.17740609497012
2711, 88.06403244655345
2924, 87.96538839532411
3309, 87.69010161885416
49, 86.98165216520485
2062, 86.62122340352175
224, 86.5007195470495
2042, 86.14184422820969
286, 85.88255969412405
1861, 85.78742703689906
489, 85.54606643892333
2051, 85.12196119080411
2107, 84.9824326955998
2912, 84.86311204995496
2067, 84.56836124705241
226, 84.46987792013414
1536, 83.02404833466214
2925, 82.92618280756284
2923, 82.6978287840196
1048, 82.34535149460335
301, 81.2753040579499
2072, 80.66595677430149
1049, 80.10081060731368
2931, 79.97054444544344
285, 79.93216446738894
1925, 79.42579598332038
393, 79.30325174529246
2871, 79.13899435104736
2084, 78.40276935451895
1863, 77.88758498999634
2940, 77.85844865626767
1050, 77.67263762395733
2929, 77.64084646189626
2922, 77.47261560253777
2928, 77.3482055130438
795, 76.67531253970489
1158, 76.458330096228
2926, 76.09124769093334
2937, 75.71350627155881
2952, 75.44789564466595
2872, 75.2714435079086
2921, 75.23458023559974
2927, 75.10123686976716
2911, 75.07567294340389
2938, 74.47638980679541
2933, 73.89118684380719
2939, 73.25743426534379
2941, 72.27436439239933
2934, 71.9919532859116
390, 71.73321602529461
384, 71.58994048234709
2954, 71.38587807441024
1534, 70.88884747973798
2957, 70.74833085118719
2073, 70.22078488401013
3412, 69.25460866449579
2943, 68.98538476235419
2955, 68.9640551947596
486, 68.14627804908427
2870, 67.94764887679436
2930, 67.91875213875082
391, 67.77112367254735
2873, 67.50938395047886
403, 67.1611310219768
2942, 66.31687858801013
2865, 66.23508995072328
1064, 65.14396229975502
1468, 64.76657126561835
516, 64.71316725921321
3145, 63.48721245706409
2867, 62.9537899556749
3411, 62.9213824069648
1862, 62.70055671686402
1264, 62.62673791618313
2012, 62.35929125656092
2739, 62.11930185337468
1157, 59.94330364207844
519, 59.91589132726621
493, 59.64919504373081
3121, 58.528186598355035
183, 56.78667428500256
3161, 55.753523438637764
1612, 53.84408405565568
