389, 4687.551536881428
468, 3894.189007892264
2768, 3883.014190434484
2041, 3574.386046190547
2795, 3427.0026220650548
2810, 3363.741222617181
381, 3325.6140619580538
2005, 3282.3166699850676
275, 3178.0653844508593
148, 3121.2110820171147
1910, 3111.2158795137248
228, 3062.1061550977993
165, 3035.1316864391497
1235, 2975.1106333734556
2106, 2881.9130761866986
2811, 2879.5359402375143
3050, 2860.59531759358
452, 2847.169270847296
1033, 2841.0397482396293
274, 2831.215148536243
2981, 2814.3787380427816
1853, 2803.1851091587914
44, 2768.5293507413153
1122, 2755.5464182662267
266, 2727.489607376803
141, 2696.2129227277874
2748, 2664.369460529353
1087, 2657.940603950563
372, 2611.34931659139
485, 2586.128773426064
3413, 2582.1806601965177
2020, 2575.605053839811
3143, 2571.4538245201043
2736, 2563.278796288949
3327, 2560.705467156823
3133, 2543.555100943166
3163, 2538.6972496382105
470, 2536.9766664995414
134, 2528.1924862325436
3293, 2508.8301341778597
3144, 2471.99522564689
2108, 2465.3285221346164
3192, 2457.0413099542097
379, 2441.0219226779304
2078, 2437.4680696244427
3084, 2425.331746344605
2391, 2407.260133209557
406, 2406.3243292571765
479, 2393.3711843112487
3435, 2384.6784710304073
57, 2370.6668464816694
3101, 2358.6385949159344
34, 2316.6875910230756
2751, 2316.4091121455476
1244, 2260.079642948912
1893, 2250.320145377902
445, 2223.855950744825
198, 2207.9174299868673
480, 2205.2579472523153
433, 2186.3217435562906
1439, 2177.750808651725
1913, 2146.16376558274
191, 2137.4885452514245
1993, 2127.376467267689
3384, 2126.0492089824456
3178, 2113.9983957080553
2622, 2113.6554741578084
3092, 2112.963859031793
298, 2098.938959077317
222, 2093.664569306353
2722, 2084.5289354288198
3209, 2071.407666389009
2032, 2066.4090157666537
2808, 2062.0518266893296
2045, 2059.591148050036
1877, 2057.1529185763225
335, 2053.756891476311
3083, 2052.9368194575204
3176, 2047.558927838945
2002, 2042.7865719221593
3134, 2041.5088414974553
203, 2027.7875413172542
3057, 2027.758570533337
2027, 2016.312524415348
3246, 2007.0135619839775
3071, 1993.8717091146696
1105, 1993.205586896999
294, 1991.6080417857224
2793, 1989.5142395057803
2240, 1988.1768757734137
473, 1983.2098598925281
52, 1975.9008073897455
2734, 1973.273563594782
3439, 1972.7433436156139
3079, 1960.6050816679733
3297, 1957.9782580677079
2093, 1954.5430335403194
2744, 1954.4248151604074
495, 1952.6910384868177
2789, 1947.2289595569364
427, 1946.0022689502043
2759, 1935.6224926080836
496, 1920.7208881230724
3241, 1918.472605546502
2723, 1903.048478591075
189, 1899.9569498327992
449, 1899.4594105317587
491, 1899.2020274608358
73, 1896.668659861064
2824, 1882.1871522300833
3206, 1874.7774876049714
2951, 1868.4976662954675
2008, 1868.318316308287
48, 1867.9510306064944
2296, 1862.3603988340308
1875, 1861.0176617536931
173, 1858.956276529989
1880, 1854.3702587055395
488, 1845.8129812097036
3274, 1826.2106089213955
2741, 1821.2473350227992
3170, 1820.8758145132533
2091, 1818.880975238148
3283, 1816.390854837129
3062, 1815.4449183593454
1870, 1815.1517749550042
217, 1808.4879944961042
2083, 1806.9266576644197
3276, 1805.5003980315512
3292, 1802.6890238198625
42, 1800.2797695893305
281, 1797.800289682922
3147, 1796.7739978993702
3287, 1781.5059912470083
1675, 1773.1634154812114
1850, 1772.7696724772359
56, 1769.2256750602305
3059, 1760.5969354748458
3443, 1760.3772815595214
3284, 1760.3458787580494
194, 1757.0475779316741
2076, 1753.2848115905063
3151, 1751.1998346985208
3186, 1749.3135342065473
328, 1731.8647800378988
3294, 1731.1648557445435
3051, 1729.9902439314556
435, 1729.6315060288673
2863, 1724.5195856398336
1770, 1721.9410079538457
1874, 1713.9158004611088
299, 1709.2194332454642
3098, 1705.4150584096028
1100, 1704.832789924704
3432, 1702.6631323276326
2767, 1700.382649464249
447, 1693.7441254223286
1868, 1687.6308635774737
365, 1681.153205632864
1098, 1671.763720833956
3095, 1657.4869834506171
3305, 1654.0584324922106
455, 1652.542960593066
515, 1651.3705658330862
475, 1647.9636619146174
562, 1645.5744749007893
3199, 1645.381392535253
1077, 1643.194080972063
3208, 1637.918410219957
3289, 1635.7256871493469
3354, 1626.4067384043685
2774, 1626.2771279915405
611, 1625.2334574224865
88, 1625.0079450166322
3259, 1623.4345558699574
1002, 1621.5509430549457
280, 1620.4464137960772
816, 1616.4002596218454
1443, 1614.4574353895282
3278, 1612.6883794191058
297, 1610.964120749671
2034, 1606.0681601005128
3093, 1604.8379624786012
3380, 1602.9797865900844
1104, 1597.6195856161382
3213, 1591.2174022755817
555, 1587.73048168039
147, 1586.1611390622063
563, 1584.6733749234038
408, 1579.8552428353873
3312, 1573.662892786152
464, 1570.9771460056106
2766, 1569.5432397297805
3204, 1567.6007187240284
2013, 1567.0323845885196
466, 1564.6889748456297
451, 1563.326143392566
3082, 1563.005326748614
3190, 1556.8219544943938
460, 1554.72095254056
2393, 1552.999791973684
3173, 1552.2660919852697
654, 1551.2214742587475
2048, 1545.5106758208735
288, 1544.3411391252494
467, 1541.9678583045368
650, 1540.8918516373194
3386, 1538.7655408910891
79, 1536.5999303567069
331, 1534.0505156317372
1231, 1533.626841538073
2780, 1530.8234362507828
2003, 1528.6125829203681
2583, 1527.5876766693962
678, 1525.6213432689328
3336, 1523.6287794708471
608, 1523.4199025063008
439, 1520.861246977993
58, 1518.126183381633
580, 1518.119474666372
895, 1516.6759746914422
415, 1516.243066074773
3171, 1515.9270866233446
3244, 1512.2813158152808
2026, 1509.6684598292436
670, 1509.0496137968805
150, 1508.9556136351882
3440, 1508.38195772549
881, 1507.6915136192881
401, 1505.8274729177344
3056, 1501.3632104557807
206, 1500.2782259519768
3348, 1498.3507135024713
3245, 1498.3112089285928
272, 1496.604516137312
3159, 1491.9523785310982
130, 1490.8988788095653
3211, 1487.0604117742196
471, 1485.3912750411675
613, 1482.76947126193
2098, 1480.2179295096146
2749, 1480.1092109507372
3185, 1475.214219166558
2817, 1474.1240568406374
1259, 1472.5679943281666
1871, 1471.1151344386085
3197, 1469.9421217594206
3281, 1469.245923697316
129, 1468.9412086325265
3304, 1466.0981383929823
2816, 1466.0657245644095
649, 1463.309564908067
35, 1454.5425769587453
643, 1452.202357048548
3194, 1450.0217199270592
3183, 1445.5758338518324
2029, 1441.9219028350653
3300, 1438.480176410033
2666, 1425.9214732596974
85, 1424.7116361395745
913, 1423.5126245662248
2109, 1423.4190240107014
2782, 1421.7671341247412
75, 1418.5502813748662
1084, 1416.7348993998696
3315, 1415.216076769207
168, 1414.1702988237364
2025, 1413.4359375092652
3149, 1411.5823187734356
3182, 1411.366510121583
441, 1403.48982120519
540, 1401.9595703323832
651, 1397.5189953489983
1121, 1392.505448749747
2812, 1390.8317215626146
1894, 1389.8632519407633
2671, 1389.735015196734
3150, 1387.9195695554124
145, 1383.6639930436797
663, 1383.4735626956553
1914, 1378.3237882409487
2742, 1378.22218639494
1729, 1376.500719968833
1111, 1374.8803599471878
3248, 1374.7536228925205
1680, 1372.8331213128351
3128, 1371.3950529888748
478, 1369.6083572715122
3039, 1368.3058666565007
126, 1367.8877425491464
2011, 1362.745010188062
2389, 1361.5584088624803
84, 1360.0157049435966
392, 1354.9088809989187
3120, 1354.552783978804
748, 1354.2196071350716
655, 1353.9734344714257
3032, 1351.8191584049905
2651, 1347.977392845509
2790, 1347.377949712447
2820, 1343.0601228759178
1912, 1342.9927621558613
513, 1341.8115033541417
1249, 1340.8488309742236
1238, 1338.2188188738407
966, 1338.0008962342351
588, 1334.6971065371617
2104, 1333.9198796474686
2773, 1333.4949099090043
3065, 1332.2419583279927
1666, 1323.51129379685
204, 1322.97098392466
534, 1322.4188575616956
2802, 1322.174462550266
1434, 1320.219413705157
1433, 1320.219413705157
607, 1320.154842341003
1029, 1319.1043035329908
634, 1318.7184628550124
3105, 1317.3358167930287
3285, 1317.031505894782
424, 1315.2255029468083
3123, 1314.8960963840357
738, 1313.4253747259895
2786, 1313.4191011730513
237, 1312.0082481748764
1677, 1309.2559700466531
3010, 1303.045351008915
546, 1301.5005859333157
1232, 1301.2079967561397
3110, 1298.8618556416754
2757, 1292.946886690365
302, 1292.3557534223703
193, 1291.4667900707013
142, 1287.8055557660693
1459, 1287.6823096089163
2505, 1286.2771036433364
2630, 1279.471480457695
1102, 1278.5918076351606
1237, 1278.1446493979183
906, 1277.7723795187337
398, 1276.6634927654702
3214, 1276.5591183966142
676, 1276.4372928140574
2772, 1275.7597509281532
3042, 1275.602117957401
3433, 1274.492550520454
330, 1273.839953324766
3212, 1269.4045675839607
732, 1267.8963693438259
380, 1267.0825923800471
2640, 1264.6122075240585
2101, 1264.4764814039652
3447, 1264.2972751856742
300, 1264.2729699841848
3434, 1262.942834195851
863, 1260.6603534195067
303, 1260.2378697068593
1256, 1259.993503806883
3146, 1257.6353446090482
483, 1254.8789350604052
2755, 1254.836270574152
1076, 1250.9934619768592
1879, 1250.3254715514213
3226, 1249.2324731855313
3415, 1247.9922879211072
733, 1246.7659643834081
3404, 1244.471036520517
3172, 1244.4116728419347
1024, 1242.7155558765112
156, 1242.617143389623
518, 1240.618177175546
3200, 1236.7065472912416
3445, 1233.2148627649701
1980, 1229.666926451838
1738, 1229.2798777091105
1687, 1228.7245952159358
2677, 1228.0287241378996
3424, 1226.7200502546523
1997, 1223.6948789814228
3264, 1222.3026805502182
1725, 1222.1642176346243
332, 1220.6523253901603
2920, 1219.336858104676
1742, 1219.2984146445729
2075, 1218.5786271234444
2263, 1218.044203532178
2343, 1216.8338204325123
2784, 1216.4731373738525
291, 1215.0908179463418
278, 1215.061942278617
3203, 1214.0469939190057
2694, 1211.7663024297974
3298, 1207.7175043089837
2549, 1205.7764388484782
677, 1205.292628061473
2508, 1203.476325501
2021, 1201.4951864114457
2688, 1200.36127697827
2513, 1198.8258999968668
2086, 1195.571334030462
265, 1195.0097340789239
3189, 1194.596837228785
3318, 1193.2000910580814
3184, 1192.582395230945
2404, 1191.5663113044186
2103, 1191.1766698235797
412, 1190.5509191879783
2353, 1190.031513733089
1892, 1189.828058321019
1627, 1189.7101324945045
583, 1189.3117098437701
3444, 1188.527808211321
1869, 1187.8355499165204
3314, 1186.2324638519194
2788, 1185.7637084957548
2442, 1184.739526173382
2587, 1182.3186194576413
453, 1180.167181555695
1971, 1179.7662825053837
3090, 1179.6906776472044
1233, 1179.5602943458612
699, 1178.4141163386705
3255, 1177.6555121618849
1975, 1176.4074321482085
2016, 1174.577356961921
3239, 1171.9333205874823
2454, 1171.2523094557207
276, 1170.9993585175407
3187, 1168.529636902701
3063, 1167.8293560198993
219, 1167.3990928100488
376, 1166.741262388959
2620, 1165.732019568963
1968, 1165.7211830664737
2238, 1165.5635095849166
2758, 1163.9185423770684
1851, 1162.114352912486
2705, 1160.9803680033006
2721, 1159.998668208685
1695, 1159.284982897216
2546, 1156.8244957557145
220, 1154.1500648088552
2050, 1153.0641202006718
329, 1151.4922815967745
152, 1151.4237110052252
2558, 1150.3976133754022
1587, 1150.2093575122067
2059, 1149.8895416914302
2686, 1149.8664676413591
2988, 1148.6038790101338
1707, 1147.5279161890412
3243, 1146.9854148966326
2491, 1146.2544896443453
2088, 1145.5990336714901
2776, 1145.5476434932705
2514, 1145.3023411532752
731, 1143.6759787888695
2018, 1143.6425176846878
428, 1143.368845953738
1221, 1143.011259803939
3169, 1142.5016735949218
3299, 1141.4702748993857
2017, 1140.8793942359955
3210, 1136.002361972414
685, 1135.5559869385659
2814, 1133.6704856861952
2566, 1132.9485995962157
2006, 1131.3747619628493
37, 1129.9378562290133
862, 1129.3529124286636
3225, 1128.1871984530624
3129, 1126.5260647420964
2964, 1126.221989161423
2390, 1126.139298878201
3174, 1124.606804547194
2696, 1122.420772996186
3324, 1121.4785275925562
2948, 1118.3231861598379
3409, 1115.5974404789015
1722, 1114.2567709921652
1090, 1114.0532704635032
2807, 1113.7613814342117
494, 1113.4681806099004
957, 1112.7731328548207
3379, 1112.5975198363242
1215, 1107.7082663347214
1644, 1107.491093439962
425, 1106.2461689236152
2288, 1105.548848390364
2272, 1103.983667163446
861, 1101.3683152251226
3167, 1100.8770180735878
411, 1099.22156809848
333, 1097.139114381957
1517, 1096.9517830050938
250, 1096.4518138239096
2055, 1093.4883398444113
1032, 1092.0386381484745
2562, 1091.5648577621484
3290, 1091.2717889013252
852, 1090.3117880845575
2781, 1089.1669173556697
2536, 1088.9640230232596
2483, 1088.9487939094995
679, 1088.3112052095214
1159, 1087.9754799715608
2553, 1086.8758016818947
54, 1086.2090766852743
859, 1085.2398591561437
293, 1084.7442188985776
440, 1084.2676405244083
395, 1083.6333561767522
1243, 1083.3195173498914
3175, 1081.8274224314018
2917, 1081.6539402567062
175, 1081.1564190884048
334, 1080.6404605740381
512, 1080.5769389053703
2300, 1079.4755225110414
2559, 1078.4772796539937
208, 1078.1696760231098
2987, 1076.9582670659802
456, 1075.0188933648694
3202, 1071.8662873634012
1848, 1071.8093328429388
1858, 1071.563097681556
3130, 1069.3283312969936
2963, 1067.944037868738
1995, 1067.608034988666
136, 1067.1997742374529
3389, 1066.4218783468145
734, 1066.0425793289048
2004, 1065.525713830394
680, 1065.033796727566
1071, 1064.1911284917373
2703, 1063.6051168463357
3205, 1063.278547227449
3168, 1063.1290561502233
2274, 1063.0957239427291
561, 1062.0322692827704
2657, 1056.7362350270344
2507, 1056.5285986723695
3275, 1056.233486630342
143, 1054.7698050306815
3142, 1053.0220703419702
1690, 1052.7990306292165
1058, 1052.207263157629
2737, 1052.1832971934646
437, 1050.3238518641901
2224, 1049.586767361877
2740, 1049.397070442585
158, 1047.0225571208246
1381, 1046.724255130977
295, 1045.8840371322576
501, 1044.9233353510758
1432, 1044.6662085239966
3352, 1043.0961898196524
1732, 1042.4228264855328
2070, 1042.1862746673953
3020, 1042.1333011495958
2574, 1041.721401920089
1756, 1041.6849829940013
1466, 1040.0254487733084
838, 1039.7807172384332
1747, 1037.1134522428977
213, 1036.7566597269456
1686, 1035.0356985953856
2015, 1034.9576781370492
1758, 1034.1158257100403
2823, 1032.1285668362875
2039, 1031.2396225022796
1859, 1029.9484050593742
3080, 1029.8130434986247
2764, 1029.6039391739143
410, 1028.3980819585229
2791, 1028.26278101368
284, 1027.8322043295964
82, 1025.2199183641544
3040, 1024.5884343315333
2607, 1023.4097817145949
1991, 1022.6256972404641
1533, 1021.9403762754476
1643, 1018.2719478441645
2111, 1014.4545688198307
2096, 1014.4545688198307
2394, 1014.2777502799036
3066, 1012.880930631071
885, 1012.8167542236667
3302, 1009.0334219143439
1072, 1008.5822159030649
1626, 1007.0763806783627
3054, 1006.2325787053533
180, 1004.3565418475928
2690, 1003.9719853029836
19, 1003.5877216983552
1461, 1002.9795979511664
773, 1001.6102606192633
2710, 1001.2050564086201
626, 1001.1778217234823
1720, 1000.27940153229
74, 999.8527125218714
199, 999.3136847500684
1641, 998.0826694030803
3279, 998.0289870022075
47, 996.6411479986451
2524, 995.7432861907137
2102, 993.4610158478015
1698, 991.8486889249458
2203, 991.0160902766821
444, 989.9553072321216
1228, 985.796296543056
864, 984.7899908844455
2645, 984.7560455882199
409, 984.0163549918152
1611, 983.4552483903924
2989, 983.0388053024212
1075, 982.6143387150214
1718, 982.050249807314
669, 981.1330237075244
1110, 980.6779958017112
1106, 979.7600642409603
3207, 979.1622080343743
965, 978.9765333557389
3191, 978.675759085583
551, 978.3858321444966
3347, 975.949117659987
1739, 975.8710785132706
1994, 974.6846344491756
378, 974.6497354384093
2756, 974.578840060792
681, 971.9585116570246
642, 971.7630022436292
385, 970.7422093699907
202, 970.7094627812595
1964, 969.4198700994167
1026, 968.7266183930232
2735, 966.6519974328679
458, 964.2018588487615
1731, 963.0657620628119
3437, 960.6360352767958
3401, 960.1736292270746
399, 959.7811911831894
3069, 959.1347406129686
2779, 958.6752439268091
457, 958.1374605164209
1252, 957.4469966070474
3388, 957.0368830212391
2022, 956.2295725999169
832, 956.0121977318
1646, 955.8977975935271
3107, 955.7415552357005
3350, 954.206658553259
1234, 954.1242436082573
1515, 953.902171371403
1703, 952.3951264830247
1448, 952.3773362394031
51, 951.4465484550556
1258, 951.0799964860006
3111, 950.9792897652403
2825, 949.8037926286371
1873, 949.6086848397157
1625, 947.5503307247952
2291, 947.3546981273915
1583, 947.0249929937482
3135, 946.0861906560986
386, 945.7424146683798
2777, 944.6933975344808
557, 944.2707768347075
1685, 943.0802296539281
214, 942.9179269273419
200, 940.9120686484663
2785, 940.6785555711507
2354, 940.6561577394752
482, 940.0383506418258
1733, 939.5164560158735
3041, 939.1265843651871
221, 938.9071432156958
1682, 938.0618760768093
207, 932.5883968611013
1140, 932.444960344871
1647, 932.3473218184653
282, 931.6460509665692
1701, 931.5127418549729
757, 930.5477894121087
914, 930.5446447348183
1963, 930.1692722090472
554, 930.0051999962393
3162, 926.2650604284353
2621, 924.5024625005635
2053, 923.091690610519
3055, 922.6504887499634
1714, 922.6399208728508
1891, 922.3911394639923
1126, 921.1335025821653
1513, 919.2836873247612
3403, 917.7322697348143
2561, 916.8192427223875
509, 916.6258239461176
2265, 915.6522761360607
3316, 915.2521424296542
2571, 914.2897314683023
1502, 913.9519507869373
1604, 913.010583301358
1040, 912.32863082206
2024, 911.0790788244514
1230, 910.9363117894244
3341, 910.6807158212127
2959, 909.0132524269281
1028, 907.7205909287966
3099, 906.8250068355337
1086, 906.6263988312395
3114, 904.8713672384788
1854, 904.8461980198542
2681, 904.5356345514764
1456, 902.94900931931
3265, 902.6476320768348
1669, 902.4716860765125
1708, 902.2068729805516
71, 901.5700637102449
3385, 898.7330860333757
21, 898.3458664157137
2986, 898.077744436964
170, 897.9536197024203
3247, 897.8677423146951
3112, 897.2792858883373
548, 897.2096281141083
216, 895.8501915041488
3097, 893.1728597465105
1746, 892.872597284508
2738, 892.0662066488628
3118, 891.1957090628578
396, 890.9129652169237
39, 890.5316512104281
3046, 890.2028591806294
2572, 889.5983785553109
1740, 888.8679795169552
296, 888.6175584845046
2473, 888.4001768970445
2497, 888.3644589136283
2746, 888.2100426857044
539, 888.2012865374227
1721, 887.1453918105959
3148, 886.8067429305803
1715, 885.8219699104842
1712, 884.9858896890328
3426, 884.7270557804774
1717, 883.9573164025279
146, 883.7666773254014
2099, 881.6650442709248
503, 881.2589888787484
647, 880.6265185704067
87, 880.6262006918417
40, 880.1289009394068
2033, 879.5149875732253
263, 879.1159444074938
400, 878.5935950591479
2308, 877.4767002315093
98, 876.5233944450604
1603, 876.1037574956672
20, 875.0030024514228
2653, 874.9149574155426
956, 872.7368533472982
3306, 872.7349313203438
1585, 872.3848206567953
77, 870.7626309926283
3295, 867.78806877523
1172, 867.3717867867582
2520, 867.3656571079914
1584, 867.1935882879128
1173, 867.1347047148323
287, 866.8462657161291
2307, 866.6742817377162
3070, 865.869881388451
2280, 864.1634265180958
2568, 864.0111847986972
1970, 863.8754394986055
1047, 863.2362595197828
159, 861.6737628768677
137, 861.606443249418
2314, 860.3765845022737
1239, 859.8792260879613
3323, 859.7290262266931
1726, 857.890093249675
2030, 857.4162441706815
1119, 857.3416653824202
289, 856.8159243902279
3108, 856.5799980317021
429, 856.0848376133232
2965, 855.8858086455826
2650, 854.7119804077934
505, 854.1061121277883
3288, 853.6356632987147
153, 853.6043910511169
1624, 853.5075736179334
2298, 851.6184009473432
2610, 851.090999700438
1911, 850.8707174709423
2792, 850.8163970237882
2683, 850.1093204885912
2864, 849.7909629799558
1676, 846.2674641190613
3201, 846.1804472737315
1205, 845.0481775409612
1185, 842.9461198447476
225, 842.4565339482518
1642, 842.3805984745212
2306, 841.0841744294759
2527, 840.8912192137778
41, 839.2700084618057
1581, 838.9965241441536
481, 836.7094055255034
3155, 836.4545478473003
3077, 836.3508313592927
1463, 835.342733971371
45, 835.0609458433911
123, 834.6850196144741
3089, 834.0424201801507
1082, 832.6508886053571
3408, 830.0738305889109
326, 828.5374054123273
373, 826.7256943807621
2745, 826.5780747735671
2635, 826.4750278424644
3442, 826.1256090854391
368, 825.6756680943731
454, 825.2110045151952
3181, 824.1805452907855
218, 822.8936545848721
2105, 821.8790873957266
2649, 821.4990047076712
432, 819.5828356614538
2257, 819.1160623026744
254, 819.1013608332335
1966, 818.9545787038304
2218, 818.7938750827266
2563, 817.9652411528854
508, 816.6274308140279
1755, 815.7466574025975
3303, 815.4686493899422
211, 815.2767037035875
3383, 814.5515424462224
2601, 814.5075892179757
2624, 814.4989536878986
2668, 814.2316620326927
169, 814.1491202820237
860, 814.148042562495
1057, 812.9743405798017
3072, 812.8640262373139
174, 810.526173374294
50, 809.6663384733679
2485, 808.1650012464478
448, 807.6429614118424
2071, 807.0239958543284
2419, 806.8950328528524
1736, 805.7902541016547
3049, 805.4212190079634
1752, 805.0394725389287
2338, 804.635479157707
3136, 804.5320892717031
2548, 802.364950049529
1610, 801.1563044209132
2783, 800.9693367776465
188, 799.0989143494111
227, 797.7589495391838
2258, 797.1510848795896
3362, 796.4053961289172
1692, 796.2655150131715
336, 796.0431348559711
1027, 795.7724746552408
2244, 794.4125811545423
3382, 792.6877472552252
2712, 792.2262928589122
2763, 790.6024723312064
3311, 790.276102016901
544, 789.787311493787
2580, 789.2521394951049
3179, 788.4140367009356
2611, 787.8090659314826
132, 787.4190252864415
404, 787.2638083331985
2525, 786.518573949846
1705, 785.9516090997116
2294, 784.892913408197
2286, 784.3480953217545
671, 784.203064468429
1941, 783.4104644448671
2726, 783.0006883650258
3317, 782.6202337201405
127, 782.6000383827795
3277, 781.962539107359
2379, 781.0810621742897
1630, 781.0428171009647
407, 780.672092771088
1247, 778.0815265847847
532, 777.9439775465127
1710, 777.9384531557532
2641, 776.7520814680925
388, 774.9212501566935
2608, 773.1331696097276
1117, 773.0933498293913
2720, 773.0533975763669
3254, 773.0282801172265
1260, 771.4919742022806
3419, 770.0347900518981
2100, 770.0039599475815
443, 769.9726435669563
1450, 769.3504807818896
119, 769.2225912205027
2381, 769.0456658451255
262, 767.7301397317757
736, 766.7025269236314
3370, 766.1412817535535
3058, 765.4700959398201
1628, 764.8102378596575
1633, 764.0372273817092
1659, 763.9060430461068
2968, 761.4667692989002
1735, 761.4418170424854
1657, 760.9249620368935
1162, 759.8695670721185
1631, 759.3299211785969
1442, 758.7588254262453
3381, 757.8421243865548
2397, 757.8256309935434
1771, 756.5890833279377
2385, 756.1522301992433
1142, 755.7545166650964
161, 755.3899464091681
2597, 755.2331503582437
1744, 755.0330413837335
149, 754.8358800589102
2056, 754.4239963482389
1684, 754.3177617029954
3353, 753.3085360296585
1748, 752.8430488237823
3331, 751.7115818257407
1645, 751.4619752429558
2261, 751.3977755499841
1204, 751.3442076975703
2652, 751.3348753913212
2416, 749.9090057111551
2019, 749.2761472520066
1171, 749.1354967499751
2302, 749.0004023115126
1030, 748.6784461499382
1094, 746.6355754130117
1967, 745.4615172182038
535, 744.6557031810347
530, 744.073437304278
3094, 743.5444991557509
1089, 743.3407872877629
1716, 743.3293617697859
1670, 743.2223181413643
1063, 743.0196578686326
2305, 741.7916641833544
1074, 741.4239521854644
1590, 740.3308999073723
3064, 737.7086253586943
2818, 736.9150627348396
2493, 736.2890990117913
2424, 735.5181485989626
1437, 735.5144240233783
124, 734.8327779843747
2278, 734.8037897570466
2152, 733.9404626767845
1651, 733.603679658825
2398, 732.5871893509332
820, 731.4151358143883
2646, 730.8862224874945
2449, 730.8510168019058
1730, 730.1266344066663
3407, 730.1188432873067
2348, 729.942819256724
2287, 729.5599205017763
3340, 728.990416244656
1865, 728.4688956530026
2415, 727.5424223417951
1668, 726.9736855611798
2456, 726.8468570844522
1060, 726.8150374384119
2068, 726.2561778051064
2533, 725.8047927175735
430, 725.601155961179
3227, 723.6775843767103
2486, 722.9088276754302
2656, 722.7923810110101
402, 722.6364670480733
1689, 722.1313491543036
504, 721.747410337915
1700, 721.4308372213798
1132, 721.2127736413938
469, 721.1419216426267
2969, 720.935376711029
3005, 720.1316461769358
514, 719.6515007885216
2961, 719.310781144988
157, 719.1155811051517
1219, 717.0459269142676
1724, 716.6364719608565
497, 716.1449017949433
2973, 716.0479950340571
582, 716.0318826571106
2754, 715.0794778004328
1672, 714.8943830474892
1699, 714.595182293861
556, 714.4756309110435
3119, 713.806152341606
1218, 712.0857571159221
195, 711.6156243431931
1444, 711.5007901086512
3007, 711.0242628493061
1741, 710.9377382168901
1743, 708.6724243880122
2451, 708.4255364347227
446, 707.5804792600037
1114, 705.1959204421217
1516, 704.1560667700091
1091, 703.3753660184611
474, 703.0896648228555
1671, 701.7801576484383
462, 701.301534111212
1161, 700.964422805333
2990, 700.7746382695989
2069, 700.7310872677522
3166, 700.612956334391
171, 700.5840825664682
2697, 700.580327537825
46, 699.7081071717886
2110, 699.1798610948609
1452, 698.1156169306446
1728, 697.582374314532
414, 696.126024903065
1973, 695.316518337921
1811, 694.9517129800731
1035, 694.4891510291283
1248, 694.1939036174774
151, 693.4501615999902
252, 691.8842371817005
80, 691.064460058083
2210, 690.0589397615748
1066, 689.6385384311044
43, 689.6284134166401
1876, 689.5507254108969
2980, 687.4309174502049
912, 686.1409596505646
487, 685.5742338480445
1649, 685.1104475909917
1128, 684.9329296115845
1745, 684.9210426197535
53, 684.5987605908874
36, 683.7453986657569
521, 682.8222308367303
3405, 682.1759546310202
164, 681.9576541124849
3416, 680.7390531016747
251, 679.2398229721177
2466, 679.1457709915466
2528, 679.0871301176871
550, 678.2915384692762
181, 677.8465891583721
2277, 677.3694904621306
1531, 676.9883494542585
2592, 676.9673326166672
1754, 676.2360486947318
2301, 673.2921089830193
1177, 673.093479202372
2293, 671.477127282088
1706, 671.3640625362709
2543, 671.1503227026872
2382, 671.0298409316423
1445, 670.9325906456668
3106, 669.38060255661
3436, 669.0589524409719
1143, 669.0429797467743
264, 668.5129502231931
1704, 667.9951964661403
2958, 667.7766167968681
1184, 667.1996873633487
2267, 666.9089441419266
1650, 665.7055197674671
3378, 665.2975338748406
2693, 665.1598949750052
405, 664.8504539818312
2212, 664.0751779792266
3373, 663.8188417894409
3423, 663.6073770989454
2388, 661.421743063046
1648, 660.2971181431129
1727, 659.2640931007451
1166, 658.4812624607954
1679, 656.5884015457549
537, 656.4882041885553
737, 655.667697340841
163, 655.4910967979926
2312, 654.8186969771747
3369, 653.1236129985497
212, 653.0007206929869
2285, 652.6104104702749
2289, 652.1562459944142
1734, 650.3679648018632
128, 648.9380253466693
2575, 648.895666231347
1241, 648.3139737148937
1637, 647.2891068884069
542, 646.0372709944853
138, 645.0545362146842
3429, 645.0181159516477
155, 644.9622501711435
1429, 643.2268971390703
2309, 642.9754065083869
1759, 642.7240017830378
196, 641.8874960424795
3196, 641.4294591430598
2803, 641.1866306235073
2604, 640.9512502773416
1639, 640.7896197798386
423, 640.678668447845
1113, 640.5865809018248
3073, 640.4485301600033
2475, 639.6507817263035
502, 639.5201119562158
176, 639.2381682413852
2655, 638.8244908304814
2979, 638.6783857098482
1521, 637.3770065353195
2809, 636.6195097294907
1607, 635.191661272282
3061, 635.0189992109159
2217, 634.2699277934925
2297, 633.5746873218305
1849, 632.4316522351127
3006, 631.8293925223364
2673, 631.6753430286892
3286, 631.3392018588726
1872, 631.2618053654479
3258, 631.1402130099065
2453, 630.6732350486595
1753, 630.3909467811823
3291, 630.1288963006895
2340, 629.735094382655
154, 629.4606417027079
3086, 628.9547092781661
394, 627.2717890042011
1691, 626.8456361134564
3195, 626.0594808461576
531, 626.0001130225324
1665, 625.9259936933921
1681, 625.7331782690801
2383, 625.2794111961811
1464, 624.3328483735875
1115, 623.3449394353454
2778, 622.862552866734
2713, 622.088096777912
1697, 621.9201221649942
1236, 621.7786336907594
2962, 621.6436101110511
2918, 621.4168995994338
139, 621.2304233138063
1187, 621.1012618383398
3371, 621.0910162936053
2623, 621.0065925658951
3296, 620.6428058610483
2461, 620.456670159633
2753, 619.982208891334
1629, 619.7311155682088
619, 619.3939198851488
1702, 618.3841802519754
2283, 618.3060752044651
2259, 618.2800270464405
283, 617.7465176917594
450, 617.2603287990156
2310, 616.7865671508849
337, 616.6928252348757
3048, 616.2919314523649
2819, 615.2134790431264
255, 615.0575420090738
2679, 614.733878991879
2204, 614.0626918964022
2612, 613.9416399950322
2009, 612.7336478431657
3280, 611.533051014049
1751, 611.0925464368285
1200, 610.4477119595944
3339, 610.2956675532736
547, 609.4495344744751
1978, 608.4566687429335
1462, 608.3355814657804
2279, 607.9803714953124
1852, 607.9552678034883
2605, 607.6719600382759
2484, 607.3524552712179
1299, 606.924672377023
472, 606.623927982147
2616, 606.478595238058
3313, 606.4287506770451
1749, 606.2994287213711
2087, 606.083011924333
15, 605.4035341930902
3232, 604.7512480212687
2715, 604.3165887847497
197, 602.7462492696268
2352, 601.8824381573116
1245, 601.6047583190408
2821, 601.3023564289716
2339, 600.825156825724
2658, 600.6251998987236
100, 600.2272944117279
2648, 599.8903575797794
1856, 599.8644130174105
2337, 598.9293491731326
383, 598.5335889922912
55, 598.3589375848231
2966, 597.0601730890022
382, 595.8336484504134
1169, 594.3928288226857
3153, 593.6466293270286
2260, 593.1225742814522
476, 592.7990461090719
2862, 591.3792065860357
1085, 591.2675841997426
3160, 590.8850643803758
2765, 589.4513154005091
3091, 589.0452207165523
78, 588.5469806747261
2498, 588.402533545347
2589, 587.771082819963
3402, 587.4490525684387
1857, 587.4338402761293
2380, 586.3875741085909
1979, 586.3142304092495
2417, 585.6245405352175
1031, 585.2381838355337
2853, 584.974453196988
3125, 584.959110472817
2687, 584.5014982390275
2282, 584.2965612780257
3262, 582.4983613695059
2798, 582.4323814062539
2179, 582.2845324304842
2531, 582.0962784772051
1025, 581.9582573869055
2239, 581.8787659953591
2564, 581.333577439836
3334, 580.7676818564853
76, 580.6938591239418
2626, 580.6678720234587
3113, 580.5670932638286
1145, 580.1175126719621
1674, 580.0111910024276
377, 579.5377192186744
1635, 579.1859516876318
2235, 579.0483608391662
3231, 578.2164785434378
1083, 577.5346723387316
1636, 577.4401337637044
3028, 575.7440597981831
1045, 575.639599052591
1683, 575.5489356447588
543, 574.61946914033
549, 573.9893489784284
3418, 573.4197610162828
552, 572.969196489347
1449, 572.369679536263
3261, 572.0343448007155
2462, 571.1748638054668
2252, 570.1642635070083
1129, 570.1038022537691
2704, 569.964538151149
2869, 569.9600301914367
426, 569.3652953237629
2717, 569.3569976631358
2822, 569.3066456251986
2490, 569.2331214232687
2519, 569.1995506764355
463, 568.7768092825647
279, 568.3029280612731
2185, 567.2163562010151
2586, 567.183494351766
2813, 566.9122124144385
1696, 566.4720277466197
2538, 566.1692443856531
201, 565.8764100623132
2167, 565.8675953884834
2496, 565.5736960592843
3193, 565.0572671565485
1530, 564.9363890989421
3047, 564.8042155570979
2975, 564.5469520795201
2974, 564.5469520795201
2675, 564.1898777440254
2386, 564.1797024999158
1589, 563.6524769128115
1042, 563.0488927093951
2292, 562.6678617213184
2511, 562.6505065895017
2707, 562.6161355720051
1737, 562.4766732502801
1124, 562.4381902451187
2455, 561.9759102122568
538, 561.6210920682881
2695, 559.68740058813
2464, 559.5729037719283
1253, 559.5574070412597
3425, 559.3093496964449
1750, 559.217034677678
38, 559.041301184002
3078, 558.7538689820485
2700, 558.6316312192982
2315, 558.3625892479216
1041, 558.3110244189468
1203, 558.2260634703589
2606, 557.701841654873
2629, 557.1465399104303
1179, 556.7452512882626
2094, 556.2280293760284
2407, 555.2432844356168
536, 555.1166029043598
2733, 555.0166516141442
3132, 554.543056203931
2692, 554.508722045176
1212, 554.4294771501286
506, 553.9269949711302
2271, 553.1992753605429
1193, 553.1292396886039
3021, 552.9148691340404
1183, 551.8933425969
1608, 551.4656821813836
1557, 550.5813805665456
1960, 549.2451184259305
3139, 548.6563131984045
2919, 548.5781416563956
2654, 547.9865140081588
2978, 547.9522922964725
3344, 547.8893254437728
2509, 547.8208693000411
3003, 547.7647625714802
2534, 547.6806515942475
2492, 547.5292753208338
3251, 546.7194960327407
1652, 546.4208776572062
1088, 546.3445185650811
1662, 545.5897037531855
16, 545.561921603168
1586, 543.8874001086601
2226, 543.732752056769
1081, 543.6773558771777
1855, 543.5450250545452
210, 543.1762347539313
1214, 542.9297162693007
1465, 542.8019912177193
2985, 542.3110765634882
3410, 541.8947399671317
2570, 541.3667087636506
2797, 541.1968763896406
2299, 540.6102635363834
2769, 540.2994576915336
2522, 540.2920639657941
1263, 540.1462164864424
1174, 539.8429300330633
3180, 539.5052224827829
2139, 539.3627306121549
2080, 539.2522416590615
375, 539.1699863079058
172, 538.6718371933615
162, 538.3591758525711
3329, 537.4875061200203
1101, 537.1288492067921
1761, 536.5795640538792
2184, 536.2465191927382
3421, 536.0776586785706
1660, 534.5220131388276
3333, 533.9575848346552
1043, 533.7464404613587
2752, 533.3246882763373
1867, 532.9337718566527
2264, 532.3568217367966
186, 531.7745264418685
2727, 531.3186941724413
3165, 531.2330753937072
523, 530.7213491880564
1229, 529.2982346858829
2581, 529.1742734294944
2392, 528.9497086531484
2269, 528.8997039790904
2506, 527.9460953053937
1760, 527.023614710445
3260, 526.9166789172397
1688, 526.6578865864075
2396, 526.6031642668224
397, 525.5275803358829
2488, 524.755000272071
2603, 524.7161963819242
3332, 524.2956286135803
1099, 523.8219068932631
3393, 523.3895308000943
2249, 523.2624558632987
3372, 521.5169476047901
3131, 521.3164052594287
131, 520.6301957893303
2, 520.3559178033945
3361, 519.477119079691
2345, 519.0199056763425
3198, 518.9500690488924
2730, 518.6885305921683
2747, 518.4899998071512
3395, 518.4323381383741
1678, 518.2675093990824
2665, 518.184408668578
2177, 518.0176457267206
2499, 517.3353336585386
2349, 517.2679840706235
431, 517.2529680479588
851, 516.899265651391
1095, 516.8777317525476
1961, 516.8359537812764
3364, 515.623739482728
2346, 514.5206296807331
1096, 514.2412379456786
178, 513.6083626328436
1600, 513.2732719724975
2760, 512.8936585893688
1974, 512.3845419000403
2341, 512.2880979275338
83, 512.0461411157991
2600, 511.8878626508232
3100, 511.4889663700363
1202, 511.33873650540994
2276, 511.3335612599693
2495, 510.8059260555578
2960, 510.3555339478995
1447, 510.1149078952637
2342, 509.14839539568544
2303, 509.12740342296615
1301, 507.91953894691017
2662, 507.2122402555552
3019, 505.5848273218303
1125, 505.0804084964593
2638, 504.38007930028016
1559, 504.1449487123592
3342, 503.6851267504581
1655, 503.07681194505193
3396, 503.01364971473555
2044, 502.72262447990585
1144, 501.9861975789309
2460, 501.75742190420124
1226, 501.26697712022064
61, 501.23790257968415
1069, 501.1789173677071
1112, 500.67428241341645
2313, 499.71479721087513
2401, 498.916756004141
1070, 498.31832805785444
2014, 498.30097349373915
91, 497.95014245604483
2632, 497.67571144227065
2387, 497.65508199905014
3441, 497.6091825157812
1773, 497.2081175859879
2409, 496.68662649036855
1451, 496.6530014613258
2079, 495.15535183431456
2743, 493.5477695459722
215, 493.5362472939375
2479, 493.26535533931605
3375, 492.96091873056605
2412, 492.505863500611
2037, 492.38025709428734
3115, 491.91805525671634
2452, 491.87424662799367
3420, 491.85171769533326
2413, 491.31947871830965
125, 491.1841423551438
413, 488.59312767336166
3301, 488.5562318188049
2440, 486.5829996714901
2714, 485.81264671416983
2970, 485.5278873618504
1436, 485.0530821641944
1148, 484.9243914565766
1217, 484.5379295732926
3367, 483.2203289865976
2284, 482.87921149832454
1067, 481.8652769616973
3414, 481.07223826389514
1596, 480.8466092059087
499, 480.42056212419936
2644, 480.26360825534414
2421, 479.6054237406962
2565, 479.37077979906667
3266, 478.9500755431059
3117, 478.20869189450576
1059, 478.06496501623525
135, 475.7342846831463
2794, 475.0643897566737
2266, 474.3322437312009
1438, 474.2298355585148
545, 474.05885390301523
3141, 473.745625666932
2535, 473.4617398742424
1130, 473.2413184679531
2698, 473.12920922613927
1254, 472.2546128829574
1139, 471.77214904016535
2530, 470.7751981333338
1257, 470.1890618115274
261, 469.1464264782166
2444, 469.00295554733003
177, 468.95001559255417
2591, 468.6349611351402
3351, 468.50059258368543
3154, 468.37201829071927
1446, 468.04957888503685
1147, 467.9676147646115
66, 467.75664481494897
3366, 467.6719259434452
1866, 467.6469356902638
2815, 466.67462319687394
1881, 466.27866296927766
62, 466.1447635962347
2290, 466.080795449224
2092, 465.9694166079282
1667, 465.629106502368
209, 465.4441264065149
2771, 463.8586652326384
2664, 463.4260861822005
2976, 462.62233839194914
3357, 461.32524825529117
3158, 461.27454014998096
1847, 460.52021997558944
2304, 460.5138602186778
2625, 460.50440622152644
2223, 460.44780131743397
553, 459.3793127817985
2065, 459.1536363127636
1593, 459.1375717606159
498, 458.5197222024432
2684, 458.0017953542289
2670, 457.4227634869315
1664, 457.07806610352856
2356, 457.0114218850576
2477, 456.28835938459804
2716, 455.6857786042961
1199, 455.52817432340476
2028, 455.51974821702163
2344, 455.45175128008555
2983, 455.02215991708607
1227, 454.6797879599915
1116, 453.9817834203283
1298, 453.86820045865835
3399, 453.2308145165273
2800, 453.1723061240079
3430, 452.45130440562315
2598, 451.96875556701605
2061, 451.7001641651289
2537, 451.57372097771275
89, 451.47979743932945
1097, 451.1586138822317
1141, 450.2533109779281
3103, 450.07834072210943
1242, 448.8136089705874
1431, 448.6147379131626
2667, 448.5028941529447
3008, 448.2141920602867
2699, 448.1882098160219
105, 447.7539126760073
3102, 447.3597658844325
1137, 447.27240053224256
2408, 447.249617046035
3335, 447.05938243478806
2674, 447.05737331990025
1262, 445.5181178894793
369, 444.65536274274666
3081, 444.59994080893375
2472, 443.1650073760001
492, 442.9617298951484
2796, 442.65358324787366
2457, 442.5833529313591
3377, 442.0603743730823
3033, 442.01506447995666
2660, 441.98899092229294
3398, 441.13084399770514
1435, 440.3108518707296
2659, 440.30304453020455
533, 439.29461812885074
2631, 439.18122855850316
438, 438.596640964521
2510, 438.5088264306454
2661, 438.0186546643412
1160, 437.74371963727606
2469, 437.6848638872198
1251, 437.22584812659954
1860, 437.22538071417586
110, 437.0283928016164
2967, 436.2670576456356
92, 436.1165003382479
2474, 436.0526700262415
3076, 436.01958165296094
3053, 435.70063035968684
3157, 435.2531985427223
114, 434.8451199830834
2576, 434.66284018064925
2541, 434.5138440686947
3004, 434.20086153637874
2719, 433.60595441828866
1430, 433.48056719124367
3156, 433.4666647415362
1998, 432.8350744310347
1209, 432.4118820963035
3152, 432.40039143314067
3397, 432.0947435890123
2691, 432.01108962243165
511, 430.7038762903943
3052, 430.6760166211218
3124, 430.61174478269595
1213, 430.39377545666997
2552, 429.46106067028165
205, 429.201224730049
2617, 428.94403428592534
338, 428.84329931752956
2405, 428.6139544626381
2762, 428.604438751975
3067, 428.55221173891425
3249, 428.41980149840464
2669, 428.126284811211
3104, 427.36941133877605
2627, 427.27814098214003
2406, 427.2157961409822
120, 427.2134627724797
3087, 427.13632298429854
192, 427.0765303094661
2502, 426.87419225585205
2501, 426.87419225585205
3322, 426.686938438316
2494, 426.65598561022875
3075, 426.0602864797248
1261, 425.8069463909721
2542, 425.7497058833319
3088, 425.62968393611555
133, 425.53503248976244
3074, 425.3975786301595
3109, 425.2612144597365
2977, 425.23565733279736
1175, 424.62612155160446
2007, 424.54398250779764
3390, 424.3025066640884
2770, 424.2078232511011
2448, 424.16963414421843
1188, 424.03374194397895
2609, 423.9816162281292
2702, 423.47402561766586
1154, 423.3410679568923
1656, 421.87822727648273
2614, 421.5626149164697
1222, 421.2187904218475
99, 421.17826910031096
2504, 421.00437642608665
3253, 420.9484652524361
1597, 420.92494792556266
2761, 420.9236425341867
1246, 420.6928533542762
160, 420.5968941833338
3116, 420.50238397126174
2476, 420.3141369177237
2634, 420.1447522478578
3096, 420.13649458022513
2637, 420.003151590502
1109, 419.9119114915358
1711, 418.90501341341826
1182, 418.8161391905752
2521, 418.760970654762
2268, 417.9863485345406
3338, 417.3019121954411
1514, 417.188485857208
2411, 417.04044833910433
522, 416.5401587822503
1078, 415.508098220377
2724, 415.18853317636183
3330, 415.066006855178
190, 413.70226515476526
104, 413.26182228652385
304, 413.2583759539246
3263, 412.9428138728797
2956, 412.7094084936205
3127, 412.6785501498622
3394, 412.1645653069047
1149, 411.9600117489292
1225, 411.9481275817154
1441, 411.74772415991856
1201, 411.69993685755446
2311, 411.54996080368124
3138, 411.10948204378263
3400, 410.77073968304995
3328, 410.60161865387414
3325, 410.5402111804703
3060, 410.1810633010537
2089, 410.1466523595875
1208, 410.1205794403433
541, 409.7957705512794
1176, 409.548175845473
2023, 409.45385311405124
1108, 408.5680816683913
103, 406.8704765748798
1250, 406.5383773870905
1300, 406.1639240231593
3355, 405.81497454543114
2866, 405.4534048245671
2529, 405.30640933350327
2347, 405.18765952933234
3337, 404.7760023371837
3137, 404.05796838718817
106, 403.7567767871273
1658, 403.735014853227
1107, 403.6789874903828
1713, 403.6218810840223
1195, 403.364328590355
1460, 403.3247100791795
1197, 402.9734128439719
17, 401.89962913928645
81, 401.7970957776677
2478, 401.7267242521083
2459, 401.5731677580274
2551, 401.42484343808525
520, 401.35757344326555
1127, 401.1724124294942
3427, 400.8928677807151
102, 400.8140741779286
113, 400.55215171173035
1181, 400.46630006179817
179, 399.64329318506765
2585, 399.6095746865152
2567, 398.7693289046778
2678, 398.48858787134645
1224, 398.21529291602036
1167, 397.59240412037667
1223, 397.25642355657027
2676, 396.7977206076452
3406, 396.17287505627667
2706, 395.8756294808391
3349, 395.7526892292147
2554, 395.36027569613424
434, 395.2921215745354
277, 395.10539575635187
1136, 394.9564963388983
2378, 394.55708521339875
2775, 394.1942078231397
2074, 393.94358453882455
3126, 393.0888717449993
2633, 392.23737520644556
2799, 392.22240260667036
1196, 392.01751687598585
2663, 391.87256952704007
2082, 391.132940030478
2557, 390.48576255716085
2560, 390.32150968629963
2982, 390.044087779688
1123, 389.90178583508236
2619, 389.84963806279745
3250, 389.8217818472413
2467, 388.82266690692285
3140, 388.22516342050835
2685, 387.628430253068
1138, 387.1431200251949
3122, 387.058587544587
1560, 386.2424840293335
1477, 385.40498499612136
1120, 385.23268684187866
2787, 384.967820676735
95, 384.95079830487583
2984, 384.49804410852585
1207, 384.3498237472399
2544, 384.32160493657545
1155, 383.6241535035278
2577, 383.28340145532883
2414, 382.42230131621346
2628, 382.3277316102757
1428, 382.1782621816578
2595, 381.87201747018884
2523, 381.4418265334471
1206, 381.33586917540237
2550, 381.25436261868646
2482, 380.3997029514552
90, 380.18302265924143
1969, 380.0243942815768
2573, 379.81722167135
1133, 379.4460350919795
1131, 378.8962812987737
1996, 378.4820414194698
2384, 378.4373100990572
1052, 378.4227516330243
2680, 377.6660390437055
2399, 377.61574241230613
3358, 377.3960288046996
2273, 377.00072093705455
267, 376.7381177552986
3365, 376.6611516253794
2689, 376.54973292125993
121, 376.4745574375035
2443, 375.7651580243394
1220, 374.86208194262167
3368, 374.26885348639394
2642, 374.21080931176675
2972, 374.14159766895847
510, 374.11952770622446
2545, 373.44298259421026
3356, 373.13361537614026
2613, 372.3864618126736
290, 372.02949526933935
1719, 371.96796373199874
14, 371.9459765055157
1240, 371.40309108985815
2588, 371.0748715177492
2909, 369.74582564668964
2480, 369.51217040393595
2465, 368.4017634345112
2447, 368.3797838397422
1061, 368.0315518213155
2481, 367.89385453634185
2618, 367.82709002845417
2701, 367.46801776902737
1194, 366.8695260606781
2445, 366.36875408797073
1965, 365.6269211014174
3307, 365.14767512686956
1163, 364.9887477711259
2913, 364.28439483209837
2047, 364.15391844530683
2602, 364.0256727089071
3345, 363.24177729688523
3374, 363.22496372443464
3428, 363.19396562650604
1168, 362.8355558657353
1170, 362.5509453062607
2458, 362.2452448434867
101, 361.00748885941044
2643, 360.9415381992438
2512, 360.6857358130483
3326, 360.2911729421357
232, 360.2781973633272
436, 359.491906773477
67, 359.4056208962258
1068, 358.7270536574045
65, 358.2753468583518
2489, 358.10260928204593
1046, 357.76588170445734
3422, 357.44185005093544
72, 356.41542539018246
3360, 356.3636040411548
1588, 356.3483232538805
2097, 356.0770477390922
2728, 354.95682753912195
1406, 354.5641043726012
2599, 354.22518054163254
2463, 354.1060122485099
1135, 353.7923988148349
1079, 353.6963555484964
2355, 353.6304834764126
2708, 353.43306014312674
1186, 353.13014727181326
1520, 352.7744212167239
2487, 352.6904611432096
70, 351.9467108466834
69, 351.9467108466834
1034, 351.8659176862899
1146, 351.7538176744827
2395, 351.20715677782357
3376, 350.9585908401381
1663, 350.4201445655145
2446, 350.4046362503086
3252, 349.80480858780953
2081, 349.13726836889407
2584, 348.5556515060675
2636, 347.62485817767384
64, 347.58866818196447
2350, 347.5306190322911
1198, 346.62931669963064
3417, 345.7874912745158
1693, 345.56703433080366
3391, 345.35190877484956
3392, 345.05594218984004
2516, 344.9100195167995
93, 344.8732104638742
2593, 344.67950970776
3308, 344.24290074595893
2540, 344.15582977182595
2582, 343.0178965521609
2915, 342.655292838655
2555, 342.40201895963503
2639, 342.3219241519449
166, 340.9576448080033
358, 340.8789685341355
2057, 340.383384291071
3387, 340.355110858389
2052, 338.7801777112635
2077, 338.20506160729343
1813, 336.1648980948601
18, 335.9756602035872
1189, 335.9037611013344
1605, 335.58970356157124
2590, 334.75244238719955
2295, 334.227438891379
2031, 333.7449865767593
2090, 333.70570949527115
260, 333.69929334267607
1518, 333.60002484667075
3177, 332.3778341122483
1962, 332.3154654803983
122, 332.3078882592368
1216, 331.80475553165354
2468, 330.7609517756701
2526, 330.3632820876838
1065, 330.3013794124399
1073, 329.9227974081094
1440, 329.851430547055
108, 328.7812438767339
1397, 328.2982869075462
115, 328.0280135896631
1537, 327.716517221467
144, 327.5746743164518
2400, 327.21803462960975
167, 326.42363430051853
2914, 325.75209107120014
1519, 324.84531280573594
2441, 323.98219900358396
1053, 323.57401530530313
2450, 323.32146832428583
3446, 323.3143514246695
1134, 323.0721748957182
68, 322.56398790358924
1191, 322.4430544227617
1864, 322.3536115963797
1634, 322.227246865165
1467, 321.8455465110653
1180, 321.58948177119555
2539, 321.41601040210963
1103, 321.20706129745304
1150, 320.5654804815298
268, 319.8075922510194
97, 318.661426785494
1118, 318.5601840018164
32, 318.4700707307069
1632, 317.61624817426946
2971, 315.10164902419996
96, 314.3840588703971
517, 313.64784436414453
2596, 312.5640187316334
1694, 312.00977569563463
2647, 309.79798380864094
2270, 309.618622076498
3343, 309.5542257800246
2709, 309.46277943516566
1152, 308.4318926190581
1178, 306.6969007543238
2066, 305.37971284943285
3188, 305.3553980078658
3238, 304.7026885539649
12, 304.0231631212967
3164, 303.3885107551495
2615, 303.06849343295073
2579, 302.7661104515392
2010, 302.6118815156372
2060, 302.42080914132197
1302, 301.9286953321369
1156, 301.09062119239775
22, 299.52987077215863
2038, 299.4352543739685
1558, 299.0498830802112
2471, 298.9159257555745
1151, 298.53383167193095
1316, 296.5895500106079
2517, 295.1029124793341
3359, 293.6082812833021
109, 293.0044388932215
2861, 292.47577736041796
13, 291.7267878490548
1838, 291.4845973390307
2594, 291.31042458088643
1709, 291.00677644195963
2500, 290.9100068038799
2801, 290.4472314480837
2351, 290.0664408139054
1638, 289.84325964951915
2900, 288.3141613192586
465, 287.7253266987381
3438, 287.70826968627335
1958, 286.1709965872171
2040, 285.51596736197314
1457, 284.89549383700506
86, 284.55383344767307
500, 284.38013201225317
3085, 283.1998642712004
3236, 282.41600107472027
2916, 281.67381376665213
3237, 281.13634697024605
3431, 280.78729566348306
2503, 280.54166358222824
916, 280.4506651828578
1878, 279.9237179674907
1800, 279.5902257024304
1153, 278.768516091646
2275, 277.5552570113537
637, 277.4631616067511
2064, 277.0484455850572
2046, 274.7788565951596
1574, 274.77024811771025
2515, 274.0902644327638
1661, 273.8903754801564
59, 273.7069179145811
2860, 273.6634076204292
2058, 272.11068970304035
2732, 271.21187127277415
3346, 271.1253512165783
768, 270.54600431149044
2682, 270.30752957671564
3310, 270.2977384933921
2036, 269.8939187503232
2433, 269.7753918305776
4, 267.0839923648944
1, 266.7382568437945
182, 266.57720936170784
117, 266.50097758882504
10, 266.11834178233016
2192, 265.88177056351776
3234, 265.3153079963124
1164, 264.5945072809957
1062, 263.7281654949356
2470, 263.1023407026719
2857, 260.24535264694356
2043, 259.95105912332644
2578, 259.71910793226067
507, 259.3123794551778
3363, 259.2520165204126
1255, 258.9843538475854
1562, 258.7080541883988
1454, 258.0100577346669
1572, 257.8160315337412
116, 257.44961939670105
461, 254.43522213303675
3240, 253.47622450698861
2320, 253.20137345527797
1785, 253.1780396907624
459, 252.91931767002472
2063, 252.5085532886211
2731, 252.39006197411052
641, 251.99143421001335
3242, 250.44532211893363
1576, 250.20410877645625
2085, 250.14413514110907
1814, 249.71838700064797
3009, 249.67800015722122
63, 248.1610908165865
1573, 248.0977781328512
1324, 247.95427964630156
3235, 247.84565632143767
2725, 247.6404036980415
953, 247.61154373877892
7, 247.36425648629717
2569, 246.63380402753452
112, 246.176808925794
2718, 245.96563772366449
1788, 245.42462441805662
1543, 245.2337987144433
484, 243.893259930614
3256, 243.56665422621853
2832, 243.0349412499474
2805, 242.86007080048256
107, 242.3395893385698
1794, 241.8886634616617
118, 241.8189877457992
28, 240.3159263102054
2672, 239.46614294330726
2191, 239.3309783717963
823, 239.19819931687837
1484, 239.0042275656352
1818, 238.8782196754817
1723, 238.83948200003866
1309, 237.78849737217493
2999, 237.34339171714728
0, 237.0118144128252
826, 236.8905574201512
1509, 236.7562950219843
2910, 236.7280565267763
814, 236.4697705657909
2153, 236.0743126714846
477, 235.125089394668
6, 234.3736605011967
1567, 234.29362614902047
1410, 233.48868042428248
11, 233.4799673405569
3, 233.384012057812
273, 232.574206555782
9, 232.51346953851666
30, 231.85200270599654
111, 231.8184642588901
2134, 231.58142877794273
1882, 230.79692448721798
2518, 230.56870483877333
524, 230.17494818092092
2208, 230.0885954645164
745, 229.89123310419757
3017, 229.5977141944478
3257, 229.0134630735888
848, 227.73947197425997
2211, 227.7123275449496
1004, 227.71002342667086
184, 227.6030926342815
292, 227.35365575205927
421, 227.2740379459618
1575, 227.18276450924697
1824, 225.4478813239248
94, 225.43993737523076
2158, 225.3492667500449
1418, 224.81871753006678
1571, 224.6343771038056
5, 224.57438745760243
2242, 223.4747827413135
1806, 223.2738726229741
2878, 223.0011703018659
2889, 222.67248435329043
735, 222.6708358599976
8, 221.96116999178778
2532, 221.49820993913804
259, 221.30196892705027
1535, 220.884699970959
2193, 220.2765581246758
2856, 219.81418914358005
1940, 219.78125175627844
1939, 219.7030940251961
923, 219.61612160734117
2170, 218.63792123688444
3215, 218.5961351609667
2859, 218.33186314563494
788, 218.13523698936652
3000, 217.96569403488252
1951, 217.00168054522217
1269, 216.79597212726293
682, 216.33304194354986
2207, 215.31275279045147
2556, 214.87526588128918
3025, 214.3131887159772
1051, 214.16994023339893
786, 213.9852410218565
526, 213.65869599243695
2868, 213.56579217855779
917, 213.37948778803602
2806, 213.16716329241714
1003, 213.07910098177703
1889, 212.17119512256556
2135, 211.9588172020311
2435, 211.62063335624833
2428, 211.62063335624833
3228, 211.599408511537
2124, 211.21202282359278
803, 211.16821928623048
33, 211.16215692209448
387, 210.9695106697796
1884, 210.95326608049498
1776, 210.87311002068364
1907, 210.56787817986654
29, 210.48161676145128
1810, 210.35708136639266
1424, 210.30185843398877
2180, 210.2392333034752
248, 210.21109927551106
1210, 210.18997054299248
1640, 210.18587025216394
442, 210.07330457358267
185, 209.81898859268097
1780, 209.77727617956077
615, 209.71167754358896
744, 209.57647480806554
1165, 209.34859353677984
857, 209.0603285046165
2205, 208.8759505540117
3269, 208.86815080032707
353, 208.76155294652838
234, 208.3349141967086
2429, 208.31734212886596
791, 208.17871277381838
727, 208.05215076054748
1525, 207.9682041899997
1093, 207.9052543741092
1306, 207.84799757858423
2991, 207.75517411486354
417, 207.58069778981286
1039, 207.17155029238307
2157, 206.83107238048166
2236, 206.81943900369876
3029, 206.78899091266632
746, 206.7018085312949
2194, 206.44762366656107
2243, 206.24126204252204
1487, 206.13145837299888
490, 206.10657846806063
3018, 206.00654054170818
416, 205.6549833195851
2318, 205.53583717835212
3016, 205.366949253054
1423, 204.71144875421876
1566, 204.57936625942122
1356, 204.48716519224985
1895, 204.2534169358858
945, 204.20366654122935
2936, 203.8859568462989
1617, 203.76807084178228
60, 203.60726850276257
2054, 203.58020660004175
249, 203.52172046319183
1577, 203.45232677283764
1580, 203.39548785995464
1807, 203.39431783970636
686, 203.35106728145402
2195, 203.12400401223556
2196, 202.9951682312446
579, 202.92481416100796
936, 202.81920934612646
2997, 202.80432217231214
2262, 202.7329391058431
716, 202.6692807970245
1623, 202.65457438209773
3282, 202.65368077709797
1822, 202.3452780310851
2953, 202.27010883134545
305, 202.08950278344687
1336, 201.8850524186387
781, 201.8819677284239
1885, 201.8324545838538
321, 201.11156515557957
575, 201.0946340976526
527, 200.95518766383543
920, 200.7700794728388
980, 200.4778282351691
1092, 200.4737893344167
2438, 200.2085203554247
2434, 200.06355584031024
1999, 199.95638561657006
778, 199.86807308952856
1279, 199.83945579149193
1425, 199.75548888279377
3319, 199.65974809951942
2188, 199.57470485756525
981, 199.31766645449096
3320, 199.20114567065025
844, 199.05534115225956
1976, 198.91774358239618
2160, 198.82635597414463
3233, 198.82535540429797
612, 198.68915948711924
1943, 198.62627728372428
1037, 198.61768522010772
420, 198.59545308445942
1653, 198.3980369601848
1615, 198.30859469543142
762, 198.24421890280146
590, 198.20462086076085
2993, 198.16952152079585
581, 198.14066493136127
2187, 197.8267685058752
23, 197.8221404772554
1579, 197.58198197566665
243, 197.51050543648182
1023, 197.44836327037254
2431, 197.43089903881435
825, 197.3277130456617
961, 197.27193774223832
2145, 196.81852215311835
955, 196.789679359635
698, 196.70104160063497
2189, 196.58688917275077
717, 196.4922853262875
817, 196.34377526151084
2365, 196.30260050234426
1972, 196.1074781292882
1977, 196.0053963474511
1985, 195.76966442652292
24, 195.1486449622969
319, 195.1480838023626
2035, 194.97755879802375
2949, 194.9763363857554
1803, 194.7102981175832
2095, 194.54415132512668
922, 194.51179059512964
600, 194.44055364024385
2362, 194.40873364455607
2360, 194.3456245121812
2220, 194.2290012187494
743, 194.21836723088512
27, 193.91671098678628
247, 193.7637066906313
1404, 193.38224832083455
1054, 193.36672876038023
2142, 193.05942654622763
2214, 192.90859553933717
1038, 192.88374269481167
960, 192.75878109860622
1331, 192.66572081827982
1412, 192.5098041960131
815, 192.49451666313476
2181, 192.4631795955676
1473, 192.19561819110586
2879, 191.8026607461575
1308, 191.7978860638323
419, 191.76155210219798
999, 191.66891860351475
808, 191.58150243759678
560, 191.48465892346115
709, 191.34588840483795
969, 191.33248447015202
1523, 191.2659246428404
2219, 191.13043421086607
2845, 191.02322810485734
528, 191.00061238112568
1890, 190.99600990190947
1371, 190.68154148276992
418, 190.39782796571959
2122, 190.3398488014094
223, 190.3275283515268
1840, 190.23862277424954
787, 189.99138140304632
1599, 189.95793981858822
574, 189.94753522292189
1490, 189.85188548419384
1266, 189.84531865315822
2829, 189.8423093480804
2846, 189.60159619923715
1495, 189.58742701209673
370, 189.38891480818387
1427, 189.22671735370383
1408, 188.72132488170925
585, 188.585430825802
1510, 188.58202226800273
2907, 188.57678493177085
856, 188.38780702606317
2422, 188.35890694510942
1314, 188.05429889466342
601, 187.96363702559242
1321, 187.92344865867622
691, 187.89006031595488
2828, 187.85663882485372
1823, 187.74730990768785
2992, 187.62814631411993
804, 187.5907204786293
1289, 187.55897156910984
2173, 187.54831984033055
2858, 187.50297190511955
2171, 187.2985634652038
529, 187.1361388153614
242, 186.92165249821704
964, 186.8390932944653
1594, 186.73777082380244
2427, 186.71642485005444
2231, 186.61110693163982
2209, 186.5815718103848
1839, 186.57668210255528
594, 186.5319177368046
1508, 186.51544737899394
2049, 186.4988842837038
187, 186.36393854264307
313, 186.12941257403645
903, 186.07623608149865
1501, 186.0424493120811
1478, 185.901018922456
1942, 185.53180285459044
1315, 185.49583077571296
2168, 185.49079223988923
2711, 185.4347127909681
2228, 185.38559905687686
1527, 185.30078484128657
2924, 185.28754309435425
1790, 185.09868007508717
789, 184.81646829607558
2996, 184.7946123535328
2206, 184.77995685496683
907, 184.76861452987595
1369, 184.65416177220962
2165, 184.65029746326803
1505, 184.58638095209557
3026, 184.58603823132304
3229, 184.58419827602813
3309, 184.42200145230484
2200, 184.4206122438165
3031, 184.32269192054812
780, 184.31002803936963
2905, 184.29059984334137
1887, 183.95030641568914
2877, 183.79646908018066
586, 183.79000261585432
1348, 183.76695867834079
972, 183.5356830301953
1512, 183.43441005729974
1421, 183.42190051719945
872, 183.38911571874368
845, 183.2524734556214
1426, 183.10259611105437
1846, 183.08526857057134
2113, 183.06134817290783
1984, 182.95076040321942
837, 182.9127786820948
846, 182.63602570581781
2850, 182.53802253084274
2190, 182.46118444826018
1361, 182.44724792768983
683, 182.25017044963204
558, 182.17021976793438
2150, 182.04010323621173
1380, 182.01669017229574
2804, 182.01424835924226
696, 181.7008557772533
593, 181.68252721867074
1578, 181.46636318309524
1211, 181.37626177035068
919, 181.36818587483813
2837, 181.34516285568796
1488, 181.34109838156883
2164, 181.27771933731447
1390, 181.10261681159784
839, 180.92151277610915
1389, 180.91775584217226
49, 180.86144369379718
2256, 180.79495731441295
3270, 180.73756250847848
1957, 180.66313309723566
2115, 180.6332660164273
2841, 180.5303038977548
1494, 180.36156973607257
1883, 180.33051137068824
2321, 180.2905359110242
2852, 180.24639944550327
638, 180.17864192881666
1481, 180.09853279236663
1001, 180.07006331416326
2998, 179.89950264504526
657, 179.81144670520334
1268, 179.8052209559264
3267, 179.77498221249118
2334, 179.6850583060624
2062, 179.67819733407552
1322, 179.65085505206505
993, 179.6297653822274
371, 179.5699681875738
307, 179.50700881132227
1792, 179.31945505361642
2324, 179.31463106492285
928, 179.23355778439793
987, 179.20182142276542
886, 179.10533731620438
26, 179.10418545050328
821, 178.93647361439363
2120, 178.86990610354243
1983, 178.76973778903465
661, 178.74949178484258
3321, 178.73240017840354
224, 178.64983659996525
2125, 178.63261599239232
3268, 178.62111136164486
1828, 178.5466319984908
1549, 178.1014285067174
599, 178.09146885485083
602, 177.96295132954438
2117, 177.92441336316932
2372, 177.8558317452299
2042, 177.8276255967916
2839, 177.72412580137194
2229, 177.70616590813847
1820, 177.6200439051978
1455, 177.50975356083663
708, 177.41960095929642
2162, 177.33555202949185
2439, 177.2552401682836
1986, 177.12634622072758
639, 177.09994391428793
1345, 177.0887867478735
3014, 177.0727946630329
718, 177.06638504257583
584, 177.06250216367735
840, 177.05690929328773
902, 177.04076796893435
1396, 176.96374249109365
1493, 176.95048073081517
2230, 176.91898346109076
1295, 176.88642857061015
1377, 176.84098822957372
2116, 176.83219929596225
775, 176.76881699237012
1474, 176.76476498951217
1413, 176.73467881004782
230, 176.73323562806826
938, 176.70022672019735
784, 176.64860626727767
286, 176.63306651146942
2255, 176.54573146481513
659, 176.51450461145834
2359, 176.47462534261527
882, 176.2934961666489
1339, 176.20286018679235
2750, 176.035013885069
3002, 175.9995528279696
1861, 175.99149381505657
606, 175.96818929556912
665, 175.92844594808062
1312, 175.86576287647924
730, 175.79591361315582
989, 175.76356038745422
664, 175.6819427029632
2831, 175.65116853016053
1614, 175.6460408815333
849, 175.64139249070084
235, 175.57551093171622
1271, 175.57045165298337
1601, 175.50378032610186
927, 175.45962453403493
1622, 175.3797083025501
690, 175.3727185199734
2994, 175.2563350063003
798, 175.22290306941835
1908, 175.1625724294063
2237, 175.03234763381514
1014, 174.9311342057478
790, 174.88991278058072
489, 174.85941920386648
1886, 174.80472212236558
2851, 174.7031710770001
752, 174.67037636695503
867, 174.6341979061715
1330, 174.5504674341414
971, 174.4625662460862
2844, 174.42004562939118
855, 174.40515652443887
315, 174.38696207819316
306, 174.38696207819316
777, 174.3563225356905
1398, 174.23642360856124
1343, 174.09379845412053
1278, 173.9971490830595
1550, 173.9382580595907
1511, 173.92896838018402
970, 173.89284454470493
776, 173.85382343825358
572, 173.797750925035
711, 173.64641386213717
853, 173.56681062313913
256, 173.521850875222
564, 173.48703394009297
1392, 173.44891694666074
559, 173.43917367407454
2051, 173.39551343095184
1352, 173.3503555963827
1417, 173.2429702470856
1420, 173.158824250619
892, 173.0884327294564
1561, 173.0709255129729
1422, 173.04710413829216
1555, 172.76634014368094
1368, 172.7337667108689
525, 172.70590529240525
2213, 172.63099427464905
2107, 172.58946474155843
2908, 172.55483006600082
774, 172.54800412975408
1273, 172.53870418001463
785, 172.51609926461944
1393, 172.50690169252061
770, 172.48508565182303
847, 172.34391915195008
713, 172.34044594969086
1829, 172.31412430476837
2912, 172.29369245847238
3045, 172.2770043662409
797, 172.22025171425807
1500, 172.15669565061984
1378, 172.12762235265814
850, 171.86005267522995
2361, 171.75906708543147
2366, 171.7502877964464
2888, 171.6118817480292
723, 171.608807509703
1400, 171.57586451803678
1815, 171.53253800122204
1825, 171.49735917048565
573, 171.46961830536128
1006, 171.41262423663576
577, 171.38741302917066
1902, 171.37188767542347
2376, 171.36742381239412
2067, 171.2838079306824
1804, 171.1862252484927
3272, 171.1572802790018
1409, 171.14313448345354
1480, 171.12996819525088
992, 171.07971089462643
918, 170.99871892435638
1920, 170.99028300279448
1544, 170.82679736543153
636, 170.77796137471418
822, 170.77287680280838
3030, 170.77212281237618
1293, 170.74155363893212
2121, 170.72850271262564
1539, 170.67079100743084
2254, 170.64275282899663
226, 170.6383535179937
569, 170.6093795427591
1475, 170.56542559413097
689, 170.44036010714856
2166, 170.42371522168594
1285, 170.40604389110487
240, 170.40024680363874
364, 170.37056771443784
779, 170.3447715160061
2898, 170.33535532772444
1926, 170.29823184696704
1370, 170.25459468065156
231, 170.21666534587737
2245, 170.19027939508075
871, 170.15321126174555
2141, 170.15199476436666
879, 169.834494692145
1280, 169.694766795886
1411, 169.6726956929885
2903, 169.6279897349024
2830, 169.51631465646702
868, 169.5039916127406
635, 169.45670770282274
2369, 169.45157698554732
1419, 169.3007324063704
694, 169.25781601840154
1959, 169.2536627489747
2154, 169.24185501445356
2131, 169.21497071660343
2227, 169.14759592780953
2899, 169.024693068275
2881, 168.88821061312476
983, 168.8473964865456
2198, 168.77141246206818
693, 168.57952991999633
3044, 168.5654069413215
1491, 168.52888235597976
876, 168.44802029277415
2547, 168.31824393278265
854, 168.23893085385097
1989, 168.21442509887743
937, 168.18031614103492
2884, 168.17075472540748
614, 168.01310145120456
673, 167.90296471175674
1830, 167.84959673718413
2114, 167.83706455018276
1909, 167.7985219799627
725, 167.79767338909474
1367, 167.78568843115346
1498, 167.6566084742673
2163, 167.64108768933244
1817, 167.61558938274385
1346, 167.53030012324825
741, 167.50313582346155
2199, 167.3245440148152
257, 167.28890495283193
887, 167.15730129546958
672, 167.0864946040735
2148, 166.99880328726513
236, 166.93474041662896
1403, 166.92065644962818
755, 166.85120868559338
896, 166.8193291970012
900, 166.79276186490864
948, 166.6689799215178
2246, 166.65080010394232
933, 166.61561636557
1372, 166.59854804377503
3043, 166.55345499994414
1915, 166.49527251254273
1486, 166.4425132393077
883, 166.4233161871118
253, 166.40980878759132
935, 166.3987463941735
1382, 166.39816837448964
1387, 166.39692077494314
759, 166.30136414621106
645, 166.2858588295201
1277, 166.26429541269715
1835, 166.23944738266962
2319, 166.2278462001086
2432, 166.19381385546572
597, 166.17014962057019
714, 166.1449198072192
323, 166.02272988035074
311, 166.02272988035074
782, 165.8493418260527
1292, 165.83036633587395
675, 165.81303504206502
3271, 165.80434029719527
1841, 165.7743026133725
924, 165.68171481023853
1831, 165.65077382616488
656, 165.58845724150513
1618, 165.57624129417547
946, 165.56624272661404
1904, 165.54915602501165
763, 165.52022721560402
2882, 165.50487824045496
764, 165.49858465562198
2897, 165.4742855268733
2323, 165.4523459882526
346, 165.40544655887962
1888, 165.37293746860186
2423, 165.3456479683246
1458, 165.28019226421125
2875, 165.2527240465037
567, 165.22865490087113
1328, 165.2187758991345
942, 165.18040692680412
1415, 165.1343343802193
963, 165.04856721075302
1906, 165.0290354295995
2146, 165.0264893159805
1374, 164.97219021564268
1595, 164.9375400710278
1036, 164.9215152449718
985, 164.91543381671542
1791, 164.9025064405786
1981, 164.89201067818172
565, 164.86662838584215
2842, 164.80224503422875
2138, 164.75848097665113
1288, 164.74735517079046
2123, 164.7362491924037
1536, 164.73291468350402
704, 164.66622729313406
2925, 164.5889156542914
2216, 164.51006419228074
1405, 164.4142975213137
766, 164.39158750271616
3068, 164.3676884944374
312, 164.30604591311928
646, 164.2775971363204
1388, 164.27395051464794
1291, 164.26598735531877
1353, 164.19078431196635
800, 164.14243944921458
870, 164.10914765955573
728, 164.09320588140227
1772, 163.98123887438706
351, 163.9387713073935
674, 163.89320493995805
932, 163.7695410899728
2854, 163.7230263170493
1801, 163.7010296374462
2430, 163.6958319169149
3037, 163.6901653341132
1327, 163.65867981845858
1357, 163.62653036438576
2923, 163.51459000350084
1340, 163.46826472560787
1018, 163.45046760253436
324, 163.4499446068105
1272, 163.40791601881355
1548, 163.3955861167534
720, 163.38272030905154
697, 163.334159312805
2891, 163.21225475948035
984, 163.18451046986547
2202, 163.1125217880939
2169, 163.07332219760582
1944, 163.06447861642073
1524, 163.0477278320718
568, 163.03492989386575
31, 163.02625579264486
603, 162.9783199363092
897, 162.95500736955415
1391, 162.89062056114025
1275, 162.88343461185207
347, 162.83859724318907
2331, 162.78840152793322
742, 162.7762749603889
2840, 162.76277524094868
374, 162.75709383142515
2410, 162.7437716752142
761, 162.63434153722247
1021, 162.61571402633413
959, 162.60025514365861
836, 162.59061417136445
616, 162.50927365205922
3038, 162.43545162978913
701, 162.43348175004186
1782, 162.41068667136915
813, 162.40233219627854
1499, 162.33755937630022
3027, 162.31093356974782
1554, 162.29788973894438
2833, 162.2965764463239
640, 162.29351565209103
1270, 162.24739864977678
623, 162.22684677201417
1323, 162.20275460658152
1506, 162.18374868662673
1992, 162.17575027113088
783, 162.0857026301662
2119, 162.0791032907815
1982, 162.03554130853183
750, 161.932656885197
1934, 161.89324800502098
1048, 161.87310488407599
1563, 161.84080019037663
1485, 161.82977851517225
740, 161.822529814951
2136, 161.7619143248318
1789, 161.70009578494685
705, 161.69969864824841
1294, 161.68524531067885
2183, 161.67885774674707
1020, 161.65804420687385
1905, 161.53542072843948
246, 161.5188744317935
1009, 161.50917346582648
660, 161.48844630551832
2849, 161.48489591994857
796, 161.4163010530725
828, 161.37146115387836
1297, 161.35412576291816
2130, 161.35344834783072
799, 161.32621032284874
827, 161.2867639722337
986, 161.18147479247367
2233, 161.0880433449732
2129, 161.08149861262575
2175, 161.00655565306784
962, 160.9721684833389
792, 160.95577971869446
1265, 160.9265484561909
843, 160.88109536163574
930, 160.83375018465077
3448, 160.82022931446303
2847, 160.7745215990115
258, 160.6824742527962
1927, 160.68071860017255
934, 160.6783053438516
908, 160.6570439538143
925, 160.6490620712094
707, 160.54559687880302
1479, 160.54346334108186
1318, 160.19250108517642
905, 160.1530586267964
692, 160.13568922189637
1809, 159.95993895344768
2946, 159.92143193577607
1598, 159.89949475235028
904, 159.7835720881417
2232, 159.72860880613518
801, 159.67109197037672
1329, 159.56966953400473
2140, 159.48651391379016
1786, 159.460193108743
1354, 159.44108509197326
1453, 159.35541692599892
1819, 159.34898328754474
422, 159.3355127935956
710, 159.3091994288897
2947, 159.2608282745454
350, 159.1733339024486
363, 159.1289679038152
2373, 159.05619712266176
1469, 158.9269095232245
834, 158.88594085541547
722, 158.85880818626168
1673, 158.83852700343772
2176, 158.71646528642893
2375, 158.66822673326482
967, 158.6672653214814
1836, 158.61358396368811
973, 158.5161146257854
893, 158.4247798743228
238, 158.37312320652168
1779, 158.3618171545171
596, 158.34367720795208
3034, 158.30694880218985
1492, 158.28596383919879
754, 158.2690954093623
2377, 158.14160728349853
1365, 158.07210335582587
566, 158.00365661521607
977, 157.962127332012
1022, 157.89899259059854
301, 157.88586613654113
824, 157.8563047070454
1808, 157.80535170004555
314, 157.7508673111015
1921, 157.65753709535267
658, 157.592579341431
241, 157.57727845636126
2222, 157.53695405977484
576, 157.4873800980817
952, 157.43441105782676
2336, 157.29738961141692
926, 157.29549201628353
352, 157.26603186404034
3230, 157.24223065523663
2133, 156.9503984855226
1930, 156.86050715643154
2403, 156.85244640125342
1620, 156.84982109288606
1414, 156.8136256815245
1504, 156.77753264612718
1949, 156.77486194589923
2247, 156.47913389011995
1935, 156.451454694125
2826, 156.38947446394647
1320, 156.2594686041135
765, 156.2449446220031
1837, 156.18168025833904
1582, 156.1201288839963
1928, 156.05270438289443
2950, 155.95517133072195
2325, 155.88881424533753
618, 155.8653274393467
976, 155.83079152880052
1007, 155.76310024134298
2072, 155.7608160097687
1954, 155.74229521070654
729, 155.72774918288565
320, 155.710170082423
1777, 155.68319517825853
667, 155.6729806900853
1799, 155.64660392949634
1319, 155.62096613740076
931, 155.56598651232017
1282, 155.56529984674768
929, 155.49595609061765
873, 155.48323772691512
1900, 155.4741463325338
911, 155.42024648302814
1898, 155.39061805557617
898, 155.384816846489
1470, 155.35464201911495
831, 155.3111889945829
1950, 155.27002944719928
342, 155.26876473202384
2876, 155.19087276667022
2126, 155.1836487104126
1010, 155.17804207981675
2322, 155.16954670634564
706, 155.1508318194223
2144, 155.1262888663077
1326, 154.95421668896412
2426, 154.93170478288093
1778, 154.90632188552883
880, 154.86709940539404
1351, 154.7692351044463
2327, 154.76151389061468
1591, 154.73031595799276
910, 154.72248503424032
810, 154.6740497450771
1017, 154.6676962029821
994, 154.42269918715223
702, 154.39804802679086
1402, 154.390536887522
943, 154.35216368690416
1332, 154.29817334174595
703, 154.2773325426578
724, 154.247433687351
270, 154.2150492561754
1394, 154.1934648301941
712, 154.16723421273133
944, 154.14307207019644
979, 154.1378222624904
239, 154.06025844907947
633, 154.0294766652438
2902, 153.99938687752766
1832, 153.98679477671126
866, 153.94383169566478
632, 153.9285972438926
982, 153.91705648783238
1335, 153.90340894744676
354, 153.89413503343494
269, 153.86636799962318
644, 153.79212462821457
2367, 153.7861570721623
1953, 153.75242709063775
865, 153.72155742057183
2436, 153.69214460238473
1049, 153.66771860640887
325, 153.63673284718084
609, 153.50975996248368
958, 153.4885240591616
1011, 153.4769756029187
899, 153.43916370008876
1569, 153.42173825753676
891, 153.39531787904468
1483, 153.3674362240405
830, 153.34199486270896
2156, 153.31691964082967
1540, 153.3092208289092
1416, 153.28537714860022
1476, 153.26979626829933
285, 153.24967095789466
2880, 153.24363999427024
604, 153.20607009518093
2172, 153.17975633241934
1080, 153.16079447742504
1385, 153.15989494549157
875, 153.14043353225009
2931, 153.08405947783007
2370, 153.0471857396698
2425, 152.89044553136887
858, 152.88168468939688
1304, 152.8801968926197
1362, 152.8185996520247
1827, 152.81536846702517
631, 152.75150556104686
1286, 152.59660504695387
1311, 152.57561113437617
666, 152.53730009167575
1489, 152.49557332358694
990, 152.44129807115183
1551, 152.416758784756
1568, 152.37564434788737
3012, 152.36536565771667
949, 152.33765290781247
1359, 152.33222571868944
1366, 152.32657722558397
2186, 152.27961818824872
1769, 152.24303159344205
1834, 152.10868150823177
974, 152.1000820535693
807, 152.09638102895315
2330, 152.0709911853421
2251, 152.00992407743723
1932, 152.006516767866
668, 151.91863075423055
1401, 151.9020657525127
1529, 151.76733980072902
996, 151.69859810567195
653, 151.68924081684503
2000, 151.68444823296952
1307, 151.53502471326317
1303, 151.48227941987977
2317, 151.48140155291995
1281, 151.45586231912617
2874, 151.42837485731636
1383, 151.2591888554364
1619, 151.25583967974964
687, 151.23476774846694
3024, 151.20472642160493
1325, 151.17157463828565
2149, 151.17141021810187
1925, 151.1550520394374
3015, 151.13809223370322
1522, 151.09401458115732
684, 151.06695107648946
624, 151.06695107648946
2197, 151.00391228821417
954, 150.82361922835105
1016, 150.73752710222317
1008, 150.70014970080533
620, 150.69297687243997
1341, 150.61415938914033
1342, 150.51454575018101
393, 150.5044884043101
595, 150.50226455806185
3022, 150.43161659567065
598, 150.36276256340423
1482, 150.35298320095018
1528, 150.31571189980974
998, 150.27114933525655
648, 150.27114933525655
1276, 150.2667804191742
2201, 150.23292002094948
1305, 150.16854326950374
829, 150.15838311500542
245, 150.08775122932744
2326, 150.02229204799326
1192, 149.99552785534408
2871, 149.96648267677145
1507, 149.94749862214232
2281, 149.93086054091992
2132, 149.89712687547117
2151, 149.89105556266244
721, 149.70907800993734
1015, 149.61528820432335
1055, 149.59071298414983
805, 149.57944925502534
2127, 149.56386420981502
3035, 149.5329043465448
975, 149.5105058038607
1376, 149.5087455387735
819, 149.50850754942047
1606, 149.48715195300554
1774, 149.4514028525087
229, 149.2659257843716
1918, 149.19561551237496
271, 149.16672240518272
2159, 149.04776813771883
688, 149.0063724944101
726, 149.00255903111648
1344, 148.98114842513814
753, 148.9219365381677
1787, 148.8904328001776
1946, 148.80438079330614
818, 148.77542897774103
1317, 148.77498301322808
2437, 148.54553453183232
1496, 148.52220462201242
2332, 148.4730693596201
1284, 148.3459990292386
1956, 148.3076452448074
1903, 148.3045426139941
1916, 148.2492313958204
2834, 148.18900691279322
888, 148.1749541884859
2147, 148.09701238893655
1503, 148.0951916697427
1948, 148.05895984100877
1654, 148.05341635196532
700, 147.98422054583415
327, 147.93656779871398
2906, 147.8982623227931
361, 147.8213880239845
1333, 147.80529215005708
1937, 147.79690121190654
662, 147.78180242326218
1833, 147.73682098219237
2225, 147.72830728905197
756, 147.65619533159523
1296, 147.6108747438142
1407, 147.6079658751354
339, 147.5837968729608
1783, 147.47187389410644
751, 147.41222525426667
2084, 147.36638538702206
842, 147.36353913147568
1497, 147.32855346970044
3450, 147.2639804664942
1621, 147.1853080449857
340, 147.1750828148229
2161, 147.12004130849854
571, 147.07388956405242
747, 147.03500694505533
1399, 147.0258950096939
1952, 146.98343735161714
1990, 146.95436812520265
1922, 146.84644257178073
2895, 146.79936624560588
771, 146.63517080302034
1896, 146.52972039813287
806, 146.41840525688332
621, 146.40730744800075
1386, 146.37200147085505
1897, 146.2951602311678
349, 146.29000074293722
1044, 146.2720804275446
367, 146.2688736103944
1472, 146.26881991344868
2835, 146.22297215296027
968, 146.07082087728952
1767, 146.04650303881144
2112, 145.9113669970577
1556, 145.9027204009235
1570, 145.85484484053305
605, 145.85422182947767
2221, 145.836036484176
997, 145.8306905727249
2215, 145.75265834598935
715, 145.69235906337354
1863, 145.6921903862714
317, 145.6873869749275
309, 145.6873869749275
2932, 145.65711815776967
1013, 145.64633461205838
2328, 145.62031935333513
2250, 145.60717260705565
1019, 145.60431440447195
3273, 145.59941526942947
2940, 145.5700636629172
2418, 145.5591941948868
1766, 145.4508709749763
719, 145.3766179678019
1471, 145.34988479304346
812, 145.30466225589478
2178, 145.23212930859933
1553, 145.15008503924722
1793, 144.99777492308976
769, 144.91687280525449
1375, 144.89735164538834
2929, 144.88476943923862
1050, 144.82809961289217
357, 144.82549632725141
1056, 144.72812588333335
2241, 144.63158787947776
1565, 144.57217848523416
878, 144.4051785742204
1929, 144.3869002214036
1349, 144.3808273760318
695, 144.34064859390156
1796, 144.30435804011964
767, 144.27221003651013
2922, 144.22468633553453
2374, 144.1587776910787
2174, 144.11931204787763
3001, 144.0343771491312
366, 144.03107241951713
894, 144.00072213975739
2928, 143.91626481180558
1538, 143.90395319957054
890, 143.60565865450533
318, 143.60364428809982
1899, 143.34893974374017
1360, 143.33411204425897
1757, 143.28602088658204
940, 143.21128079848364
2329, 143.20731621702922
739, 143.19459488915646
2843, 143.11034157680012
1395, 143.04879370060445
1936, 143.0330837598663
947, 142.95319301699365
760, 142.9243537591163
360, 142.7147317929919
2128, 142.59547846143377
627, 142.33558787460396
2893, 142.33148913737537
2420, 142.2609935006168
1805, 142.24241940757628
1938, 142.16615858621836
2155, 142.0666009593306
877, 142.05231539431597
570, 141.90714995991007
345, 141.85663912215767
811, 141.83656175675478
1283, 141.76638403297613
244, 141.5202626337296
809, 141.48871434988592
2901, 141.43682596254385
2118, 141.39262229259992
1313, 141.3629592877648
795, 141.35995832659475
1363, 141.34058726425422
2253, 141.30535355865754
2363, 141.2735758029341
835, 141.2656103756262
3224, 141.2078661571862
3013, 141.08311908741484
978, 141.05828247043962
915, 140.99322871204376
869, 140.95902668460187
1917, 140.91277504972294
3451, 140.8268594754988
1797, 140.77031552339105
1158, 140.7447328296351
2234, 140.71313584930573
2883, 140.68115896358077
348, 140.66810754464214
995, 140.46893806526361
2335, 140.41924032294554
2886, 140.38734213592022
587, 140.20957007675625
1988, 140.05685114250423
1592, 140.03409188987007
308, 140.0107978064017
758, 139.9992023976893
1334, 139.96953941402813
950, 139.9529402701476
1338, 139.94830051575093
359, 139.80483900522975
3023, 139.7309571734707
2137, 139.6612508718711
2368, 139.57474764603336
921, 139.49399917648392
2926, 139.46840308289558
610, 139.45399824348496
2729, 139.42976419782204
1923, 139.39716336539416
1609, 139.298569155847
2182, 139.28688501561732
749, 139.27791248304555
1337, 139.2739773860276
1955, 139.22464964276332
322, 139.19993720757049
310, 139.19993720757049
1924, 139.05921011849125
3011, 138.99627710722672
2371, 138.9717903240146
1546, 138.96288709612097
2848, 138.85026910642043
592, 138.82520817622057
2885, 138.76827329400993
2892, 138.7200795629395
833, 138.71473674175104
2838, 138.6636659200067
589, 138.6073773394686
2887, 138.60320906790494
1552, 138.5597079930419
3449, 138.53237511699905
652, 138.50962235305343
355, 138.47233093953918
1945, 138.47016888087637
625, 138.2436092609197
2937, 138.16821343342198
622, 138.04608813899623
1816, 138.02247198353845
1812, 137.96943427277355
1987, 137.88020962757955
1901, 137.75990688547532
1802, 137.6181317502732
1933, 137.56511085533805
2952, 137.38219298397686
578, 137.3245403234287
1545, 137.3004284147747
941, 137.26212643459954
991, 137.00488936573646
2001, 136.92090549188117
1602, 136.8900052107295
2872, 136.84891533447518
889, 136.84094006652126
2921, 136.6372011567688
1000, 136.6325990624837
343, 136.54515863934046
630, 136.54266623307237
2836, 136.50101202402283
2827, 136.47762227769044
2944, 136.4706874560663
1290, 136.3909056328642
1798, 136.32249919737112
233, 136.25670140046714
2927, 136.24620886007955
1845, 136.15520360684678
3218, 136.15457112684783
2995, 136.00524499496973
1947, 135.99310406840226
2316, 135.98820008039962
2911, 135.93952836240263
1843, 135.84683384776727
874, 135.79855180925088
951, 135.79484577801682
988, 135.60528204237374
1350, 135.59029947503066
1310, 135.53479082694486
1379, 135.47464654623664
1763, 135.2883853341557
1005, 135.16312741878744
2896, 134.9610512721078
841, 134.91267937052095
25, 134.86704018999328
1844, 134.70474778348472
2357, 134.7016498959744
362, 134.52928498779605
1384, 134.42411490614975
2855, 134.23053236067219
617, 134.11603475468303
2938, 134.08706018829287
1795, 134.0119180973592
1547, 133.8979830169997
802, 133.8734411951718
909, 133.75640837488197
1775, 133.59399757518278
1526, 133.56765990652244
1826, 133.51020810374123
1821, 133.4594929427053
591, 133.44016820415794
2945, 133.41351228842845
341, 133.28598697991185
1541, 132.77567345491744
356, 132.65916853635727
2402, 132.55680316470324
2894, 132.5116509628258
2933, 132.28385909066472
794, 132.25607961026682
2890, 131.9560559493949
1347, 131.70562607586425
772, 131.63424719243127
2248, 131.56949933390018
1012, 131.54824620380205
1842, 131.4812219160123
1784, 131.3164713808217
1762, 131.31004428411555
1373, 131.27386133090087
1355, 131.21498203262004
2358, 130.7818110390372
2333, 130.58031528056048
2939, 130.20005234596562
1613, 130.13286106206016
939, 130.06526791665854
1931, 129.63330659842603
2364, 129.5897863511854
2935, 129.4926643182645
629, 129.39176235892987
884, 129.2463173369386
1616, 129.15038212000945
628, 128.96943815922506
1764, 128.94693431538377
1542, 128.84732964273852
2904, 128.8247412675726
1532, 128.61177534734688
2143, 128.16193227441948
1919, 128.143861369169
1781, 128.1031468205397
344, 128.1029158055208
3036, 127.94138271872652
3220, 127.94045924980287
1274, 127.80015504693326
1768, 127.78764407674026
1765, 127.4504830347981
1190, 127.36382752233862
2941, 127.13603406807044
2934, 126.26358817524402
793, 125.98206216340652
390, 125.29226803334808
384, 125.01129776132784
2954, 124.48444745141647
316, 124.17403384276616
901, 123.94495370729078
1287, 123.2258824513407
1534, 122.54599014853902
2957, 122.515027524709
1564, 122.29691417652829
1267, 122.03840221713612
2073, 120.75104605471678
3219, 120.72068172545285
1364, 120.59230772045304
3216, 120.1934802316151
3223, 119.1992601853667
3412, 118.07153220626941
3221, 117.94618980503977
3222, 117.54234184607179
2943, 117.35243601870252
2955, 117.12702357857239
3217, 116.70181711794044
486, 114.8510474853746
1358, 114.84189413736377
2930, 114.33435124852264
2870, 114.30727103306033
391, 113.78195377661287
2873, 112.88486928141899
403, 112.09625332727418
2942, 109.64362671303253
2865, 109.36020942995854
1064, 106.53277517160167
1468, 105.62105687682464
516, 105.51551925237423
3145, 102.08349854581164
2867, 100.78823437869178
3411, 100.59157521737247
1862, 100.1310173442213
1264, 99.76622396327394
2012, 99.24356962460969
2739, 98.6342530860825
1157, 93.12929955690657
519, 93.09475477505138
493, 92.4203218685134
3121, 89.86103656994977
183, 85.70086093536233
3161, 83.4421664207735
1612, 79.22684922258455
