1073, 6518.456677380283
3387, 3597.17249044678
2971, 3339.77950541969
268, 3315.520270471244
1864, 3097.8728030979837
2010, 2703.339109328762
1216, 2691.0571956489275
1034, 2650.0401059491073
3188, 2545.5732859501927
358, 2537.2651823659653
3417, 2459.2865187717994
2972, 2370.6672985780942
3164, 2298.0846051291755
2395, 2209.6013024512813
260, 2184.769871584555
1962, 2182.4482818165193
3392, 2176.8449394893323
1061, 2163.4516502335373
64, 2150.5242382442907
1220, 2096.512119923891
3376, 2077.5781786743723
2399, 2062.75834382477
3140, 1962.2385604882793
2787, 1951.8259910575473
1996, 1945.653820252243
2097, 1923.1976032165658
3122, 1920.0358259000568
1302, 1908.0604108040834
3126, 1818.2401929342357
2900, 1818.1318934894014
65, 1816.1312912739113
1588, 1800.9334649618504
3374, 1796.132091209495
1068, 1766.9709155681928
2775, 1748.4715813852195
510, 1738.7296479376785
179, 1728.7927303375657
3356, 1714.9750794732354
72, 1668.0960512928878
3428, 1663.730766374378
1224, 1657.5617887660894
144, 1657.2505741411371
2915, 1609.2975861495024
1108, 1605.0758224577694
166, 1601.0138284871518
67, 1598.1656577672873
1123, 1587.2845155264824
32, 1577.7042492244138
167, 1573.9431533508666
3431, 1563.3724715637568
1120, 1561.3791946805557
1225, 1554.911806148223
2400, 1549.6653664185199
1065, 1545.6470194657009
1428, 1535.3600868172457
3137, 1532.5993704155292
3349, 1518.4625010952395
103, 1513.3913451228452
3138, 1492.751795736485
3406, 1491.2594145868047
3127, 1489.0056252928805
3328, 1483.3716640615992
2384, 1437.67859530153
3337, 1429.1430466546344
1441, 1424.9219030163201
2761, 1422.3274584869187
190, 1422.30584668979
3060, 1419.5509197440842
97, 1414.80971067796
68, 1396.3035870427113
434, 1393.0973448077034
1222, 1387.184921232417
160, 1382.7088399133736
522, 1381.8446821739185
2977, 1374.1493426687107
3075, 1363.7933735098436
3390, 1358.3423371355607
3096, 1356.4940910153975
3088, 1342.145520409398
2770, 1338.2591695212836
2007, 1338.016702697991
3074, 1331.79750506688
3368, 1329.8096009442177
3052, 1320.514359383596
3104, 1305.4432587961533
3152, 1291.5177168251048
133, 1290.8603740332787
2762, 1290.51113994675
2967, 1287.3284154800044
338, 1286.0770031562538
101, 1284.75729932761
10, 1282.993454088177
3156, 1280.199116621281
1151, 1274.6013518220693
122, 1272.379796219152
3338, 1270.8385557178992
182, 1268.8092054196343
2719, 1265.5196010492293
70, 1259.5085635978508
69, 1259.5085635978508
3116, 1257.8395731845985
3157, 1256.6424389304568
3109, 1252.9707972196613
1155, 1251.2371083203932
1435, 1250.8899211862602
3067, 1247.537537746481
3355, 1245.935632129795
916, 1238.2245138162073
1156, 1237.503569073247
1998, 1235.4604747950268
1078, 1233.9285458682082
768, 1221.8243804210329
1632, 1215.3848334368836
3124, 1214.2798914520542
93, 1207.5948590959706
96, 1203.7538704968981
3234, 1200.230463578572
13, 1200.1219385190032
115, 1197.804524543692
3087, 1197.7878495569187
2860, 1196.98488849702
1958, 1191.2704505498161
1207, 1189.3910709577465
492, 1189.2967176624718
3053, 1189.120428243254
2796, 1178.311935187391
2799, 1178.0663488319328
3081, 1171.4880594968713
1153, 1170.7200755388653
2913, 1163.3819688060212
511, 1161.5837730281526
1813, 1156.4336114969565
3076, 1152.0200471121814
1227, 1150.7771116488707
3103, 1147.184637279215
1178, 1144.148958961686
1251, 1133.0926801867938
1298, 1132.183390288508
1255, 1131.2752682056116
117, 1129.1554421529722
1097, 1128.688001786414
3427, 1122.690876919828
3330, 1110.9012096690547
1240, 1108.9413601267363
2028, 1108.6168908388543
3422, 1108.0511899920261
2861, 1107.1010687681032
2976, 1103.2352751740086
95, 1098.9539259825094
1713, 1094.9784019824424
1446, 1093.572048348925
1116, 1093.4868054119622
3158, 1092.1149818994536
553, 1091.1207360958774
205, 1090.1430965411562
12, 1086.0148576870972
3310, 1085.1392183149371
369, 1084.9906149094747
209, 1083.2368714877152
1881, 1071.7090407046678
1152, 1070.4347243593054
1431, 1062.5510889231878
2414, 1061.6274820002832
3397, 1059.6868477021123
498, 1056.458445299722
1709, 1056.0060520223021
2192, 1049.0506062669378
304, 1048.3527014213835
2815, 1045.7515974049018
267, 1043.7957177732706
1107, 1042.7364323023905
1397, 1037.5515117423981
545, 1036.6080275437043
1138, 1034.9184107969384
1198, 1030.6711170648766
135, 1024.2154624866116
1180, 1020.7546755881181
90, 1019.2823530633488
192, 1016.3720159480018
541, 1012.2017288250603
3154, 1010.9736443997735
1059, 1009.9791037462812
533, 1008.4518333147631
1195, 1007.8515546859455
499, 1006.5529238728584
3430, 1005.9379667051296
2771, 1003.3128433543327
3102, 1002.1219660073533
3141, 1001.6488778427424
1127, 998.7125621959291
2023, 998.0869972364493
1406, 992.1347695149327
1223, 991.9868388812478
2421, 990.2589595375935
3414, 987.089460637072
1436, 981.0488169509626
1457, 980.1873061826193
1194, 979.137127965303
1661, 977.5545781439165
1250, 977.2004787100354
1246, 971.0825208541149
3117, 967.0292352162402
4, 965.0997414474741
1316, 956.0586422975301
1217, 952.1945134176401
3115, 951.5518405244228
3377, 949.2143701489566
2731, 944.3109597732741
109, 942.6241398547435
1257, 940.4350886180354
1167, 938.8514714576643
1438, 937.7895247613011
125, 936.8460289539606
1, 936.4322149993893
2275, 933.6887822890735
3335, 932.9821765977816
121, 930.0104030588489
2065, 923.667341503653
1693, 921.3059069037879
3375, 919.377123083632
1694, 912.9392110829882
177, 907.4645448929325
1070, 907.3114079350402
2805, 902.6956695084614
1658, 900.3736692419872
1477, 897.3923077450646
2982, 896.3984441985963
1242, 895.3727416962863
3351, 894.4502410141748
1125, 893.1585742167557
3399, 891.6943072063502
89, 891.1906361797194
2832, 890.7469298386366
2550, 889.8050050003728
2984, 889.6501792042603
2857, 888.1772959339779
1814, 883.4668721555671
1838, 881.6440292049999
1213, 880.9917560685396
1188, 879.7202433199038
113, 878.3790244732772
1131, 877.131029563845
3342, 876.9175111496901
1634, 871.2986120133138
1605, 870.5662504548113
2800, 868.9603623966644
3400, 868.8307543194036
1800, 867.297537419647
1176, 862.9922311928294
3367, 861.1318937759281
2351, 858.6895543188925
2960, 858.4783580802334
7, 857.1562392610255
3131, 857.0900562292503
3366, 856.0904157274717
1135, 849.3666981080924
1663, 849.2910556619294
120, 842.9514879521392
2392, 841.0035675091656
1773, 835.6518283728982
1254, 835.0425840750188
92, 832.1028915126025
1229, 831.9502070181527
1656, 831.9057417894777
131, 831.521110437544
2716, 828.2598521831998
1261, 827.0052601254815
2551, 822.2889692456533
953, 817.5720002122575
2411, 812.5012677797696
1095, 812.2373810293603
3398, 811.35677961948
1447, 810.2949998668406
637, 808.1587690434336
3003, 807.1011087185992
1099, 806.6532714524814
112, 805.7997483194658
1062, 805.6922118258244
61, 805.2348438619589
2268, 803.6129493868284
2752, 803.5028913886907
1197, 802.0500608394094
1148, 800.5938435705464
1101, 800.3022205868963
28, 799.8050114564878
2978, 799.4170735728551
2769, 799.0329739529673
2344, 798.7688645125106
2304, 798.7565021366754
1137, 798.0897940733119
431, 797.8968092654058
1514, 795.6200528029404
1160, 795.0806330804359
1201, 792.1373546131907
3132, 791.7501452419478
1961, 791.3032710770294
0, 790.7111316068386
99, 790.4741158470085
1112, 789.7518806052005
536, 787.6295758558406
2378, 786.1083771620281
11, 785.2110056614844
1974, 784.0731539219895
66, 783.8686032590903
1324, 782.6563525602206
107, 781.7813356360731
814, 778.7065775625529
172, 777.033898073934
1855, 775.9793361822502
3322, 775.1036157007252
2396, 772.2796969899083
520, 771.7415171823027
2975, 771.4519319351174
2974, 771.4519319351174
2412, 770.9401173086003
1253, 770.0245617534777
261, 768.7710831904501
2813, 767.7832986882398
2347, 767.2004127314436
1196, 765.7643904779336
3394, 764.3310795325984
2, 761.2485681256077
1133, 760.3399089947785
3372, 760.0401983380424
3139, 759.7377555827914
91, 759.3992274890518
1593, 758.2960135150357
3420, 756.8209912775409
463, 755.0584567905423
3333, 753.7785409651482
3441, 752.6022247915537
118, 752.2505100307176
823, 751.9966589826736
506, 751.2834464561325
3078, 750.8735285499317
549, 750.5841727316196
1589, 750.4780083691587
1460, 750.36313608045
1136, 750.2884448046749
552, 749.8343325868403
3332, 749.285692387643
1096, 749.1948369145621
1449, 749.1501957142708
1146, 748.6781863925598
2014, 747.8393297465404
3047, 746.2330069709233
3028, 745.0753931866691
2270, 744.5570864199195
105, 744.3775426975374
543, 742.3956731852123
3009, 742.2430909546093
1586, 740.5711105107858
1168, 738.1062195576089
1134, 737.774643532891
1139, 737.1784790726585
1175, 737.1059502000469
1785, 736.4288856645941
1149, 735.6126148472866
2080, 733.4745506629951
30, 733.2285345787972
279, 731.0373340562419
1067, 729.6872848360425
1309, 729.5775900790715
201, 729.1940198968866
1860, 728.381199388689
1163, 726.9188888892609
1150, 725.719416795352
2191, 725.6842217968455
1209, 724.2401824776845
1818, 723.9830346043035
2999, 721.5656620598685
1088, 720.7599107507423
3198, 719.8450461397674
3153, 719.4118024975209
1189, 719.1774937740884
2801, 718.737235982421
641, 717.5048298251583
1182, 715.4302876379437
3235, 715.3439483301037
1208, 714.5479635047875
2765, 713.6394097924795
3236, 713.3027177995233
1181, 712.3672368207474
106, 709.2742533354955
1069, 708.5410860885464
3, 705.3461841016863
524, 704.6549121754614
2862, 704.5850177649696
1852, 700.9862942500408
110, 700.9626957473852
383, 700.8369137212702
1186, 700.683203435663
1667, 699.8129653732503
3425, 699.6289483749638
2919, 699.2121527551053
2730, 699.0860787158415
108, 698.1865796288562
1191, 695.4386316569901
2798, 694.4007263561625
2320, 693.8568003872288
826, 693.3745054617278
210, 693.2801589132915
2273, 693.2435646882693
1662, 692.9852115383655
9, 691.7226141977031
1857, 691.6011864624145
1678, 691.164293995162
2433, 690.564020665021
2387, 690.2433169672846
450, 689.2496156173295
3410, 688.1268280275166
1042, 688.0944333802845
1115, 687.6325578434862
1856, 686.8940660514311
1788, 686.215192781372
2753, 685.9398387087151
3125, 685.9123969567092
3280, 685.4486710178423
2009, 683.5287554317456
1025, 683.3525892463808
3048, 682.5840885857091
1410, 679.5018703822067
102, 678.7655678684918
5, 678.1690711905622
1214, 677.7411110598507
3291, 677.1111577672615
2819, 676.2158913729977
1079, 674.4479724256279
1212, 674.3755271287245
848, 672.9604337774252
426, 672.7052038476202
104, 671.2416459533158
1596, 671.1844420374028
1004, 670.4513962726498
6, 669.955184539197
382, 668.8819262204711
1761, 667.9967039351359
1041, 667.6830958943704
502, 666.4323148106402
1236, 664.3601559449532
2413, 663.775501875564
1760, 662.9449242169837
2794, 662.854342741899
1509, 662.5471577307686
1711, 662.4838399274473
3393, 662.4834333324251
2134, 661.5607682117816
154, 661.2942017213162
1723, 660.7130075081209
476, 660.5969170898171
1484, 657.2334792496619
1660, 656.789574314465
1147, 656.1353585406603
3061, 656.0906961743403
745, 655.9858359644165
2153, 654.999356574267
3286, 654.0906804944229
542, 653.6052243356147
94, 653.4589619058818
1154, 653.3000774753358
1872, 652.6756460720238
1141, 651.329628156128
8, 651.1136231756414
2417, 649.5188314402966
3396, 648.4199647182107
1794, 648.0715580233177
3429, 647.7509467260809
3334, 644.8432015465199
128, 644.7682527499492
232, 644.1935445186725
1638, 644.0011378350398
2290, 642.5401157387579
3073, 642.3511897514242
735, 641.5981635608824
155, 641.5413477393802
2295, 640.7492371985647
2208, 638.8867534355979
3106, 636.5169828827584
377, 636.2754936470632
1454, 634.3570633927461
523, 633.5187079207883
2211, 632.2252765070723
2158, 631.9875899864212
1145, 631.6419081647024
3017, 630.5533242839936
1867, 629.6098829876918
1083, 629.2024311592742
3086, 629.0221950131369
264, 627.1263754406024
197, 626.7232111633263
3339, 625.0227020873352
537, 624.6378783577774
487, 624.1624448019841
283, 624.0287186610661
1688, 623.776640126825
164, 621.2411705143202
1467, 620.3381198953084
1882, 620.2837075070319
1445, 620.1140065060362
1753, 619.2323039514158
1683, 618.466042363915
1174, 618.4612750677874
3418, 616.886824998654
3416, 616.822212140733
1128, 615.7270659880974
1430, 615.2274850099753
116, 613.3410392695116
3371, 611.3022079006709
2717, 610.7404202093618
3421, 610.4878284245002
923, 610.2003058318311
1031, 610.1383210327367
912, 609.5130832702097
2388, 608.8719096389815
176, 608.3941012239643
3196, 608.2002166089014
1262, 607.8104715327695
1241, 605.3908246168089
1199, 605.1001757483499
139, 604.8182838179288
3000, 604.5271346214307
1130, 604.4786968352025
151, 604.3244340635083
3378, 604.0538383201182
2269, 602.8182801382254
1226, 602.7233480425942
62, 601.6814259765483
550, 601.0607355509693
2958, 600.983671992051
114, 600.9133659505487
462, 600.9044379623292
1091, 600.6700320148897
2110, 599.7648240827008
3395, 599.6347794044323
788, 599.6204694337237
2889, 598.8740781550731
1113, 598.8313307422114
547, 598.2590872535669
1144, 598.2040388006035
2797, 596.4538949853649
1245, 596.4119291567894
1429, 596.2492588500296
2878, 596.2332129255346
1719, 595.8790549018148
446, 595.6651565013906
2350, 595.6443373064418
504, 593.6809809072327
2715, 592.8298760786031
2193, 592.5003706671906
259, 590.409443326635
1979, 590.3108409197042
2406, 589.9070295953347
2803, 587.6890322902905
1179, 586.642948829335
2973, 586.6063836154632
2969, 586.2256197309838
2242, 586.185066342387
682, 585.8760760331135
1437, 585.8379246031776
163, 585.1591271947397
1074, 584.972984471231
2990, 584.7925114013854
1876, 582.8731805843641
1418, 582.0441819755964
2754, 581.9260513846723
2856, 581.5311833276163
3119, 580.1804331622163
2398, 579.7490693221908
469, 579.1871102946342
171, 578.7782359916135
2356, 577.7455384401065
1806, 577.298185275168
2806, 577.2391103860557
1973, 576.9129041163218
1465, 576.8064592550404
1218, 574.5583310044914
1978, 574.2655027102674
1849, 573.6822011642827
1094, 573.1802001755622
3064, 573.0250267279881
1811, 572.5268155594897
2056, 571.6787939022623
181, 571.6735883941676
3369, 571.0968024450631
2818, 571.0862391579653
1590, 570.7059738041112
538, 570.2703683195911
1607, 569.8773008893355
161, 569.2169433788052
1219, 569.1627649283844
2303, 568.7546213801214
2409, 568.2227549519193
53, 567.0787143093041
917, 566.9535583094648
3402, 566.9228392349479
2068, 565.073732297209
1003, 564.913995747623
2069, 564.8336486351674
3025, 564.3432384676727
1170, 564.3158981050158
423, 564.1661231896745
2135, 563.2316143154859
530, 562.7024080692578
1030, 562.1934889663718
3215, 562.0132276094671
1597, 561.5553723200935
2859, 560.9888644172565
3373, 559.9206882238474
3407, 558.0329745581075
2983, 557.3136611985223
1043, 557.2289742820773
786, 557.0497564649561
353, 556.8269013706857
1269, 555.9933709150397
2968, 555.8127922562865
1865, 555.6811423073392
443, 554.9831086275906
3166, 554.7729001918058
3381, 554.6508629291232
2207, 554.0310440192477
619, 553.0588345890952
1940, 552.8074274688055
1951, 552.7301632675849
1939, 552.6717916477024
2100, 551.423619763563
1060, 551.2424271348898
2337, 550.5863519126241
820, 550.5225265455192
1089, 550.2731515013633
1884, 549.7147796695597
1206, 549.0563379313662
2180, 549.0111215058926
132, 548.1421596745928
1035, 547.4417844795048
178, 546.2993551175522
737, 545.5887345214238
1444, 545.5774152821784
851, 545.5056852210163
1301, 544.6621655335917
1210, 544.505393607163
1027, 544.4473664880486
2763, 544.356351316639
3405, 544.2075657171002
803, 543.9112620204721
215, 543.8832773340498
1247, 543.5538919519026
3058, 543.3102942874415
2783, 542.877427535544
1780, 542.1907664304485
1736, 542.0508763347055
857, 541.9152661329198
448, 541.6680822675027
1117, 539.9229605762793
791, 539.3787545742646
336, 539.3010543712362
1518, 539.2608637915831
234, 539.1802876689527
1299, 538.6066558120675
2205, 537.628295975377
2170, 537.0351242514926
744, 536.169477223927
373, 534.6149357174689
1248, 534.457233470965
3049, 534.3472981524319
514, 534.0755351362034
556, 533.95787116436
746, 533.6855212943631
227, 533.1720679751886
3353, 532.7263018579007
3408, 531.9675332596044
2124, 530.4044185754921
1442, 529.7669193452474
3423, 529.7036690061333
2309, 529.2905315705475
397, 528.9768637821137
262, 528.9271025778562
3227, 528.7866431565022
3029, 528.7603188660117
3108, 528.6941287303043
430, 528.5024147217013
1824, 528.2526809229994
1640, 527.4968902116797
532, 527.077236058058
3277, 526.8123250936598
29, 526.7417119952515
454, 526.7217782872829
481, 526.7037848016985
2105, 526.440091036412
1124, 525.8674202825698
1039, 525.3047299414189
582, 525.2621479037288
1608, 525.1086503613568
174, 525.0214804890072
3382, 524.343122553868
3331, 523.7965989299759
736, 523.7917412795142
3436, 523.7215990415162
615, 523.6987152749916
153, 523.509102435921
159, 522.9359549053021
157, 522.3961385130928
1689, 521.7482445723921
3181, 521.3319583010887
1907, 519.1326322266242
505, 518.4166460061145
414, 518.3182855493291
3070, 517.9039113889443
119, 517.8922677285115
3072, 517.7250246989576
45, 517.0881587112264
146, 516.9762741950238
1200, 515.4332842139468
2985, 514.969249308545
2918, 514.9683450858475
1119, 514.8930333673829
2792, 514.8449347416243
289, 514.7825945343795
727, 514.4375504664551
2236, 514.2267940591692
1450, 513.6625146633347
41, 513.2233758855172
2979, 512.7540029611444
1183, 512.1314487032762
3303, 511.97660517302967
1866, 511.90592457023797
1085, 511.71595608258656
1885, 511.36629628500145
3018, 511.24453510066604
1169, 510.6856639496309
1776, 510.5350037857054
1531, 509.6129957810937
1911, 509.17757375453516
2297, 508.55637321288594
2099, 508.3377958176498
1230, 508.1967658014716
945, 508.11692337212565
3155, 507.8220075795514
3089, 507.2106296398004
1810, 507.09839720932723
296, 506.89822977825537
2071, 506.838069178859
1306, 505.8230336460303
3317, 505.8187272895368
3077, 505.36477716304347
2966, 505.05901288212726
3016, 504.98335537904535
686, 504.96025979844904
1584, 504.2246775231899
3340, 504.139944072094
1040, 504.09372468775734
1356, 503.18047045934827
3269, 502.98127931025124
76, 502.7851982770556
3385, 501.7625428332874
2194, 501.03686301151555
3370, 500.6196960253298
2318, 500.23387292594447
1600, 499.93064707868604
3046, 499.9027497446767
1126, 499.58381514393955
3055, 498.73399257717887
3118, 498.52126510354356
71, 498.11421805690344
2033, 497.9325296713363
169, 497.3897788307262
579, 497.23041082399754
40, 496.9021631989544
263, 496.7993333215372
1448, 495.82067651452144
716, 494.38108460507317
1676, 494.2882174150736
2243, 493.99141058061053
39, 493.2121041902023
429, 493.0377938491534
1525, 492.64869269251153
3148, 492.60445092105005
781, 492.5931363372911
1822, 491.95872436602
1193, 491.3461384600572
3247, 491.0084610836008
2953, 489.9489479263153
2997, 489.79610109158364
503, 489.70710521463343
980, 488.6453695306275
2262, 488.47168393436567
3004, 488.0918419490091
3107, 487.93208232235565
554, 487.8993976985689
575, 487.82478649896933
1807, 487.6087986067444
1234, 487.51446192710813
778, 487.2599422342595
2936, 486.8981056479159
2777, 485.8449761830774
2548, 485.58845565273344
457, 485.40043454325667
844, 485.2066002453962
1464, 485.1085449763648
207, 485.000448748759
2022, 484.98136343052573
1562, 484.9572393574327
535, 484.9226702048237
3135, 484.85374454494456
1086, 484.70500005736596
2196, 484.61699081055195
2188, 484.58591017936163
2187, 484.47893267587773
432, 484.30288965764424
1072, 484.11040558185147
2435, 484.0093760430859
2428, 484.0093760430859
1617, 483.82042582000884
2157, 483.5617865100622
981, 483.51697287427766
2279, 483.47999942683845
2733, 483.45089475401
368, 483.3164390161784
211, 482.6948535556646
2315, 481.5554312877294
458, 481.5483948190465
2382, 481.0029115800858
221, 480.84743792212
1023, 480.835131270485
3233, 480.6377894813177
2271, 480.54734719454046
1075, 480.4082502714023
170, 480.3901084316033
3114, 479.7837095462741
1574, 479.77667316983343
1110, 479.53189933410647
1336, 479.4166700143646
2195, 479.2409127947193
248, 479.051253475024
2747, 478.74026095559617
1964, 478.7021893567025
2735, 478.5517257257072
2408, 478.3754849263778
1066, 478.3699733381476
3437, 478.313000116274
526, 477.4375995991853
2394, 476.7430880187985
3388, 475.5080931925636
321, 475.379082821337
581, 474.616181099265
23, 474.21029304298156
2265, 473.26832687872275
1624, 473.173163578793
612, 472.49712138334075
249, 472.1623971782646
1603, 472.1063050231301
2791, 471.88649786879427
920, 471.7699249028543
825, 471.7246556734959
2015, 471.5356173778041
3054, 471.1191385270647
1985, 470.7153231905065
284, 470.53669218285177
2991, 469.8281325536566
1999, 469.6351468633021
1585, 469.2044307633906
557, 469.053236673223
3302, 468.7493445610012
1173, 468.73782404790404
2160, 468.33148877635364
200, 468.31688853651673
1583, 468.2485708176486
1239, 467.88701966141286
1651, 467.86360009239706
2429, 467.80058888182134
124, 467.61101161157774
2949, 467.585446194408
3401, 467.51500411559147
3419, 467.4439815296182
180, 467.43973874820244
202, 466.9044977456089
1572, 466.8987902547964
961, 466.68944049524026
2438, 466.4888692257122
1462, 466.3586380779386
456, 466.2800188288975
3069, 465.8078783316771
1994, 465.76614011660365
334, 465.19168048457334
2302, 464.80833534515205
2189, 464.45656604046246
531, 464.44663323090646
698, 464.26027291150183
501, 464.0838117743293
2993, 464.0449744259853
188, 463.2065353965495
136, 462.9968860380903
2986, 462.9477017850953
2312, 462.06969690500404
2301, 462.0466104758942
158, 461.65641981649804
2740, 461.1634867196628
494, 459.7645938021853
482, 459.2788793383669
1071, 459.12873919118897
2053, 459.0259269339023
27, 458.7398936637486
3379, 458.54448350947615
295, 458.49939322896654
1166, 458.38208156479396
1228, 458.10848724687224
3275, 457.811939934485
2095, 457.23195386479
2964, 457.15179164659827
762, 457.1215721392214
955, 457.0499334374971
1279, 456.4010203635623
251, 456.39757693267796
539, 456.32372171088866
2274, 456.11582755110635
2260, 456.0988318362356
3191, 455.87652720305164
717, 455.5720505811705
444, 455.2278280569637
1573, 455.0623558273105
1215, 454.7163595225905
2386, 454.29519528072166
2360, 453.91294727613024
1451, 453.4266695318553
817, 453.301604212559
175, 453.19860897754273
3341, 452.94615841920637
2807, 452.14171924569297
671, 451.96522704296274
1623, 451.8324309127214
600, 451.81136528605356
1202, 451.6880858674308
437, 451.5339841166087
243, 451.4909815033079
815, 450.93856236673565
3142, 450.72853038394334
2142, 450.506843489797
2050, 450.1669055710142
922, 449.5741800258157
2737, 449.45144691521034
1533, 448.79347854425953
3389, 448.67190786257703
213, 448.10170177165037
162, 447.35826490529973
1610, 447.2906376688658
1615, 447.2889353727404
2355, 447.1128630160722
2145, 447.003673668943
3167, 446.6171252533976
2845, 446.062390188465
220, 446.06194417523886
1943, 445.81609150602253
936, 445.56701606693736
3409, 444.94407490209386
329, 444.8581798208181
743, 444.61561426161364
1161, 444.4841993408968
1848, 444.458144926758
1026, 444.4359186799346
1653, 443.0469129470312
319, 442.99899421260875
1975, 442.53988401374517
1032, 442.4612713246679
960, 442.40058979228564
24, 441.9926802185575
1331, 441.6987939062146
560, 441.68175404974954
2961, 441.4556212006642
1851, 441.00414840019454
2362, 440.9191421231819
3179, 440.77051430858677
2424, 440.51921411267364
2963, 440.2791693940731
2829, 440.2791452072294
3319, 439.37615220489477
1233, 439.35115347801786
2365, 439.25740045649013
3403, 438.94672016717436
527, 438.9259708426194
333, 438.83574893542846
1452, 437.7691752851926
293, 437.02942360683795
1037, 436.84686800150706
1076, 436.7282103477787
2308, 436.36960991084385
303, 435.81465652165605
453, 435.67360631756617
2764, 435.5112235800542
2772, 435.2731643271112
1187, 435.15449417706907
808, 434.85951979536344
669, 434.75476820342243
1576, 434.65818622979003
1567, 434.50220864283875
152, 434.45510300014706
421, 434.0720717231062
1129, 433.9743996407259
3210, 433.7865610134219
2907, 433.2089718669711
860, 433.2087242453774
642, 433.030976809039
709, 432.8074642422475
2828, 432.49350942153546
428, 432.38081403341533
1132, 432.06540860345973
483, 431.88786616258443
999, 431.68398835656166
2846, 431.3107631048037
969, 431.0563349031322
2006, 430.72560549777097
3169, 430.57930369082567
378, 430.1526361104469
3189, 429.69038082945644
2220, 429.6671129747174
2431, 429.3640862875213
2879, 429.1822765863976
1090, 429.09117878440213
2214, 429.01343667226223
332, 428.2195943601755
2348, 428.19434554282975
1038, 428.0757758052973
2989, 427.97340762269386
2122, 427.7555050964207
574, 427.723430390359
3203, 427.70922495033466
3010, 427.24324073506483
787, 426.533516426732
1308, 426.43678424360377
1412, 426.32325564660874
330, 425.9764623645466
1266, 425.8357302382619
1543, 425.3881971111907
247, 425.3437380286643
123, 425.3250942704657
691, 425.23782211148534
1263, 424.96928834706233
1523, 424.9182698843053
2070, 424.8590068308871
2059, 424.84232669948693
1912, 424.7242498407475
585, 424.5639320572576
601, 424.4752769175859
3205, 424.3537052249331
1599, 424.33924537868927
186, 424.3364355813541
2181, 424.0473335552363
3065, 423.8871474954704
2018, 423.7745527093662
2075, 423.56296729384815
2434, 423.40805820824266
2277, 422.60557897884337
1803, 422.59339485368326
1840, 422.3327831617691
2858, 421.8541830385809
2011, 421.70701148773924
804, 421.6383615828187
1314, 421.6137154290235
2292, 421.47228074989573
852, 421.45496830856774
98, 421.31139509574655
1252, 420.95871774572464
2219, 420.91632227524235
1980, 420.283220881554
3172, 420.1758068621694
2746, 419.78835502790025
832, 419.70656100752626
3445, 419.52491781009627
1997, 419.51353002613877
2992, 419.4826880301871
1490, 419.31653907837926
1473, 419.3051925161979
1143, 419.18438369636266
964, 418.9902277352337
380, 418.9824787078956
3404, 418.8898390687889
142, 418.84098298298744
478, 418.7654661400814
546, 418.5036960294727
2103, 417.79166573175905
2790, 417.5617923758485
3032, 417.54794640374405
1571, 417.39952804357966
1260, 417.392802787917
1432, 417.22431740305285
392, 417.2127364552091
3212, 416.94665676272894
856, 416.8011071557628
2055, 416.02263672537913
370, 415.95359284853794
3149, 415.7148954016129
3426, 415.7032135250912
594, 415.54022933063635
2267, 415.2681041364909
3182, 415.1327181803717
471, 414.90464127387656
2088, 414.32657679690954
1995, 414.3078327785124
1495, 414.1742843382536
773, 414.10796342980643
528, 413.67456706780104
37, 412.11095029480117
2380, 411.9706934663214
903, 411.9095443939511
2905, 411.75809807313124
2228, 411.6736502026627
1203, 411.57021684933346
1456, 411.2643435208705
1887, 410.96587351432333
2298, 410.22197899010524
2206, 410.02517729435436
1408, 409.82396741625763
331, 409.49003296246406
2389, 409.38545642113905
2173, 409.2948160817606
129, 409.08525969363325
2306, 409.03832507481343
1991, 408.9260647483597
864, 408.52197522534595
2231, 408.4027183063104
1889, 408.150670128003
3202, 407.9603607781654
2171, 407.7704743319448
2016, 407.49766197228115
1594, 407.49565210526
467, 407.39198419167644
3434, 407.3510295380771
441, 406.9731139112839
2310, 406.82184819414323
1259, 406.52110873566374
2427, 406.4438359556492
2168, 406.2004096852468
1371, 405.81064398238385
2962, 405.7999969404838
3174, 405.4779467586725
272, 405.3935187334522
2786, 405.12616140879413
2209, 404.7816428041154
1984, 404.69419705362486
2086, 404.693406401669
297, 404.6804436515493
2422, 404.5993894343239
3229, 404.5065348044732
1839, 403.8079213208154
410, 403.71658988381336
677, 403.6265901280906
1963, 403.42758288984083
2766, 403.2260012256507
1823, 403.2174608282902
2165, 402.98341883452946
3320, 402.8385946157032
3026, 402.7203672145585
3285, 402.27319854180683
1315, 402.2538452157367
1575, 402.1671044911592
475, 401.9570897159386
586, 401.8353190917827
1690, 400.75564598073163
2774, 400.738568473077
2026, 400.5114939966384
3128, 399.6395948607053
558, 399.4821320500985
789, 399.28347250618447
208, 399.1055368115218
845, 398.9323223234053
3447, 398.75509633052457
3424, 398.5571048261121
3281, 398.1423957964807
846, 397.6334933405273
837, 397.2824376164947
365, 397.16048143644554
3298, 396.72576056166446
2263, 396.5547353694578
130, 396.3712013650269
1942, 396.2611426764351
451, 395.8990633863433
780, 395.2900192647601
1098, 395.25723620858304
3031, 395.1612263211231
1466, 394.96865211145735
2190, 394.9296082352901
313, 394.52852440100895
872, 394.08580378838855
3386, 394.013055230579
1111, 393.9755608159412
1501, 393.85240257862984
1790, 393.82715410773733
2300, 393.7807292411298
79, 393.7109715348494
1508, 393.69547046428954
683, 393.5380184016408
2850, 393.338416786632
464, 393.21486297578855
2200, 393.1449319422937
3214, 392.74967078537645
1404, 392.5992054370802
3190, 392.3809789153696
2863, 392.14262370400024
2150, 392.06571607886394
2252, 392.03058407254014
466, 391.8405929236201
1348, 391.69684030822725
242, 391.6895656390811
299, 391.6741000730783
2296, 391.637503298515
1487, 391.37987232052706
696, 391.2700964423928
1459, 391.19718175351926
1478, 391.17144793581434
1321, 391.16951575952857
3056, 390.7566818293773
1505, 389.8814220031041
731, 389.7490592654312
3175, 389.3835558350034
2757, 389.3539479541242
488, 389.3141961416191
449, 389.1766027975748
972, 389.0211694083246
1510, 388.844682425509
168, 388.5759673728273
657, 388.5434944409743
2877, 388.4601042904361
2837, 388.1942377830145
907, 388.1066674223372
529, 388.0531107525137
1289, 387.7251105565044
3185, 387.3884152893894
2113, 387.283892678663
2759, 387.21010110386345
1527, 387.1643080759294
2407, 387.01770585798386
2256, 386.93198160773096
1581, 386.65265757896776
204, 386.3543314695291
328, 385.7534812323117
3173, 385.6904297323191
2029, 385.65469831809787
2767, 385.49601539648364
1488, 385.1945135956034
496, 385.1424495773681
2164, 385.01278834057194
919, 384.9159351679221
2987, 384.90904662797715
839, 384.6613921887507
1977, 384.4412592464953
2817, 384.2187799700405
821, 384.1995660549006
100, 383.9393748226784
534, 383.80978723469605
2734, 383.80534413116794
2804, 383.63909525833674
583, 383.2244889062728
3300, 383.178443160912
2852, 383.1757142657716
2996, 382.8918469099131
1077, 382.60458393354054
1361, 382.4099467455967
26, 382.18246784158777
638, 382.098910987346
2115, 382.0708973621537
1494, 381.51628578203594
2083, 380.89042940803364
2744, 380.8792061959664
599, 380.68203489546477
3098, 380.40015570538066
2261, 380.30733467446953
886, 380.2828276800306
3208, 379.6023717316804
1369, 379.55734091844374
2024, 379.283952072662
2109, 379.21043437071614
1512, 379.1449646331407
75, 379.03331730465993
1481, 378.89443150499307
914, 378.7983630704813
3244, 378.6315893191596
173, 378.4193324297461
1421, 378.39910400571995
147, 378.30984919564577
1579, 378.143138814434
1549, 378.03848219888795
1770, 377.9908617079229
593, 377.33220473283274
987, 377.2785881298803
2117, 377.18315240726895
3057, 377.0657457668925
307, 376.63992375594495
661, 376.50487299867984
1268, 376.3468149767377
3226, 376.3236818150646
3283, 376.2893145101416
1001, 376.1312964069577
335, 375.9414805876415
993, 375.78133750605
2839, 375.7699670110651
1322, 375.61271997851077
2125, 375.5378293179231
1380, 375.5321298522094
1820, 375.4795126526093
1177, 375.3002115049038
2841, 375.209365794408
3110, 374.8594285730534
1184, 374.63362164240345
2354, 374.4725652022759
1211, 374.4167045551526
371, 374.3821777650571
659, 374.1374848212572
1890, 373.93608991666883
2266, 373.6987254169776
1893, 373.5397200954065
1983, 373.518600045997
1850, 373.49686925325085
203, 373.30146092040604
2352, 373.25932009297514
1792, 373.23486774822896
928, 373.130761888083
2381, 373.0726097192291
2032, 373.0295953720996
1390, 372.92814069917193
480, 372.92375983168796
401, 372.9013825320831
738, 372.9002273812901
584, 372.8671444730007
3042, 372.78356447997504
3014, 372.7146937099227
2831, 372.6350966583235
2334, 372.079467673277
718, 371.989293708873
1846, 371.8793447513147
416, 371.76346142448415
2027, 371.6884383339623
2120, 371.53472256826785
1517, 371.34535305057915
2820, 371.3136579127863
1029, 371.23525160545915
2359, 370.8934821589127
3276, 370.795076848283
2998, 370.75410325195134
3292, 370.49918224588123
2748, 370.4939175139832
602, 370.46873168137375
3245, 370.2814012984538
1389, 370.25819337804563
730, 370.2192697801853
2324, 369.96032361622525
1140, 369.9148198465697
1886, 369.6600214458871
708, 369.6319275184594
2224, 369.5825870019593
2229, 369.5493494378714
485, 369.49786571979354
1256, 369.3506094361521
1828, 369.32740325499964
3093, 369.3011324019931
2321, 369.2551324593378
1443, 369.25455283581397
1577, 368.847181244422
2078, 368.73204774774706
3440, 368.46583750387936
2076, 368.03432624936863
2091, 368.02770139390844
1587, 367.98044068171134
2722, 367.7949245216477
3267, 367.6441914178662
435, 367.5866097916926
849, 367.51251449952446
3348, 367.4572488638695
690, 367.4525091769053
3270, 367.35878323018454
1957, 367.1401803639463
2776, 366.94699920431117
415, 366.82022045389834
46, 366.7043058198697
2013, 366.56908289808297
417, 365.88883526950906
479, 365.84303167203575
470, 365.7449151916517
2844, 365.6590786195943
3159, 365.133302009957
906, 364.91817914493004
1105, 364.8492640673964
639, 364.6502588652878
989, 364.51900383287665
540, 364.3353683596528
867, 364.2795592089641
440, 364.23321766257084
650, 363.99814296261513
902, 363.9463288665123
798, 363.79437409406955
193, 363.6928181998384
1493, 363.6762524238361
882, 363.2464562907723
913, 363.11167066868336
2507, 362.85322152301063
433, 362.68606215633235
2920, 362.551661636983
1345, 362.40773824981454
1377, 362.391114841563
752, 362.2515948506108
927, 362.1766067639757
1880, 361.7173601372589
2230, 361.55278320197385
790, 361.45043216798945
3002, 361.2229721757698
48, 361.2185251324939
1601, 360.7580742856804
784, 360.7530022053123
2773, 360.70952400814946
1675, 360.49226053172896
1172, 360.35732117499043
544, 360.3073425646243
840, 360.2697844380505
938, 360.1176496777635
1986, 359.827495050961
1434, 359.8094050257949
1433, 359.8094050257949
1908, 359.5365727188996
2994, 359.4701322770017
1853, 359.4623656698063
970, 359.4327696853103
588, 359.4298573891126
548, 359.3911728942283
1614, 359.35089341331906
1895, 359.28175018999406
1870, 359.21874247956936
1142, 359.1143813209128
235, 359.08385632803595
1058, 359.0545418713817
971, 359.00903717631866
2751, 358.97321167753614
2965, 358.9713679311574
665, 358.9080961074803
1312, 358.8793417887712
2825, 358.6983607131403
1100, 358.6135513716469
664, 358.4317108636977
2750, 358.3688108171965
372, 358.3309714349512
572, 358.01031727584484
1622, 357.93698317032175
2237, 357.9059071735357
559, 357.70456985745454
1014, 357.68854431788367
3293, 357.6208462097188
608, 357.57324264057684
1295, 357.5227608129285
2045, 357.5130364279395
1339, 357.4955208324565
892, 357.2252053940755
1555, 357.03532753426975
1330, 356.73161401051976
1611, 356.70743575889736
1910, 356.46871761392674
2372, 356.3618776093047
3297, 356.26568546478427
2622, 356.22376370028064
1604, 355.991524690156
315, 355.43406026114883
306, 355.43406026114883
2223, 355.35989735407514
564, 355.21528180169315
2311, 355.0845977811701
2278, 354.85626046850825
3321, 354.7241461077073
1396, 354.72241030644506
425, 354.60312688415615
2439, 354.33926453662286
468, 354.18392095032306
1550, 354.17464138359117
525, 353.94772986936465
3228, 353.88134508100177
495, 353.87767695946377
676, 353.7863385133198
191, 353.64575157220304
861, 353.59137240541185
1087, 353.40045188202527
230, 353.19708592967277
2908, 352.9532212555124
1273, 352.92186115268913
1502, 352.8332468310479
2162, 352.58693818132866
126, 352.4106410082553
1343, 352.23014926919564
2116, 352.2059218310268
3209, 352.0485825212348
52, 352.04640694096133
256, 351.9980351857845
2888, 351.9049635020627
2851, 351.8823156858066
288, 351.7945486730345
606, 351.48478921803456
847, 351.43518674873644
1413, 351.07245033337745
3045, 351.0701475124181
1902, 350.95937499945364
797, 350.44242144071796
573, 350.4187206415663
775, 350.12607592325446
777, 349.9966294078288
2366, 349.8046177291218
723, 349.5258490628454
1580, 349.4139485296422
217, 349.2024624761952
3272, 349.19112784701844
1566, 349.07119910517525
34, 349.01152593929567
1474, 348.95747446644884
2376, 348.84756041829587
2291, 348.71058692298493
862, 348.5144396763606
2254, 348.3746683356345
2020, 348.16689365620834
206, 348.06023241331695
3176, 347.9383305802165
189, 347.8110980098003
148, 347.71121826344404
776, 347.59278882337526
1883, 347.44309453786343
1006, 347.40778431677694
853, 347.3779113466806
1235, 347.35649246196635
2245, 347.2602487610508
1398, 347.1792670727789
1993, 347.15594995474
1271, 347.1364930668299
822, 346.9963022712751
452, 346.86380496781845
636, 346.8173847982207
850, 346.7698757537373
2255, 346.6591400021069
1063, 346.49755437065664
713, 345.9013649859608
2768, 345.8622534487622
785, 345.8175940170393
779, 345.7342882595465
2723, 345.56518765042125
2361, 345.2380171709909
420, 345.198306856402
855, 345.17816346375497
635, 345.1592594839476
816, 345.08405609983873
1455, 345.05506620405794
1829, 344.9874645603097
2213, 344.85886134969803
770, 344.65322809194083
1561, 344.59611787501206
577, 344.5656423351905
2903, 344.4449628085532
1422, 344.39539717664377
2131, 344.28546077348716
992, 344.2553395488996
2285, 344.12569225073844
3268, 344.10882931038424
3083, 344.1051881917754
871, 343.98068389416665
2988, 343.9628537392946
1511, 343.80356102566697
51, 343.6745982201026
3079, 343.5981123994759
879, 343.59679220329974
3435, 343.57830786143563
231, 343.3519323872603
1544, 343.2781306317798
2802, 343.2104985919649
918, 343.12005339563086
694, 343.0209678181853
56, 342.94782546327724
2276, 342.9404159340249
1815, 342.93804127355764
1278, 342.7865747859157
3287, 342.6615069358163
1204, 342.5657032046243
2830, 342.4732562518465
562, 342.4308851792109
2141, 342.4234764149263
2898, 342.39089419822903
1159, 342.38463650754136
1500, 342.31004204317304
1368, 342.1108589231785
2899, 342.095796256873
3071, 342.0651595330259
1420, 342.04005943858647
3213, 342.0063323832262
274, 341.9487970962837
222, 341.8752777475529
689, 341.86821126909257
1424, 341.8664750721973
1513, 341.8050380209976
1423, 341.3000806679944
711, 341.27093794924355
1221, 341.23028106575924
1680, 341.19320486834897
1285, 340.51004654891005
1859, 340.3597405853481
1480, 339.85261352131124
3044, 339.80978725571293
983, 339.70728831650644
868, 339.54914088696717
2981, 339.4605566382934
1352, 339.4153803118707
1686, 339.2298242733349
1521, 339.19153365593615
1393, 338.8640022848674
774, 338.7186779162997
1400, 338.7173659720215
1417, 338.664692429119
607, 338.5960761530869
3006, 338.3713066859267
3151, 338.0853903168796
2019, 337.88159982680736
2121, 337.86664513858994
1804, 337.8617570268098
1378, 337.8300758281773
2272, 337.80718656423755
1237, 337.80665868833387
1914, 337.47789742089674
1539, 337.4026775610684
364, 337.0762322823724
1920, 336.76303930989155
1392, 336.69256291736605
1280, 336.5675101215764
693, 336.49827884586813
1913, 336.4610444271519
3259, 336.42734151380705
3084, 336.16954533421614
2166, 336.1500043731145
240, 335.9354003943432
881, 335.766706859667
2025, 335.5327332989314
2881, 335.4520069260559
1825, 334.78170440327796
685, 334.2900201983615
876, 334.19790241230396
1732, 334.03515116971994
1926, 333.8731166482681
2257, 333.6080752417255
3050, 333.375654150889
2154, 333.31882620609514
569, 333.29014249255755
1425, 332.83331196976303
389, 332.7825964574242
672, 332.76921624487727
673, 332.358257576514
2415, 332.31806418586166
1707, 332.2831416984567
1293, 331.86347983644265
2810, 331.7366266441016
1102, 331.6613097921336
1666, 331.6382441729972
3051, 331.4799846737709
3199, 331.45264925936175
2227, 331.38312916926776
1381, 331.3338170466404
670, 331.2871393496122
44, 331.2354281177528
198, 331.08139134094426
1409, 331.0474744776351
1411, 330.9519258487526
725, 330.64748574459435
1491, 330.57455771752916
2391, 330.5550147728779
1909, 330.3046566694228
406, 330.2636062297177
3271, 330.25275190009336
1830, 330.1748365998722
656, 330.0878153919589
3030, 329.90937793693104
2198, 329.8526052383098
140, 329.851430547055
2163, 329.84772070099905
854, 329.83883619726873
1817, 329.459688369647
2369, 329.08593845222236
759, 328.8747792932258
755, 328.75550918507037
611, 328.6792915007049
1841, 328.57869757853433
194, 328.4214425121961
948, 328.3936918726696
614, 328.36377469665325
1989, 328.2578022693443
424, 328.1702036495184
1370, 327.6515800539501
937, 327.3375332599833
1244, 327.29474590776493
1033, 327.2399682851033
1959, 327.0679996427226
381, 327.048651920794
1981, 326.7811963206124
2897, 326.7633283560172
266, 326.7306871124657
1403, 326.5255540243881
2319, 326.5158529381372
447, 326.4935414971046
2199, 326.4470780385442
883, 326.33996034342556
418, 326.2623228809243
3315, 326.2017382167704
3274, 326.0450678159864
3192, 326.00663762236354
1578, 325.66689818514226
887, 325.58618989873446
782, 325.4603765919466
1243, 325.36179688650276
924, 325.35492637346806
515, 325.19703537899466
3246, 325.09331330394366
935, 324.9741288591286
2343, 324.9627301646182
985, 324.89854504129255
2741, 324.8731199369136
2005, 324.85647075044227
896, 324.77359914897
1618, 324.6214149593838
2811, 324.5703222761587
1758, 324.3726357955506
741, 324.2671077382762
763, 324.23467682304596
2210, 324.1880534267864
675, 324.16438951514846
2238, 324.08717286579724
257, 324.02711709380753
3171, 324.0194084347563
2138, 324.0052070134786
1372, 323.8510872886454
419, 323.8283413476463
645, 323.704944502221
1367, 323.70205901535263
1036, 323.55446261313426
1419, 323.3562324493013
2114, 323.29620895637765
2795, 323.2745300910348
2148, 323.07805278398354
3068, 322.8491492493886
714, 322.84398982613453
407, 322.72611814240736
2041, 322.71844193511635
1249, 322.7105207630732
555, 322.4846733868014
1002, 322.3617747452832
1461, 322.34203371332404
3439, 322.3037677818352
351, 322.2999457512305
1475, 322.29954951716246
165, 322.1229666552528
521, 322.064835181603
597, 321.9425723412742
2884, 321.93393067285155
932, 321.8338405771105
2419, 321.7999480385411
2423, 321.7556428852261
3178, 321.7302134636352
275, 321.64146864673194
2108, 321.44665211204347
253, 321.43226726664204
963, 321.41993814509857
942, 321.29434864690023
565, 321.0621661456754
82, 320.8999608376225
228, 320.88404993284297
2546, 320.5746421985836
2307, 320.4311474829781
3413, 320.4213576330382
2246, 320.33497405109097
764, 320.323740539912
1595, 320.2145749653407
3037, 320.068565972672
2547, 319.8379662081143
800, 319.7766560798737
2216, 319.7084722110891
1835, 319.56359853730373
900, 319.54666898546066
346, 319.54017295208337
1292, 319.4602710474494
704, 319.385546289274
2854, 319.3457708730221
1346, 319.2285077714425
946, 319.0176107930783
895, 318.9924726566771
1906, 318.89749068070154
1742, 318.68537928903925
1515, 318.5770630336644
1277, 318.39279697147816
1498, 318.38887937232096
2549, 318.3753705105552
1328, 318.32824963971024
1801, 318.27659059612046
2218, 318.13915091537456
897, 318.1257666753139
376, 318.0611286139618
1904, 317.86530438092393
1018, 317.84962616513116
323, 317.8468474813368
311, 317.8468474813368
2123, 317.83792651830265
567, 317.80349388602474
143, 317.6762070567652
870, 317.47635648715783
1831, 317.4643688986647
312, 317.2982652302848
1915, 317.2249633126746
2106, 317.0789234756634
836, 316.8595047718585
2286, 316.8359510323907
3241, 316.7837866894619
1387, 316.6663317324602
2331, 316.61901839377515
766, 316.6041944205345
603, 316.43588465183774
3133, 316.2556593279085
1854, 316.24294869854907
3336, 316.1332907375759
2951, 316.028440769533
445, 316.01584060014886
1677, 315.7960605052388
74, 315.77692682856707
2833, 315.6138084333216
1982, 315.5595043927845
3038, 315.5185811238551
646, 315.4554244241834
3043, 315.3354187317342
1357, 315.30055822676263
1458, 315.29397343369703
720, 315.26668479077307
2146, 315.2468384889248
1082, 315.07322405737017
651, 314.8919869923019
2736, 314.7681951746391
984, 314.75170807994397
813, 314.6920067167257
3027, 314.6750673063658
3092, 314.65325340218465
2891, 314.62929570292266
1554, 314.6199203066974
3278, 314.566504885012
1021, 314.4754254541695
236, 314.44301141665403
701, 314.38338691355307
2119, 314.32846939842216
1791, 314.3058526733462
654, 314.230580904653
1772, 314.2230613356462
1084, 314.1525217886559
2808, 314.117832223102
1738, 314.08546884706277
31, 314.07607010330395
347, 313.91945931927614
2875, 313.6686942402487
1563, 313.6437969645376
1720, 313.63285587605895
379, 313.44776435311957
1327, 313.4179463686651
828, 313.3874491467029
568, 313.30944823471697
1415, 313.111476037402
1374, 313.025282327349
2294, 312.9359437866678
85, 312.92804896513917
1024, 312.92466454596166
134, 312.88906541152886
697, 312.8606675149603
326, 312.8603615789984
2416, 312.816778876956
3384, 312.68988942933544
580, 312.6827745457793
2323, 312.5760864923601
2842, 312.56435291156924
2749, 312.5239116519593
2259, 312.510131028184
2882, 312.36988188229753
2202, 312.365593331362
1122, 312.3168301253735
1992, 312.2056224129694
678, 312.1975732344615
1291, 312.1307717737399
57, 311.95903842157844
3204, 311.76962882091016
3144, 311.7611920393499
2630, 311.7329520821058
2034, 311.57746574776166
1486, 311.54279007757407
1323, 311.50339767131607
705, 311.49901376559495
47, 311.3469065193753
3432, 311.3124978493196
640, 311.1528173438341
563, 311.1239092837051
1272, 311.0880830304335
1687, 311.05388447024626
1976, 311.03617172656783
728, 311.02202091855554
2483, 310.8923845623652
324, 310.86693586248515
1548, 310.7707360306717
2136, 310.763637497908
1382, 310.6618080563388
1275, 310.51294762712973
1388, 310.4949941135545
2847, 310.32073852950015
3170, 310.29698314809565
761, 310.1487258380286
294, 310.12052327098047
616, 310.1178098452179
740, 310.05223849206556
986, 309.9218215042634
2169, 309.840241621588
742, 309.6942849968278
792, 309.68967906997216
959, 309.5249060407877
1405, 309.488354478745
1391, 309.3435832446255
3062, 309.2100158376389
1020, 309.1986665203756
933, 309.01410270707277
2233, 308.89388866076945
962, 308.7497231212856
934, 308.6930571994882
1121, 308.59421167254186
3101, 308.5607190117621
1353, 308.50885835169964
1288, 308.5079615529197
2183, 308.4379275574194
3059, 308.1808340922708
680, 308.11066335296823
1877, 308.05044076754535
1427, 308.0072122928565
1499, 307.99292260863564
750, 307.870112319074
2410, 307.8363216379876
623, 307.78716929343597
3143, 307.7400044827124
2946, 307.68720456092035
3095, 307.5986428550845
799, 307.5540435210229
885, 307.53686266475114
3433, 307.51644466894714
2430, 307.3473250995457
1340, 307.29650889690055
2840, 307.08083343690396
2130, 306.8495925921252
1725, 306.8117577577525
2175, 306.8047747625463
1081, 306.79174509610704
1944, 306.79039192994617
2793, 306.655509348608
3305, 306.61622660680547
674, 306.6141182985684
1265, 306.366624958229
692, 306.3563925707474
1771, 306.2105596014885
2849, 306.09529370889885
3380, 305.9141464202145
2789, 305.86273544640136
930, 305.85885561863427
3194, 305.7835620601276
1524, 305.6605593365378
3211, 305.5529743410236
2003, 305.53956370781276
843, 305.53393870088104
2651, 305.4476341861813
3448, 305.4347730665181
796, 305.41824796023326
1294, 305.0817678967533
801, 305.0352743776928
613, 304.9843178208193
3206, 304.9691355173757
2314, 304.8337488058083
1439, 304.70034978613563
350, 304.59641611045595
1506, 304.44984360222776
1789, 304.3545763446667
925, 304.30653592909823
1205, 304.1489894873672
3163, 304.0856843389814
2947, 304.0353288233889
2432, 303.9847979054684
402, 303.9816629968881
1009, 303.86941955299903
3186, 303.7747704890323
237, 303.77056543568193
783, 303.5520436103392
141, 303.3899844222346
2093, 303.1595831896954
707, 303.1343881503864
3197, 303.1226397284231
1934, 303.0541942221666
3039, 303.04797959429214
2513, 302.9916656467614
827, 302.83381280377705
1722, 302.76484748238767
2140, 302.76420038653697
300, 302.6706378021126
1270, 302.4133472512533
1905, 302.2367801846624
1627, 302.20454817485745
660, 302.19352301850034
2129, 301.9793674482685
363, 301.85024843021654
3304, 301.770382310988
3327, 301.76661567476026
246, 301.760193402998
1238, 301.75760168211684
35, 301.67820521786314
1927, 301.51800839845055
1318, 301.3294328980094
2454, 301.18469302167887
77, 301.12018150688743
422, 301.0679459877463
649, 301.0158114403656
908, 301.0008260530635
893, 300.92031979472335
258, 300.89349919651295
2666, 300.5389218595538
1354, 300.4430843529858
427, 300.4352563978898
834, 300.41683577116714
710, 300.3866739039991
1162, 300.3707159571674
1297, 300.2927673799342
473, 300.2810602541319
1779, 299.95790145668394
655, 299.83416070337677
2048, 299.76076812449946
1646, 299.69339288171443
3350, 299.6896328828985
3312, 299.60066230906983
2240, 299.5217559239828
298, 299.4690655379303
1329, 299.3748565340124
2375, 299.3706940874957
2505, 299.3113064499588
2232, 299.17910094082987
1669, 299.0857910984189
967, 299.0099702169074
1888, 298.9765406107028
1685, 298.9570362271179
1819, 298.85091281563865
2176, 298.7402756952585
1729, 298.60411621973435
2288, 298.4583243716806
904, 298.44424291118247
2280, 298.3973436846754
1718, 298.3444797752463
748, 298.2930911022615
1426, 298.2665549929652
2377, 298.1121808077697
1782, 298.0003349068826
238, 297.9174650125225
3034, 297.87981974186545
1786, 297.87912962072835
905, 297.84482252475067
973, 297.8280270724287
1673, 297.8249031824258
1598, 297.685599305469
3230, 297.6615965746638
824, 297.5653280958887
408, 297.49484341412204
3289, 297.2998724165434
1022, 297.2837596164359
374, 297.27478748053136
3284, 297.2693802626738
2222, 297.1319597370975
2104, 297.0822049326952
2203, 296.8546569224243
956, 296.8341175582661
658, 296.7553810972402
3294, 296.64933064666025
3443, 296.5266620359742
2002, 296.39929092599994
314, 296.1290913146512
952, 296.0959247477774
2385, 296.0130792852678
352, 295.9429054248642
1746, 295.7190014343393
663, 295.6242924718958
722, 295.53474020036566
3200, 295.23075206636264
1874, 295.128282985633
596, 295.02469065318564
1492, 295.00851178290816
754, 294.9950506051197
3040, 294.9363316818334
1879, 294.9131071739982
2403, 294.8461106743014
977, 294.80952246845686
2247, 294.7195603085159
1231, 294.45682780902223
2404, 294.23284116877363
1836, 294.0825531836996
2583, 293.85045019898797
1809, 293.5520472505463
2948, 293.51218180443016
3134, 293.4585539305524
566, 293.43212522321375
1695, 293.373383168901
3243, 293.36126539791775
2373, 293.3587054865188
576, 293.2997501425774
2950, 293.2818796147939
3147, 293.2687059283557
73, 293.2559082066048
1625, 293.19190355595305
1479, 293.1449249116155
1516, 293.07497504457143
280, 292.88795108418
2491, 292.7992153704424
2508, 292.72487509081606
1365, 292.47656546525155
1708, 292.32098308170816
42, 292.16334071006366
1469, 292.12572437123555
281, 292.07427752640893
679, 291.7752598841825
643, 291.6668098985633
1620, 291.6552140234387
1453, 291.4059711097885
342, 291.33211895783165
1949, 291.1919616170805
1747, 290.8550307200166
491, 290.66868654011574
1921, 290.6546374170769
1970, 290.647816193739
931, 290.63286740873514
2336, 290.57797119771146
1930, 290.4664324012127
1808, 290.4315791611216
1504, 290.3362258674137
976, 290.20874356675097
831, 290.1799761481591
2133, 290.1474361253622
439, 290.13225740613143
618, 289.96433887353015
3354, 289.9334647817762
1007, 289.8660207943834
509, 289.80638671164127
929, 289.76923542673643
966, 288.66838995829653
1898, 288.6298311826131
1232, 288.54458373092194
3120, 288.46566934530927
1582, 288.34394847918503
2826, 288.2712433176872
241, 288.2511962788651
898, 288.2466968129666
1799, 288.18242776226333
1010, 288.08560136559214
2721, 288.0444056459155
1875, 288.0369351617997
706, 287.91275161185973
1320, 287.8979723177333
2442, 287.8789860066932
926, 287.68550603015103
765, 287.5856293105753
1950, 287.44594823740516
1414, 287.27287945543867
282, 287.2216485211208
880, 287.0100600595005
2008, 287.00141229263176
2144, 286.9725629356127
2824, 286.93259860097214
2742, 286.9126339320101
2258, 286.6828709572152
1954, 286.624477338587
2327, 286.61783340149805
2566, 286.61429688754964
354, 286.3284674857307
84, 286.24702385016917
1104, 286.2270777180125
1900, 285.7789731842088
1777, 285.73695995552055
632, 285.2142603622665
1319, 284.995177455126
733, 284.9527036144409
609, 284.8436532837179
667, 284.72818390671694
2671, 284.72020746944406
729, 284.61239819752325
810, 284.5540523713037
1017, 284.5528843283758
320, 284.5029313656358
644, 284.4702007618312
994, 284.4452275726643
1935, 284.4402779376005
943, 284.4206187162356
1258, 284.22738972149426
2876, 284.2014487541565
2322, 284.1876223722688
703, 284.0855534750291
1837, 284.03474532780206
2902, 283.99625825261444
1641, 283.9760521680474
2379, 283.9145025205394
859, 283.7875129694497
873, 283.5591099045192
1326, 283.5094567054094
1756, 283.38287716998093
866, 283.3656104567104
732, 283.16604323532005
1698, 283.16600387829277
455, 283.1396327861675
702, 283.0738911878026
2367, 283.06810611173387
239, 283.06024524256117
2325, 282.7882737826952
633, 282.7740696866804
3314, 282.5560036244539
2021, 282.5054147269992
1928, 282.49137244689166
944, 282.46059234056844
634, 281.94489532457703
325, 281.84967989209326
830, 281.7836501774807
982, 281.7501224527647
3082, 281.70963882817404
1080, 281.6650252430341
2393, 281.40831996787216
604, 281.4034238211894
1868, 281.37095252799196
88, 281.3558424087279
1470, 281.28655141237874
631, 281.176462507579
2353, 281.1699481198157
270, 281.1276407566604
219, 281.0877971132941
3184, 281.0841894033816
1778, 280.96291877611594
2338, 280.8910919135271
1282, 280.8786549375762
910, 280.86864288049725
724, 280.8354694834232
1351, 280.81534353553684
838, 280.7750647806168
1971, 280.654729535665
2780, 280.5866218901474
1569, 280.5841348103449
1953, 280.5687720531881
1591, 280.4087229862421
858, 280.31073477444465
979, 280.3034067578877
2784, 280.2671613452553
2688, 280.1952816945445
302, 280.1833201695508
1540, 280.0806963548369
2823, 280.026303229524
2587, 279.91801553785797
1394, 279.7623156566545
865, 279.72569315245215
58, 279.6280973749154
2917, 279.51907367768064
150, 279.3951582423718
460, 279.37797090013163
1332, 279.3432502824347
863, 279.22064956283856
899, 278.9561315250746
269, 278.9015824059585
1551, 278.80570049816504
2156, 278.80148006229626
1894, 278.6457998549471
699, 278.62395445716436
891, 278.5135309139203
512, 278.5009412941443
1402, 278.42885846542055
2816, 278.4258662905938
2370, 278.3713886836754
1483, 278.27794101820996
958, 278.1045715133852
3012, 278.0169231461991
2426, 277.98486460113645
2186, 277.95910574695347
653, 277.9175637922751
1717, 277.90887068824344
1740, 277.9073523958004
1832, 277.78498570428746
2126, 277.706391984034
712, 277.6542056991626
2696, 277.5458112919172
513, 277.4233132400968
1568, 277.4130070488268
2880, 277.3758584912505
990, 277.31377401319406
2330, 277.28166472522815
974, 277.26512115524395
949, 277.21694111507514
875, 277.03591123308263
2755, 276.93772536578916
1644, 276.8989737474988
1311, 276.84257977459663
1647, 276.8313251690258
1385, 276.823020279025
3146, 276.81406463360713
1416, 276.64925655794474
996, 276.50470048837417
1335, 276.39350525743475
1401, 276.3930555999347
2524, 276.29125354113313
2788, 276.27859987020366
1106, 276.270632326703
911, 276.2255555981225
666, 276.08624904137764
2553, 276.0444898383974
2436, 276.04079512162616
2039, 276.00324738577166
2562, 275.95011690813135
1362, 275.94151167257894
3150, 275.9120647547187
954, 275.8107490314235
2098, 275.7122292121784
265, 275.4410171945603
1304, 275.4329939511953
2149, 275.401750328082
2287, 275.38012984964837
2645, 275.1927298954659
2705, 275.1586050082371
1731, 275.13152658527747
1307, 275.04897485813535
2782, 274.8954439649285
1968, 274.75083189107824
2425, 274.5449128827019
734, 274.50214412506085
1871, 274.4642178060198
1366, 274.40668164284114
1011, 274.39462679652837
3015, 274.36667975182417
3264, 274.2945832573665
1739, 274.2784243092104
145, 274.04469775568225
3024, 274.0069389478953
1286, 273.97489448862336
1476, 273.9638171057923
1359, 273.9342538026125
1834, 273.87633822626077
1827, 273.81827293018705
1303, 273.76736528616806
668, 273.76091225472345
1714, 273.7240624945491
2812, 273.65038949705394
1682, 273.5284203807397
3352, 273.50637243820154
687, 273.4634178616294
595, 273.40720188860695
1325, 273.3753341282938
1057, 273.3708986295738
1281, 273.2684798926857
518, 273.2337486518231
1016, 273.231208489911
2864, 273.1701425277049
829, 273.0129107851553
1489, 272.97847169958254
2317, 272.9298810704528
551, 272.84235141181955
2000, 272.6403881562487
3248, 272.6323119265166
2758, 272.53526422906145
3187, 272.50192480576743
1619, 272.4326093166544
1858, 272.3737103768476
2172, 272.3082142537271
3444, 272.25814475133285
684, 272.23598274581224
624, 272.23598274581224
1008, 271.98610528125135
3183, 271.93409086531625
1769, 271.8029201321741
398, 271.7669791274074
3162, 271.71874166431434
225, 271.68554442819834
757, 271.6766215536388
1276, 271.6584976137458
3239, 271.6415060980439
3324, 271.3734636045462
2559, 271.2956302371559
3105, 271.14153015889144
2610, 271.0783104170041
1171, 271.003420574283
1726, 270.8855359278099
1015, 270.8677176939781
2558, 270.77673406143697
1342, 270.7487195275603
2151, 270.74526619056195
2201, 270.7312529917615
1529, 270.6518962346892
2251, 270.56483610051936
3123, 270.5629933085702
1305, 270.4108315174
1643, 270.331509551608
3022, 270.33021436758366
620, 270.3057874975309
1642, 270.2582275364606
3168, 270.2178566280106
2217, 269.94462773023884
2244, 269.93998655053986
2127, 269.6176021689219
3035, 269.56507223947864
2874, 269.56107401164087
1185, 269.50531913131243
2132, 269.4186305833163
1341, 269.26489085030926
721, 269.1732447163889
753, 269.14449020962576
412, 269.13006986960136
2514, 269.12324230645095
2017, 269.08748033509215
1528, 268.9967389399312
2607, 268.9902190174232
1626, 268.94513050839055
807, 268.90511585918813
2159, 268.89865752930484
1932, 268.81860001636414
1383, 268.71411926693116
975, 268.60447113743675
87, 268.4511889758795
998, 268.00424349222106
648, 268.00424349222106
3290, 267.8272421584171
2101, 267.8237173633773
1522, 267.816479356748
1774, 267.55946018411555
2305, 267.5301626329323
2004, 267.4531371916087
1192, 267.42039526605924
1507, 267.38306884410923
1705, 267.3829652039898
2197, 267.28019002422263
3063, 267.1688229071359
688, 267.1449078620085
2536, 267.1232426470016
1703, 267.1189754270984
1317, 267.0507414450992
1055, 266.98370850260653
1485, 266.9528647367643
229, 266.93623970295283
3415, 266.5766481976872
957, 266.5092402625154
561, 266.50187693698604
1946, 266.46853805309934
291, 266.2049898949581
3225, 266.1057570292855
3255, 265.9822586202243
805, 265.9661350328119
2906, 265.8908751096973
245, 265.7154728577991
255, 265.6972838745809
1344, 265.6710412897135
214, 265.6482984899898
339, 265.62688750557277
1606, 265.5356521668907
2694, 265.51469030754544
156, 265.417027009679
3090, 265.364202243159
1715, 265.2455384446216
327, 265.23427892689983
1376, 264.9776424296203
2332, 264.91770417962596
278, 264.9136696653721
1284, 264.90176737732605
2781, 264.8757614284692
726, 264.87318783588483
2620, 264.86018450009493
598, 264.6454207475874
3041, 264.6342396601127
965, 264.5933143880726
2326, 264.5232251502767
2640, 264.4365904631932
1496, 264.21425774916776
1916, 264.1897521373675
3129, 264.1661327967095
1497, 264.1217846511553
340, 264.0377986950008
2677, 264.00067107824464
2710, 263.8352841088382
409, 263.7778255259714
1892, 263.6891498973078
1654, 263.6542845630613
361, 263.62962948806097
2147, 263.578930321037
626, 263.35936088157877
1948, 263.32572409402195
271, 263.19391160080363
1787, 262.96457190185225
662, 262.92629383299936
1755, 262.81906066112293
819, 262.6461641229646
2152, 262.62233524817435
888, 262.6071266629618
1721, 262.53626383411785
2690, 262.4856098721394
1752, 262.43806958107575
1990, 262.1930840098497
751, 262.1247788637756
1918, 261.92669127176794
1869, 261.9263473333431
756, 261.8354253894418
2473, 261.81546628168263
1630, 261.7702559231212
3279, 261.62980885782326
3318, 261.61643499428055
2686, 261.42479060456344
399, 261.4071196277311
250, 261.38624572806077
2225, 261.2660211345142
2030, 261.2202739659847
1503, 261.06990330288477
818, 261.0341561315757
367, 261.0001776106253
3066, 260.8185383187144
1712, 260.81007040682755
2390, 260.8054665096678
2834, 260.7127854573158
2895, 260.54170652552557
1407, 260.53098025959866
2571, 260.4721025989372
3299, 260.2961104698655
1692, 260.28227638638646
700, 260.25128732339317
1482, 260.17925144882685
806, 260.1155005978628
3450, 260.11431706897963
276, 260.0004966341685
3080, 259.98468739188075
199, 259.85260755305706
2574, 259.8304965789138
2703, 259.7528710027569
1333, 259.74258094650463
3130, 259.5832129391402
385, 259.508451260503
1897, 259.4160982598876
349, 259.3823251095325
681, 258.84628157220925
2102, 258.8457799663053
1896, 258.8131514955261
2779, 258.6892801319033
3273, 258.6391367183448
2328, 258.4640098770772
842, 258.38075335099654
2814, 258.3548285608167
1399, 258.1330375672023
19, 258.04746974932726
216, 257.97156295432217
771, 257.95965500279584
2650, 257.9564699589712
2657, 257.92250243443374
1621, 257.8983639545218
571, 257.8835036638295
1833, 257.88064349253506
1733, 257.85996434857003
1956, 257.8357987080392
1903, 257.82912986662325
2221, 257.72325300076557
411, 257.67842153332373
1570, 257.6676757523689
2437, 257.6569326990421
621, 257.6052863557926
1952, 257.3633316928234
1922, 257.33719677081
3207, 257.249442519098
747, 257.0880497372914
395, 256.99986886257204
2112, 256.98521167230103
2653, 256.9674055396865
1019, 256.8263089824444
715, 256.7464090827176
1296, 256.6087063608458
1556, 256.58004787204663
54, 256.56514125167297
1553, 256.41024904224884
1701, 256.3746728711763
2756, 256.2316288347155
2835, 256.1269124126438
3347, 255.98789343451548
2497, 255.95624803872752
1386, 255.90565460493605
812, 255.8253050777733
2785, 255.70219820616495
357, 255.69459951943753
605, 255.50597754598874
997, 255.46861147360167
1710, 255.4021018096051
968, 255.35764991523897
3111, 255.3565770231793
2161, 255.31204882631556
1793, 255.13154282729417
1472, 254.9573216288284
695, 254.75647899683867
1783, 254.7130813262136
3306, 254.6034586386369
2250, 254.5251113092927
404, 254.41377113511655
1013, 254.32064329927238
1966, 254.27266811299754
2624, 254.2668423389681
719, 254.24703850822553
1937, 253.66686098220893
2281, 253.36847886507576
2561, 253.35379917029834
2241, 253.26892195463327
317, 252.98530843677588
309, 252.98530843677588
3020, 252.97506037769568
1028, 252.8831383779147
3099, 252.82586385909107
878, 252.78459662939125
1628, 252.65524017795323
21, 252.6384260514901
1716, 252.57644454807132
1631, 252.49867003603646
2111, 252.45842762316585
2096, 252.45842762316585
1056, 252.32807906872043
254, 252.2759021831482
2649, 252.22818552464832
1735, 252.21030259447645
890, 252.16972182830574
2178, 252.07591676399093
400, 252.06866713925828
2520, 251.90442619294532
1767, 251.7767981621786
1757, 251.71698309112261
647, 251.6514820588623
1766, 251.54400874354388
1744, 251.49050494531699
2621, 251.47020190405618
1796, 251.2373116647864
2525, 251.01227520110507
2418, 251.001838461781
1748, 251.00167345619616
2745, 250.99679198714767
2215, 250.88266794262563
1375, 250.8799398881034
1565, 250.8517654597965
386, 250.79393561352109
2572, 250.73789573580737
894, 250.67585919215145
1538, 250.49148520271757
2683, 250.20154516970803
2652, 250.09546745785502
2329, 250.02115414035157
2932, 249.96306449813315
2293, 249.78201165885451
1899, 249.69055938236997
3001, 249.68930484289658
3316, 249.67800600431477
947, 249.31463678661922
2720, 249.28439222056625
1471, 249.05235541269158
940, 248.94810900305788
739, 248.94784014533616
1349, 248.92867191357047
769, 248.9206065739442
1044, 248.8815564477327
2374, 248.85066888948097
1873, 248.8143796665646
1684, 248.75573964669647
366, 248.6384463929982
2712, 248.49507183951434
1463, 248.46116790164186
3383, 248.3837829461199
1929, 248.35044242868446
1670, 248.2028536043159
2420, 248.1662102420797
1659, 248.14708688915047
1891, 248.0350272219204
2601, 247.90793460529406
318, 247.84004999596613
767, 247.78124828134267
2641, 247.43985448237734
2289, 247.42479012840843
2893, 247.29124599368433
1360, 247.14201861514917
2853, 247.11030332328826
2128, 247.04878505903372
3265, 247.01917576088337
2527, 247.0033331717103
1672, 246.91357353525896
3097, 246.87806525156626
3323, 246.8594331120199
20, 246.566705792548
345, 246.5201800746607
2901, 246.49264509897813
2738, 246.48943779114157
50, 246.35280621694562
877, 246.1414160561114
2843, 246.13489972744696
1645, 246.0540552804907
1936, 246.00369707018854
3224, 245.7911713666919
3112, 245.7881923574364
2656, 245.7569128082793
1047, 245.73663720286143
2174, 245.71257295656275
3201, 245.62636872777648
1730, 245.58158814792876
627, 245.5800468424483
360, 245.44196734663177
137, 245.34921555869684
2340, 245.12582862817126
2959, 245.0780022962381
1741, 244.8750548628534
2646, 244.84568641386716
1700, 244.81806490581357
811, 244.64770120245933
1668, 244.6318801740765
2681, 244.60139625304043
1633, 244.57089727699775
287, 244.5520324637174
127, 244.5440337065223
2568, 244.38364317799932
1313, 244.2676565744752
375, 244.25871118277314
244, 244.22027255711072
396, 243.9992364718873
2668, 243.92125055680592
2363, 243.65137412879488
1395, 243.52880587739045
2212, 243.48344161417313
3362, 243.47575766684773
3295, 243.4255417565629
1743, 243.3553235854724
2580, 243.20849544583277
978, 243.2026445872744
1657, 243.04103689099716
3136, 243.03453065976024
835, 243.03011258634658
760, 242.96259617723842
2155, 242.94347053670117
1699, 242.90536538239593
1805, 242.84876497802915
1283, 242.78191640501433
1671, 242.74292194382375
3288, 242.74102810045076
1363, 242.65302597347517
1938, 242.6211910885291
3442, 242.5220860074762
570, 242.5071642306628
869, 242.47962788620598
3013, 242.39589283828667
1724, 242.38594550647883
1754, 241.99619122434757
809, 241.80734904086137
587, 241.80480840170193
2608, 241.66582200338078
1917, 241.48517751727138
2383, 241.18319068810538
1988, 241.10204265553946
348, 241.06946585155563
1665, 240.90303981077298
2234, 240.83672648841497
2635, 240.76579356113012
218, 240.70472360013716
2253, 240.58304487816514
2886, 240.36076859279507
995, 239.9762679895393
1797, 239.96230832159532
2335, 239.9075146965299
359, 239.68486188424595
2485, 239.6421250093698
1941, 239.63705323446402
950, 239.63403097301975
36, 239.43378862117981
1706, 239.30453935798712
2137, 239.29919681554415
3023, 239.15809093764457
2726, 239.00212735003225
1338, 238.94305862499075
2118, 238.8380006173753
2883, 238.7565403604891
3311, 238.65947597175725
2563, 238.58660749712493
758, 238.44628615376905
2533, 238.39502274169828
2283, 238.35189744337558
1334, 238.32554688831056
915, 238.3245561439933
308, 238.19282517200327
2592, 238.03819288487531
508, 238.0236972603627
1745, 237.95643618814182
2451, 237.83911832073773
1637, 237.82804859957224
2493, 237.78911871464373
592, 237.75365810782216
1629, 237.73922738321085
1546, 237.70131306748578
2179, 237.5202708540228
2892, 237.38893167174749
610, 237.27426130057844
355, 237.2621761695415
749, 237.22752104695905
1592, 237.2021556974089
1728, 237.19363707083718
921, 237.0778789785408
2449, 237.03802377776822
1650, 237.01355866137868
1967, 236.8479615112817
3449, 236.7324544638313
1734, 236.46339531063995
2371, 236.39662949946245
2182, 236.39332739142554
1609, 236.31674805252976
1552, 236.08227438618204
2597, 236.035676815041
833, 236.0302143115293
3232, 235.95120355896756
652, 235.77172524044326
2204, 235.44877845687196
1337, 235.44009565409306
2838, 235.41272470746551
3254, 235.3646078143226
2611, 235.3290228188587
2887, 235.09756908918527
1924, 235.03356310780515
2466, 234.9688513613192
1639, 234.76854729714753
1987, 234.7366889958286
2848, 234.73157089344215
3011, 234.70321318915205
43, 234.53966051573158
1649, 234.46007186009376
1681, 234.44522881276436
2397, 234.41485120365815
322, 234.38518069416057
310, 234.38518069416057
2368, 234.22657888383566
2456, 234.0965530767984
388, 234.08307292568895
2729, 234.0823719408615
1812, 234.06896500117372
1923, 234.04900990192917
2697, 234.0379675809879
1697, 233.86820256450363
3094, 233.75432192136313
1955, 233.71036509511703
3005, 233.5658730064234
2885, 233.47229170856178
1901, 233.3818476914622
1704, 233.34658260158918
1679, 233.2629175364972
1945, 233.16769152390555
1648, 233.1345964455393
1114, 233.09242921614157
2486, 233.03316171095983
1816, 233.0243813792376
1727, 232.94737215211748
3451, 232.88545634068043
589, 232.82000973419565
622, 232.58611581464115
1545, 232.33511197839587
2658, 232.26292413082197
2339, 232.2203789390321
625, 232.01768157028314
2575, 231.84066891935436
149, 231.58633276553448
1802, 231.55893153813983
991, 231.37936050206878
1691, 231.19962247823597
1933, 231.17492366427047
630, 231.00262625468775
195, 230.76702668512647
3218, 230.7493089984217
578, 230.694947599037
2239, 230.5706424423395
497, 230.10372696102493
80, 230.0403464499932
941, 229.86230862150356
1749, 229.80258148387256
1290, 229.67755437350635
2944, 229.52684795143892
1798, 229.50592159405448
2001, 229.4669077272781
889, 229.40001979367958
252, 229.24264302043034
1000, 229.04914463421798
3231, 229.02897618935896
2235, 228.9970035232237
212, 228.88470942036224
474, 228.80434701705184
1602, 228.74984162773595
2604, 228.62653313015556
1845, 228.43299223261732
343, 228.36816951501618
233, 228.31497140346593
2827, 228.30859120158902
951, 228.09575665179693
1843, 227.9656658779689
2528, 227.82328230369376
2316, 227.6476944419905
2655, 227.6080721585768
2461, 227.37646091627755
1947, 227.28250177087654
1350, 227.28099917849823
2167, 227.20392551532197
2475, 227.19199682119032
2185, 227.09749443014115
3007, 227.02669108254463
2836, 226.94961603515372
988, 226.6786290934527
1702, 226.30642217665036
2589, 226.05344162381576
2282, 225.90172759261662
2995, 225.89096632378588
2648, 225.8747065850429
2453, 225.7618504530947
1005, 225.73768605201
2896, 225.18975570870484
874, 225.15585283307158
405, 225.05740559042525
1844, 225.02075674136765
1674, 225.00411585787734
2087, 224.96667825047427
1751, 224.83876818992607
2357, 224.5742907875394
1696, 224.45891841631223
2980, 224.35592858591778
25, 224.33961023142794
1310, 224.14044826241545
2778, 223.9959631067047
138, 223.67645991949493
1379, 223.48281971917234
1547, 223.3911375181336
2139, 223.3453800520928
2543, 223.34516533381878
1763, 223.28008624305068
2184, 223.2119265144476
2226, 223.10160421166432
1636, 223.01424192320607
2612, 222.93554441018514
617, 222.7420509406536
362, 222.73899970522834
1635, 222.72817223664498
3195, 222.54776555431653
2484, 222.26556735496172
802, 222.20594560498887
841, 222.0254314543394
2693, 221.95662482555164
1759, 221.74330514218516
2616, 221.66709538097487
196, 221.66590805200323
1384, 221.4115780296757
1826, 221.36010309158692
3258, 221.3500371208366
2855, 221.1862846502644
2945, 221.17072861953042
2673, 221.00606785699384
2809, 220.73471239768523
356, 220.6149778980416
1795, 220.56628677124317
2299, 220.50530470768652
2623, 220.36200713958414
909, 220.34753632847853
2564, 220.3422312195553
2249, 219.9355681348963
1775, 219.8630249665857
2177, 219.84430368695453
1737, 219.81804284242827
341, 219.63258809590937
1821, 219.60783374484197
337, 219.56309693450882
1750, 219.39631316240127
2264, 219.15687894205854
3296, 218.98900666162137
3313, 218.94880618219844
591, 218.83115280946498
2713, 218.78135642875688
2605, 218.7722345437123
2679, 218.71127992505393
2531, 218.50149558737317
1541, 218.47930159897768
2402, 218.46896609110365
472, 218.2926449530913
2498, 218.14333085148547
15, 217.32264085110089
394, 217.28407437358368
2821, 217.14556182571158
55, 217.08950631245276
2890, 216.99661110823905
2626, 216.9070008848466
3160, 216.8591932931988
772, 216.61821300891273
2345, 216.36671931351478
1012, 216.32750123197386
2894, 216.10666690195737
1842, 216.04967222216658
2462, 215.97556887420353
2349, 215.8126577932027
2490, 215.7647710871853
2346, 215.720152903597
794, 215.6796199753287
1526, 215.5229620407519
1373, 215.4727511238002
2687, 215.46002413435588
2248, 215.21688144123308
1355, 215.0477786109605
1347, 214.98434577796343
2341, 214.8204319304204
2586, 214.81267125692133
2342, 214.78380153396415
2570, 214.70492902892394
2492, 214.68741492523665
2094, 214.59544868615484
38, 214.3996295378053
1784, 214.32587864032288
1652, 214.27509529351687
3091, 214.2512594920746
3021, 214.11915626564533
3262, 214.02208717534623
1045, 213.77007584622038
3113, 213.7143670163025
2629, 213.67472374742349
2519, 213.61828143330536
2358, 213.5097759246136
2695, 213.23589406573896
2496, 213.20416652343008
2333, 213.15212889393706
2464, 213.11273769072267
2603, 212.97149686894824
78, 212.94846156064713
2455, 212.8752598580478
1762, 212.84410762788926
2538, 212.78907700524832
2822, 212.70640495281816
2692, 212.687641767903
2511, 212.66467934392503
2704, 212.64767594226922
2654, 212.62980939270432
2606, 212.41616048453773
1530, 212.39072576701412
2707, 212.26362035590623
2534, 212.24489610025526
939, 212.17913745648448
3261, 212.0003719163473
3193, 211.76993167434637
2313, 211.44718589996677
2364, 211.29636029728715
2869, 211.1380158659701
2935, 210.72489236635639
2675, 210.63518747095387
1960, 210.60747690736116
2904, 210.458625837498
3180, 210.36860665953884
3344, 210.07572973892403
2284, 209.98788424597555
2700, 209.8055233361824
1616, 209.71697257848191
1613, 209.55657956086455
884, 209.50688990352472
629, 209.45879858207647
2522, 209.3778802233862
2638, 209.27428247194345
1557, 209.26689353333262
3251, 208.92232073993424
2506, 208.6602787353363
2581, 208.4279965878706
1532, 208.35166362485253
2600, 208.323630960368
2143, 208.2340428188965
628, 208.20799368563027
16, 208.14392404424714
1542, 208.1354556137672
3329, 208.08186791512847
1931, 208.0799328876055
344, 208.0437878946773
1655, 208.0300002273019
2499, 207.99253040822896
3036, 207.54894261002374
2509, 207.43227498938614
1764, 206.91931760247155
2727, 206.70979914110183
2452, 206.56282523165166
3260, 206.39879816991228
1274, 206.39697910996182
2495, 206.02821138000706
3361, 206.0136075584549
3220, 205.9421246543458
1768, 205.84039824258298
1919, 205.78066001748894
2662, 205.57114789247169
2644, 205.48424207993259
1781, 205.41589396912752
2665, 205.32814700876156
3364, 205.2769577071852
2479, 205.275952544777
2460, 205.24469690935956
2488, 205.1251879002521
3165, 205.08571368581238
2760, 204.6566513643299
3019, 204.49884724274082
2632, 204.21765655152203
1765, 204.03253672131402
2044, 203.95781346016352
2079, 203.93915853523862
1190, 203.6603556071282
1559, 203.3815136834859
2698, 203.18493684233593
3100, 203.00834556159558
2440, 202.65326374591646
83, 202.5758349818861
2037, 202.47682165343033
793, 202.22600207492587
2530, 201.26214823772293
2714, 200.29004027168318
3301, 200.27887650269128
2401, 200.2425680913474
2743, 199.9253295350823
413, 199.65246450886704
1847, 199.63669673239062
2565, 199.40987416603886
2092, 199.24408020245235
2477, 199.12756876142112
2535, 198.94033230348495
2970, 198.58631463901233
3266, 197.94864371009976
2625, 197.68235601077913
1664, 197.38558510845766
2444, 197.11799180575878
2684, 197.11037421443413
2670, 196.49181203794134
316, 196.33457721837368
2598, 196.18025769462926
2537, 196.14181635165687
901, 195.97078721634853
1287, 194.9179648386769
2061, 194.851522785844
2591, 194.8358515108508
3357, 194.76391083542686
2664, 194.26917341910726
2634, 194.01777882781693
2472, 193.82454439769668
2552, 193.25524985950403
2660, 192.64451748988307
2699, 192.57186139943713
2667, 192.3186457361917
1564, 192.17093132971618
1267, 192.14659048781635
2576, 192.04281197060067
2674, 191.58886174804533
2474, 191.53782039292474
2659, 191.4742416356063
2669, 191.36856665579356
2494, 191.31923183217552
2457, 191.2968475701911
2661, 191.25665523594276
2691, 190.99291687325356
3008, 190.97272953918124
2502, 190.90502594583307
2501, 190.90502594583307
3033, 190.60170010205675
2631, 190.60111188928303
2617, 190.56250949660762
2510, 190.51101197490289
2469, 190.415318798115
438, 190.2076661695558
2405, 189.84048503346142
3219, 189.7122346308837
2614, 189.5163885190592
2542, 189.2101212434424
2541, 189.07362425086103
2627, 188.83792718882214
3249, 188.81754763337887
1364, 188.58108111834676
2609, 188.4804662416663
3216, 188.3739028919731
2521, 188.3425806828417
2448, 188.22253486825164
2637, 188.08178942090964
3253, 187.93493577627044
2476, 187.39393438951527
1109, 186.80287057003727
2504, 186.58119650858112
2724, 186.47660978949963
2702, 186.39611047622674
2089, 186.10926011091834
3223, 186.03058867835122
2956, 185.83032637487625
3325, 185.63282839306248
2678, 185.50392525538723
3263, 185.291230278864
1300, 185.0446804647551
2478, 184.9021238112628
81, 184.7172629131877
2567, 184.69380983431577
2619, 184.460338665885
2706, 184.10105659362767
2557, 183.64337540844394
2585, 183.61386952457852
2074, 183.43876903654302
2676, 183.40396175309132
2467, 183.37246512976222
2866, 183.34175283949293
2529, 183.2198551695269
3221, 183.01826766403644
17, 182.81252437233763
2560, 182.7714115648257
2459, 182.6957789295225
2554, 182.4877390108848
2082, 182.12141800297792
3222, 182.03719033649352
2544, 181.50729358294032
277, 181.21585658130434
2577, 181.06761009898202
2633, 180.92427474957063
2663, 180.78914329087942
3250, 180.7112618369099
2595, 180.703376065827
1560, 180.55791959146308
2685, 180.45606734504784
2642, 180.32433911855068
2628, 180.21530969632082
2482, 180.0368609735992
3217, 180.01100040028606
2573, 179.75558990511703
3326, 178.9591043225407
2523, 178.89033348228904
2689, 178.73946856892974
1969, 178.29451663378993
2545, 178.17597840277122
3365, 178.0374497111938
1052, 178.00758307906383
2680, 177.7988943113448
2443, 177.75788939819398
3358, 177.70057976130514
2618, 177.56555354604728
290, 177.54032590418612
2480, 177.49384877060783
2701, 177.18427783317847
2588, 176.72819458536378
2909, 176.70824670349913
14, 176.6692402861595
2481, 176.6566224575164
2447, 176.2503831029329
2445, 176.0658926247932
2463, 176.06044552712834
2458, 175.99154768262116
2465, 175.95740172422555
2047, 175.95079236120608
2613, 175.90662233423475
2602, 175.84692927877455
3307, 175.33954980769386
2489, 174.89625975547943
1965, 174.6822919616822
2643, 174.66364064851481
3345, 174.5887649397998
2599, 173.9976896021196
2487, 173.9525603400472
1358, 173.75495092838963
2512, 173.63049232469777
3360, 173.61997846239282
1046, 173.57001934978504
436, 173.15272226658823
2728, 172.93256971110785
2584, 172.83830181447993
2593, 172.3620981772078
2516, 172.24171357122347
2708, 172.22686026654466
2081, 172.14873524359695
1520, 172.0690307536956
2446, 172.01943004406536
2639, 171.30044899684222
3252, 171.25561633972734
2540, 171.25328958149936
2636, 171.1395364730298
3391, 170.3337493065408
3308, 169.9799718134727
2555, 169.82096452150225
2077, 169.65427034648462
2057, 169.62596865517597
2052, 169.59029916699927
2582, 169.4289957573382
2590, 169.41511197955592
2031, 168.4755929507247
18, 168.47324948729224
2090, 168.05126949655835
2526, 167.25540407326298
3177, 167.21071809979094
2468, 166.5945872619053
2441, 166.30069600079295
2450, 166.02751799411993
1519, 165.6174199594449
1537, 165.56623238189752
2914, 165.35811834155993
2539, 164.9712131402664
1053, 164.85541563337165
3446, 164.76953834235965
1103, 164.7476923058413
1118, 163.9640155730032
2596, 163.0832598152934
517, 162.9503309706246
2709, 162.3413214917284
2647, 161.31311233120817
3343, 160.93339248592
2615, 160.42598608632252
2066, 160.21264742496808
2579, 159.48570397864185
2060, 159.46649985579847
3238, 159.43120466318297
2038, 158.51668719812474
1558, 158.46339785556358
22, 158.3487532823963
2471, 158.24807506363751
2517, 157.74453185115442
3359, 156.69941011348007
2594, 156.6746751733932
2500, 156.3277442735608
3438, 155.11524333725117
465, 154.91839387990854
2040, 154.55415937377487
500, 154.0044291230338
2916, 153.95245892964513
3085, 153.66204165670516
86, 153.3393985490125
3237, 153.09690708262954
2503, 152.82795380691627
1878, 152.4712919881911
2064, 152.33960932291652
2046, 151.25672462926588
2515, 151.13090068133783
59, 150.52008036626134
2058, 150.39662217247235
2732, 150.31964624415156
3346, 150.11794011955902
2682, 149.9183030814588
2036, 149.8197493904179
1164, 148.50287379473173
2470, 147.79709769132364
2578, 146.96638872094917
2043, 146.50882600514313
3363, 146.50659213325588
507, 146.13105312303068
3240, 144.34864411869435
461, 144.22590285797722
2063, 144.13154597211312
2725, 144.05548550214658
459, 143.65915422000143
2085, 143.45268930930465
3242, 143.36773068851306
2569, 142.2330050417941
63, 141.91731277411776
2718, 141.89372185794159
3256, 141.15890372296334
484, 140.98151839477987
2672, 140.08868610075436
2910, 138.78207821417416
477, 137.97585751658528
111, 137.75565509658085
273, 136.9746231615388
2518, 136.90729935817254
3257, 135.99194929212285
292, 135.63233649343684
184, 135.451732318497
2532, 133.5769724142343
1535, 133.04032117831602
2556, 131.35805972920923
1051, 130.67642390748873
2868, 130.0952807681651
33, 129.46960240910119
387, 129.12468081638838
442, 129.02426954493268
185, 128.96015881533359
1165, 128.9519328676587
1093, 128.092758612586
490, 127.44653327536658
2054, 126.60699929323319
60, 126.51144234304809
3282, 126.21092094937062
305, 126.0463493934355
1092, 125.3569705122429
590, 124.49944439484584
1972, 123.61030910838906
2035, 123.27233075160827
1054, 122.52374378912913
223, 121.0571258540214
2049, 119.7141096276921
187, 119.66322483704633
2924, 119.13653342333696
2711, 119.06303316197143
3309, 118.83695528987312
49, 117.59082208156246
2062, 116.97458318041467
224, 116.18882563762124
2042, 116.1574189475271
286, 115.66486243829047
1861, 115.3679681378265
489, 114.63947280305176
2051, 114.10500190465356
2107, 113.74410795988068
2912, 113.66945457794112
2067, 113.45909900413032
226, 113.23564566048995
1536, 110.37917929654814
2925, 110.26810653859476
2923, 109.80576430666467
1048, 108.9624661680753
301, 107.24653128176593
2072, 106.39061478730015
1049, 105.21428185697118
285, 105.14067734444319
2931, 104.99205640250166
1925, 104.02073874697584
393, 103.73369621447233
2871, 103.38598621021497
2084, 102.38818241976968
1863, 101.40356464224813
2940, 101.38192349255631
2929, 101.01654453065902
1050, 100.99189396646987
2922, 100.6950940448054
2928, 100.59154048024425
795, 99.28673529142947
1158, 98.9658919464277
2926, 98.33757148871022
2937, 97.66227425441387
2952, 97.30146042730877
2872, 97.03820592705723
2921, 96.91807913622202
2927, 96.7232418539338
2911, 96.61027669902938
2938, 95.65293417420494
2933, 94.71148547999614
2939, 93.62585266404609
2941, 92.02951048616578
2934, 91.57138279394457
384, 91.00868501521953
390, 90.99952019288719
2954, 90.68519256020159
2957, 89.58014375637171
1534, 89.49039386247618
2073, 88.57705850159826
3412, 87.24204627224915
2943, 86.80725314843174
2955, 86.68433854531673
486, 85.39888003123065
2930, 85.16979125682074
2870, 85.10614229133401
391, 84.8110740365091
2873, 84.31757575391987
403, 83.86948373606108
2942, 82.50243954464112
2865, 82.29092485660843
1064, 80.72381648746482
516, 80.22383727122653
1468, 80.20032186710806
3145, 78.14769737151545
2867, 77.37006865753492
3411, 77.25244548992895
1862, 76.98551200588086
1264, 76.7477377376668
2012, 76.46749464745743
2739, 76.10410891281607
519, 72.7524735796145
1157, 72.74481116922134
493, 72.30780752451544
3121, 70.75934344711598
183, 68.13309427249308
3161, 66.71295794199911
1612, 63.988140663405694
