1320, 2038.5182220754582
1326, 1901.1214037571149
317, 1861.3830446622487
309, 1861.3830446622487
1402, 1845.9290409169944
1341, 1795.784568431224
1333, 1789.9706390774622
1522, 1713.2117472816412
1492, 1712.9526862266277
2250, 1681.8377247213145
269, 1651.1037134830224
1407, 1642.3835930083958
1496, 1634.538168917371
1294, 1594.0656027286893
1265, 1573.2190943475082
1376, 1569.7210079735496
1470, 1566.4585035041734
1351, 1521.9904147370642
1582, 1512.7589987686194
1528, 1511.132696099745
2132, 1506.0530429865153
1416, 1496.2775066514444
3001, 1488.5679434770157
1414, 1485.2233940609271
1344, 1485.088459951354
1281, 1476.8090028976212
620, 1461.627536782526
1472, 1457.7191674779453
1307, 1452.236409584629
1340, 1449.9923324272763
1318, 1446.321645209393
1305, 1436.12911497955
2403, 1418.9631910685293
958, 1416.5715231637957
1277, 1410.7015022879953
2156, 1403.6675554777596
1483, 1385.550817234518
2197, 1381.7619294446542
253, 1378.0033015592048
3034, 1366.8641725215953
1673, 1364.081104674992
1498, 1361.8480798229934
2155, 1358.5390184986932
1332, 1354.3497266844738
1272, 1353.372533097884
805, 1351.5075588441725
1504, 1347.1920573983978
1319, 1347.026437375879
1506, 1343.9486252519532
1551, 1341.4148068077457
1360, 1339.2966504908507
1342, 1336.579429427052
944, 1329.729234428803
2241, 1320.0603338737376
2127, 1312.7265404285995
1016, 1312.6128401189908
1280, 1291.9515925112037
2172, 1290.5843018844967
1458, 1283.2644748305297
1276, 1283.1929768571483
1375, 1282.215334261542
1354, 1270.3869353643813
1357, 1262.1621699516988
1394, 1261.529495552509
1010, 1261.3137141034667
363, 1260.2144259653255
1286, 1259.4570647296537
2176, 1250.5244464693255
898, 1249.5132983436652
1507, 1247.732869191969
918, 1245.5174962417664
801, 1242.9742309738506
1403, 1235.7980445073454
271, 1235.6433735362061
2130, 1234.065840398346
2154, 1232.561337899845
2186, 1230.2598700726069
1327, 1229.8218641750834
2151, 1229.2173750680458
2149, 1228.1682440092911
1595, 1227.1632658297724
1007, 1226.25454238043
270, 1223.5857451664133
930, 1220.916116251964
366, 1220.818252323417
645, 1213.271668762271
1353, 1208.759015003958
905, 1206.7464119532399
866, 1205.5154772192604
1304, 1198.3165787374749
1503, 1197.6027429316046
2126, 1187.2648483901746
891, 1187.2003714966004
2112, 1186.380454561471
1387, 1181.018899801914
1618, 1173.6240523796832
2175, 1172.2515239878926
1491, 1171.8964357410032
1317, 1169.9278194174556
2325, 1168.638862539496
1620, 1166.712867792633
1415, 1161.9652797840563
929, 1161.3826941253253
1282, 1161.0532956654931
904, 1157.8531624619268
1619, 1157.686707966207
740, 1153.9395073580276
2319, 1150.4878189814247
1329, 1149.5992099726986
1080, 1145.9664275314642
937, 1145.683016757192
1372, 1144.1165310665128
1524, 1143.3311126641424
1499, 1139.5497197080406
943, 1138.2912910029484
1898, 1137.486071067796
3012, 1135.2781556895363
720, 1135.2733230139513
1346, 1134.1182132688052
1480, 1133.6752440341188
754, 1131.5517315269622
1374, 1129.7810400174096
239, 1128.1243401285476
706, 1118.8925620245298
2410, 1118.3419058407608
812, 1114.0771742843303
3023, 1111.3742151438792
1391, 1111.3251629045037
1335, 1110.2510087383212
614, 1110.1290859571805
942, 1107.8291911230754
2368, 1107.1538244163817
3035, 1107.071612790353
934, 1102.2448749773148
1556, 1102.1132449158206
975, 1100.341671319596
707, 1099.7106117940107
361, 1098.4600852520969
1411, 1098.0474854975841
739, 1097.4278310075854
2119, 1095.0935093199753
1399, 1094.760338010741
3022, 1092.8677820071466
726, 1088.2985596250946
973, 1087.6763108901487
2222, 1083.8354639270158
1393, 1082.686740892373
1767, 1082.5441269974804
2225, 1082.1614470466716
618, 1082.129779103692
990, 1078.3105782697567
1796, 1075.9080291497135
364, 1074.547512856928
1548, 1073.5540804428654
1313, 1072.4579423279224
962, 1070.870369142963
2163, 1070.0746717810528
1500, 1069.7298410070719
719, 1066.7557945904705
824, 1066.213374415059
2129, 1065.8250771186063
616, 1062.2518815057413
2327, 1061.3938692692711
1292, 1060.4579685607036
2161, 1057.4087824259686
3038, 1057.334182806617
2253, 1056.1084928064388
974, 1055.0854960656654
1568, 1052.8465019048267
1017, 1051.4085753960167
2121, 1051.2266429437557
834, 1049.1741381075408
893, 1048.1581246721307
653, 1047.4658503389626
610, 1046.4186083684453
1283, 1045.3255960180531
1388, 1044.7839225411792
982, 1043.5991305197151
692, 1041.9510791595646
658, 1040.985140402877
1284, 1039.5500975222271
976, 1038.667932240169
1325, 1035.7454835264314
978, 1035.6951968519998
2202, 1035.651615882391
1395, 1032.5273745351456
924, 1029.497414320068
672, 1027.1319328477214
1293, 1026.676835078366
1330, 1024.8116853666127
2174, 1023.2849225966706
813, 1022.3598750085238
799, 1021.4465229273584
1837, 1020.5361167762281
1769, 1020.5271139773012
800, 1020.1256313317904
1479, 1017.6866399027991
2166, 1017.5561276941038
1602, 1017.4986452594468
1362, 1017.2994938998304
568, 1016.9209732321665
2159, 1016.2359680635958
1366, 1015.7837006122102
596, 1015.3086534199123
320, 1013.9953028369255
2148, 1013.9930451800229
2183, 1009.1458247707496
725, 1008.6494076418581
1419, 1008.1800323601216
1812, 1007.4319704435671
1799, 1006.8179789897906
2216, 1005.4906737370346
236, 1005.4022986754221
2436, 1004.1213833824916
704, 1003.8769094198707
2128, 1003.7211074246043
830, 1001.1265736003315
1400, 1000.9344678189454
565, 998.6080601791144
703, 997.3407083237455
1338, 996.7909823214105
811, 996.5538133051972
1334, 996.5028557192754
2847, 995.2454485451518
714, 995.1672619531051
2232, 993.3545793391507
705, 993.174235936331
967, 993.1368308443281
1275, 991.5712506812886
880, 991.1649298471704
1013, 990.7144778865106
1021, 987.742044172632
633, 987.5937412957616
1337, 986.9588786023588
2178, 984.2916924282661
1367, 982.6979413713466
2854, 982.3707334216383
1359, 980.5327128119486
422, 980.3070135157502
627, 977.2254578049203
1022, 976.3817737780025
949, 973.8822386318482
349, 972.213358497523
2946, 971.4868449289992
1493, 970.4572176948499
3045, 970.1040320973707
769, 969.9007263545053
3037, 969.7238199549909
359, 969.7189580915866
2363, 969.4871746178035
348, 969.4557007348338
1497, 969.2110961671108
1550, 969.1912506257145
1019, 968.975897361276
1554, 968.9534042656612
940, 967.7679502467859
695, 965.7983133015764
257, 965.6492652751083
1897, 965.2700732171992
927, 964.7368680833342
1352, 961.9365156058135
240, 961.8063834129041
1018, 961.6265737347026
2322, 961.0679052488977
2234, 958.3860209070982
314, 955.9429907188019
1779, 955.4941603852849
1540, 954.4407964894581
1015, 954.3763577799712
354, 954.0914291862715
729, 953.9507638319808
2146, 953.2264413541852
1273, 950.6488416616135
2932, 949.3513233184615
3230, 949.1065009800399
357, 948.0192740575412
1011, 946.0979234072003
995, 944.4531091069725
996, 943.9279791853364
3448, 943.5198036068587
351, 943.1929471488028
1363, 942.3052239536264
1311, 941.8432246841402
858, 940.1791402725618
1609, 939.9184933168793
987, 939.0755706141078
31, 938.8405959218828
235, 937.4316211867956
1365, 936.9562799081895
604, 935.3599755915726
2317, 934.2365265130517
1601, 932.6857238326656
646, 932.1623315961145
1553, 932.0897899232004
1290, 931.632599074438
315, 930.7923358495951
306, 930.7923358495951
888, 929.3148619897959
963, 927.9595566743437
559, 927.5725699455276
1008, 927.5110200216715
1009, 927.4025325451242
1422, 926.2882399563576
1192, 926.1677230096558
1383, 925.8739522203185
1377, 925.5818820701733
1285, 925.4388436343075
1982, 925.2301487884683
2114, 924.6094398904647
842, 924.5652342677209
897, 923.5110207730323
2893, 923.3557722944615
952, 923.257799838615
571, 922.8087406671715
1555, 922.6196851085534
1006, 922.2896257731211
1569, 922.2504941961542
1917, 919.9380956055479
792, 919.3179879670131
1417, 919.0614665035597
2198, 916.9244037147511
751, 916.0021023067031
623, 915.7832078856725
2880, 915.6805626091041
992, 914.439987366326
724, 913.5310527537915
1392, 911.7454041171333
782, 911.1625522964715
688, 909.8126525407044
1990, 909.6914961260613
2233, 909.5061174664769
2994, 909.2136985207131
968, 908.7275635032846
347, 906.3478338408286
573, 906.2165055783848
1303, 906.0803359414591
1819, 903.3403690169198
1020, 903.2605415606337
1343, 903.1897703976033
644, 902.9399389370054
2169, 902.2395738280711
589, 899.8294316921881
1323, 898.9301332749448
1405, 898.1416811554772
350, 897.6401557587577
2426, 896.9830932343572
308, 896.4810439060909
831, 896.2752150435365
2855, 895.7682463448022
233, 895.5321257555859
977, 895.1980584946673
2221, 895.1578625175343
241, 894.9510020901567
931, 894.9426033891812
700, 894.8518127061685
1339, 894.1599626954466
1420, 893.6880487697167
2182, 893.4272177844524
632, 893.1604864705477
763, 893.0423630772262
1621, 892.4465022744175
2366, 892.2482817755396
1291, 892.015827682831
1270, 889.2305313228958
1511, 889.1158563044071
822, 888.993698359808
1772, 885.9881328458715
868, 885.327635118224
871, 884.4436304226301
1056, 884.236098299103
587, 883.7536744600836
1832, 883.5630243452616
1552, 882.9004862242881
2123, 882.5720664861659
994, 879.0644422349094
2833, 878.9451186688589
342, 877.6004064539263
621, 877.2703057026673
779, 876.3212326395644
1805, 875.7405560178574
238, 875.4626613936503
1345, 874.0466993774286
1808, 874.0448310818219
959, 873.9061578029117
3044, 872.591710934174
2947, 870.6157499326447
809, 869.3047012948342
687, 868.8683196949039
1379, 868.7746492345403
1766, 868.1650735642105
829, 867.9862773558925
2144, 865.5037299213529
1368, 865.4202757223907
2245, 864.2808142926037
1777, 863.8653939188985
2247, 863.3268515565147
2201, 862.8574554604355
343, 862.4759572542866
755, 862.1986192401453
2848, 861.8061762965137
840, 860.9166470115058
873, 858.8487954285267
2323, 858.2669188220723
2881, 856.9108676261955
1310, 856.7714735665552
2903, 854.7874646853554
2125, 853.7182036907665
1268, 853.1151372403597
828, 852.7079606468434
1836, 852.5267983312879
1841, 852.2908702293927
1014, 852.198417050967
572, 852.1943878542759
2118, 851.4928662385261
1370, 850.4267329041314
231, 849.4366131562301
747, 849.3069922150652
1389, 848.190069866165
1948, 847.0345773105577
877, 846.6906068260505
1295, 845.8717193382329
244, 844.7378504029548
796, 844.0278179588753
759, 843.7517252651086
1278, 843.1992446673721
867, 842.8732218970541
1494, 842.6757931919042
752, 842.1601439192747
2237, 841.9957091174772
595, 840.8756687455108
1055, 840.649183571845
1916, 840.1171290580556
603, 838.4489298354973
847, 838.3633745234054
2376, 838.196864199201
1546, 838.1151924423934
835, 837.2558215452688
758, 837.2395377960918
345, 836.9713895350038
1349, 836.7322714822143
890, 835.4666488644029
3014, 835.3356539384317
839, 835.3325540449258
2840, 834.7986819848556
2254, 833.9311458602177
1488, 833.5111972907462
352, 832.6666757853749
710, 831.902151233697
1386, 831.2220801832642
1757, 830.9124536137488
1409, 830.7201094926543
765, 829.9358525416193
798, 829.9237744136883
2729, 829.8615094062454
921, 829.40694198905
666, 828.7939576878234
1538, 828.6245404185568
312, 828.459901938774
983, 827.4326678249868
693, 827.0089110921244
2950, 826.8428632430624
577, 826.8016819950949
2906, 826.7975242067768
322, 825.8001265918703
310, 825.8001265918703
849, 825.7644737421032
346, 825.5069413678434
1413, 825.3243468134986
1561, 825.133543741211
993, 824.7217095434967
713, 820.750530370955
690, 820.4358871276398
2897, 820.2309133328496
753, 818.4362703177943
749, 818.3629666207025
2359, 817.9745771196643
605, 816.6860793002014
2838, 816.3864433015765
2892, 815.7992777064758
229, 815.6886434488756
771, 814.9862520617819
1471, 814.3320421657654
1549, 812.9166728811612
988, 812.1538070915543
2115, 810.3958094900798
584, 810.1530381759401
806, 809.9188810821042
1475, 809.8057061474939
1816, 809.2975556346358
2367, 809.1976455995516
1981, 808.8692740831958
879, 808.6425059433246
767, 808.5477954788144
1787, 808.5124390387435
715, 808.3073669741906
887, 807.8851743430492
1476, 807.5267665832149
1350, 807.1943654240494
2248, 806.6071458458321
1380, 805.9805561188092
875, 804.0596774299142
668, 804.0155503711703
1786, 803.7782675204738
625, 801.9312672864199
2375, 801.9078471393046
712, 801.7783899185126
1797, 800.52985914238
797, 799.0848608397602
1802, 798.3073830355993
827, 798.2079790068328
2120, 798.0705919258278
2430, 797.6988608811204
1899, 797.487186514991
1930, 797.4104227916563
525, 796.9639817322053
567, 796.56944145931
1988, 795.957364652538
1529, 794.6358156878866
341, 794.3338101844387
2213, 792.6124010433884
708, 792.4760550473255
836, 790.3636692202017
307, 789.0264820626077
1384, 788.94931167707
1481, 788.7886078062021
1950, 788.4176181610381
2331, 787.5435444814841
652, 786.9839501262023
1992, 786.8573974312019
578, 786.5971725252724
2164, 786.3078098809881
1378, 785.5366947148211
355, 785.5349470945935
246, 784.9678491820897
2844, 784.8484063689334
948, 784.8020124969731
1987, 784.6630912707147
2423, 784.5477977175648
661, 783.27102950678
730, 780.8324570329979
2750, 780.6209530399238
2246, 779.3207932161881
1594, 778.3427278945894
576, 777.7780448572854
843, 777.5263438512828
997, 776.6047998118927
701, 776.1847295832722
770, 775.7325558611406
1271, 775.4335039767309
1901, 775.2927647499436
2150, 774.8398424144314
26, 773.3785823822432
889, 772.469716824621
2131, 771.8264519201532
1952, 771.6723035582417
566, 771.4146795706877
1348, 770.3877011283583
1361, 769.5359112036195
2437, 768.9879054552152
1005, 768.9543146328921
970, 768.1224499050119
2199, 766.4353455258636
2849, 765.8381597769065
1328, 765.1555377508449
2887, 764.0090441670262
1526, 763.9271288443235
919, 763.8122160747084
3024, 763.7575595178151
1508, 763.4794967472459
841, 763.326491949178
2147, 763.3039817375104
2328, 763.2247557025112
718, 762.9957922427702
1591, 762.8205758488937
1355, 761.7335014631387
656, 761.1653240352788
1563, 761.1143983331652
979, 761.0219263402445
2136, 760.6968266799308
991, 759.9434574994708
935, 759.528349006903
821, 759.1945118941085
1909, 759.1434954086606
2373, 758.8174638562881
2326, 758.4484210273727
662, 758.3596226913035
592, 757.9996626762213
2117, 757.9652851288831
941, 757.5932786623191
1820, 757.0357318166062
761, 756.9186888039301
2162, 755.9626107093303
659, 755.9448674181242
1408, 755.3581428818018
750, 755.3264344118822
2425, 755.0698564967946
2908, 754.6436567856792
599, 754.4011480632561
325, 753.882063223649
1390, 753.6265362071076
1592, 753.5287489117679
1385, 752.0848145306063
2361, 750.7035537902939
3030, 749.9120413193724
2215, 749.1098285399262
723, 748.9599276620721
570, 748.7324941503825
1778, 748.0892344443578
635, 747.8919635311936
1614, 746.9911745362717
984, 746.5940892622318
2316, 745.4114702979332
1817, 745.403601902582
2206, 745.2490803186619
1512, 744.5553464725504
1830, 744.1880943100344
2116, 743.4596406098705
1373, 743.11872423829
1000, 742.6929474032695
323, 741.934716909719
311, 741.934716909719
1829, 741.9183406071893
756, 740.2480452265924
915, 739.8001578739501
702, 739.7157193855645
1401, 739.2116652335221
1789, 739.0504364812797
3068, 738.912626150635
908, 738.8445091924063
3229, 738.8220957364722
1622, 738.7865916645866
1570, 738.394271496819
998, 738.2477166234775
648, 738.2477166234775
721, 737.8337626675856
2895, 736.4749158835921
1815, 735.7951948792265
1036, 735.439137812525
2001, 735.2416930792378
2377, 734.8264848335922
1774, 734.6152639401508
3031, 734.5784121076243
1598, 734.4264778035852
1545, 733.9474341693234
2831, 733.9455360792974
932, 733.7147387079813
938, 733.7039602622231
878, 733.1487262508919
696, 732.9934057043646
810, 732.1790302608135
2251, 732.1379659606603
318, 731.9204162997726
1801, 730.8202690590848
1953, 730.4870739528308
1900, 730.1383259717438
2852, 729.5844633830844
856, 729.5134397871014
1798, 729.2379924315621
1949, 729.1654614621116
694, 728.8989613179634
640, 728.5078132961274
865, 727.1946659838767
2173, 727.1049329091754
2229, 726.8648029840464
636, 726.8256776823863
1312, 726.6616518616769
638, 726.3043531182265
2324, 725.4211311932052
882, 724.8921407056372
886, 724.7226382602565
597, 724.0482703876324
665, 723.8019318935826
602, 723.2968511985262
785, 722.67345445196
2992, 722.5419920136487
1474, 722.3288818692265
1478, 721.6629288608592
1835, 721.5007833896426
2370, 721.0924255421179
1922, 721.0719934398803
1795, 720.680718252619
850, 720.4940170520598
2321, 720.1442010771295
2891, 720.0624188398934
1527, 720.0260340474556
622, 719.8679450771037
772, 719.8412636174379
1954, 719.756834279642
697, 719.3571316846893
324, 718.9145111002861
2839, 718.8017668617555
1505, 718.7060187764985
2113, 718.586431305564
2138, 718.0823809996178
947, 717.540550550414
986, 717.4056840770908
2944, 715.8943647852318
1044, 715.8942495199543
660, 715.3497020143864
741, 715.1961511747347
1613, 714.9456787828198
1266, 714.6725564723889
1421, 714.5665279144282
1347, 714.5141714966521
2190, 714.2276853814877
722, 713.5564050207742
2256, 713.2907359061852
1288, 713.10742002621
1482, 711.0572811681725
1495, 710.6197664997063
1490, 710.4569189134207
339, 710.1678922774414
2422, 709.3643458510425
585, 708.9526350756458
1501, 708.1428031745965
872, 707.8096146166973
675, 707.5216315597013
869, 706.9268285134018
971, 706.1742534037871
2165, 705.0497905539187
3273, 704.8202559484151
2901, 704.5152465846758
2230, 704.3251981335789
2418, 703.8367518287467
1845, 702.8471012113539
630, 702.7264589895201
790, 702.597185185033
2133, 702.5266170838471
2842, 701.5278064797789
1823, 700.495770896076
3450, 700.2078876267329
689, 699.5933981733887
985, 699.5311692100433
1398, 698.5336757305674
1547, 698.4702818441372
910, 697.7401411749067
1896, 697.4415504595971
1792, 697.4212443762402
1784, 697.2366704185788
892, 696.8771133265827
2168, 696.7624592991004
1834, 696.5460488813904
586, 696.0106326945239
3002, 695.3572898686768
1314, 695.1345291702409
629, 695.05692850724
954, 695.0416668973977
2209, 694.7221100765419
764, 694.64984143101
1322, 694.5658724708205
1984, 694.3007134855632
2228, 693.5949737388753
2374, 693.2494241996991
774, 692.0272252649775
258, 691.5170639049217
1539, 691.3219885738188
230, 691.0252051119883
2830, 690.9979594210681
728, 690.1126246331104
2402, 689.6133560199465
245, 689.2488726980133
2547, 688.8615175258112
683, 688.7980216647635
2329, 688.3215220393947
1886, 688.0738691179835
1315, 687.8644530851739
25, 687.3737355207207
2171, 686.8073427652844
999, 684.8721885089251
2843, 684.7639626668292
2850, 684.5066008107757
639, 683.8294125637086
802, 682.5480892037114
1908, 682.5360979294242
854, 682.0033923328691
876, 681.803299238531
1544, 681.31618955275
2231, 681.0657187134184
564, 680.457464012068
1902, 679.4419870087693
804, 679.1964230918832
1486, 678.5447467479269
1012, 678.4736097218846
2371, 676.1117872541627
2841, 675.5245373048073
2357, 674.9467016596114
1523, 674.1172813145686
3268, 673.5417441817934
846, 672.9739100769103
631, 672.9524112399772
3224, 670.3735687182208
1843, 670.0925372938368
1933, 668.9546297492286
3271, 667.1359876750871
2364, 666.1548932273621
2330, 665.1272412616876
256, 664.6899461902484
2846, 664.3136060294916
1331, 663.4785939334777
1765, 663.3446035036688
356, 661.5526200679781
319, 661.3935411964818
1396, 660.7174456353538
2332, 660.1508409954864
1921, 659.5177297501418
2122, 658.6603075757217
1844, 658.1926739233539
2888, 658.1872331496808
657, 658.0628247988935
870, 657.7799480060883
1904, 657.7334442304248
1840, 657.5998188158162
1942, 657.5719485689852
1469, 657.2990185292149
1821, 655.7372928609755
529, 655.7090989644175
558, 655.2745229999676
1289, 654.6055209997108
1321, 653.9242469608449
2140, 653.5968841685453
1308, 653.0963837494049
2902, 652.537208254333
1001, 651.8477631153198
667, 651.686108636393
951, 650.6607472649025
1382, 649.8246464659475
1775, 648.8737008718832
1190, 648.8734731534253
939, 648.3877580899984
1906, 647.4828615638235
903, 647.2035892501845
609, 646.1901619152801
1831, 645.9468529175507
766, 645.709048652603
367, 645.3170985192627
845, 644.7209921162153
783, 644.511368676781
1473, 644.4142578053467
2181, 644.3336820720433
2899, 644.0494864537321
1763, 643.6568804747667
2200, 642.9048377863526
591, 641.4497286359443
884, 640.8067850667416
1654, 639.3154133700463
1762, 639.0488198834207
1804, 638.4145457389318
1510, 638.0560163573094
674, 636.5413849525188
2907, 635.9230811121284
1793, 635.5484289739558
1599, 634.716766250207
2858, 634.036299730929
896, 633.3911187414085
2219, 633.1875576333081
1827, 632.019142796728
1842, 631.7946401454338
673, 631.3663021402236
360, 630.7206410669799
664, 630.6876689543709
2835, 629.7824579397933
1839, 629.2004325117039
1828, 628.9483898579991
3026, 628.9233301418127
1369, 628.8757221942162
2945, 628.7464242761669
3321, 628.3428455698091
1616, 628.3158061810515
1412, 628.1886269754009
2845, 627.2995800507248
794, 625.1825368182809
1371, 623.6821036778814
833, 623.0256185786485
964, 621.6333089481321
883, 621.6126712274973
1887, 621.6017245828024
313, 620.5671689594902
2160, 620.255165709382
2189, 620.2508593527667
1297, 620.1638684469076
1929, 619.1881595715637
776, 616.3841579871272
684, 616.2880269118824
624, 616.2880269118824
2896, 615.882284962148
691, 614.9508934780757
569, 614.8056801319398
340, 612.6337457010818
902, 612.2875881667393
560, 611.6606444159344
2420, 611.477143639752
780, 611.0416852457056
2905, 610.7787751605268
972, 609.760151597768
1274, 609.7309400212723
817, 609.5252145817499
3027, 609.328604761247
2829, 609.2901462571236
837, 608.5129533356263
2255, 607.3208919714211
2372, 606.7180445536587
1336, 605.677518065759
1037, 605.455708172873
3449, 604.8703013331951
1825, 604.6761552727546
2220, 603.7087011913887
894, 603.5829115325776
946, 603.5270985445464
2826, 603.4772897220118
1768, 602.8672083550209
575, 602.8266590816224
628, 602.0779765031909
2369, 601.3585028801734
2145, 601.085442659712
1764, 599.9849835587753
344, 599.97719263592
2998, 599.3448470664762
327, 599.328320793077
528, 599.3191009604336
2836, 599.178488563266
2427, 598.040634931815
950, 597.7610631709473
362, 597.6735579008144
2949, 597.5614861008535
960, 597.0785740821873
1279, 596.801684088868
742, 596.7740319488543
2935, 596.3644678396494
594, 595.5683397537623
1944, 595.4737029011882
989, 594.5247092684785
1905, 593.4472433148566
1935, 593.4375198938269
2095, 592.6640200889036
3451, 591.7064287151636
2837, 591.0894970087934
574, 590.5316624455495
1833, 590.5012008955221
2360, 590.1450878150243
698, 589.4931255617652
1918, 589.444124878391
581, 589.4025904302712
901, 589.1720864592924
321, 589.0856109634077
1781, 588.9216786947725
1920, 588.680912446911
2214, 588.2992816793094
2336, 587.9692211695116
1038, 587.8665969682181
2358, 587.6690621705714
2886, 586.911225636997
955, 586.374924714864
1938, 586.2694579061678
1790, 585.9144701556041
247, 585.1165323273553
1606, 585.0639861640194
23, 585.0061446208583
2362, 583.657744775345
1541, 583.6073907082596
2876, 583.5672158744752
925, 583.0606172070211
818, 583.0184184969149
709, 582.9573830459519
2834, 582.9024073895239
2000, 582.4857235347785
2995, 582.0649407291529
1565, 581.8785751381334
601, 581.742196735246
928, 581.2097088001534
593, 580.556716065864
2335, 580.249268868976
2904, 579.9942434994744
1826, 579.778382193582
815, 577.1169106859179
3218, 576.7981416869944
981, 575.0546472424975
3272, 574.919028010449
1296, 574.6705922764122
920, 574.4674783693571
2851, 574.2968892838308
2993, 574.1043310379766
3015, 573.9084760695904
1915, 573.7162922329684
1926, 573.704799809453
2431, 573.3157612611716
1936, 573.0024243418949
2828, 572.4701880413411
922, 571.9021476285649
2141, 571.5900577988859
2196, 571.2308207493016
2438, 569.6562778496635
2281, 567.1369191345601
1928, 565.2590800991912
793, 565.0690917091972
1934, 563.5160764639046
1822, 563.4830749213334
945, 563.3027335056993
853, 563.052794764093
819, 562.8810433428044
1356, 562.8045505589887
2365, 562.6946329195919
3233, 562.6796695729178
617, 562.5216716180062
2997, 561.3019115348233
2439, 561.0081406945218
2804, 560.9782364464066
598, 559.8869802315415
1947, 559.3195991644395
1924, 558.9385733338571
2137, 558.8899576081443
316, 558.868421110909
579, 558.5103494903987
2890, 558.4346933946314
808, 558.383464942346
2875, 557.7925116904493
3319, 556.0657100636039
1287, 555.4121474692448
2188, 555.1945210309786
606, 555.1907959074626
778, 554.6394145664154
926, 554.4316432133412
371, 554.0284635068728
743, 553.8110957921181
27, 552.9725308783336
969, 552.5013708269776
600, 551.3287096341962
789, 550.8365103339581
2827, 550.5125866132679
1807, 550.4707983495329
844, 550.4200169442386
2227, 549.8953522585934
1542, 549.6132288338833
980, 547.8695672567618
2194, 546.6151861605169
2434, 545.5338087939322
1023, 544.7287016557586
1453, 544.6431690629605
249, 543.7311246146699
2318, 543.7060033689713
2874, 542.5491345249006
1919, 542.295670997737
1306, 540.9942953215053
825, 540.965198245227
1983, 540.3533792252231
1885, 539.8565431276559
24, 538.7156022137706
857, 538.643336618045
3029, 536.8963075531626
1623, 536.8794842846023
1267, 536.6813912204883
243, 535.8529048419892
961, 535.2536308393217
1039, 535.1494179526508
855, 533.967381951166
1782, 533.6255597899393
2936, 533.4717971665253
2883, 532.8466155188069
1525, 532.69161129055
3267, 531.9072855577598
2142, 531.8163227681457
1783, 531.7078439309345
2243, 531.4569523850781
1955, 531.333193652096
716, 529.7767327199696
1945, 528.7812197396056
2894, 528.5789561897018
1999, 527.731685245099
2996, 527.456743491304
775, 527.4524227899644
1404, 527.2298591008781
784, 527.007564140998
242, 525.7811114342983
2236, 524.3362594182278
1923, 523.6426548737838
1210, 523.564924937707
2333, 522.8426062637793
1985, 522.3880337872791
717, 521.5666947474967
3018, 521.3273719425838
907, 520.394748905004
2187, 519.9328640748481
2879, 519.7456142838322
3270, 519.452887579761
762, 519.3699343982914
612, 518.7638801948347
1791, 518.5238164043309
874, 518.1504304833995
2157, 518.0330591575662
899, 517.8278769983951
727, 517.4845497656876
911, 516.919352174505
1884, 515.8934773538984
1903, 515.330659046015
1640, 514.3834975404923
2135, 514.3126615769776
374, 514.066395389715
807, 513.7824636582151
2143, 512.0489209329753
615, 511.8553206643693
781, 511.6230258249725
1455, 510.8920503953053
234, 509.84281376070686
3220, 509.7060876327215
370, 508.45768404375747
1617, 507.9502019762752
1932, 506.9290306859809
2885, 506.8565860786676
777, 505.527648612898
2124, 504.82177792353764
3016, 504.8026926746046
3320, 504.69245836250894
1959, 504.6849774763393
2334, 504.43382468233295
353, 503.87590305525157
1883, 503.6181354206918
1269, 503.32334403901234
786, 502.7184848433214
2877, 502.6066593159119
1946, 501.29283298290443
711, 500.01606067146423
1564, 498.3149064506751
746, 496.8546631874445
1956, 496.84190987595707
787, 495.00164052063155
1803, 494.91093238279177
3269, 492.65729544013266
2884, 491.86214926720606
2205, 491.64362818737567
1989, 490.7941858825469
1615, 487.6855698325688
1927, 485.5186951618298
3025, 485.2569350507899
1846, 485.1814147228241
2953, 484.45616510862016
2207, 483.59217440356144
1888, 482.47566328277674
3013, 480.5115874931333
2898, 479.6278829246872
1937, 479.52907159554485
923, 478.76857342841714
1776, 478.11232652139165
933, 477.9159246520738
791, 477.4018801069607
2180, 476.83415125777697
2882, 476.66595477739395
1809, 475.9686716135282
803, 475.7803159543624
1957, 475.11513702731145
917, 475.06948621199984
2859, 474.70073596587014
1780, 474.19881795700746
2806, 473.30018892144926
686, 472.76230598345404
2195, 472.59411810955714
1578, 471.810374350915
1003, 470.95832672367396
1931, 470.82563120890086
2856, 470.68180232756885
2170, 470.6368418957051
909, 469.4039595949713
2435, 468.63289978738567
2428, 468.63289978738567
3000, 466.2468335328089
900, 463.7894699225665
744, 463.5503765099366
760, 462.8063259034002
2193, 461.6644390984221
1943, 461.4123269620166
29, 458.4170616009513
1986, 458.1958989982441
1890, 457.7299712052528
1579, 457.02844733896137
3216, 456.9223029565423
3036, 455.7083233333655
2242, 455.1301971306094
2158, 453.09984955906367
1364, 452.752668663287
2262, 452.1206868301537
682, 447.66449123189835
936, 447.1265165780445
527, 444.8801839888621
1418, 444.7306129949178
94, 443.2149487465102
788, 437.3490173512762
1806, 436.58439570458086
1358, 436.11385728765663
2211, 435.56843768287865
1907, 435.56355069855266
1810, 434.56457927005187
1485, 434.0721645819824
2134, 434.01775819612897
1882, 429.55367440600776
1410, 428.62807878670907
248, 428.5284827821781
2208, 425.50754107813316
526, 424.1189121640687
1532, 422.98229406857604
1211, 421.09773397742947
1977, 420.54913104440806
3219, 420.20765131384144
5, 418.6735753375326
2432, 416.5192246082228
1004, 416.022124117606
3011, 415.29035503807154
8, 414.3056057500733
1509, 414.05954303673514
3221, 413.4432329113636
1309, 413.42144009977704
2878, 412.8148124441768
1653, 411.53811874102206
2153, 411.39517475564884
848, 411.1796127748902
1951, 410.27886188993375
3223, 408.5465815437639
3217, 408.0918253255753
814, 402.0956647483168
2889, 402.0024642210236
2191, 399.5791443030967
1487, 397.06401167621806
3222, 396.6634176298185
1577, 396.5755799802473
524, 396.52978830665126
30, 395.5748064809077
259, 395.1461277058678
11, 394.7398086659913
1484, 393.2092838699952
2991, 390.73290468739754
118, 388.2910015532504
418, 388.03803069841814
745, 387.8882112771711
1723, 382.6819232919841
1939, 381.50936500701323
1940, 381.4436670542936
1324, 381.380658537528
2999, 380.42807149164065
416, 379.29745917553544
107, 377.8494335324773
2805, 375.9218276487267
1818, 375.3774360345075
2832, 374.16268557366425
735, 374.141717620206
1824, 373.8899659822953
3043, 373.2039250275662
1814, 372.4495841582682
0, 371.83562632056095
420, 371.53972351101305
28, 371.165836102438
3235, 370.4010720858755
3009, 369.5141544937429
953, 367.68438659624235
1580, 366.1057929472414
112, 364.5173024021973
823, 363.74033912838553
3017, 362.3207709795691
9, 362.3196121845227
1426, 361.0632348613821
2429, 360.8346868206171
3215, 359.6048056463912
1427, 358.8828475143539
3, 358.1316902154042
2320, 354.61743584001175
2731, 354.4935372601296
1889, 352.40535392594967
826, 351.80936890416217
2857, 351.17800373549846
1255, 349.1799367620917
641, 348.5056841201865
1425, 348.05665413641947
1794, 347.83516370633447
417, 346.6436966913135
7, 345.6513605842281
117, 345.6241707553903
2192, 345.455007432397
3234, 343.77097592189256
3310, 343.26285197607757
1571, 341.86998851602146
1566, 340.3862748158927
10, 340.36973898737443
421, 340.3598434932169
2860, 340.1320441506289
1785, 339.5665657648747
1788, 337.8762031114966
6, 337.67058624329684
1661, 334.19329219065827
3228, 331.93360774832036
182, 331.9273119585517
1567, 331.0626930485408
1895, 330.1918587621347
1423, 328.0022961992638
768, 327.23028304344706
1575, 326.2476670328727
1800, 318.9812883336488
116, 318.6968280781918
4, 314.7291486829129
3431, 312.87621713992996
1573, 311.8927989624781
1454, 311.58896726546203
1062, 311.49899719123056
2861, 307.4498100812886
1457, 306.6396230778435
916, 306.48839349561786
1316, 304.6449977212931
1562, 302.99459060117186
2900, 301.7749228485177
1424, 301.68652696113963
3236, 301.34634941342034
1709, 300.9234431779236
1543, 299.1806401025905
419, 298.0889109884499
1153, 296.33907939890184
1, 294.7874699372501
1976, 294.26104077989066
2010, 294.19186259205406
1572, 294.06078169706035
2275, 293.5452695966372
3188, 293.5154943314309
3164, 293.41242813971616
1576, 293.1573611817064
1302, 292.7495940099652
1638, 290.35368960974455
2971, 286.5387031086134
13, 286.25011335476063
1632, 284.9280724988192
2433, 284.2765839698569
2351, 283.66263619206376
1958, 283.5052070759938
1838, 283.0768451657733
96, 282.8494916758569
637, 282.0539871351496
32, 282.018404305821
1694, 281.7991036657525
109, 279.6170719071241
68, 279.2368876269689
2270, 278.62319188186825
1216, 277.7206789339483
260, 277.3121314890316
1864, 277.1306899432081
1156, 276.4252931836614
268, 275.9032758868774
97, 275.45093929555395
1397, 275.292035414726
1574, 274.9204255772767
1073, 274.28997903923806
1151, 273.65811371799794
1440, 272.97847169958254
1962, 269.5088539816058
1634, 269.4631635056335
115, 268.86634547141597
64, 267.80717403135225
3392, 267.4022863624609
1813, 267.3038793792729
2801, 266.8955081254922
1605, 266.03362909661377
3387, 265.7514224516399
3417, 265.52045910177327
358, 264.7636206381908
122, 264.6480497954711
2395, 264.06059989005684
70, 263.0141255452782
69, 263.0141255452782
1178, 262.7375480678634
1588, 262.33777529477845
1034, 262.22166855986353
12, 262.0740970467033
2097, 262.0576053097854
72, 261.58073759023256
144, 261.4175300940107
93, 261.1911259499819
65, 260.9286409678729
3376, 260.2893299417162
167, 259.8389074976587
1406, 259.0013254949027
1152, 257.9657305423884
1180, 257.9223803921708
1663, 256.88901193221125
67, 256.7479002880905
101, 256.2454976138113
2400, 256.16819639707444
1191, 255.99874671399124
1693, 254.97710457727013
510, 254.2547848742687
1220, 254.0261260444034
1065, 253.52810840680854
2915, 253.33414118075356
166, 253.0544267335637
1428, 251.0267453213578
2972, 250.76952347021913
2399, 250.3625737851127
1061, 250.11800838373503
3428, 249.8711812759045
1189, 249.82319757803228
2384, 249.74907008296591
3356, 249.22867389645327
1068, 248.25891331392006
2787, 248.1312553080013
3374, 247.75935627324134
1996, 247.3793318790197
2414, 246.60847516422913
1467, 246.5091816422881
90, 246.4415360103688
95, 246.2036022605551
2775, 245.7320943082887
3122, 245.08720684993406
232, 245.02886086593418
3349, 244.53667459770784
2913, 244.51221846645373
3140, 244.1828842292394
1477, 244.09649659722965
3126, 243.5783294360539
3406, 243.1456139645002
267, 243.04336541906713
1518, 242.98174298627075
2550, 242.50325904184936
179, 242.39968341265399
2799, 242.08803241654752
1224, 241.83517744794878
1207, 241.52100766296255
1713, 241.31647675319618
1198, 241.15883924474358
434, 240.99438636863212
3422, 240.63822354782553
3137, 240.45711690950188
1658, 240.2537626137265
3368, 240.1754708768421
1079, 240.00125413474288
1123, 239.87263634874375
1441, 239.52754043208077
2378, 239.49967913817383
1108, 238.3321270922411
1155, 238.321477551127
103, 238.14519778650833
3328, 238.06148908229514
2551, 237.86099045627094
3138, 237.59647845654027
1120, 237.37544706053694
1225, 236.82706705088506
121, 236.67635311236825
1240, 236.60295999602212
522, 236.4232546630319
3060, 236.41588543314185
1150, 236.11146774708303
190, 235.74462766743207
160, 235.64214281103744
3337, 235.56748703723076
108, 234.9369216295813
3127, 234.859500379441
3116, 234.65204667870435
304, 234.6443358033736
1460, 234.47766111530694
2770, 234.37738246994186
1222, 233.90925276519067
1138, 233.89949663705363
511, 233.51384853976535
2977, 233.4584442804074
3075, 233.37702121131383
2411, 233.23884979448394
1078, 233.20030209564905
2761, 233.04700854385973
3088, 232.99216928496477
1134, 232.8193434503534
3104, 232.56260570691242
3096, 232.35135279334511
133, 232.25560560162637
338, 232.04604500101536
3355, 231.49854316502416
3067, 231.32804560859554
1194, 231.32773965369717
1135, 231.1610919578837
3390, 231.0267821690885
3157, 230.7481782435903
3427, 230.73204272885695
1656, 230.7295010347192
3156, 230.69992893805343
3152, 230.3340332296783
3074, 230.16885262349246
3087, 230.03258699833773
113, 229.82703722359778
2762, 229.50401262604208
2967, 229.4825761074323
3124, 229.39547153688545
1998, 229.30440246992367
3338, 229.0879392656571
2719, 229.00101371231435
3052, 228.991486816244
1435, 228.81738075316184
1195, 228.48298338323565
2007, 228.39110658501752
3076, 228.21456088992454
492, 228.01811366476872
3109, 227.78171259341326
1514, 227.59907131071336
2273, 226.96833749329508
104, 226.77417477919877
102, 226.76995168937896
1719, 226.37381554150932
2796, 226.29673626348108
1431, 226.2110844927321
2716, 226.15024026924644
1261, 226.03449129529594
3330, 225.99133361658852
369, 225.79137112421728
3397, 225.73934918845026
1251, 225.7382338063268
3081, 225.7248456859373
1116, 225.641334082849
1107, 225.57303252106064
2295, 225.42783729249368
498, 225.32941527371918
2268, 225.13648153455202
1186, 225.04174940947428
89, 224.87791931851106
3053, 224.45920333768638
3103, 224.36929608718472
1223, 224.33588989054164
1227, 224.14677851411625
2984, 223.7362869743352
1881, 223.68484860289277
2976, 223.6600658574142
1167, 223.62743595061877
2815, 223.5988703010882
2023, 223.58486773067042
2344, 223.45071040460948
1146, 223.27012736877114
2800, 223.2427626930383
553, 223.10212531187224
1127, 223.10164928436316
92, 223.08433537174935
1131, 223.07314369596946
1250, 223.02765226928585
205, 222.87277419281727
1298, 222.82497234499525
1446, 222.7444421152458
2982, 222.68764142419963
541, 222.67606516468163
1097, 222.49439725071522
1168, 222.37523382357904
3158, 222.2388035777528
1163, 222.22563210633038
1133, 222.10312949662278
2347, 222.06254601081199
1136, 221.8706055614109
1246, 221.77240684003291
177, 221.61909146906933
1257, 221.59307329622834
3430, 221.51155035065293
2771, 221.2794050447435
2028, 221.27003580630256
3377, 221.19795624541064
209, 221.10769569080495
135, 220.95769575347313
1593, 220.7342140175749
533, 220.6549832876877
106, 220.54366080240428
261, 220.39794428167207
1176, 220.3529905403484
1188, 219.85888076443325
3154, 219.81647087146519
192, 219.78523098762741
3141, 219.7259536547954
3335, 219.4816427293815
545, 219.38949251707052
2421, 219.17150724759927
66, 219.12434760313664
3117, 219.04209937655094
3400, 218.9224969708287
1059, 218.86805156274266
3102, 218.64757339864425
2412, 218.63910705605173
1196, 218.63710924334237
499, 218.55717779794628
3414, 218.35719502331852
1711, 218.01496650880446
1213, 217.72079451864607
105, 217.54949326179442
114, 217.52315795041136
2304, 217.2471582307715
1436, 217.192484570755
110, 217.1618297906823
1773, 217.15855266488902
1217, 217.1164273673054
120, 217.02109176913805
2065, 216.89568168600806
3399, 216.59042042388967
3394, 216.12548004545118
3351, 215.96214581469943
1242, 215.95664990029425
3398, 215.8287401443732
2406, 215.73639195880048
2355, 215.6916904656954
1197, 215.5917954727401
1201, 215.59070524256657
1181, 215.3302591877528
1125, 215.25274389041053
3115, 215.10778923244433
2350, 215.10258475323326
2356, 215.0851859693156
3375, 215.02183523144438
99, 214.69389802493237
1596, 214.59977277641357
1438, 214.19192339553234
1070, 214.18229936969396
1667, 213.99108235956882
125, 213.8779636133839
1182, 213.68887824610596
520, 213.2637347687961
3366, 212.78245132996182
3342, 212.6890470673343
1208, 212.37786457249373
1149, 212.30629325636758
1175, 212.2929147333231
2392, 212.27419883160488
2960, 212.26864548548113
1254, 212.18370034266366
3367, 212.06991760730838
1209, 211.8480485789526
3322, 211.65342129614004
1160, 211.48898399370267
91, 211.40915593918862
2413, 211.3242463528568
2080, 211.0788659930537
3131, 210.88252501352622
2014, 210.82827927155594
61, 210.78480916813234
2387, 210.64101165984127
62, 210.51085306320948
1137, 210.50037039607093
2396, 210.3155658492545
1229, 209.90391332125336
431, 209.77300617928282
1678, 209.4861031821475
1095, 209.39191608292415
2752, 209.1805260599783
172, 209.0074141963332
1170, 208.93086897690563
2, 208.8728680514847
1597, 208.85206627235314
1148, 208.78155596018112
1860, 208.7013555064942
3420, 208.3942958256
131, 208.26733846251304
1101, 207.78289752844742
3441, 207.53277325590633
2769, 207.50893826401526
1855, 207.46319847530975
1961, 207.3968583006118
1974, 207.21823781731317
1447, 206.9155705692702
2978, 206.83982224403422
3132, 206.80215628333448
1253, 206.75358204597887
3003, 206.64405378301598
1112, 206.61877760866773
2975, 206.42176479469632
2974, 206.42176479469632
1154, 206.42017745852414
536, 206.36141060470578
1139, 206.35447812413855
2409, 206.32675187464736
463, 206.2612133754472
1662, 206.12351755259496
2813, 205.95721190260707
1660, 205.82002442510156
2730, 205.73831163292934
1099, 205.489653668671
3332, 205.4873795896714
543, 205.2646910133714
3372, 204.9352645778697
2269, 204.62051789328876
2417, 204.40308955896512
1147, 204.38932601501418
3333, 204.36401630275697
3028, 204.30434643466432
549, 204.18135757170825
1857, 203.9062182549201
2290, 203.85241286490987
3139, 203.8057558131077
1589, 203.6578427078316
1761, 203.3159982570343
2765, 203.2240927870561
552, 203.2177925644178
1586, 203.18387024943593
1430, 203.07285927883626
3078, 202.99466553645928
3047, 202.9101813702574
2797, 202.82234918948728
1688, 202.82113299366097
279, 202.69093063289995
1449, 202.61849421716093
1096, 202.52790787246974
1262, 202.44646230901674
1199, 202.39368529638173
2798, 202.20919707616036
1067, 202.20809463721432
3198, 202.1807366989863
2717, 202.16691621608047
1141, 202.15594672447733
1683, 202.01207718712422
506, 201.98500140465157
2794, 201.65510799545743
1760, 201.39735263796803
1088, 201.326670648842
3153, 201.2702743367777
201, 200.81491957624422
1852, 200.6448025153386
383, 200.52131193048416
2919, 200.5203886437756
2862, 200.50427365811623
1206, 200.47040609199956
1069, 200.39396829202136
1856, 200.2303105365452
1872, 200.13533347577706
3425, 200.1051330712691
3393, 199.92761190649563
210, 199.51125170553203
3410, 199.4359434019571
1753, 199.42497498345347
1042, 199.3516757961051
3048, 199.32436256121653
1214, 199.13237841349914
450, 198.9159509093052
3004, 198.85049409089353
2715, 198.7909166846651
3280, 198.76235686543987
1236, 198.70494524062104
1130, 198.5357978460883
426, 198.49957352702413
1212, 198.40674325053934
1115, 198.3059394487563
3396, 197.9056618643653
502, 197.8825496311812
3291, 197.78845695441268
3125, 197.7772778114905
1041, 197.74512163703633
2819, 197.6086322474775
154, 197.448006124172
1608, 197.39994350187507
2009, 197.37058552620465
2753, 197.35196498965666
1145, 197.00521811449175
1025, 196.94233686190617
3286, 196.68679552232553
1600, 196.68025895482268
1465, 196.63487670287302
3429, 196.200913291604
523, 196.15152518745452
155, 196.1083676627606
1144, 195.98138102434413
476, 195.92813248075691
1867, 195.85445722934466
3106, 195.80514422220665
3061, 195.6857435065001
3421, 195.67496440684585
1429, 195.55976492209052
1083, 195.54741828965092
1174, 195.54589675930345
128, 195.52656162404432
1226, 195.5044478899917
542, 195.45889990443297
2983, 195.45354139679077
3334, 195.3447511847728
264, 195.1048146784386
382, 194.9981895888293
2337, 194.74956066311242
3073, 194.4380088655456
3418, 194.389470925302
164, 194.36825985286632
3086, 194.36461420840777
3395, 194.1230020908155
3371, 194.07038654763795
3416, 193.92109424208266
851, 193.8752622929411
283, 193.8487936516605
487, 193.81154742663446
1301, 193.80388687640732
151, 193.72235848969422
377, 193.5784402335446
1179, 193.5681914319183
537, 193.54020201835894
1607, 193.46958879797026
1128, 193.41675197629218
1299, 193.29750775954935
3339, 192.79111138909084
1445, 192.2420520676544
197, 192.23124853382038
1241, 192.12157227268895
2110, 191.9358314025166
462, 191.78540119691593
446, 191.5624157121992
1031, 191.50472842663615
2398, 191.39653143011762
2068, 191.372106203726
1464, 191.25612891807128
3196, 191.14039126306238
912, 191.09398445245805
1876, 191.07253115019245
2969, 190.93388316539358
176, 190.91497799557112
504, 190.82773721713417
139, 190.79369668251786
2303, 190.7185364076849
530, 190.70926002119796
3378, 190.6788979369821
1091, 190.57437759365524
2279, 190.5411613107744
2388, 190.50100805086623
2056, 190.36747534139536
3119, 190.17921540363986
1113, 190.16336529005346
547, 190.01989304290194
3402, 189.93667736094022
1094, 189.9099529002297
1979, 189.89429505000894
1245, 189.85849253374127
3369, 189.81253791010914
1074, 189.74654595716152
550, 189.54350197513665
2958, 189.54052786331852
2803, 189.49614236396724
161, 189.49207847459604
2990, 189.44498477468835
1451, 189.3824369363971
163, 189.32950600789022
1978, 189.2999327621215
2973, 189.20293205819002
178, 189.08728251141443
1973, 188.98189352752087
1811, 188.94448693628703
215, 188.83524212052316
3064, 188.78967050245777
53, 188.78566562799259
1218, 188.6524332188705
1437, 188.6015287775867
2968, 188.55109366635835
2754, 188.48205495275732
538, 188.3749454274126
469, 188.3253052284222
2309, 188.26734705046516
1849, 188.24403408043815
1043, 188.19889784158977
1442, 188.19485990181406
1590, 188.05940042147003
619, 188.04052104264957
443, 187.96153163118643
181, 187.91319844801464
1219, 187.73926170905688
2408, 187.72939630877778
1866, 187.7172420106238
414, 187.6603104671244
171, 187.6601858707304
423, 187.47458011792634
2763, 187.44791317458663
132, 187.35067915684002
2069, 187.0341881596659
397, 186.94117241191591
3405, 186.8497755008595
2818, 186.7763608998034
1030, 186.70599730080232
1060, 186.684493535685
3373, 186.6369896808588
1462, 186.58620387194924
1689, 186.50537411978675
336, 186.404064249131
3381, 186.3799079781541
119, 186.2422663627679
514, 186.06415275506086
2783, 186.02256797780657
1247, 185.98082575192976
2100, 185.79267533507576
454, 185.6792826485814
737, 185.6687312105345
3407, 185.48874326705814
3058, 185.133245077459
1169, 185.11070278800395
373, 184.96221783636088
1444, 184.94643081854775
3166, 184.91588965825204
2733, 184.83726765837432
1865, 184.80839824777797
2985, 184.7771560688399
820, 184.7126210717586
1200, 184.69363943444188
1089, 184.67758102340323
1027, 184.66300482113098
2105, 184.6295812548004
1117, 184.59449357296108
2966, 184.4837497882449
1736, 184.3008970526016
1183, 184.27949457002813
3353, 184.19918582238105
1124, 184.17285029706684
3408, 184.13791995072552
1119, 184.0896085657846
76, 184.07948082293873
3423, 184.06460852681136
1035, 183.92247489130526
1248, 183.9219148220623
3436, 183.76006640448486
448, 183.7231356628612
1193, 183.72090331087085
3181, 183.6553707484542
2297, 183.6062596778834
174, 183.60624194504103
2315, 183.52668993646682
2548, 183.51976411505777
153, 183.45508704806633
45, 183.4196389945203
430, 183.3325872452279
3108, 183.25833414587703
481, 183.18905412970906
262, 183.16893112005826
1911, 183.13591334650408
2071, 183.12981301502342
3331, 183.10524203857943
3227, 183.05803979415538
2918, 183.00430680154398
3049, 182.84422324132368
3277, 182.84142432802196
2271, 182.82556490856052
159, 182.7345138174148
429, 182.6616714328271
157, 182.65282001799656
556, 182.63548715841708
227, 182.57190262663394
3340, 182.43959900324816
3382, 182.42473715482683
1085, 182.29949455755755
532, 182.27766311609736
1450, 182.2360511254464
505, 182.13819832983071
289, 182.13373359632124
41, 182.06890727139725
2033, 182.00508163607563
2386, 181.94694147351873
1452, 181.94317516326373
582, 181.92014658186991
3070, 181.79550143087687
2099, 181.78489496115674
146, 181.7569917776009
1531, 181.73853638666736
736, 181.64176680585214
162, 181.64047063735387
3055, 181.47141620771657
71, 181.3964062404272
2792, 181.3285415723822
1676, 181.0640751902875
432, 180.97922329957026
3072, 180.83713000644184
2747, 180.78962501836867
3089, 180.64626704455938
1230, 180.54886600010195
3077, 180.332868148378
3370, 180.31250974036902
296, 180.2893540315808
457, 180.19206792529448
2979, 180.17596133087767
3303, 180.17554260337758
3155, 180.17368375237837
1126, 180.1695677726178
1040, 179.97992460338205
39, 179.86357463064968
2312, 179.78749353715386
263, 179.7287108215935
3317, 179.71799549766484
3437, 179.57286747394522
2382, 179.4807921813787
458, 179.23835928041473
3385, 179.22226797068046
503, 179.17495221979854
1584, 179.14402387693298
40, 179.1353567751337
2301, 179.12651474619094
1624, 179.014232677604
3046, 178.94233759158732
1651, 178.91788934638666
1110, 178.88738004216495
3118, 178.8241870786925
1603, 178.69086904157203
169, 178.6074894825731
1448, 178.58997089313957
3247, 178.49935597836208
3107, 178.25267610924413
3135, 178.17871597323924
1234, 178.1697812988552
1610, 178.14807322378937
2735, 178.0248998365994
1072, 177.9881173769258
2777, 177.9610471025011
1075, 177.91144979024935
3148, 177.90999488546169
1202, 177.89780161659596
3388, 177.63356807484843
2394, 177.58282367651626
2292, 177.56900040100314
207, 177.56085275826788
535, 177.28061592446397
2022, 177.26407805547262
124, 177.2620686554086
3302, 177.23555444665877
221, 177.14877084125334
1086, 177.02593276085653
554, 176.7990939778982
284, 176.7946789331731
2260, 176.72264310192213
2302, 176.71896113670164
1066, 176.68081933145316
211, 176.5284038016863
158, 176.50126694535686
3114, 176.49767669330149
170, 176.45373417413364
1964, 176.32729401644056
2274, 176.24602046783022
2015, 176.15976202263735
3401, 176.0966048575323
3419, 175.90417588637376
1583, 175.8581435482898
368, 175.85608122290083
136, 175.81255716798347
2265, 175.78747366865366
1173, 175.67618995040752
1166, 175.60395881221555
2740, 175.57767129417564
188, 175.45450958621134
3275, 175.43784133522325
334, 175.27045227447232
3054, 175.1586531968188
2791, 175.1369656259989
200, 175.08940408182949
1239, 175.08641778465542
494, 175.05915912876168
98, 175.02869975806172
1071, 175.0257446838259
1533, 174.95062195013983
557, 174.94862067344565
1585, 174.9366540834074
501, 174.92398823588692
2053, 174.8784528766218
444, 174.72230402680253
531, 174.63947176307948
456, 174.6068992549638
295, 174.58836358628312
202, 174.3955726538466
1215, 174.37864808766216
2807, 174.3370688476241
2050, 174.30884518712065
3069, 174.1725959822202
251, 174.1715346222156
180, 174.1000445886277
1994, 174.07704210670872
2986, 174.05451151971673
293, 173.938153069585
3379, 173.93653358865996
2964, 173.88341158710824
175, 173.83015912575038
3409, 173.79972835790554
482, 173.73024110983124
1263, 173.72447496877135
671, 173.6527002430588
3191, 173.6029643460797
333, 173.57500452794628
3341, 173.4186934907247
2267, 173.1745476135097
1456, 173.14789839701209
1026, 173.14746330254937
1228, 173.07447866883854
3142, 173.05140848434507
1187, 173.03432869720524
2277, 172.89800334862653
539, 172.77860424576542
3389, 172.75276013760686
1848, 172.69910565645142
1132, 172.60913367678165
437, 172.59832823646903
1161, 172.4861119214814
1032, 172.38790085505136
213, 172.3224248547463
1975, 172.30029881821932
220, 172.2366390912516
428, 172.20345408151496
2380, 172.15362589008888
186, 172.10418387278082
2308, 172.0716735487222
2055, 171.92552090762229
2737, 171.90552194274755
3179, 171.84997978569638
3167, 171.7978634646676
1129, 171.73143821762514
329, 171.628743347555
2772, 171.55565920097808
2298, 171.53669161983004
2961, 171.46874226390074
3403, 171.4299934382363
1076, 171.32123991647146
2006, 171.2158308711915
1203, 171.00105570505244
453, 170.987181078851
2424, 170.87472145935155
483, 170.87266647267649
2018, 170.87218068824274
123, 170.79609694759074
3010, 170.69660509430634
1851, 170.64863835248735
2306, 170.5459579953865
2963, 170.46136762006296
2311, 170.45719669091645
2348, 170.4289814423635
2070, 170.39189542266416
303, 170.33375275702386
2310, 170.31959936601473
1233, 170.30554525154275
330, 170.28328021562155
152, 170.03158445567638
2088, 170.01559135873188
3189, 169.92747454917662
3169, 169.89344976513595
3210, 169.88675658387055
332, 169.85864757219815
669, 169.76675377386366
860, 169.64703711132836
3205, 169.62617939295444
642, 169.52888579995073
378, 169.5109324894784
1143, 169.47758490864354
1912, 169.3937480357086
3065, 169.32724423891364
1090, 169.31713663237937
2764, 169.28961331211153
2389, 169.2464589148533
1581, 169.16027361779112
2086, 169.14537009106158
1466, 169.06824245187994
2989, 168.89921776057926
3203, 168.8605444134801
3032, 168.85715458435465
2075, 168.81554136820347
3426, 168.66259292186223
1980, 168.60882289775415
2059, 168.53176159124834
3445, 168.48142461749688
2011, 168.41560318511625
3404, 168.30171179614996
3149, 168.13970901668242
3172, 168.13630801159772
3182, 168.08325189882396
2266, 168.0475539273374
478, 168.02340029815267
852, 168.00645846266116
392, 167.9291766115407
2746, 167.81542505784753
2407, 167.78588941987388
1260, 167.78405519017673
129, 167.75933703165902
2103, 167.7504834518245
832, 167.6603597909734
3212, 167.6365609509047
471, 167.57017138378822
142, 167.56156717074262
2790, 167.53772646478077
1432, 167.3827990091185
2962, 167.37116097248887
380, 167.3708928100392
1997, 167.3511212947589
773, 167.32695127400024
441, 167.28880593178172
546, 167.22332059082214
1459, 166.99515121312908
272, 166.9700731371749
37, 166.83456168372396
2252, 166.82868548213045
2354, 166.7642391267792
475, 166.75861421763483
1252, 166.73849084606815
1963, 166.61572785241052
467, 166.58477746419908
1995, 166.55160220267348
331, 166.41806374300413
410, 166.38633902778017
864, 166.34328706725125
2300, 166.33922414546637
2774, 166.33392880121076
2263, 166.3100637181792
1991, 166.1853829562497
365, 166.11708892845675
1259, 166.07762695622432
3128, 165.8650022910745
297, 165.7714081249178
1098, 165.74781626435004
3434, 165.50194328891814
2352, 165.5012623125248
677, 165.33976831705087
3447, 165.33614359573343
2016, 165.3191712130837
168, 165.3151174254286
2766, 165.28417085082432
1184, 165.09751862682734
3202, 164.96894306816841
2296, 164.89264503414478
3190, 164.8616422605125
451, 164.74312756994365
3174, 164.73669161340186
3281, 164.71757842315398
2786, 164.6995778464686
3285, 164.66931900645446
299, 164.62637529046557
3386, 164.59589141329874
1690, 164.52590746716334
100, 164.49026057671483
466, 164.37814110895695
2863, 164.3684152436255
3424, 164.3015907806684
2026, 164.24103326167335
1177, 164.14878175739113
464, 163.99123634386137
3298, 163.88353422944797
208, 163.87799653410153
2083, 163.85500552508154
1517, 163.85209517985237
2223, 163.79381444763726
449, 163.61341536540638
488, 163.58824491787598
3056, 163.53080962553224
2759, 163.4908598681505
130, 163.43899008846955
2734, 163.40277515461088
1111, 163.35232715422904
3214, 163.25289299470825
2767, 163.23693611618285
79, 163.23143115723383
914, 163.2046942053814
496, 163.10817581650684
1604, 163.02548674151788
3173, 162.97066408320475
731, 162.96299792717429
1502, 162.94037489483262
2744, 162.8256226460179
328, 162.814893926707
3300, 162.60693830123103
3185, 162.54883317179383
3175, 162.50411220781163
75, 162.30304185268076
2757, 162.26596983524513
204, 162.00879441846126
2024, 162.00286204608003
2091, 161.96133950709745
2276, 161.9575527109498
1770, 161.9464742595297
2029, 161.9203504896461
147, 161.89295142997534
1077, 161.83519372917397
173, 161.83410045950222
2987, 161.80221228572458
2032, 161.73861017326948
2817, 161.6757498188739
3057, 161.66568128454531
1140, 161.4928299864159
534, 161.4404588901363
3098, 161.2913657549975
2261, 161.2675584350019
583, 161.20922388778624
435, 160.9109938804534
2278, 160.90731505902494
2109, 160.90065834694798
2078, 160.84900988644014
480, 160.81931908694807
2748, 160.76323120859956
3208, 160.74878418873368
2415, 160.74746063926887
1521, 160.68164363864344
3283, 160.60558589868552
1893, 160.4902003124161
335, 160.43870729606027
2381, 160.39679972930088
3244, 160.3281129085937
1850, 160.28858927448258
1172, 160.28070323924297
3276, 160.22831919833195
203, 160.22452311377054
544, 160.1608046251721
46, 160.15235992640376
1513, 160.14785823944175
485, 160.11175692930524
3226, 160.1010064337092
2722, 160.02317115924276
2027, 159.96733201133642
3110, 159.96591930854845
470, 159.95325420853408
1142, 159.84131422437213
3042, 159.8345905077951
3245, 159.80610105337743
3292, 159.68656094399282
2820, 159.67653406349257
738, 159.6109703617941
401, 159.56225192419006
433, 159.46399224926245
3348, 159.45962605167205
1029, 159.42012706854513
479, 159.38675634798958
3440, 159.2558336476812
415, 159.18662064693555
1256, 159.15652265208212
2076, 159.08133039268228
372, 158.98569981291945
913, 158.9722631800434
3093, 158.80462632268768
2224, 158.7382955720387
1443, 158.6894572297212
3159, 158.6491305046597
193, 158.6159731714334
1587, 158.56197609574585
48, 158.38534303607054
1105, 158.29394931127598
2776, 158.28260426286369
2965, 158.26747071764885
906, 158.2505221805408
1675, 158.2046329670118
2507, 158.15332733172573
650, 158.10241147734504
2013, 158.0369077324227
440, 157.9770178756697
2920, 157.92336923795824
1853, 157.9027272120506
1880, 157.88705236122803
2045, 157.85585763433838
2285, 157.79316374937244
540, 157.71465326271428
1870, 157.68996734285395
548, 157.65327314987888
2622, 157.5947376430179
2751, 157.5401586111657
1910, 157.51035198596733
608, 157.50601788902236
495, 157.43015531544089
1611, 157.4101218247949
2825, 157.40843763122976
588, 157.30271910265506
468, 157.1761184867263
2802, 157.08591056812
3293, 157.01849727124042
1434, 157.0036548628821
1433, 157.0036548628821
861, 156.78607881489634
1058, 156.7651869723098
1100, 156.75186922215218
425, 156.68423274253382
126, 156.65839635016374
2773, 156.6375345327059
191, 156.59353089799546
189, 156.547403446016
3297, 156.48404762117434
2020, 156.47308613785057
1087, 156.4385170301513
3209, 156.3667867213075
1235, 156.17770700094044
2291, 156.12730899417386
52, 156.0213701379782
452, 156.0003715712346
2768, 155.93103713241484
1204, 155.92906728739925
288, 155.8463644888259
1758, 155.83815363609708
676, 155.7752360787354
274, 155.69567358474424
217, 155.56452814002344
2416, 155.54198277249085
1063, 155.50291173396485
148, 155.50003930057983
34, 155.28740247924975
51, 155.23689123043238
2723, 155.20548476512676
3176, 155.0893319662734
2981, 154.90548943767774
2546, 154.7899388166087
3435, 154.7732996445867
206, 154.75979895405382
3083, 154.7087096767987
862, 154.58298407509403
3079, 154.56702907592185
1993, 154.54114060488214
1461, 154.51147447585095
2988, 154.4987973324306
1159, 154.48671357738826
56, 154.47480854168023
1914, 154.44529981035697
562, 154.4351247700837
1515, 154.41981262760015
816, 154.37856093355342
222, 154.1123386218921
2019, 154.11047854929626
3213, 154.0904140251745
3006, 154.06590362903916
3071, 154.05086262484684
3287, 154.02310033593002
1221, 153.96274948764162
2272, 153.82202041497123
1686, 153.76650604933408
1081, 153.64163310833797
1859, 153.4518740677804
1680, 153.40902757032183
3151, 153.32873097078647
1913, 153.19962711870136
2210, 153.16438838471194
2549, 153.03577595590517
607, 152.9698744629239
1381, 152.94276921562536
3259, 152.83455356924156
3084, 152.8171247912713
389, 152.74294145846295
2810, 152.73047816682933
266, 152.72458430853032
685, 152.61971730889695
1237, 152.58005508381572
140, 152.49557332358694
44, 152.47362972139834
406, 152.4615952984571
3050, 152.41934370078485
881, 152.35295764369317
2419, 152.30589072127844
2025, 152.08756635160984
198, 152.01083311289165
2257, 151.90021646951283
2307, 151.86448302014838
2041, 151.86024026244928
1102, 151.8477783442098
1033, 151.7784029032811
1732, 151.69372916601458
424, 151.68349596055523
2391, 151.6077530934137
1244, 151.59381934231723
3199, 151.53801011463008
1666, 151.44768248481338
670, 151.4057951003358
3051, 151.37612849463784
381, 151.3732540720136
1707, 151.30723463843907
2005, 151.13864475640992
2811, 151.13213187531198
407, 151.0918138959431
3192, 151.08672699351123
611, 151.02858392288965
2108, 151.0042156812103
165, 150.9994134958981
447, 150.97433394966652
1249, 150.95408952964772
3439, 150.93263203049116
194, 150.87086950632764
275, 150.76772053985445
2795, 150.67508454604666
82, 150.60988662793307
1516, 150.60762889165943
521, 150.60121765840023
555, 150.57144772441612
3246, 150.57075860929385
1243, 150.54135941477338
2343, 150.5404886630748
3413, 150.49285468109625
515, 150.4660850474016
2238, 150.37613932494102
228, 150.33011634702194
3274, 150.29066662742076
3315, 150.2653343043275
2741, 150.16307150237108
143, 149.95357364686603
3171, 149.86298265010623
74, 149.82891716573323
1002, 149.76028248670613
1082, 149.6378044337464
3178, 149.54445794192378
3133, 149.39583370714885
895, 149.27413306540345
2106, 149.20311799199803
445, 149.13215724619184
376, 149.1101467925484
3241, 149.07598259634236
85, 148.8909681808964
2034, 148.71549143095814
2286, 148.59758885401672
1854, 148.54899105637622
2218, 148.5272243711118
3092, 148.52384309039317
1742, 148.51276065350436
2294, 148.43481691333952
2736, 148.39106381947133
3336, 148.36592550122268
2951, 148.3344425074141
47, 148.32462455397393
3278, 148.3073163991801
651, 148.23092782390592
1084, 148.12446112946282
2259, 148.10067280668957
2808, 148.0062122154331
134, 147.99467333609894
1720, 147.989012618558
2093, 147.93910725130343
1122, 147.93415942776383
379, 147.9145113078857
3144, 147.91310910387458
2483, 147.89338639694418
3432, 147.88947318557973
3384, 147.84988928511044
654, 147.84231275967394
3170, 147.75728541482783
1677, 147.7426106232599
3143, 147.71849701950347
580, 147.70547067025765
1738, 147.6967767891444
3059, 147.64385136235927
57, 147.5317590336231
2749, 147.48764867975453
326, 147.4666685724815
1024, 147.44325629332815
678, 147.43675441916486
3204, 147.33974709496215
1162, 147.3343370579949
237, 147.3098303720738
294, 147.30837422448394
3163, 147.30154938623934
3062, 147.23702940545417
563, 147.12990956368438
1877, 147.08819948419742
1205, 146.96269798570586
1687, 146.9417835564422
2630, 146.915558222602
3101, 146.90957466483707
3305, 146.8451292831887
3095, 146.73350602943117
402, 146.70985342508513
3211, 146.68222841223215
885, 146.6017560037917
3194, 146.59075318283985
3433, 146.58827326054674
77, 146.48361212884086
1771, 146.3536062003279
3327, 146.34547427848833
141, 146.3356432420748
427, 146.32760431826924
1121, 146.2710225259603
680, 146.17117739298604
3206, 146.16955662652845
2793, 146.14984532738308
1725, 146.11623889056446
1439, 146.09133916008795
2789, 145.9084455329812
2651, 145.89233798727378
3380, 145.81906845951977
613, 145.81763976876115
300, 145.7617344627346
2314, 145.72236571359252
2003, 145.71361979480633
3186, 145.59431760591653
2666, 145.5241346603202
35, 145.51944620123425
2240, 145.24100903259202
1627, 145.23831912419755
3197, 145.19188270727363
1238, 145.1081796660233
298, 145.10237861152518
3304, 145.09809978186368
1722, 145.07127032251378
649, 145.05593870627308
3039, 145.00143894551456
1747, 144.9724549720306
2513, 144.9443570783045
473, 144.92019519954022
2454, 144.91035740176375
3312, 144.84656338936887
2048, 144.84278939970062
748, 144.7438143136632
655, 144.738986304818
408, 144.73380806357693
3443, 144.68688832161914
3350, 144.58335364637745
1729, 144.5266409506535
3294, 144.514580267688
2203, 144.50473008238387
1746, 144.4888083488787
3289, 144.4798951938382
2505, 144.45847682499098
73, 144.37891008955506
3284, 144.35858944787773
2404, 144.2825825484388
2280, 144.27873804324926
2002, 144.26743944319225
1685, 144.26560607540014
1646, 144.22253418521984
2583, 144.18831082460562
2288, 144.1726460040976
1669, 144.08685824446238
956, 144.00201209936526
3040, 143.90857915565388
1879, 143.90840349865016
1718, 143.82530185705303
2385, 143.8076924455924
42, 143.76745562422047
663, 143.73098532839543
1874, 143.72796604843353
3147, 143.6430522004999
491, 143.63715765423416
1231, 143.63611734196394
2104, 143.60499382875705
2379, 143.59666161429735
280, 143.56269752808555
3134, 143.5336509994617
1970, 143.4237971843851
281, 143.25560236909246
509, 143.20947195978817
2508, 143.1233101079566
3200, 143.08378642966252
2491, 143.0578562920982
3120, 143.04829326726488
2948, 143.03753096800543
3243, 142.99817551686596
1625, 142.89829492062756
643, 142.8565695220123
2824, 142.75182642896158
1695, 142.73431757616368
1875, 142.70926650049677
225, 142.6856698675209
1708, 142.67305559869862
3354, 142.62761888456947
282, 142.61055666039934
1641, 142.5542788176839
1104, 142.4453471370558
679, 142.3751269483262
2258, 142.3118156590141
439, 142.2504715763575
966, 142.2163036442126
84, 142.10921062342922
2008, 142.00218603879065
2721, 141.86014787381384
2742, 141.79633537080213
2442, 141.7335268511001
1232, 141.56330356500143
2671, 141.3537535129433
455, 141.31066961837715
88, 141.25933342425117
1868, 141.1978365027188
2566, 141.1146030425415
733, 141.00374505915025
3082, 140.9667226489437
732, 140.9560952329979
2393, 140.85637987612446
634, 140.71035980020756
3184, 140.67653716904994
2780, 140.675077410096
1756, 140.62019783418629
1258, 140.57942893236842
150, 140.50854383807948
3314, 140.4835250258261
859, 140.45729307727402
3146, 140.38284733619858
2688, 140.3602162973096
1698, 140.3564506716861
2917, 140.33493577394302
838, 140.32114498136443
460, 140.30889834104397
58, 140.22102825276048
219, 140.13884599508356
2353, 140.12660406314237
2021, 140.10866559396328
1971, 140.03175655901086
2338, 140.0284820182141
302, 140.00148037190496
2645, 139.95381646631404
2823, 139.88593290272505
1894, 139.81409015592573
863, 139.79721100720852
1171, 139.7714656151337
2816, 139.75675862428358
2587, 139.70952697405403
2784, 139.6734640624935
513, 139.64895419940026
3150, 139.64728819248793
1717, 139.64541750053934
2039, 139.6341224091795
1647, 139.6246348307249
265, 139.52608051868015
699, 139.41932486112572
512, 139.4072594471505
2553, 139.36627897312238
2696, 139.34599665084565
1644, 139.29460308446988
1731, 139.24848023386232
2098, 139.19266505128044
2788, 139.1798519399564
1740, 139.1425608045894
3264, 139.12661106339777
2755, 139.11285604637243
1185, 139.0969317490118
2524, 139.09214446121683
2782, 139.08955521489386
1871, 139.0115971109953
2812, 138.91303309741505
1968, 138.903702689314
3183, 138.9019803426998
2562, 138.85307449592673
1106, 138.82797346062773
3444, 138.7650395544228
145, 138.7577951694251
2287, 138.70001345323357
255, 138.68321641776564
2705, 138.55986195560402
3352, 138.54103824373138
3187, 138.5401469837075
518, 138.48353191892934
2864, 138.4530107348463
1739, 138.36853658559033
2559, 138.32686965873927
1714, 138.30099165667872
1858, 138.29754010923978
3248, 138.29656961387806
734, 138.27375481899148
398, 138.26647532139972
3239, 138.26622980425734
3105, 138.19864816544705
1643, 138.17403134644385
1682, 138.16328785970788
2758, 138.15888694622245
3123, 138.1384462717506
3162, 138.08615362190548
551, 138.06225350189598
757, 138.05242463448684
3324, 138.01599189009437
1057, 137.95741414759243
87, 137.86092061886768
2610, 137.82768552690868
2558, 137.74030358515034
3168, 137.70678642795465
1726, 137.6257879399965
412, 137.60098294305064
2607, 137.5941944274629
1642, 137.5377549481535
2217, 137.52633276704475
3415, 137.36826684033667
2677, 137.35262299220216
2640, 137.31874503622086
2101, 137.27747219526606
2514, 137.26574083308094
2244, 137.11874867152702
278, 137.11551042731878
1626, 137.0510496003492
2536, 137.0500378405792
291, 137.02521520234555
3063, 136.96818302605988
2004, 136.90770887770063
2694, 136.85868906418108
3290, 136.82909421973486
3255, 136.81576857094194
2017, 136.80052274633724
156, 136.75075311455709
2620, 136.7169502068485
3090, 136.6953625885495
2703, 136.63832798172916
957, 136.619309292111
3225, 136.59622631878943
1705, 136.56340235591384
3129, 136.54975994692302
2305, 136.52102169715263
214, 136.4564144519048
1703, 136.3427090193149
1715, 136.17989226089546
250, 136.10320065192263
1869, 136.04806589377128
561, 136.04256899177497
3041, 136.01141551579343
2710, 135.97290019022884
3299, 135.97112233968488
965, 135.96070241019794
2690, 135.95850243765585
2781, 135.94830678734462
1892, 135.9030314526391
3318, 135.89448888132907
409, 135.84486543280724
2686, 135.84275051222167
626, 135.79039389163648
2390, 135.6935320404292
411, 135.597605646331
1752, 135.58743465256848
2152, 135.49706951401157
276, 135.46212468827497
2473, 135.4316940972914
1755, 135.42858507420726
19, 135.3992442880469
2030, 135.3616050812144
399, 135.22267966016673
1721, 135.21061223228054
3279, 135.20134205423847
1630, 135.1757073354718
2814, 135.1379251210009
2574, 135.12998580172533
3080, 135.12146345603438
3066, 135.05187608841635
3130, 134.90613022269972
2102, 134.87958922483165
2571, 134.8676529912909
1712, 134.8442466500015
385, 134.6987071143766
199, 134.69602992394917
54, 134.68906560874947
2779, 134.64884319404342
2657, 134.6147982643436
395, 134.43689242271097
1628, 134.41556531109208
216, 134.37583456576047
1692, 134.33091680356313
681, 134.29477066389123
3207, 134.2200218999918
1733, 134.1583660542894
1701, 134.05593855810918
2653, 133.95917428674767
3347, 133.93458936130455
2650, 133.9334901874921
2497, 133.8820633284521
404, 133.8538216072508
2756, 133.77390293623796
2624, 133.7351559582437
2785, 133.64835298932292
3111, 133.63920984211822
2111, 133.57153434236895
2096, 133.57153434236895
3020, 133.51561422434034
3306, 133.47888307861595
1966, 133.44432817569754
254, 133.36137524805588
1710, 133.26447048547567
2621, 133.11928227391195
3099, 133.0146003362956
2649, 132.87340678592554
1631, 132.8348032739982
400, 132.81205683266407
1028, 132.75755135764348
2745, 132.7029507132238
2561, 132.68751400835527
2683, 132.68229786313725
647, 132.64159773428906
21, 132.61871607118212
1735, 132.54074754662565
1873, 132.42045064848486
386, 132.4155101463315
2520, 132.37532311931136
1744, 132.33363229645602
1716, 132.30927413613355
2525, 132.2013216535129
2712, 132.1882318698431
1891, 132.1403379154335
3265, 132.13502286978934
1748, 132.0982840016067
2293, 132.0577218669854
2572, 132.05576785591606
2720, 131.99300561858067
3316, 131.99101319830203
1463, 131.90414434165848
2641, 131.87328826579923
2527, 131.73021475792743
2738, 131.68332704325962
20, 131.62581479861953
2652, 131.60999719912252
2681, 131.45822142378455
1659, 131.4546551505983
1684, 131.4500414420268
3112, 131.44380030609076
1670, 131.42817715769303
3383, 131.42505833246528
1047, 131.41499895768186
3097, 131.39523510575003
2601, 131.36290859974767
2289, 131.19193022898457
3323, 131.12594690866757
3201, 131.11395315014317
50, 131.1020984556229
1645, 131.0885767803426
1672, 131.03735024475378
2853, 131.0066491517231
2668, 131.00618221240074
127, 130.98284773211597
2568, 130.94289730891725
2959, 130.92509279920435
2656, 130.84267272468344
396, 130.741116799007
137, 130.72808295543734
1741, 130.6757349640155
3295, 130.62641101045187
1730, 130.587092643993
2340, 130.53388880622984
287, 130.53215712771956
375, 130.51487721782624
3362, 130.48883235938368
1633, 130.4000621085483
3288, 130.37154891666734
2608, 130.30010504746687
3442, 130.27219377962734
2646, 130.2619726226078
1700, 130.22282073434337
3136, 130.20933388407573
2580, 130.15172902956368
1668, 130.14787021897766
1657, 130.05160911285313
1743, 129.91373618942183
2635, 129.89724851300628
1671, 129.89634166545886
1699, 129.87934101042904
2212, 129.74347709746814
2563, 129.7205488050096
218, 129.5708402715668
1724, 129.56443264346018
1941, 129.47236959403406
1754, 129.40347449073084
1665, 129.38250705086088
2383, 129.3568705887503
2726, 129.24276247790326
36, 129.19933896169826
3311, 129.1608762269239
508, 129.07837498691657
2485, 129.07769194563548
2533, 128.95976648016935
1706, 128.9014437476146
2611, 128.8841795485475
2493, 128.80756216913892
2449, 128.7885673229599
1745, 128.65870440222372
388, 128.64715886799624
2283, 128.64475760953928
2592, 128.53140008476498
2451, 128.47085509237968
2179, 128.44676671324018
1967, 128.40591867490357
1637, 128.35978553366706
43, 128.3133245452871
3254, 128.23020470593656
2597, 128.21723608893353
1728, 128.20586154100954
2466, 128.1380993864888
1650, 128.12231026546468
3232, 128.10988323335786
1629, 128.05842916853723
3005, 128.0300604758951
1734, 127.98338767015072
3094, 127.973632042639
2486, 127.92119501840776
2204, 127.86966770881553
2397, 127.785767216592
2697, 127.72104668148123
2658, 127.6937597882243
1639, 127.60925497992325
1681, 127.54832421857701
2456, 127.54822513355217
1649, 127.53029998584253
1704, 127.44043218189418
149, 127.36078951865906
1697, 127.2954163353222
1114, 127.24520968871748
1679, 127.10044254771637
1727, 127.07515174666786
1648, 127.07192562140912
80, 126.98928337684214
2339, 126.93637662278127
195, 126.73084998365552
2575, 126.53073028704218
1691, 126.49735338926602
497, 126.46781482374655
2239, 126.29111051081888
252, 126.25151906529241
212, 126.17155857082003
1749, 126.09306583637758
474, 126.02317705066609
2528, 126.01941036940323
2235, 125.96435817957534
2604, 125.87257483768883
3231, 125.86367960110306
3007, 125.81722742171992
1759, 125.69239815067952
2475, 125.69220424897216
2655, 125.5270031555603
2980, 125.4894531181464
405, 125.45078888798646
2453, 125.42222374153384
2167, 125.35693451638063
2185, 125.31990081585927
2461, 125.29032414853089
1702, 125.04393609828342
2648, 125.03296301404934
2693, 124.89248182555801
2282, 124.88641991122039
2543, 124.77771314207052
2589, 124.71677715561492
1751, 124.63697764749386
2087, 124.45746648396207
2612, 124.45328414500725
1696, 124.43359684223883
1674, 124.42610004257848
138, 124.36683343356313
2778, 124.36319795715634
2226, 124.14749642283044
2809, 124.13911142203098
1636, 124.11018238520786
3195, 124.09724387587929
3258, 124.06267992861805
2184, 124.02056061818014
2139, 124.01151034226719
196, 124.0090074751516
2673, 123.86156061053313
2484, 123.76487063658409
1635, 123.75976911791922
2616, 123.7166556745069
2623, 123.70432435443753
394, 123.26657523316015
337, 123.25344421661659
2713, 123.24281571338796
2299, 123.2101640496823
2531, 123.10639473389973
2679, 123.08097512695566
2605, 123.07674596971626
1737, 123.00977214229883
2498, 123.0076857184126
3296, 122.9930654106439
2249, 122.93885034479345
3313, 122.93276023773664
2564, 122.93147963180655
2177, 122.91742450974036
472, 122.90196881126552
2264, 122.88007140140944
15, 122.84835307525869
1750, 122.74798694569682
3160, 122.69442507716515
55, 122.61548899525516
2821, 122.43194759593105
2462, 122.20751036448891
2626, 122.17991849818894
2349, 121.91430462492576
3021, 121.84089752100387
3091, 121.83859273058009
2345, 121.83179470800881
2687, 121.81233215309548
3262, 121.76223621085255
2490, 121.75372476485421
2346, 121.71645362223555
78, 121.69731274355459
2586, 121.58002644744163
1045, 121.56749117841117
2341, 121.48100111664236
2570, 121.45465915881356
2094, 121.42793212407909
2695, 121.40895443066321
2606, 121.38486008241118
38, 121.33970652782999
3113, 121.33625180867735
2342, 121.31345297285186
2496, 121.30068027122124
2629, 121.30029528564336
2519, 121.27021417225735
2492, 121.26520565968278
1652, 121.2545952315558
2534, 121.2171641790747
2603, 121.21665572147997
2654, 121.169829922354
2511, 121.15317304721269
3261, 121.1399384769132
2464, 121.13545680359583
2538, 121.10930577055429
1530, 121.10242871902854
2455, 121.09339988380452
2822, 121.06803141097075
3193, 120.98358478967275
2704, 120.92066693022228
2707, 120.8490364572095
2692, 120.83093329365661
2675, 120.78921831222296
2869, 120.78197536774809
2700, 120.75792889204816
2509, 120.49001333732251
1960, 120.42936415122229
3180, 120.40529089828496
1557, 120.3581424636464
2313, 120.35737518882601
3344, 120.13193269749112
3251, 120.02217963440181
2522, 119.89035310187677
3329, 119.85825301610352
2638, 119.84533122785781
16, 119.8146810378798
2284, 119.80386394585983
2499, 119.7264564493327
2600, 119.70041057620985
2506, 119.67537652220433
2581, 119.3513551689388
2665, 119.29839447380483
1655, 119.27681152677442
2727, 119.26688621026508
3260, 119.1603334920415
3165, 118.95681288397286
2644, 118.94072168877678
3361, 118.93894589813269
3364, 118.77851888674665
2495, 118.69402824802077
3019, 118.66309010140628
2452, 118.62975255810757
2488, 118.60758313830678
2662, 118.55094552822682
2479, 118.53408665362237
2460, 118.4329617966042
2760, 118.37541518103548
83, 118.33188320495961
3100, 118.32797990561032
2044, 118.21195713133226
2632, 118.14278540695213
2079, 117.98270823928175
2401, 117.8566760542052
1559, 117.84569242096245
2698, 117.77579368443416
2037, 117.67393869997818
2440, 117.55532981033257
2530, 117.34657306906513
3301, 117.09017706728105
2714, 117.02758530733126
413, 116.93872080141534
2743, 116.84747777350852
1847, 116.8190530506036
2565, 116.8079361442436
2092, 116.66055759293884
2970, 116.65589974708894
2477, 116.44182267760044
2625, 116.3208039016072
2535, 116.30180507400438
3266, 116.20353136146437
1664, 115.81901525440188
2444, 115.81523149274761
2670, 115.69349303355717
2684, 115.69311502579887
2537, 115.65199387538814
2591, 115.60659698215154
2664, 115.40551099159548
2598, 115.31037689374882
3357, 115.16754910913397
2061, 115.11304577088421
2472, 114.5943634259935
2667, 114.55780657478583
3008, 114.49420448192728
2660, 114.47451318855617
2552, 114.40511027933933
2674, 114.31772555650721
2634, 114.31145009866594
2457, 114.30243551696013
2699, 114.25130426400295
2659, 114.23651482236261
3033, 114.1924758048203
2474, 113.97424848448314
2576, 113.96820303176392
2669, 113.93774363040194
2494, 113.89083586847985
438, 113.86942999632944
2661, 113.77174698213847
2691, 113.76727913287756
2510, 113.75625048082624
2631, 113.69171614625071
2405, 113.58326509716655
2469, 113.53397448202045
2541, 113.48547202441766
2617, 113.43177650179946
2502, 113.4101494176387
2501, 113.4101494176387
2614, 113.12770382147514
2542, 113.11971042773068
3249, 113.09114786097929
2609, 112.96828131248994
2448, 112.93927005074599
3253, 112.82372772218184
2627, 112.76225630859251
2637, 112.68136038215225
2504, 112.6767687512467
2521, 112.67555452469605
2476, 112.55959975104426
2702, 112.510059773466
1109, 112.45424295259832
2724, 112.06323698050677
2956, 112.03969796858095
3263, 111.92545166378179
2089, 111.90970998866861
1300, 111.87804336691534
3325, 111.81512055167644
81, 111.76337206860426
2557, 111.57683065828714
2478, 111.45058210883582
2678, 111.44076225513406
2567, 111.40035268005558
2619, 111.34446852898306
2866, 111.32621561861379
2529, 111.30213878591314
2585, 111.11260732043935
2706, 111.10314524360687
17, 111.0323379842205
2074, 110.99054055439008
2676, 110.96060387669527
2459, 110.91009539152168
2467, 110.89314358575648
2560, 110.88365246881988
277, 110.57281503284878
2554, 110.54119966814554
2663, 110.44714158272204
2082, 110.43409887288992
2544, 110.30155507920699
2633, 110.26856720545005
2577, 110.19886790632592
3250, 110.16551672527494
1560, 110.0280022836465
2628, 109.93841069684693
2685, 109.93352662759285
2595, 109.93014601132852
2482, 109.74913575055838
2573, 109.73628478866719
2642, 109.49508233432584
2523, 109.43191145719808
3326, 109.34976716359657
2689, 109.29850146599895
1969, 109.24464238348872
1052, 109.18637203915179
3365, 109.14544344254199
3358, 109.08101779914556
2443, 109.04885922504518
2618, 109.00643304449925
2545, 108.99874731664487
290, 108.97837893015424
2680, 108.90581134410527
2447, 108.82390136886355
2701, 108.81611367696284
2588, 108.75618599547413
2481, 108.72592925814835
2909, 108.69129741850597
2480, 108.65938436214542
14, 108.630145372794
2445, 108.60919647039152
2613, 108.59055905548742
2465, 108.42344034122438
2458, 108.35055082778518
1965, 108.34528697051063
2047, 108.24646362020898
3307, 108.22705798510736
2463, 108.12601224455334
1520, 108.10136656154879
2602, 108.03091778212114
2643, 107.82847910970439
3345, 107.8085484491417
2489, 107.76887610502136
3360, 107.57633705017129
2512, 107.52514874833817
1046, 107.45771676209013
2487, 107.41236983730974
2599, 107.41012318034257
436, 107.34641013501145
2728, 107.17347441644513
2516, 106.95545424156475
2708, 106.95366468722193
2593, 106.92995825152678
2584, 106.83364419921554
2081, 106.82271070828429
2446, 106.73003535777623
3252, 106.57050324604894
2636, 106.4517336921156
2540, 106.44667318090303
3391, 106.38157452010431
2639, 106.16367319766404
1519, 106.14392855858227
3308, 106.11351395130352
2582, 106.02699787236405
2555, 105.88144304218594
2052, 105.83577104530933
2077, 105.75998276754855
2057, 105.71130098480955
2590, 105.6299246682254
18, 105.45781840742458
2031, 105.40146839943131
2090, 105.30571797847404
3177, 104.95076608003878
2526, 104.84631243248185
2468, 104.73671471474988
2914, 104.39450446122558
1537, 104.38020201140681
2441, 104.35168485555451
2450, 104.3228210948357
3446, 104.13197641452017
1053, 104.11501738708995
1103, 103.97622461638021
2539, 103.94825878767226
1118, 103.65137399887688
2709, 103.3091564977266
517, 103.14057657821297
2596, 103.12030552707682
2647, 102.64351549840757
3343, 102.57923833327601
2066, 102.19657232341125
2615, 102.11092395169487
3238, 101.97961178998888
2060, 101.93219608890557
2579, 101.77039258797485
1558, 101.6506330515558
22, 101.47926147812767
2471, 101.39994577409047
2038, 101.397940977947
2517, 101.08496736455656
3359, 100.8899598633738
2594, 100.52124713478376
2500, 100.51800393548395
465, 100.09352815270084
3438, 100.09154711941933
86, 100.06175100503016
2916, 99.84747796804652
2040, 99.81100462227573
500, 99.68551677657814
3085, 99.54306193550248
3237, 99.26352277266936
2503, 99.18147270964386
1878, 99.00707625460502
2064, 98.8376965198698
2046, 98.50588924840294
2515, 98.40160888989284
59, 98.37718887529762
2732, 98.28759228755982
2058, 98.12190407791715
2682, 97.97748473634293
3346, 97.9401122068451
2036, 97.88924629737006
1164, 97.73908756065914
2470, 96.92973367646485
2578, 96.74120528225151
2043, 96.44310520659137
507, 96.40762770879635
3363, 96.39246622881224
461, 95.63140889969074
3240, 95.5866372215764
459, 95.52433688456597
2063, 95.46032611029935
2725, 95.28265982586818
3242, 95.17202893269146
2085, 95.16073965612024
63, 95.02210517259782
2718, 94.53482568568197
2569, 94.53371874239942
484, 94.31982974552716
3256, 94.26224097204917
2672, 93.58511094460026
2910, 93.094596316933
111, 92.82799437604866
477, 92.82626268446037
273, 92.34486440518853
2518, 92.1737005141151
3257, 91.89306212647001
184, 91.71721387423692
292, 91.57244238209273
2532, 90.6816037986446
1535, 90.44118209586583
2556, 89.61181128991979
1051, 89.40992585477267
2868, 89.31451029559256
33, 88.98181314138665
387, 88.842396438965
442, 88.70619528948437
1165, 88.68114311327224
185, 88.56204623059236
1093, 88.28444665299519
490, 87.98621400462308
60, 87.60017057361524
2054, 87.56766587606346
3282, 87.39488209875795
305, 87.16916713158528
1092, 86.97632246413362
590, 86.3842784596386
1972, 86.10593206224459
2035, 85.85891844190098
1054, 85.59701900284198
223, 85.2879412630313
2049, 84.21967739308421
187, 84.18326814508906
2924, 84.00896617921272
2711, 83.94852117526291
3309, 83.76880385085131
49, 83.22325672363135
2062, 82.80553410369131
224, 82.59229938453048
2042, 82.37972253758247
286, 82.15867804283307
1861, 82.0778562846551
489, 81.77072544575019
2051, 81.39189958043475
2107, 81.26233124918772
2912, 81.2042791909424
2067, 80.9383382976132
226, 80.92334922365994
1536, 79.54046061393026
2925, 79.39522615701262
2923, 79.21258036276207
1048, 78.82354091541167
301, 77.87215970686823
2072, 77.42697631166999
1049, 76.79997619247355
2931, 76.68820460983315
285, 76.66471958562894
1925, 76.16172857217207
393, 76.07637251875005
2871, 75.88807582229033
2084, 75.30002880639503
2940, 74.76172300148774
1863, 74.75872182526635
1050, 74.58951194189946
2929, 74.51439634582826
2922, 74.37875463512663
2928, 74.29821499018121
795, 73.61319832957454
1158, 73.43464717394502
2926, 73.09962306815392
2937, 72.74158186678545
2952, 72.50773796559601
2872, 72.33173392706954
2921, 72.30481777672777
2927, 72.17758700930463
2911, 72.15618351815831
2938, 71.6107336642867
2933, 71.04481606560674
2939, 70.47446809306524
2941, 69.56197876796642
2934, 69.29970828424337
390, 69.03591105332664
384, 68.94469425155181
2954, 68.76373966972746
1534, 68.21983085502916
2957, 68.1404019686284
2073, 67.62973220028182
3412, 66.78902653171227
2943, 66.51511081349683
2955, 66.49343919095607
486, 65.73178449555218
2870, 65.53901079786786
2930, 65.53501711257358
391, 65.37345276277043
2873, 65.1131217508312
403, 64.80140933490432
2942, 64.0109033262376
2865, 63.928507542242315
1064, 62.931765300312215
516, 62.58921519027977
1468, 62.57199308911598
3145, 61.38890396768181
2867, 60.87692530461623
3411, 60.84931210535269
1862, 60.642737465448974
1264, 60.56457139368523
2012, 60.33383447273794
2739, 60.107618125619034
1157, 58.02821744101972
519, 58.021556880005626
493, 57.778393346347116
3121, 56.738876105392826
183, 55.064468352020754
3161, 54.1045522708588
1612, 52.31455855874529
