1351, 2320.1070706422242
253, 2295.020661675844
1294, 2163.4099480307495
1346, 2105.6732030205453
1403, 2083.602655625999
1320, 2082.837016728115
1416, 2073.6712090467217
2166, 2064.5340295123547
1393, 2055.1831610017002
1388, 2033.431109260753
2154, 2005.1180403083433
1357, 1971.9555187049823
1504, 1920.2083107854103
707, 1845.613190686796
1372, 1845.2319890299673
1499, 1838.8849931355248
1673, 1825.5839146702522
1498, 1820.168925548151
1414, 1762.6710036529762
1394, 1741.0315289502132
1374, 1708.890946987396
2175, 1706.2070820943052
1491, 1695.9588743454588
1340, 1684.9772297627803
2163, 1682.3313410559824
1353, 1669.0054506637548
1327, 1645.551834522485
1500, 1640.1211809215063
240, 1615.749608103927
2410, 1586.8553069684328
754, 1578.8969872760204
1582, 1577.1197651578211
1319, 1571.2696146503224
1595, 1563.8163735614753
1470, 1561.1052329750057
1601, 1545.5703783122826
1458, 1541.7384099297888
2176, 1537.9819625650816
2130, 1527.0393106429174
1330, 1517.754827559737
568, 1514.9545674128794
2129, 1509.6765689436456
918, 1509.0470073282024
1507, 1505.5842630648392
363, 1498.1319238786457
1492, 1497.9505117408462
1345, 1496.804456640316
1354, 1492.257614749348
1286, 1489.7622484836652
1318, 1487.8202815036054
1808, 1476.1193771451951
937, 1473.0987698138406
1367, 1470.4949745229148
1265, 1470.4136755072132
1341, 1468.690527470023
1280, 1466.2259093637206
1273, 1465.1384364202372
720, 1458.4001048535144
2146, 1457.319334872767
958, 1452.2937553627419
235, 1452.2665717051466
1411, 1444.6680720108584
1391, 1444.4665138235528
257, 1434.1299743853176
1837, 1430.9013069506782
2232, 1428.8707845225917
2202, 1425.764661483127
1293, 1424.5450548461708
1342, 1416.1193229116777
2183, 1405.7711371099565
346, 1404.9841037959075
1339, 1404.4505833027492
927, 1401.6741697770283
2148, 1401.2863225296965
2216, 1399.157244825437
1333, 1398.8428337468547
269, 1394.5114420703005
1282, 1393.5036919401532
1377, 1392.2215547573537
725, 1391.314645205581
1326, 1391.059518535538
714, 1390.2230218248976
1270, 1389.2366276014582
1550, 1380.8571477102407
1332, 1379.5177337822745
1387, 1379.142289216372
2323, 1378.275821309229
270, 1375.8191516673846
614, 1374.262953403663
740, 1373.1342884203248
1493, 1371.901506204524
1618, 1371.268497832825
729, 1369.714660010908
1392, 1361.1381296959505
973, 1358.8074936416456
1548, 1357.4274824864942
930, 1355.231866259335
2198, 1355.0681484453437
1415, 1355.0056687088477
1619, 1351.0395078338836
904, 1345.4875069724606
1489, 1343.9486252519532
1620, 1342.773589195341
2197, 1338.3158256068923
1343, 1336.4825210909555
239, 1334.0265020069671
799, 1333.857945394511
565, 1332.140286677832
805, 1331.819675799217
2322, 1331.4842959123596
2172, 1328.2053899772288
840, 1328.1862178339036
1006, 1327.1775953153044
364, 1324.975708999259
1380, 1323.0304608086483
2426, 1321.5300142979904
1409, 1320.5009734282546
1400, 1319.8675552099403
2319, 1314.5872289221475
1010, 1308.4292003052508
236, 1300.7994237544526
1285, 1300.6385085158975
905, 1300.3832939772303
942, 1299.562666311965
1413, 1299.0966046098783
755, 1298.7704350164267
2436, 1296.5341079021412
1480, 1293.6985221740022
2750, 1288.4823800917634
1528, 1284.512125530196
1368, 1283.866536580798
1275, 1282.4213560837804
2156, 1279.8528124210202
1277, 1279.6691226955065
1009, 1277.1705271792207
924, 1272.671400723089
31, 1272.3799195510403
800, 1272.2076021259513
713, 1269.498316660126
1561, 1268.471638233167
1402, 1267.465156585339
891, 1263.9355581476607
1389, 1260.9332249845436
1503, 1260.0653571759708
887, 1257.010898849966
834, 1255.726567436888
2121, 1255.3351175003984
616, 1254.6032778024141
1014, 1252.705029224853
706, 1249.6992854541966
2213, 1246.4623385142675
672, 1245.5122127146615
1272, 1243.2967175802548
2840, 1241.429468561749
559, 1241.0301011139231
866, 1239.4594034309607
1898, 1233.606470081259
2430, 1228.0137160457364
1018, 1225.5828733541503
801, 1225.200318034563
2186, 1224.1151111762151
645, 1221.17806284799
2359, 1219.11821017666
1352, 1216.4855005159927
1777, 1210.6795171831477
798, 1210.3513321299222
1419, 1210.2560867851473
1488, 1209.7264127043345
1481, 1209.0609872011348
712, 1207.8748164793137
944, 1207.1191433355116
1268, 1206.667108103043
271, 1203.6914870475964
2325, 1200.4992957879379
1524, 1199.8804706594235
967, 1199.1573102931945
1365, 1195.54765212003
620, 1195.4201400275615
934, 1195.0590431929263
871, 1189.44817070143
2403, 1188.3587310228904
813, 1185.6775068329937
1375, 1185.6385718171007
2169, 1181.5417618729357
320, 1180.1980961228705
1779, 1176.42545682848
1836, 1173.8026941355158
822, 1170.183662374045
1378, 1168.7803346903397
1007, 1166.3890833986673
2321, 1166.1076376841922
2324, 1164.4833283310134
1422, 1162.5956118347353
1366, 1160.99191247822
1335, 1159.9684265166682
705, 1159.9229180048978
3038, 1159.3053456592063
1016, 1158.9765152536988
1472, 1158.4926305272534
3045, 1158.020845892334
3034, 1157.4815718433144
1329, 1157.2662173054434
1348, 1156.7274883908697
1390, 1156.6435803514994
1511, 1155.940957333989
2123, 1155.5951674438547
982, 1153.9531975110547
1305, 1153.8404185665138
959, 1153.0631039017085
1494, 1150.3100265528294
1496, 1149.8731653833797
1551, 1148.9025774166525
1512, 1148.4191762180442
1772, 1148.3578585752985
987, 1147.5498904970752
2132, 1144.163018975252
1020, 1143.9765860715843
1370, 1143.7260971682065
2115, 1143.19502661218
422, 1139.6207663919638
785, 1139.0917289968752
231, 1135.4108706871075
2237, 1135.187776058163
827, 1135.0077351228388
1529, 1133.8439581060813
849, 1133.8157966636775
2881, 1133.0934110544554
1022, 1132.3993292443386
246, 1132.2652622453352
898, 1131.767576685249
1292, 1130.5551885766524
779, 1130.305434734716
2119, 1130.1256931273083
1021, 1130.0910343712549
990, 1129.6713787761837
1011, 1129.2646071098332
3044, 1128.9452727655005
2222, 1127.5134764884428
929, 1126.9582795294843
893, 1126.3172101743278
718, 1122.8493079554828
1281, 1121.6672402849974
2250, 1120.6236349085245
759, 1119.9291111668774
1786, 1119.2993391876366
2126, 1117.7040065590968
1362, 1116.5308623773926
839, 1115.9217455157834
1307, 1114.7692521784195
2125, 1112.8633481366383
797, 1111.392849423378
3022, 1110.9440644757683
623, 1108.9956374424846
315, 1106.7774982692845
306, 1106.7774982692845
963, 1105.975417444286
573, 1105.5569510897487
1417, 1104.7703700831496
750, 1103.4911203698277
897, 1101.9798981787324
1505, 1101.0453858066635
943, 1099.391244067102
2233, 1098.7592241396153
1594, 1098.5508879797949
1323, 1097.3915132177328
782, 1094.3912838362469
317, 1093.540031804079
309, 1093.540031804079
2127, 1093.471943496693
1017, 1092.978110833553
938, 1092.006300016752
770, 1090.6506274588107
1508, 1089.89425780014
2229, 1085.4071157169283
596, 1082.9597318999502
2225, 1081.7259512977116
1522, 1080.513469541662
1317, 1079.9755612991457
661, 1079.658229741299
1291, 1079.473358805228
868, 1078.7730475265669
1568, 1078.569656653095
2366, 1078.4128488435656
1792, 1078.1436362165725
752, 1076.7992151637313
974, 1076.6897268691907
2190, 1076.4071299783827
1276, 1076.2297562122128
1769, 1074.7376681425776
692, 1072.4881792408341
1344, 1072.045681121151
666, 1071.2363278435587
2151, 1070.124842650594
2317, 1069.9414286927938
584, 1069.0954898364507
983, 1068.0861013522174
646, 1067.9876021104458
792, 1066.0016853456018
763, 1065.591521206111
1295, 1063.9291567176583
1799, 1062.8188156430356
351, 1059.3071739447053
307, 1059.1843523633
1304, 1058.8203527812836
873, 1057.5148491353034
1420, 1056.7641966777176
1192, 1055.6522044789856
1360, 1055.4069975163154
867, 1053.2735084723633
1008, 1050.7962686598694
1311, 1050.54542513497
977, 1048.7685771899733
1383, 1046.6836693884713
2230, 1044.8098388363283
2847, 1044.5813745338598
633, 1043.7766161860095
665, 1041.8091404881936
572, 1041.3073384918964
3229, 1040.776634229663
747, 1040.2119750090337
1407, 1039.3256444740093
1789, 1039.084732123189
361, 1038.2668846719068
2144, 1037.9758013906524
2361, 1035.8665259572801
602, 1035.13783306231
2173, 1033.4296353452935
2165, 1033.0796801652025
2150, 1031.7849938982577
1909, 1031.0984492973841
1399, 1028.5021390189083
765, 1028.4823585824536
821, 1028.1604645143213
2178, 1027.2934934098205
2245, 1027.198324105584
1796, 1026.543528751354
2327, 1025.6148356078845
843, 1025.388828992097
1284, 1023.6457780526886
2231, 1023.4222194963872
879, 1021.9442318315301
2376, 1021.6450730838754
2256, 1020.8972473567717
238, 1020.3370644540164
1555, 1019.7502243299396
696, 1019.0397472138759
842, 1018.6249950029197
850, 1017.6936041609484
2854, 1017.4981637970159
525, 1016.855252689652
1421, 1013.530398995471
2162, 1013.1505690150774
1359, 1012.6060735448424
856, 1012.1622813430016
1361, 1010.8203569584881
962, 1010.7365593142287
2833, 1010.7151378243483
638, 1009.9069079882299
2120, 1009.8992777578745
1830, 1009.797070539184
3012, 1009.5627262528543
2908, 1008.2168781449163
3014, 1008.0877884594903
241, 1008.0314234377564
1080, 1007.8392415937187
1841, 1005.4185556648421
1614, 1005.326473228884
658, 1005.120836882472
618, 1004.9829327845785
1622, 1004.7765461975159
847, 1004.7407354943194
2149, 1004.7126384766394
1832, 1004.4699311457479
683, 1001.8307192647144
3268, 1001.0433255116344
703, 1000.6194494380052
323, 999.3533834769759
311, 999.3533834769759
1475, 998.7181721362773
2246, 998.6807004563967
1569, 998.1722279578574
3321, 996.3768643360298
726, 995.7284007367772
3001, 995.3404091508229
812, 994.8315081810916
824, 994.5253777168904
2114, 994.2611571002719
2209, 993.1477146163926
2159, 992.5002186481402
1554, 991.7803071064317
2161, 991.194300401326
2254, 990.0562197892494
1479, 989.9587514380484
1778, 988.5396476502054
1549, 987.9782992326337
347, 987.2762508334498
2228, 986.7265403898383
970, 986.2047422529819
1767, 982.3806509441675
880, 981.4148161586867
1815, 980.9093575294565
704, 980.7220082693965
664, 979.969716643006
741, 979.7713601254914
975, 979.2423590512058
2375, 977.1009580312009
2206, 976.0640238113216
2841, 974.09142272854
1916, 973.9248590692218
1930, 971.2692940810746
2136, 970.3344285299062
948, 969.8486748601076
350, 969.7980000566972
1376, 968.9160830387644
585, 968.8500542749842
314, 968.1313731543647
724, 967.9856609989334
1540, 966.2384164541955
875, 965.1635009329761
3037, 964.2498856338075
751, 964.0351506136997
3230, 961.8932085821083
2422, 961.5786539360363
639, 961.5057792522724
976, 960.687112116561
2842, 959.4631686297336
1382, 959.4487032986933
632, 958.471315637586
1982, 957.6267365241274
1820, 957.4771851576505
366, 957.1289776852469
1405, 957.0747991439159
1408, 956.4844504209641
1349, 956.220872941993
1992, 953.7308214255871
993, 951.6233902431281
1908, 951.3384174427493
1483, 951.0614072579989
908, 949.6561660438073
710, 949.5432105316376
2839, 949.2965310752804
2423, 948.9342924143638
2903, 948.3506755525555
2241, 947.3009945580172
992, 946.2191278144884
730, 945.7293233642439
2112, 944.7304310832508
1819, 943.6004276777717
577, 943.130906917549
2946, 942.7663086063329
935, 942.1979217807212
1839, 941.9079940241269
830, 940.4220954710239
2199, 939.0168333263546
2168, 938.6706366211415
3031, 937.9751005754968
1266, 936.9225480844455
1835, 934.7102130460463
659, 934.4797084041843
26, 934.4379913857802
994, 933.9763466352496
2113, 933.2736746446847
1271, 931.7063152180953
603, 929.0397397990671
675, 928.4366195580004
2373, 928.3056188131144
529, 927.1424737411304
1942, 926.1628229398901
1331, 925.9968279449204
1840, 924.6129985560322
1015, 924.3593735909794
1369, 922.7724215068674
2849, 920.800509000423
1385, 920.5781439536056
701, 920.2948686815945
2844, 919.1603943410429
1897, 918.8549475841716
2122, 918.3776795445518
697, 918.2582214500725
1473, 916.3487142821787
1817, 915.2655513086388
1950, 914.5553985102642
774, 913.1869872350486
1013, 912.678191269774
2992, 912.5501001150324
2994, 912.5187379128018
968, 911.6072969613191
312, 911.2775518225303
644, 909.8953406985296
2117, 909.2679719890427
1476, 909.2356662190965
1787, 909.1160285759669
971, 908.3141809131896
599, 908.1644102002438
653, 907.3855722514475
1395, 907.3334610847452
1954, 906.5437395675391
3448, 906.4313915894805
1478, 905.9414949898577
2437, 905.327451116128
1621, 904.9561966143573
2131, 904.5644179634303
886, 904.087014096993
919, 903.5068100411484
1981, 903.1961413964814
2880, 902.3091455112117
999, 900.9959349330928
1288, 899.1122419009746
2181, 898.4444285706484
1495, 898.3561288112833
722, 897.6520446930663
719, 896.9686294269102
771, 896.388279309402
354, 895.9362062747656
586, 893.2706147670789
1314, 892.4531608882553
2174, 892.4030123075861
1019, 891.941021844772
1599, 891.2170736008475
761, 890.518557053862
700, 890.506545423594
2201, 890.0798791211547
979, 889.8990837058369
2155, 889.4912567285457
567, 888.7615199090883
690, 888.0387347495518
2255, 886.9387081936275
1984, 886.5839013371443
693, 886.4599137602378
931, 886.0452736061288
688, 885.9391111732584
831, 885.287349962306
940, 885.167239612427
621, 884.6395912422216
2253, 883.5099693935831
1766, 882.9888647948886
640, 882.6953186861804
2326, 882.3533243029478
2947, 882.0603931360225
1325, 881.4366563802464
1278, 881.0964026141869
1312, 880.950482146315
949, 880.240658814837
796, 878.1306781071594
571, 877.8873452945676
804, 877.8163027826214
2116, 877.6246010607196
1398, 877.3410590324357
1904, 876.8414605518104
2138, 876.0773217381902
668, 875.7138996731832
2221, 874.7771809280434
882, 874.6111141158538
258, 874.512589961492
1801, 873.9617756886707
2367, 873.0409126744281
2891, 872.7409343476527
2128, 872.3896471413018
2331, 872.182548834759
846, 871.335918851063
872, 871.1320048289571
1338, 870.7918825319672
1396, 869.8791889176879
723, 868.8269687415777
576, 868.1189091510256
2831, 868.0021575610692
313, 867.4070734647588
325, 867.1623003541844
708, 865.7264260006061
1900, 863.6038603726406
1474, 862.7932976650665
1805, 860.5330856069223
2234, 859.9050970035652
3035, 859.5494849538715
790, 858.4587842983744
811, 857.7640464915329
2164, 857.0282417752942
3030, 856.5694760600796
564, 856.3903225988821
2251, 855.9373341102312
1313, 855.400131191767
1598, 854.3847492600275
566, 854.1055291124986
715, 853.4777045067492
667, 853.381311928433
2200, 853.1314315660688
2950, 852.9694026627479
1556, 852.8526366006533
1386, 852.1888567603514
1917, 852.1472948770861
1831, 851.4652095264497
2370, 850.9776450793544
342, 850.8104111015913
1334, 850.359640964163
2363, 850.2243977504535
836, 849.2137283818998
764, 849.0933873642442
558, 848.9218526994113
739, 848.0940325347842
597, 845.6419084484279
828, 844.6720665301426
1823, 844.0740977906544
1829, 843.7034223925057
845, 843.6802765010119
1953, 843.5158077140208
1321, 843.2016669745151
1471, 842.7124801652783
998, 842.5878346612204
648, 842.5878346612204
230, 841.8917568962323
2247, 840.2613071177968
1804, 838.1040874496149
780, 836.7604888296912
1308, 836.5012635051005
2852, 836.0516636502115
2171, 835.6466216582864
1523, 834.6377705837468
605, 832.5773865059192
854, 831.7644173220515
636, 831.5388053272095
1539, 830.9245233204585
1501, 830.7369360183445
2219, 830.0833897420763
1056, 829.7484263036014
1363, 829.4614590667899
660, 829.1973727635066
1591, 827.9328929662117
1490, 827.683235442563
694, 827.4688746169628
1563, 827.3421380023766
1497, 827.3129195963392
256, 826.611724767076
978, 826.042762679623
2362, 825.6275029978
1001, 825.0492237531536
2369, 824.7913864698338
1337, 824.6373783417131
1609, 823.9512843261676
1774, 823.9207092382686
308, 823.3315532336378
2360, 823.1166717263478
2214, 822.8799902104091
2893, 822.4009377856551
352, 822.3268553050955
2189, 819.1935766998814
1948, 818.7656904886421
888, 818.6005168718328
1828, 818.041739594776
2830, 817.1649185468196
656, 817.1410492010796
1825, 816.6848859050912
2160, 816.3608906336062
2907, 815.4283866434928
1469, 813.2799088339962
627, 812.9255982825016
1315, 812.797940237988
1902, 811.1294199831616
635, 810.3685512558931
2368, 809.8987508531116
2220, 807.9736585739213
595, 807.9273779880705
1921, 807.6967548052963
1906, 806.9222658552873
1044, 805.9372339489662
858, 805.8138096342178
996, 805.7279242253657
229, 805.4290589549986
985, 802.826056784855
247, 802.7195693205362
1283, 802.6602098858348
997, 802.5376347649724
1922, 802.1614919794101
984, 801.8791807991863
2145, 800.8993847263198
359, 800.3583821993171
1055, 800.1457515875297
986, 799.9426903808996
756, 799.3628691462368
1952, 799.1638106460939
1949, 799.0839171795195
766, 797.440328489108
610, 795.7970029221701
1886, 795.6818059867154
809, 794.7269749664898
528, 793.9842145045116
245, 793.2744497640035
1371, 792.7660859269527
2851, 792.7314316352304
589, 792.5146382602042
1602, 792.4009141672108
357, 790.2520845106004
835, 790.0848009987988
695, 789.5837138033495
1538, 789.4855360632414
2837, 788.5962934942602
910, 788.0079416247193
319, 787.5310258908152
349, 787.5201721608962
1990, 787.4366151602208
1336, 786.8902338606407
560, 786.694532573519
2846, 786.1940732567676
689, 785.8547041574033
2425, 785.8062739513517
604, 785.252163746674
3002, 784.4972481403437
698, 784.445905725417
915, 784.2226350944576
244, 784.0671340264284
1834, 782.9873830688871
3023, 782.0436156657407
1328, 781.3102910063739
2850, 779.5903677706353
581, 778.5078698855693
2998, 778.1920324482462
570, 777.6843330124964
657, 777.2853307208085
3024, 777.2553622145474
964, 776.4682292780237
2377, 776.2616416532239
1412, 774.3653308600593
1592, 773.144836043652
2858, 772.9202562078466
776, 772.7314091695284
758, 772.6502329819592
2431, 772.6055818007544
575, 772.5420228837135
1544, 772.2174567245476
2897, 772.0607909943658
1812, 772.0466760067645
892, 771.6683640307076
3319, 770.8960702240134
1797, 770.8393972530902
1322, 770.3155160625371
2196, 769.6322237994839
876, 769.3591863607849
753, 768.7813597163969
1303, 767.5368032627089
3026, 766.6633460784656
2140, 766.5404374828663
902, 766.4125291135601
1790, 766.1625639602851
348, 765.4558917851922
709, 765.4392441731342
1920, 764.6280491225401
817, 763.3600066359248
1915, 762.9053664312083
952, 762.7475175466683
1310, 762.7016155129279
318, 762.4231978574132
865, 762.3103917431556
2182, 760.5318270032285
829, 760.3937652693916
2547, 759.601623647428
1944, 759.3740060069515
2848, 757.8805546659377
2845, 757.8625158415274
1899, 757.3980649230415
2843, 757.2719154320491
2829, 757.0912371961042
932, 756.9286295287346
322, 756.6221885508492
310, 756.6221885508492
960, 756.5966054909768
687, 756.25953133697
1297, 755.5550201521754
587, 755.1331202550695
1279, 754.3952371535938
1553, 754.1673771172979
2439, 753.2565148546224
674, 752.2922122888804
1037, 750.3663130972913
249, 750.3549184054449
749, 749.4986378922339
728, 749.2518580415916
783, 748.8938741044783
721, 748.2675212352491
2906, 747.6302350467736
896, 747.3652012091746
2215, 747.1628517294132
981, 746.5198973395242
972, 746.4479468185039
673, 745.1442168518555
769, 745.0467058016327
1827, 744.8301874012566
2438, 744.3065817187158
345, 744.1064738515815
1896, 743.1041717374351
806, 742.8006871629372
1510, 742.7036579074945
594, 742.3573348382791
2838, 741.2011977428776
625, 741.02946180085
569, 738.9682160745615
2895, 738.4176939687758
2888, 737.7079050896715
1905, 737.1146330798379
2993, 736.5365168683237
903, 735.7541277068219
702, 734.0706075456119
2318, 732.6788927925606
1527, 731.3475959708448
890, 730.2964205323196
921, 728.8290753283895
2949, 728.0148822187444
2932, 727.8489359085048
870, 727.4755608948858
2729, 726.3511519456459
1000, 725.9368562825641
2899, 725.8417856605543
2133, 725.4248979745871
1546, 724.4372983289114
810, 723.8438630041205
1757, 722.558075842831
1401, 722.0716474688157
2188, 721.4824520773016
1552, 721.3267131542378
988, 721.0125878354107
1384, 719.2963726967009
2826, 719.2083257849563
1887, 717.7202328312865
233, 717.1174478417126
1822, 715.7053451853908
2316, 714.5365552935789
601, 713.4885477758407
2372, 713.2843432172135
1926, 713.2685312640797
2905, 712.8087015199146
877, 712.6851356981581
995, 711.6422202390658
1816, 711.5348683074272
3068, 711.4991029565418
1289, 711.0892439001749
1379, 710.7074593918602
1807, 708.3880069442313
24, 707.1165301949587
343, 706.8385605794499
3450, 706.7313948497579
2095, 705.7982825086259
1486, 705.7331668149204
2936, 705.5861657564774
2804, 705.3856564860915
1036, 705.2755317405201
691, 704.128619217744
662, 704.0466001804726
622, 703.4626050026831
2330, 702.8008293735902
2328, 700.8662880823127
928, 700.4637827216836
324, 700.3558545632444
837, 699.9881890136874
841, 699.9433711024851
1929, 699.69912744135
574, 698.8905907277262
371, 698.3670458603823
980, 698.07861407037
321, 697.5848366182911
2374, 697.0068683450826
593, 696.3810657140259
1356, 693.6128871512598
579, 693.5351108642159
3271, 693.2754558425787
243, 693.2483311390549
2427, 693.1959833206691
941, 693.1950387696646
2194, 692.4260784529288
578, 691.7624721255439
954, 691.0033897295183
946, 690.575833366647
23, 689.852401115522
2892, 689.6305509968175
2147, 689.6197154573009
2997, 689.5775869921996
991, 688.1908719968743
2418, 688.1812022954689
1005, 688.0621110675997
1290, 687.7591315964756
1935, 686.2947541610682
922, 685.0905082082724
1350, 683.8707528788536
2141, 683.727172317532
652, 683.2813703131891
2828, 682.8767331627291
889, 682.111344679843
606, 681.4219322933668
869, 679.5508834762405
2855, 679.214881243571
767, 678.9148018502827
2332, 678.7546379168201
1901, 676.9114329549495
1654, 676.7612618812693
2835, 676.520962027389
2118, 675.4946235587661
1802, 675.4293235322277
3027, 675.216515409152
955, 674.7405369761116
945, 674.2541450268235
592, 673.696429485971
2879, 673.6139561274142
27, 673.3806067805125
857, 672.9467508623643
2875, 670.2861483617112
947, 669.9457672653568
2157, 669.8535444079142
1988, 669.8101612675924
789, 669.5958154683369
2371, 669.2349941084319
2236, 668.6961349171236
743, 667.3438731939589
1987, 667.1110625872874
778, 665.7182087050559
1306, 665.54979504558
1570, 665.3792265020487
1928, 665.1805707332048
775, 663.717352231909
1918, 661.5394835944878
2434, 661.4795111572839
2329, 661.1175644648926
815, 660.4250784902243
3267, 660.0335204383948
2142, 658.9393017566475
2243, 658.6015554468681
878, 658.3647168451024
1039, 658.353463267098
1776, 657.8820844011025
2887, 657.8541886615267
3320, 657.642179039317
742, 657.4943519099598
961, 657.1987305833102
1296, 656.7510965116367
1934, 656.6742040437912
1526, 655.0667830822703
370, 654.821406834793
1038, 654.3343172785529
1833, 654.1108433886693
600, 653.6779298013129
1983, 653.1389378122274
717, 652.4835635954923
989, 652.0589281987052
1884, 650.9276231375201
3018, 650.7578217469544
1793, 649.7414486652365
716, 649.4896826068414
853, 648.7753458726336
3270, 648.5693929045768
920, 647.502255252998
3029, 646.877221402235
242, 646.7436863319742
1606, 646.7022099106099
355, 646.3730099253227
1795, 645.6255883424616
2876, 645.1049882784524
2365, 645.0625149561257
234, 644.8241188444977
1023, 643.7964197796913
1210, 643.7130950733141
3016, 643.6442536785662
1782, 643.6026214199496
2227, 643.5702701889513
883, 643.3589713821632
727, 643.0787279929552
1617, 642.7461865704847
3233, 642.5541164597713
1347, 642.2954324447459
3273, 642.0501036060617
339, 642.0327912792175
1545, 641.6885480493469
2902, 640.7967339082448
969, 637.3008810736054
818, 636.5645535311339
1845, 636.2906637354953
781, 636.1461206479794
341, 635.4758096627147
1803, 634.850661764541
2357, 634.574883697005
1791, 633.7367548280043
2124, 633.4802868412322
855, 633.3221164516859
2336, 633.1958197844297
1885, 631.8702383336173
25, 630.8174889002722
2135, 630.0657058194514
808, 629.9058152198044
2834, 629.0745677905779
2187, 628.7111311508152
925, 628.5409030632366
907, 627.5999010734957
609, 627.147975355795
2944, 626.7681037487796
1453, 625.1102336548014
1615, 623.9342420384298
1933, 623.8405013947124
2248, 623.6209001095947
1525, 621.7640047576048
367, 620.9641815191006
684, 620.7340552801813
624, 620.7340552801813
1775, 620.6791161948521
3272, 620.4141386717749
1482, 620.2801356449178
2996, 619.6882205803865
825, 619.4535318449398
1798, 619.3275187899588
3269, 618.7172515901989
2001, 618.3059027228252
360, 617.7435651864091
3224, 615.5876921670942
1883, 615.1062670879057
802, 614.736341894468
1373, 614.6030800875283
1985, 614.3679196780552
784, 613.5738445508149
844, 613.4180140912911
3451, 612.5388995405875
2877, 612.0481036134147
2207, 611.2736040624086
353, 609.0598575103284
2901, 607.0942406479977
591, 607.0711960369308
1843, 605.4354999793161
1938, 604.5371251760608
1783, 604.2314300085989
1784, 603.9726500152607
3025, 603.3097230424446
1623, 602.9511911620575
2205, 602.1262646508982
772, 601.4037853919671
2000, 600.9911096510549
1640, 600.7996752953791
1355, 600.4095859601842
1999, 600.2590945882796
1959, 599.6637207611724
340, 599.0266867243836
2874, 598.4341464361039
951, 597.9545997217507
2180, 597.7662550049621
1932, 597.2924105037602
787, 596.4814818967731
615, 594.7409959965449
1404, 594.2780372536325
2334, 593.6858736760682
1763, 593.0044149028234
2859, 592.8510207300968
2435, 592.4883871361042
2428, 592.4883871361042
598, 591.8890661822118
631, 591.5817376721931
1547, 590.8787493558843
894, 590.4322548610886
1844, 588.4579003687078
1455, 588.4381052958056
819, 587.5131945837253
527, 586.6066165531989
762, 586.3699673738258
926, 586.3067334117644
1936, 586.0857945803585
374, 585.058988765557
1269, 584.9597499965494
1613, 582.9298541135346
2281, 582.899602555181
794, 581.2522583804241
1012, 580.0904658223976
2896, 579.9011787235667
777, 579.773619021407
3000, 579.0080881862278
911, 578.793651333265
1957, 578.7008303078698
629, 577.2209170952071
2170, 576.8791732821618
833, 576.8576857485729
1989, 576.8555511254053
711, 576.759006345934
1924, 576.6419673493484
1821, 576.631811108901
939, 576.1612535655645
2953, 575.9829901502569
2884, 574.9322373001995
612, 574.4470717874191
2945, 574.3910853745565
2193, 574.2594669635849
2856, 573.2930727188617
923, 573.0985106824213
2836, 572.8236063385525
1762, 572.5165510964458
1003, 572.1183834945439
933, 571.0549810486866
3015, 570.0488144191239
2242, 569.953571021669
2364, 568.215245596516
1780, 566.913393186955
1943, 564.4347707647956
2402, 564.2360466666357
786, 563.0153863484136
2335, 562.6488550227455
1809, 562.2853342189187
917, 561.674916809902
746, 560.0500956973068
1903, 559.9072524946281
2262, 558.7516038676205
356, 558.4847715324689
950, 558.4519899699853
1956, 557.5676127850043
682, 557.5477098391154
2827, 557.1542834877071
1955, 556.9780117004963
630, 556.7228204319498
807, 556.242431543313
628, 554.9191710891729
2886, 554.6257035748853
1842, 554.2397019472664
1616, 554.1765441453662
1764, 554.0638869553944
327, 553.5605346256694
1888, 552.5810724389388
248, 552.4501318456354
2806, 551.2555887721732
1565, 551.2502096722633
1826, 550.9367603252634
1765, 550.5273341672814
1947, 550.3202896057599
29, 549.51895218485
2137, 548.8352275816037
362, 548.2257727535452
2358, 548.047077792628
2158, 547.7436973218557
2995, 547.6089288000196
2420, 546.5631433439248
1907, 546.1943994879678
899, 546.0198331093569
3449, 545.6902638325815
1986, 545.6636150020643
686, 544.9487547924313
803, 544.750067621384
884, 544.5374087240774
1846, 544.3911554207217
526, 543.7263575658468
1810, 543.3400203767583
2211, 542.2473450558941
791, 542.1972048556681
1927, 541.7805173796108
2882, 540.7723098287037
1890, 537.2463489126623
744, 536.3255448892862
2883, 535.4762295162849
1579, 533.5035075804886
2935, 532.2737640623676
1190, 530.4558683583845
3218, 528.2841408256546
1541, 527.2273751282986
936, 525.4942446451338
1274, 525.4597466187935
2195, 524.2446937926621
1418, 523.2591402648779
1882, 521.9686079669865
1806, 521.4700194577091
1578, 521.3395092783159
2208, 520.6631870013314
1937, 519.8510673748553
1945, 519.5149852409619
874, 519.3727266842187
1781, 517.7098766517194
94, 517.2080728495112
1768, 514.9845358172317
2894, 514.9428025583002
2134, 513.9874928413997
2885, 513.8865452216737
1923, 513.3309506835931
617, 511.41296478873943
1919, 510.3147289806604
2890, 510.23705828000186
1951, 508.1283225739747
344, 506.5662489417824
1542, 504.91189072296527
1653, 504.4794630142655
2898, 502.80856654740296
788, 502.7673004873643
1410, 499.86121636111
901, 495.75984986240087
1509, 494.30218705765304
2333, 493.98401742039306
1946, 493.87314287453404
2432, 492.65425744002016
793, 491.4059367931584
760, 490.68793968224105
1004, 489.62198125226274
900, 488.6193663390738
2191, 486.2695904381421
2904, 486.09467815571554
1211, 485.8693038614777
2878, 484.67727117883027
5, 484.52791311899
1977, 481.9418103663017
2153, 481.7881408859822
8, 481.50411683094177
2889, 480.2667019483874
1309, 480.18138372268515
3220, 479.7609640296141
316, 473.3391766650277
259, 472.7212867212897
2143, 472.179549301117
3013, 468.9768214997205
1287, 468.7536450299108
848, 466.2926395265987
11, 461.73043832508296
814, 461.5777644787935
1723, 461.07668014246144
524, 461.03030540721613
1940, 456.86366234691957
1939, 456.6665720482487
418, 456.58701644051075
909, 454.6322565134465
30, 453.18250993800757
1267, 450.5819535635351
107, 450.5198052640427
1324, 449.8880904440251
2991, 449.7540604997957
118, 447.5007978637877
1577, 445.5170318733778
1485, 445.1480090839495
1818, 444.40550857090614
1824, 444.3397124157889
1484, 442.3304417364783
416, 442.04890161874437
1487, 440.9877156095739
2999, 440.1222903723436
1564, 438.071777220788
745, 436.93166540813695
1931, 433.1849496967765
2805, 433.08275410826474
1814, 429.92605879518305
0, 429.91395474188727
28, 428.70158235441033
2832, 427.0814704207049
1794, 421.42892520513664
2429, 420.2193412930464
420, 419.6162684628038
3009, 418.4010691379217
3017, 416.34861600805533
1364, 415.58848627703657
953, 414.7792236229267
3011, 414.5898873776725
112, 413.1717772931818
3235, 412.8946155350512
735, 411.77152133645126
9, 410.9209653357165
1426, 410.009389377001
826, 409.85319354952617
1580, 409.4495148258946
823, 408.95088093980934
421, 407.92312926852935
1889, 407.6205559074437
417, 405.6054024042941
1785, 405.29044775435875
3, 404.76561585476657
1427, 403.8118426190831
2731, 403.7363128410754
1788, 403.1967866796436
1255, 402.8325430527591
2857, 401.66352783128553
3216, 401.61692366097475
3215, 401.59246284308256
3036, 399.787212205398
117, 398.6298529540629
2192, 397.2469823392211
1425, 396.6295510021662
2320, 396.07254166278506
1661, 390.611568287936
2860, 390.46663834885055
3234, 390.3178933626197
10, 390.0275702576202
3310, 389.53442756179504
7, 388.7384335387786
1571, 388.56830559529084
641, 387.17058220281297
3043, 383.94693001102524
1532, 383.489508853885
6, 379.70557374890006
3219, 379.69677459194367
182, 377.75681281400983
1423, 374.43537792848883
1567, 373.55263628733604
1358, 371.6586843028535
3228, 371.6119638115617
3221, 369.6479774421421
1566, 369.38295840934984
1800, 368.9533503420557
3223, 368.61196333302735
116, 367.6556531407552
768, 366.35038341426025
1575, 364.1230782121296
3217, 361.4054353364013
3222, 356.77692069864986
4, 355.88560393371677
1062, 355.326258963476
3431, 353.4415961062728
1573, 351.9834610886595
2861, 350.92377715674786
916, 350.8792175341443
1454, 350.01627665406465
1457, 348.38606373557315
1895, 346.6759831458765
1709, 345.8851785250997
1424, 344.2348431635647
1316, 342.1246328630828
1562, 341.62308281619863
419, 337.5882592267716
2900, 335.60914126182155
3236, 333.62941500406686
2275, 333.20915673334787
3164, 332.57819396686114
1153, 331.1397860159597
3188, 331.1075758355609
1302, 330.6196419499789
2010, 329.79585777449455
1576, 329.26063733364094
1543, 328.7724712043149
1572, 328.00590195942675
1638, 326.09380807315085
1, 325.7620953106318
2433, 325.2591600136244
1838, 324.9274407339512
1632, 321.65489530430517
2971, 321.6127662465964
13, 318.8379040241828
96, 317.99040194111313
2351, 316.8188133749017
109, 315.798836058511
1958, 315.02719429129985
637, 314.4067728107281
32, 313.738110731976
97, 310.1890429514279
1694, 309.8503721202991
2270, 309.737462028109
1976, 309.6898931904417
1864, 309.5530130987508
260, 309.2071957731066
68, 309.19267006644446
1216, 308.96018056567715
1156, 308.5660812428858
1073, 306.0023380482226
268, 305.8758277693615
1574, 305.7449198181022
2801, 305.2507846861585
1440, 304.44984360222776
1634, 304.3054822705777
115, 304.0380851701816
1397, 303.77907320180435
1151, 303.66603950632333
1962, 299.0174405687013
358, 297.23822088857895
1813, 296.8584649718058
64, 296.56797429210883
122, 296.2040378455251
3392, 295.554621060019
3417, 295.07407546900146
3387, 294.54466538599286
1605, 294.1024134475615
93, 292.2132733368724
2395, 291.67660173705934
1034, 290.33879934224575
1178, 289.86872351319084
1588, 289.8424804068566
65, 289.56340164702465
144, 289.3595443286666
72, 289.2460597539911
1180, 289.2344216218824
70, 288.8261182698341
69, 288.8261182698341
2097, 288.5557758056081
3376, 288.0135295942017
12, 287.84302082723195
167, 287.7428773317129
67, 284.6823090933166
1406, 284.38786597156377
1152, 284.31351234509674
101, 283.44270115818045
1663, 283.2847501225373
2400, 282.6325033638811
510, 281.5072462483117
1220, 281.2909996722865
1065, 279.773653403745
2915, 279.19105303710927
1428, 278.91759011488114
166, 278.6917149268734
1693, 277.9393579653743
1191, 277.1481306119965
2384, 276.4367669275624
2972, 276.15236447947024
3356, 276.01359533231266
3428, 275.70029410226533
2414, 275.5639623407409
1061, 275.2467342293179
2399, 275.1831950336333
2787, 274.4767688698264
1068, 274.0765635478942
3374, 273.3496133470737
95, 273.17360350368546
1996, 272.64953577397426
1467, 272.4991526498816
2775, 270.60460471566927
2550, 270.23392860170566
90, 269.98061952602404
3122, 269.7643407267062
267, 269.6698304333035
232, 269.5002800074093
1189, 269.3210781183703
3349, 269.0137907462922
3140, 268.7980760066337
2913, 267.8936348846431
179, 267.79505279229966
1713, 267.19820208698536
3126, 266.9278922302092
1477, 266.7014988541829
3406, 266.3299360946066
3422, 266.2594589041532
1224, 265.9651195665901
1123, 265.8158404928526
1518, 265.54512748081015
1198, 265.149114653387
3137, 264.9983354378617
3368, 264.9444017810527
2799, 264.888566142347
1207, 264.5036932661411
2378, 264.0537994079734
434, 264.045062492259
1658, 264.01365288887934
1441, 263.1930198430701
121, 262.8306233889801
1155, 262.07704861497365
2551, 262.00880345728984
1108, 261.75730506156657
3328, 260.82291852593823
103, 260.6316233818603
522, 260.52684013822613
3138, 260.52552997225206
1225, 260.40420687204545
1120, 259.69324550166544
1240, 259.60249890227067
1150, 259.570543902854
3337, 259.49703621041317
3060, 259.47567429904717
160, 258.6572849947649
1079, 258.5288850182065
1138, 258.4591134503589
304, 258.25211569088833
190, 258.08919620343465
108, 258.00092296289114
2411, 257.77332650733746
3127, 257.33495690462314
511, 257.16304556777453
2770, 256.9900371771352
1078, 256.730503562389
3116, 256.5361781404848
1460, 255.96237969351836
1222, 255.93839590382115
3075, 255.92833349201254
1656, 255.74825455861867
2977, 255.72734309474683
3088, 255.64717436262185
2761, 255.2751283735299
3104, 255.20843134682664
1134, 255.1135348213997
338, 254.71493726826372
3355, 254.69899155972715
3096, 254.08496022858506
3427, 254.03054093324118
133, 253.915413295334
1135, 253.28723204330467
3157, 253.15080501611834
113, 253.1020789547605
1194, 252.99440273220608
3067, 252.74096927773832
3390, 252.58899755551636
3152, 252.3193497032423
104, 251.84960985207243
3074, 251.64914336343955
3338, 251.64457359291023
3156, 251.5503573843805
3124, 251.3429197153356
1998, 251.29610486985058
1195, 251.25005043125287
2762, 251.22599954210887
2967, 251.2126921253216
3087, 250.885330619858
3052, 250.42322287856337
1514, 250.1085736122875
2719, 250.0343447398482
1435, 249.903491283965
2007, 249.841740413689
102, 249.79705024221624
3076, 249.11977692612533
492, 248.5463152892246
3330, 248.51452723383022
2268, 248.09088676804245
2273, 248.09020791529204
3109, 248.0544735773689
1251, 247.54455071375574
2796, 247.5180369903563
3081, 247.25607829137286
1431, 247.21731875098004
2344, 247.04573588332016
3397, 246.80976606984572
89, 246.71278665583029
498, 246.66674816982325
2716, 246.5973292457453
1116, 246.21299578970434
1107, 246.11725286505208
1261, 245.85586739620885
369, 245.49690139466108
2295, 245.40022317655973
1719, 245.3746191709755
3053, 245.19060187629984
1186, 245.18414971132276
3103, 245.0267438733631
2023, 244.61870012097467
1227, 244.46122372887643
1223, 244.44838755208718
1167, 244.41158928776912
1881, 244.39474564958573
2984, 244.38461763457877
2976, 244.257669830768
2800, 244.21716022400594
1146, 244.1604457899883
2347, 244.0313758963259
1593, 243.92839342456534
1250, 243.79340756093774
1127, 243.78408059030477
2815, 243.6458554424381
2982, 243.54491940892865
1446, 243.50128880168594
205, 243.49704381354843
3430, 243.38237380766074
92, 243.3793970946108
553, 243.19833118743114
541, 243.19758674013553
1131, 243.10161403508818
1136, 243.0938285793118
1168, 243.02240163766783
1246, 242.88752329822617
1298, 242.86823872756764
1097, 242.7561553483738
106, 242.61377126142463
1257, 242.56703780868844
177, 242.5001767580549
3158, 242.3209140718953
3377, 242.2312116816375
1163, 242.0248052795388
1133, 241.91919502419643
209, 241.34690619840526
261, 241.32551912732993
2028, 241.14234785755613
1176, 240.97185912307137
135, 240.63958814566192
2771, 240.1656296115439
1711, 240.01832636637047
545, 239.90790418230304
533, 239.803585732967
3154, 239.6290791790507
192, 239.33284357212517
3141, 239.23012173840533
3335, 239.17026351881745
3400, 239.14843903615127
2412, 239.09217424260203
3117, 238.91035249543643
1188, 238.7845420890545
1059, 238.775806618497
3414, 238.51463127186537
66, 238.4584990532158
2421, 238.42919463028846
114, 238.41845787800233
3102, 238.3259144771336
110, 238.27063257042602
499, 238.04092084217277
1196, 237.908380574574
120, 237.59474286770663
1773, 237.4414983454114
2304, 237.43435326592865
105, 237.26502359727172
3399, 236.68044953209767
1242, 236.5525659587944
3394, 236.3665493483743
1213, 236.30496079017271
1217, 235.969786899747
1596, 235.92834137753653
3398, 235.91491837614782
1436, 235.91105805388918
2065, 235.78209871212377
1201, 234.99745310547215
2350, 234.97354719314148
3115, 234.8911943658944
3351, 234.8119095056248
3375, 234.74324038731427
1181, 234.7250485213084
1197, 234.36480659213612
1182, 234.05293827896818
99, 233.7082941893579
1125, 233.41212802965467
2413, 233.07444495756496
2406, 232.81006432176568
1070, 232.69673986626086
3366, 232.5487473289999
1438, 232.53286849317053
1209, 232.37438243536093
1160, 232.19597585862644
1208, 231.91377501955046
125, 231.81458748214433
62, 231.63265891793426
91, 231.40732088822355
1667, 231.3355726510771
520, 231.30867125185972
3367, 231.2527040775087
2356, 231.1887175954277
1149, 231.1152157138052
1175, 230.88218831699803
3342, 230.76742025015352
2392, 230.69409899557098
2014, 230.54708125495827
2387, 230.3138857177588
1254, 230.28336950315187
2080, 230.24431878555038
61, 229.6445053252464
1678, 229.53948179485678
2960, 229.48665697324935
3322, 229.19240899591193
1137, 228.8117841068331
3131, 228.77692907334918
1597, 228.45332604178847
431, 228.18446746208673
1229, 227.83136446234988
2355, 227.67048821206313
2396, 227.6664686307124
1170, 227.30399531425806
172, 227.08264847234216
3420, 226.91231474927008
1148, 226.72880739862026
2752, 226.60792930419234
131, 226.52882510423234
3441, 226.39362098954177
2, 226.32164643237545
1447, 226.23665127750854
1860, 226.0779540339914
1095, 225.76629769504967
2769, 225.53934829796194
1101, 225.1015029769541
1961, 225.01183275331
3132, 224.6996453985009
1253, 224.5610583982525
1660, 224.5468734461302
2975, 224.47670375207062
2974, 224.47670375207062
1154, 224.45267251211465
2978, 224.39295814287445
1855, 224.23206941426548
3003, 224.20696328749835
1974, 224.09809191384517
536, 224.0561282092927
463, 223.96305392079293
1112, 223.9404352960676
2730, 223.73536102269827
1099, 223.50538989365154
1139, 223.49568313869273
3332, 223.42062918623293
2813, 223.41058293196954
2290, 223.0975344185689
2409, 223.08432145593963
1147, 222.7073770243748
3372, 222.64261520374777
2269, 222.46751741058372
1688, 222.2733730746822
3333, 222.26673436363157
543, 222.08116684853562
1662, 221.93562934372687
549, 221.6863030023223
2417, 221.51413022783484
1761, 221.4586169316117
1430, 221.41202980765829
3139, 221.34284572132628
3028, 221.06753914813868
1857, 220.80808276229786
1262, 220.7685412790612
552, 220.68782165326633
3198, 220.3567299521209
3078, 220.2219895666239
1199, 220.11396297747697
279, 220.00774447379638
1589, 219.90854691972305
1449, 219.87235150416566
1096, 219.63797725429822
2765, 219.5969625342473
1067, 219.51575102838157
3047, 219.19401849345198
1586, 219.11816879447989
2717, 219.00111692626285
1141, 218.97426451000285
1683, 218.96991728035763
506, 218.62788770692234
2794, 218.42661112220287
2798, 218.42127557970747
1088, 218.1501310989494
3153, 217.720692177856
1206, 217.60615104847517
1852, 217.56267275323358
201, 216.87727042835942
3393, 216.7907121162615
2862, 216.7440327841017
1760, 216.71503901306463
1872, 216.71203169786926
2919, 216.6131848823144
3425, 216.57992348997107
3004, 216.57979215242443
1069, 216.56993822043685
2797, 216.4615225510807
2715, 216.26483473613663
210, 216.22904048156423
1856, 215.99645672814916
383, 215.99193055684609
1130, 215.93887172504776
3048, 215.7222335071663
3280, 215.6446862058845
1042, 215.55647445347807
426, 215.49530392616484
3410, 215.48256827235005
1214, 215.38833968483485
1115, 214.95352386934394
450, 214.92349635885063
1753, 214.9172907042806
3396, 214.77127542793724
1600, 214.75887171521347
1212, 214.7010660276792
1236, 214.46147812223083
3291, 214.2234472401582
3125, 213.993719043356
502, 213.91185428846518
2753, 213.74275099588618
2819, 213.62449457685844
1041, 213.53529294028945
2009, 213.10016640329437
523, 212.9431817331603
154, 212.79581295999688
1025, 212.75598699994737
3286, 212.40920204227726
1144, 212.33571951388203
1608, 212.33025341803926
1145, 212.292397166059
3061, 211.85685437541383
3429, 211.81388275441628
155, 211.8057318802916
476, 211.73989581721557
3106, 211.61784907366
851, 211.42105326412494
3421, 211.36076732248657
3334, 211.27423028912384
128, 211.24785198483346
1226, 211.19796185770232
1867, 211.19555293004814
542, 211.17419448847784
2337, 211.1496235217069
2983, 211.0705070788161
1429, 211.00342067812144
1083, 210.92893343127457
382, 210.8273344001153
1174, 210.73225768337656
3371, 210.38496939323358
3418, 210.31896686604856
1299, 210.2641439187556
1465, 210.22860943909092
264, 210.21914556558002
3395, 210.12381499882952
3073, 209.9818669362604
164, 209.83038858913056
1301, 209.8003690612177
3086, 209.67389434443012
537, 209.5576390289435
3416, 209.3106470394418
1607, 209.26076440019318
151, 209.21937793042392
487, 209.18944904280448
1179, 208.91688059028672
283, 208.85993052047175
377, 208.79687736932183
1128, 208.7220068120756
3339, 207.7857031847583
1445, 207.54884007230345
197, 207.05378912342331
1031, 207.02800867589568
2398, 206.79075429040202
2110, 206.51925854964114
446, 206.33737100482796
176, 206.2963645868845
462, 206.29202928930366
1241, 206.25535193374142
2068, 206.16810617079352
139, 206.13201505021695
1464, 206.02065849417198
2969, 206.00299003133847
912, 205.9967294311974
3378, 205.99550081764613
3196, 205.83515982541542
1245, 205.66774196883708
504, 205.53123977364004
1876, 205.48250370261002
2303, 205.41800525574402
2056, 205.3436194375921
3369, 205.23449423904177
530, 205.233150496915
2279, 205.0651213176214
1094, 205.04590563040747
2388, 205.04511209399777
1091, 205.02353683460936
2958, 204.91330250964677
2803, 204.69404203424753
3402, 204.58704682841332
3119, 204.51904322757917
163, 204.49128764457626
1074, 204.48394195038549
2309, 204.41346516894393
1979, 204.35469765115846
547, 204.2577146224824
550, 204.23449662655824
1451, 204.22618973292228
1113, 204.0443021292841
1811, 203.97944276330372
53, 203.96163939956696
2973, 203.9218314257502
161, 203.86859328020762
1978, 203.74701165919194
2990, 203.37376607687546
1849, 203.37056678031723
1437, 203.32991865719634
538, 203.2478165618232
178, 203.2118257841294
2754, 203.1947371908312
1973, 203.18175327514845
1442, 203.13447581839262
1218, 203.10524034745626
215, 203.08591819322652
3064, 202.85751710755648
171, 202.80108464827964
2968, 202.69255127219756
414, 202.57242564533018
469, 202.20435335656742
3405, 202.184370964731
1043, 202.14605463954152
1219, 202.04122179747503
619, 202.0386770995878
1590, 201.97568588710269
2763, 201.9370813021305
132, 201.88982297666317
423, 201.8892023697094
443, 201.7853367014431
1462, 201.73950090515598
2069, 201.69799169647024
3373, 201.61551385980965
181, 201.58446643600888
2408, 201.51261245120693
397, 201.3382107816028
1866, 201.23792958535364
1060, 201.22276889111347
3381, 201.15490626814608
2818, 201.12489631839583
514, 201.00779967432896
2100, 200.93641003576354
1030, 200.90811814947344
119, 200.90317197149918
1247, 200.83822788762666
3407, 200.75463419189913
336, 200.74343447047963
2783, 200.32717968782055
2733, 200.1219063766351
454, 199.94642489190704
737, 199.85401082615434
2985, 199.79586538386687
1444, 199.43013933666887
3166, 199.35385718398362
1865, 199.2221911127448
1169, 199.20642018718397
2297, 199.18180383911104
2966, 199.11308063115754
1689, 199.08405171389757
3423, 199.08351008079325
1089, 199.07380817440873
3058, 199.0249683581341
373, 198.90703741629747
1124, 198.60130139906727
76, 198.5599146825635
1027, 198.52838834362572
820, 198.40005810163615
1183, 198.39683196935832
1200, 198.38026729923791
2548, 198.37533640108057
2105, 198.33706919941883
2271, 198.31960516726016
3353, 198.29482001780244
1736, 198.27888490498196
448, 198.2738910845554
3408, 198.2572013437758
2315, 198.22812163392445
1193, 198.17218553650073
1117, 198.09795171678059
174, 197.98755048385166
1035, 197.9549754143974
1119, 197.93384844528748
1248, 197.8059708588239
45, 197.69844549028687
3181, 197.59196157080115
3277, 197.4007895436068
3340, 197.06285068654756
3108, 196.92846512253874
153, 196.88282957514178
3227, 196.8239787824011
2071, 196.81659486390163
3049, 196.7986779142812
481, 196.76169166158954
430, 196.75456362913184
3331, 196.74587163490327
3436, 196.7375333879243
2386, 196.6902878741083
556, 196.6399844532229
429, 196.6113083534427
1911, 196.60239609972174
532, 196.4902682146833
159, 196.45662744614665
227, 196.40213543069282
1450, 196.0966807258964
3382, 196.08639340801378
262, 196.01863713524008
2918, 196.0129515630959
2033, 195.93816648870188
162, 195.860450900296
71, 195.82456911553712
146, 195.6963601795296
157, 195.65582000944087
289, 195.56623253957602
505, 195.5157686344716
582, 195.4139853729164
3055, 195.39851414642962
3070, 195.33020739681547
2099, 195.28255854775986
1085, 195.26596750653323
432, 194.99680021475922
3089, 194.95830129376333
736, 194.85997184088623
41, 194.7753170327042
3072, 194.71257238045814
1676, 194.3958536902195
2792, 194.38317559247199
1230, 194.32367031198368
2312, 194.2158281227188
2747, 193.92831476404046
3370, 193.9197088837543
1531, 193.8894499352196
3155, 193.73882081569778
2979, 193.64781477418398
3077, 193.628564373501
457, 193.56878933771085
3303, 193.48110550822682
296, 193.48027465888336
1452, 193.446104319992
3437, 193.38373237918032
1126, 193.31536127735362
3317, 193.24637745324296
1040, 192.99206570770258
1651, 192.79307352382014
2301, 192.72254734529355
1603, 192.6289041217409
39, 192.60072918926386
1110, 192.44525911577122
263, 192.42246289477134
3385, 192.35517056961814
458, 192.24374204809263
2382, 192.2158657621355
169, 192.19108024392935
1624, 192.0868122641001
1584, 192.08029734662287
1448, 192.00319829937874
3118, 191.85058228153713
3046, 191.6558845787902
503, 191.519788440246
40, 191.48386607501848
3107, 191.34863957290315
1075, 191.30255684716641
1202, 191.3002005769774
3135, 191.19125252926736
1072, 191.18628269182807
3247, 191.05336142453618
1610, 190.92614931906385
207, 190.86590483327547
3148, 190.8307472068612
1234, 190.74263509948432
2777, 190.5818671725043
2292, 190.57194778521836
2735, 190.5518665495008
2260, 190.48210125242198
2394, 190.48021522953076
2022, 190.41470237698536
3302, 190.11063734349992
1086, 190.02557901510855
2302, 189.98982360719057
554, 189.91411973645197
3388, 189.79727434120448
211, 189.61955289850007
124, 189.6163745668313
284, 189.57814124031245
1964, 189.49961607085166
535, 189.49093102639665
221, 189.39086157990567
1066, 189.39082524655103
3114, 189.37534260582322
2015, 189.22416452810438
1166, 189.1897804746403
170, 189.16950547205178
158, 189.10029833617747
3419, 189.00449196588053
3401, 188.9567685539749
2274, 188.91267635280522
368, 188.84349441119465
2265, 188.7728790390261
136, 188.75560768469256
98, 188.67405929173583
1173, 188.4433863830605
188, 188.41887498559296
1583, 188.3844703808376
3275, 188.35393297714393
1533, 188.27477607840103
2740, 187.91511651792453
2053, 187.8544679978697
2791, 187.82967482295294
334, 187.81455771535263
200, 187.73736708657538
1239, 187.62273321203273
557, 187.57722792139307
3054, 187.5038861339822
494, 187.5015957763627
2986, 187.39921916605596
1071, 187.35524599553574
456, 187.27943609498965
531, 187.21095128811388
1585, 187.10840719872348
501, 187.0953108357627
293, 186.9087190217342
444, 186.7999110266656
2807, 186.7991543127033
180, 186.76943297423998
3069, 186.72247064356668
2267, 186.67713457552878
1215, 186.67312230639186
3379, 186.60910030754135
202, 186.60250070313666
2050, 186.55038778380654
3191, 186.4739263332586
175, 186.40954522324748
671, 186.32539546862824
295, 186.3242482196653
1263, 186.22654271223
1994, 186.20077335236633
251, 186.13271077597113
2964, 186.07028528580338
2277, 186.03641471113608
482, 186.02081024570313
1228, 185.8878123180873
3409, 185.87976759892032
1187, 185.63937700987543
3142, 185.4730341503866
3341, 185.40947559983752
1026, 185.32321352472437
1161, 185.2398716756658
333, 185.16932421087392
539, 185.0669094086552
1456, 185.01447080614125
428, 184.96950062894456
2298, 184.92444855223968
2055, 184.82430569272702
3389, 184.81407228722082
2380, 184.59285566766576
1132, 184.53023573127476
1848, 184.41249082536177
1975, 184.29786662201346
437, 184.28136415640068
213, 184.1896218856771
3179, 184.18038685389766
1032, 184.05574397104868
220, 184.05112873640826
3167, 183.9409285006441
2737, 183.8992506775193
2311, 183.86443897999868
2772, 183.8193290988221
2961, 183.54649797543246
329, 183.5425539474739
2306, 183.5285439069177
2018, 183.51574450612048
186, 183.42715263782992
2310, 183.35441851242547
1203, 183.30457211923925
3403, 183.27037982931523
1076, 183.0009773155959
123, 182.94234551871003
483, 182.8126237823449
2006, 182.73976435488234
2963, 182.71253938105812
2088, 182.68588610310977
453, 182.66701522773792
303, 182.66662961780906
2348, 182.55938301919053
1129, 182.51057863114667
2308, 182.46005310442345
3169, 182.45755089453883
2424, 182.42201022247568
1851, 182.41780446539036
2070, 182.38440078145655
3189, 182.27564932493573
3010, 182.24400588651287
1233, 182.18028280605347
330, 182.13047932915129
1143, 182.10963122959245
152, 181.93685664408247
3210, 181.72760583673895
332, 181.65566451441745
669, 181.5200279673932
1581, 181.51876725881604
2086, 181.3591716031761
3065, 181.26432845455076
860, 181.22241727013895
1090, 181.1762011716853
3205, 181.11734310020555
1912, 181.0756800710374
2764, 181.05139806680225
642, 180.9340464221354
2075, 180.8690433987988
2389, 180.80810480466187
2989, 180.79393377027014
3426, 180.79026523435022
378, 180.7680511758994
3203, 180.63308680954677
2266, 180.63169588127434
3445, 180.38148204096856
1466, 180.3306595207788
2011, 180.23669513485203
3404, 180.21029228728497
3032, 180.1480363237848
2059, 180.05983720405834
1980, 179.9607135605553
3149, 179.85390993352217
3172, 179.73066821521348
852, 179.67995553208416
392, 179.66388055306675
129, 179.53670565897767
3182, 179.51917603966746
478, 179.41289071807512
1432, 179.41197225969933
2746, 179.25667106305067
471, 179.1805677289825
142, 179.16456564629746
2103, 179.11390736368978
3212, 179.0847194483793
832, 179.04152177592843
380, 179.04065016191606
1260, 179.0363539746523
1997, 178.78108889909458
546, 178.7265835589154
2790, 178.62995904848484
773, 178.6173313351859
2300, 178.55354836646924
37, 178.54234233265095
1252, 178.51949770379008
2962, 178.48763631830778
272, 178.46764336294933
2407, 178.38683145917673
2263, 178.29507267514617
467, 178.28704689664562
2352, 178.2722973155184
1963, 178.26663373738054
475, 178.2328504944892
2252, 178.22745300428554
410, 178.2130390480231
1459, 178.05268598324895
441, 178.03674791608313
331, 177.77075871770109
1995, 177.7220917625368
365, 177.5492751875201
864, 177.41962310077864
2774, 177.38823175044658
1259, 177.25899457826256
2016, 177.08937160087433
1184, 177.04342966562746
297, 176.99753287293882
168, 176.97413231058297
2766, 176.82299970036811
3128, 176.75828507413925
1098, 176.7190559858694
1991, 176.68325268098866
3447, 176.57583369973707
3190, 176.47095189490327
2354, 176.35282962580393
3202, 176.32924520898993
3434, 176.25090705981103
2786, 176.10690046759865
677, 176.10187083692244
3285, 176.00280848552677
3174, 175.90822365277316
2296, 175.88345645288575
2026, 175.8004681018658
1690, 175.74825069367512
3281, 175.7376111221549
1517, 175.6296526831537
100, 175.6052791875224
299, 175.52019560408826
1177, 175.4508067357246
451, 175.42097641309925
2083, 175.27129251712867
3424, 175.1891983160118
2863, 175.14405699899112
3386, 175.09776871960094
449, 174.94128448600884
466, 174.89360456511056
208, 174.8907123777382
3298, 174.88739880021936
130, 174.85757132989576
914, 174.796193777994
1604, 174.7693529963658
2223, 174.76404695836314
464, 174.69502988008992
79, 174.67170053526004
3214, 174.63881574059107
2759, 174.44005336875327
1111, 174.28499027881938
3056, 174.27389498793576
488, 174.2573105005123
2734, 174.1839667095457
75, 173.92278566727302
2767, 173.8947504356321
496, 173.78857384808614
731, 173.52136840997355
3173, 173.51746027174664
1521, 173.48453643060407
3300, 173.4699427305011
3185, 173.44901275877967
2744, 173.4175598968941
2276, 173.38847392565438
2091, 173.3710464686601
2024, 173.34349460137744
3175, 173.32914716133803
328, 173.32183974427244
2261, 173.25093888685782
2757, 173.1232601418373
173, 172.98114139264086
2032, 172.9024779159465
2029, 172.88615511827547
204, 172.82862561615744
2817, 172.8226877951368
2987, 172.74000835708665
1770, 172.73268987251478
2278, 172.49788929451913
1077, 172.46931353163413
1140, 172.44107211625155
3057, 172.4267131393605
147, 172.38854511140087
1502, 172.33209790091544
534, 172.24875072460085
435, 172.22938186816347
1513, 172.18741679795173
2109, 171.94460205768667
3098, 171.92620436682645
583, 171.80832589262283
2078, 171.4486059382276
3208, 171.40739591875928
2748, 171.3424227491927
480, 171.24847736873025
335, 171.2444426168234
1893, 171.23283911824424
3283, 171.11493925220694
2381, 171.0438501865487
1142, 170.9622064000943
485, 170.901001003074
3244, 170.82616668334748
3276, 170.78703111624156
46, 170.7330263618455
1172, 170.5789565531325
3110, 170.5479327228442
2027, 170.50631311214994
2820, 170.4923325461325
203, 170.48783238513008
470, 170.47632395714322
1850, 170.3212740497307
3245, 170.3032009193759
3226, 170.22549788196812
2722, 170.21799698917658
401, 170.21784671415315
3292, 170.10925294436132
1029, 170.0593791626502
3042, 170.0416272856965
433, 169.95175547865287
738, 169.925541183099
3348, 169.85802045772937
1256, 169.807048456794
3440, 169.68847011223787
2415, 169.67351878038568
479, 169.64591901265032
2076, 169.51054803298192
415, 169.4302106348275
544, 169.39579705242275
2224, 169.37722936311152
1443, 169.2185442044403
3159, 169.1755949722452
372, 169.11453041716388
3093, 168.9934460716161
913, 168.92363173025663
193, 168.83063830913665
1105, 168.5431660108505
1587, 168.50273850169907
2507, 168.46454750956002
2013, 168.44707117708245
440, 168.4301521115236
906, 168.38898218830872
2776, 168.35693057246814
48, 168.21143371794358
2920, 168.15436054299664
1853, 168.15272015174193
650, 168.08367767671749
540, 168.07578825685135
2045, 168.05270268084624
2965, 167.98544589991624
2751, 167.9519607617745
1675, 167.95138136325318
1880, 167.86738142321883
1910, 167.6386841759237
1870, 167.6136050238815
548, 167.54081390021497
2622, 167.52894704163077
468, 167.4613687579055
1434, 167.40491759802714
1433, 167.40491759802714
588, 167.35814241603867
608, 167.31250507627607
3293, 167.2517188286569
2802, 167.21360814711608
2285, 167.20766084290264
2825, 167.1614063563423
425, 167.00315111788018
495, 166.99631212362408
1058, 166.85127093232904
189, 166.76053009507893
2291, 166.7569418644031
1204, 166.7246767606214
1611, 166.69756416691197
1100, 166.68956805791208
126, 166.64309139702706
2020, 166.63822235621043
2773, 166.60328410111467
1087, 166.573905673686
52, 166.5464837151571
1758, 166.52234561394718
3297, 166.37883620606098
861, 166.37394455428495
3209, 166.3039947451224
191, 166.2600313646483
1235, 166.1694358954397
2768, 165.98520943688516
288, 165.8743022506206
676, 165.80019162344973
452, 165.63782356208716
148, 165.39719251145382
217, 165.31029634348192
34, 165.3097401580624
1063, 165.23974734643352
274, 165.2257846604713
1515, 165.09398932614428
51, 165.0906629411218
206, 164.94087011070602
3176, 164.89476492042934
3435, 164.89033897799928
1159, 164.80731926788494
2723, 164.6213614584376
2981, 164.49295251754063
862, 164.4676719257739
3083, 164.45547068301337
1993, 164.39184519960477
1081, 164.29257023684178
2988, 164.14171798290667
2416, 164.0522203216729
1914, 164.0330406321551
562, 163.9778394490679
2546, 163.95276931418982
816, 163.87421237435302
3079, 163.86703048852456
2019, 163.84283277511577
2272, 163.75850287232035
222, 163.69824030915913
1221, 163.6541652046971
56, 163.5674982600785
3071, 163.56509442390285
3213, 163.5346774558631
3287, 163.4121146674603
1381, 163.3758119977951
3006, 163.07823523588584
1686, 163.0220847231446
1859, 162.9518674331667
2419, 162.92779418509363
3151, 162.89114841266638
2549, 162.7562177929866
1680, 162.73355160264418
1461, 162.72845048205846
3259, 162.65548899397987
1237, 162.61837515145035
389, 162.55081721957163
607, 162.53002165237
2810, 162.38446629096057
1913, 162.37694359779903
2257, 162.3616116595523
3084, 162.29305838814167
140, 162.18374868662673
266, 162.15125819077295
406, 161.9835931064463
685, 161.98301215127145
3050, 161.84331933560478
2307, 161.82335632004848
2210, 161.72367039988438
881, 161.71028154196415
44, 161.70954701386742
2025, 161.6008460022963
2041, 161.31724323251095
3051, 161.2194397956418
1102, 161.1874377468494
1516, 161.17862616814676
198, 161.1622751238588
1033, 161.04867119776705
1732, 161.04478795660253
424, 161.00135462560817
2391, 160.94271729688046
1249, 160.79348817187594
3199, 160.77090468820884
1666, 160.72508971891264
670, 160.68220968395772
381, 160.64890517619082
1244, 160.63609748946237
165, 160.47390990424185
2005, 160.39639186325385
447, 160.37828512031123
407, 160.3612432201555
1707, 160.3260737220963
611, 160.24243337024416
82, 160.18823458287926
3439, 160.11237611551684
3192, 160.09825040597372
2811, 160.08938397557785
2108, 160.06639733233422
194, 160.0582899408795
2795, 160.02455361379774
521, 159.89461227626225
515, 159.783640852585
3246, 159.75795987905468
2343, 159.7544910715076
275, 159.7049530062217
555, 159.70259163941492
1082, 159.69845248829878
1243, 159.6578046060393
3274, 159.5858200830594
3413, 159.57503271332365
3315, 159.5748340459245
228, 159.45280767401243
2741, 159.25348908104792
143, 159.22724425393992
3171, 159.21637709832427
2238, 159.16268712569155
74, 159.13242542564097
1002, 158.93662477135035
3178, 158.81948749134295
2218, 158.41776471361072
3241, 158.25488339799577
376, 158.22502740924483
3133, 158.1954812316624
895, 158.13871368258748
2034, 158.09341235596077
2106, 158.04892781685786
85, 158.01069350923905
445, 157.96772557533185
2294, 157.68074371407928
3336, 157.54369145237442
1854, 157.52444643036654
47, 157.45363027318768
2736, 157.41142126605766
3092, 157.40763818243053
2093, 157.40071294517324
2951, 157.38023493369488
1742, 157.3563908945634
651, 157.23532305417456
1084, 157.12806812574192
3278, 157.05989674784138
134, 157.05853385674467
1162, 156.98786008832633
2749, 156.9642470214028
2286, 156.95274396860492
3144, 156.8980039533375
1122, 156.86698067768555
2808, 156.8580017922669
654, 156.83415734367796
379, 156.7768157215122
3432, 156.684432385941
3384, 156.5444978785498
580, 156.5104286942596
3170, 156.50153091606296
1720, 156.50139008141008
3059, 156.42586502651855
2483, 156.41294421965964
57, 156.39909679631086
1677, 156.38372359009836
294, 156.37348910943703
3143, 156.35572598198428
2259, 156.34441969364497
1738, 156.3394019662928
3062, 156.31122453086613
1024, 156.30355163506997
3163, 156.07796088187274
3204, 156.07584972920716
678, 156.05049720818224
3305, 155.9821436460952
563, 155.88390059745515
326, 155.83576225576206
1205, 155.80912404376522
1877, 155.7546642978335
3101, 155.67684267337165
402, 155.67484870849697
237, 155.63382245939314
3095, 155.4584590958361
3433, 155.4494332480531
2630, 155.44061961608696
885, 155.3474372020041
141, 155.31167854325372
3211, 155.29574223660862
3194, 155.26622000604166
1687, 155.25861285514713
1771, 155.18521758908022
427, 155.17210849581184
3327, 155.1589833689576
1121, 155.09767410180015
680, 155.02603959726312
2793, 154.98837592656548
77, 154.96564894569175
2789, 154.88289311272723
1439, 154.81495762351196
3206, 154.7837271470308
3380, 154.64104690058213
1725, 154.58279454946356
35, 154.52294754743227
2651, 154.51922941064757
613, 154.4796036495568
300, 154.4663172366069
2314, 154.44526893234033
2666, 154.42176260609583
2003, 154.41782621606168
3186, 154.35664626232602
3197, 153.9034558017947
298, 153.71874866184146
3304, 153.67009734537083
1627, 153.60739687353626
3039, 153.55993638099574
2048, 153.55819345243532
2240, 153.51272231919722
408, 153.46857877993787
1746, 153.4679798792559
649, 153.46003468212564
1722, 153.43680681537847
1238, 153.3815273732825
3312, 153.2997115356966
473, 153.292993184758
3443, 153.24848472885813
2454, 153.22182368958818
2404, 153.18984521538889
2513, 153.18560074109402
655, 153.16987763393536
748, 153.09665721110707
2002, 153.01881950587995
2505, 153.00697117850333
3350, 152.95844958263237
3294, 152.91146499203796
73, 152.89992012303765
3284, 152.80903427441493
3289, 152.77085895096155
2288, 152.68547427624375
2583, 152.62981850713572
1729, 152.61882826607282
1747, 152.5913939015722
956, 152.56687203430818
1669, 152.36864780797063
1685, 152.3585573211891
3040, 152.34635829266034
2203, 152.34384488274117
1646, 152.3000142453136
1874, 152.2640181304036
2104, 152.2551226507621
2280, 152.16044743489667
663, 152.12365301234908
1879, 152.104970993399
3134, 152.10406695923086
280, 152.09210624621477
509, 152.04923582062472
1718, 152.02707658885728
1231, 152.00329398356757
1970, 151.98666678148277
42, 151.90741590479388
3147, 151.8926471986122
2385, 151.83831639804976
491, 151.78618347900104
281, 151.6330412095459
2379, 151.5548928363592
3200, 151.4162040202852
2508, 151.37586238102753
643, 151.2644410281531
3243, 151.23652756923696
2491, 151.21089054142297
3120, 151.20819288536416
282, 151.01613475550778
2824, 150.977547882247
1641, 150.93954907597572
225, 150.91117905738065
679, 150.90498541925496
1625, 150.8628110149867
1875, 150.82795201297245
439, 150.80860163988984
1695, 150.79464415552357
2948, 150.776725020944
3354, 150.7689233407818
1708, 150.559187449732
84, 150.55096795947924
1104, 150.39803293906547
966, 150.36654521157706
2008, 150.26759173413012
2742, 150.1370432669246
1232, 149.87594414395332
2442, 149.85214451381617
2721, 149.76255551484866
2258, 149.72126473057156
88, 149.61789479631355
455, 149.34129088509633
733, 149.1800790532752
1868, 149.14777202984095
2566, 149.03400075555854
2671, 149.01693234299626
3082, 148.93092633744885
2393, 148.91810976350175
732, 148.88847662649744
1756, 148.77153812977136
859, 148.70572434123625
634, 148.61162347758588
2780, 148.60369368399836
3184, 148.57412028030345
1258, 148.5513179034937
2688, 148.41737466919113
3314, 148.36818951327726
3146, 148.35728537084663
1647, 148.35065133488575
150, 148.35052089536507
838, 148.32485852660236
460, 148.27596315158073
2917, 148.22064944581004
219, 148.1877127059951
58, 148.13867033180676
2021, 148.11717766348363
1971, 148.0482351731783
1171, 148.04733590318082
302, 148.0358743556811
2039, 148.0021520995651
1698, 147.9818175998766
2816, 147.95842016570342
1894, 147.92736283048635
2784, 147.83480113299902
863, 147.789572816201
2353, 147.69854440394317
2823, 147.68473836736592
2645, 147.67225403922717
513, 147.6066903928989
3150, 147.58903016460638
265, 147.55679906262637
2338, 147.5074059279818
699, 147.33609813402566
1717, 147.32803800522248
2587, 147.2937701090918
2696, 147.2647798689452
2755, 147.194971886528
512, 147.1445580961122
2553, 147.11046938559036
2098, 147.08407879804457
1871, 147.07553148094837
1731, 147.0120487549001
3264, 146.9338140448459
2788, 146.91855288869885
2782, 146.90373605179292
1185, 146.89831030143714
2524, 146.83777353131057
1740, 146.83681455121686
145, 146.80856051659453
1968, 146.79046642741585
1106, 146.75904113771475
3183, 146.74254503143686
3444, 146.70614125690275
1644, 146.64530912820436
2812, 146.63445584842202
2562, 146.5466801862049
518, 146.4783732636063
2705, 146.29438663412148
3162, 146.27186863058444
3352, 146.22461922286473
2864, 146.17333097984397
2287, 146.16943487416168
2758, 146.11779636541107
398, 146.1144142177613
3239, 146.0654223292417
3248, 146.06148056602936
3187, 146.00422717103734
734, 145.9990693437932
1858, 145.92273958548063
2559, 145.892793351347
3105, 145.8857881163942
757, 145.8703616119424
1714, 145.7462336047076
1682, 145.6694596692049
3324, 145.650166094969
3123, 145.63864408034584
1643, 145.57672384959977
551, 145.53218814174969
1739, 145.51250673314934
87, 145.4335861060764
1057, 145.3454913031053
412, 145.28716648244267
2558, 145.27653691917197
3168, 145.19360514076777
3415, 145.12602997732938
2101, 145.05692865958116
1726, 145.00234674902748
255, 144.97381600630217
2607, 144.88284006550893
2610, 144.83154061356223
2217, 144.81251031184922
2677, 144.81075982331666
2640, 144.80633432906652
3063, 144.80610176186866
291, 144.77131140444698
1642, 144.74764355957302
278, 144.72096049378632
2004, 144.64123425272956
1626, 144.58742206218415
2694, 144.513745048482
2514, 144.49867007801788
2536, 144.48730283234482
2017, 144.46182663523336
2244, 144.33723562466068
3255, 144.33042445868148
156, 144.29983166374456
3290, 144.2922483249297
957, 144.24026771839982
2620, 144.2173237980597
3090, 144.12800582129356
3225, 144.124086286733
3129, 144.0685006112614
214, 144.04376711414108
2305, 143.78046418925246
2703, 143.77209747813177
1705, 143.7643887837001
561, 143.74326558663532
2690, 143.72338323581417
250, 143.65981134029772
3041, 143.6340533618635
1892, 143.57372623342192
1715, 143.56135910698987
1703, 143.54956911707495
3299, 143.52655180115516
1869, 143.47889860254838
2781, 143.4180277657369
965, 143.39013068373387
626, 143.25864656313902
3318, 143.25613653808506
2686, 143.24215979663538
2710, 143.17492251460845
409, 143.15478561984443
2473, 143.09928849713603
2390, 143.08808279560412
2152, 142.95774375144597
2030, 142.93442672659071
411, 142.92577773048393
276, 142.92204195079597
399, 142.84327287887442
1755, 142.78807447620983
3066, 142.6357478917015
1752, 142.63321417733835
19, 142.6052671218901
3279, 142.57804570413313
2574, 142.46279415671856
2814, 142.45584815197398
3080, 142.4296867582
1721, 142.3682719367331
2571, 142.32592987190438
2102, 142.30149871217375
3130, 142.2564292816978
1630, 142.17519806159274
2779, 142.15450569290837
385, 142.03838441974594
2657, 141.98772825888904
199, 141.9628139001604
54, 141.9175640970547
1712, 141.86222233677339
395, 141.80571509670153
681, 141.6438661641865
216, 141.59542619804927
3207, 141.3619353580057
1692, 141.32541813946352
2653, 141.28400089299984
404, 141.2758478998582
1701, 141.26151543980643
3347, 141.2517078768167
1628, 141.24942308934664
1733, 141.18806553766538
2756, 141.03935123686838
2785, 141.0308956770981
2650, 141.01945210740004
2497, 140.99250972842063
3020, 140.99046557301565
3111, 140.84404401019316
2111, 140.78738018627328
2096, 140.78738018627328
1966, 140.73488167311467
3306, 140.68506718982934
2624, 140.6574934048441
254, 140.55508077189214
2621, 140.2865274876145
1710, 140.23578478099014
3099, 140.18098264423196
2683, 140.01447897267892
2745, 139.9685340639779
400, 139.91546568802198
1028, 139.79975157357313
2561, 139.79479924237896
2649, 139.78100899493532
386, 139.72042880333998
647, 139.70289833558564
21, 139.69865258176355
1631, 139.68552148842485
2712, 139.64840098566057
1735, 139.4254171201062
1873, 139.42299693424815
2641, 139.35390616614714
2525, 139.33368466474553
2520, 139.29523416370913
1744, 139.2621030215894
1891, 139.19500309961674
3316, 139.1665499653862
2572, 139.1584134263422
1716, 139.1511829284993
3265, 139.0704981420586
2720, 139.02542503132256
1748, 138.93595161230922
1463, 138.8149758968512
2293, 138.768011379462
2601, 138.7154702320357
2652, 138.67400548801396
2527, 138.5628392363353
2738, 138.54907894272824
2681, 138.45250835445333
3383, 138.4250682306875
3112, 138.3696556645029
3097, 138.32168499044673
20, 138.27279808826881
50, 138.20424404471973
1684, 138.18070278525565
2959, 138.16727228860253
1047, 138.16579875632522
1659, 138.10564711041107
3323, 138.05771364759383
127, 138.0576692917523
1670, 138.01200334608762
2656, 138.00122449339602
137, 137.9906736909894
3201, 137.93719942304412
2568, 137.928594125434
2668, 137.9016541278177
1672, 137.80749112164244
396, 137.7759972731482
2289, 137.73855361866157
1645, 137.72547954774404
2853, 137.69445444925043
3295, 137.60354677381952
287, 137.55090633917857
3362, 137.53661029139508
3288, 137.3488246423819
2646, 137.3432979741556
1741, 137.2172863531922
375, 137.17965419131767
1730, 137.13162309629197
2608, 137.11691508790278
2340, 137.0460823486147
3136, 137.02450513405998
3442, 137.0088188101273
1633, 136.98434217962557
2635, 136.9572546443769
1700, 136.93271643305678
2580, 136.91762267612944
1668, 136.74225600433002
1743, 136.541312832112
1657, 136.54129373490562
2563, 136.4935415785211
1671, 136.47780042355944
2212, 136.46350286022562
1699, 136.40952612984537
218, 136.40476597286687
1941, 136.09495479895378
36, 136.08031278701864
2485, 136.06150675978876
1724, 136.03532583765266
1754, 135.96939870854047
2611, 135.92506142714515
2726, 135.8881716404504
508, 135.8617535241788
3311, 135.79149289031392
1665, 135.73662118942642
2383, 135.73592617768733
2533, 135.323153750186
2449, 135.29604636621872
388, 135.2826146640184
1706, 135.2072179450091
2493, 135.176463866619
1745, 135.1523005770935
1967, 135.13481445244236
2283, 135.0235763362907
43, 135.00770298868193
2592, 134.9363844671196
3254, 134.92031772529185
2451, 134.81915767378302
2466, 134.78108597333673
2179, 134.74266788192637
1637, 134.7209037516401
2597, 134.6963809254881
3005, 134.61611964078665
2697, 134.56897934908102
2397, 134.56146469026487
1629, 134.53922386095869
3232, 134.51456913162377
1728, 134.46959151659254
1650, 134.4601796847888
2486, 134.43995684378876
3094, 134.43770320921232
1734, 134.3769514645645
2204, 134.2385257027131
2658, 134.1646471063033
80, 134.06621314534004
149, 133.9885011947285
2456, 133.94405840680417
1649, 133.92384455723695
1639, 133.9081438580035
1681, 133.86365143396714
1704, 133.73727652498957
1114, 133.72196164328992
1697, 133.48249272327521
1727, 133.38584601559958
1679, 133.37130952514835
1648, 133.3310600728792
195, 133.2801657748905
2339, 133.068927229399
497, 132.99819718827152
2575, 132.96593304457255
212, 132.69051151973756
474, 132.61903909606352
252, 132.6123856906686
1691, 132.5907844514511
2239, 132.434958180229
3007, 132.40197182892564
1759, 132.38143721003468
2528, 132.29402060025313
1749, 132.28334440033757
2604, 132.206171470113
3231, 132.07187013204705
2235, 132.05733478321542
2475, 131.8635501747765
2980, 131.83767298821658
2655, 131.72100160809518
2461, 131.6545337767595
405, 131.65088179042596
2453, 131.6312197987455
2167, 131.37090264644118
2185, 131.2994579109624
2589, 131.29855856802936
2693, 131.28362223070118
2648, 131.22467535860514
1702, 131.20780866731013
2543, 131.06874243619927
2282, 130.89428016436966
138, 130.7547331652946
1751, 130.71402779726014
2087, 130.66613680440287
2612, 130.57937765263537
2778, 130.53106327842477
1674, 130.49896650209453
1696, 130.42637023824577
3258, 130.2213141658794
2809, 130.2162849597963
3195, 130.21061662895926
196, 130.13428038556276
2484, 130.0818649194405
2226, 130.0121647195979
1636, 130.0104754455576
2184, 129.98520836716017
2673, 129.9544173018041
2616, 129.9437744614046
2623, 129.91242136147756
2139, 129.87977840654946
1635, 129.76943992376331
337, 129.419507248054
394, 129.40151383876415
2713, 129.35468425602926
2679, 129.22982414822647
3296, 129.1264378677564
2605, 129.10189033542002
2299, 129.07246677503045
2498, 129.02907341420888
3313, 129.0164961979977
2564, 128.95630206130085
1737, 128.91806394996033
2531, 128.9110133341405
472, 128.86592782349948
2249, 128.84529965971484
3160, 128.7696950761737
2177, 128.75610577628726
1750, 128.71710475127804
2264, 128.69144858896126
15, 128.689382221724
2821, 128.5790584999463
55, 128.5368668742967
2462, 128.2843764104189
3021, 128.1332521721857
2490, 128.061657264295
2626, 128.05062065613137
2687, 127.82471045121285
78, 127.78980746157194
3091, 127.72960809663209
3262, 127.70738814123324
2349, 127.59831930854587
2345, 127.5882064416471
2586, 127.57529312979887
2606, 127.56369560227617
2695, 127.45198845337356
1045, 127.43743068429215
2094, 127.39116279899653
2346, 127.39029306094156
3113, 127.37575298607092
38, 127.33044152375024
2519, 127.23776491883913
2492, 127.22616169867548
2496, 127.21241559003418
2341, 127.17490553601566
2455, 127.15742783761938
2570, 127.10801036092387
2704, 127.06655056372485
2603, 127.0100349500247
2342, 127.00921213248581
2464, 126.98850282974999
2629, 126.98774944166307
2538, 126.98491363925737
2822, 126.95307744751149
1652, 126.95014579562427
1530, 126.94852046818555
3261, 126.93745774839857
2534, 126.91965032521384
2654, 126.84598304926264
3193, 126.84201313026931
2511, 126.832297022328
2692, 126.77407738822602
2869, 126.74525811305656
2700, 126.6877487640113
2675, 126.62966803990915
2707, 126.53662913628057
2509, 126.32620794579003
1960, 126.23225598347723
3180, 126.16767321073051
2313, 126.02161753733593
3344, 125.99967753532418
1557, 125.95199126831504
3251, 125.79581441183173
3329, 125.53014597177717
16, 125.50507384094239
2506, 125.49753843225159
2522, 125.4858973270507
2638, 125.40298226008134
2665, 125.38807475534716
2284, 125.35454358155948
2499, 125.34165769318157
2600, 125.33867451054985
2581, 125.06562637031436
3260, 124.93975172605029
2727, 124.93165489551583
1655, 124.75819711422174
3165, 124.62750008919309
3361, 124.59456515819575
3019, 124.41550634445512
3364, 124.40755143208538
2644, 124.39925255023618
2488, 124.28063731140736
2452, 124.27407518190664
2479, 124.22666225670353
2495, 124.12385011237514
2460, 124.11200468472369
2662, 124.07729916734294
2760, 123.99981937621281
83, 123.86546723403764
3100, 123.85586046456697
2632, 123.73360746289612
2044, 123.68946639998481
2079, 123.60560937942998
2698, 123.38165240133686
1559, 123.27992345089584
2401, 123.27176566493566
2037, 123.1570209045042
2440, 123.06586611923933
2530, 122.83647729225136
3301, 122.53495336537307
2714, 122.4661744136107
2743, 122.4640595951806
413, 122.351371123148
1847, 122.15710988698233
2565, 122.08635935977573
2970, 122.04929617991404
2092, 122.03865065829392
2625, 121.90352124769265
2535, 121.62884000414336
3266, 121.5885887152155
2477, 121.56697021755102
2670, 121.30253146154823
2444, 121.20622466748898
2684, 121.17358928805211
1664, 121.0495190665179
2591, 120.96594205586166
2664, 120.8620275812267
2537, 120.85074106788852
2598, 120.75763174037816
3357, 120.46712294182078
2061, 120.41025559741537
2667, 119.9033752905867
2659, 119.76136920509883
2660, 119.6961014990129
2472, 119.69586345689112
3008, 119.64891625197868
2634, 119.61219166360877
2552, 119.53636008817237
2699, 119.50812418803307
3033, 119.50022985519063
2674, 119.4464650485509
2457, 119.33452336023308
2669, 119.28813344497173
2576, 119.19141019031494
2474, 119.14394943085053
2405, 119.10100102395951
2494, 118.99159275644514
438, 118.97832181290025
2631, 118.94124778009576
2661, 118.92173231537106
2510, 118.90619647201366
2691, 118.8596207264407
2502, 118.7354824532366
2501, 118.7354824532366
2469, 118.70952090279025
2617, 118.5524072279587
2541, 118.51049137891317
2614, 118.30544446708238
2542, 118.13877241005099
3249, 118.13636447981791
2609, 118.13274985517991
2448, 118.09969740742541
2627, 117.95704165772581
3253, 117.87693510523813
2504, 117.78262416070088
2521, 117.70012301651639
2702, 117.63406099053351
2637, 117.62793214006096
2476, 117.5987884246099
1109, 117.45387123802085
2724, 117.11195429267771
2956, 117.05548741253156
1300, 117.02177113233714
3263, 116.95258127778303
2089, 116.89932941695217
81, 116.86612140942547
3325, 116.83755827611522
2557, 116.53272526138036
2678, 116.5098510815292
2619, 116.37897606818797
2866, 116.32327870865693
2567, 116.31604402250942
2478, 116.3117949322083
2529, 116.28793961978259
2676, 116.00062333698767
2706, 115.98682766843925
17, 115.92552321459895
2585, 115.91765942391547
2459, 115.90053746412259
2074, 115.8549507138789
2560, 115.75488747405068
2467, 115.6343096699583
2554, 115.49377866133298
277, 115.42786551498335
2663, 115.33181028162313
2082, 115.24211711135635
2544, 115.06923925368899
3250, 115.04171432903739
2633, 115.00964054381214
2577, 114.92514369754826
1560, 114.79572908039556
2595, 114.75368938035915
2628, 114.6982693391324
2573, 114.67608858659068
2685, 114.64499176280908
2482, 114.44597904843258
2642, 114.28523762252225
3326, 114.23045891040293
2689, 114.20326252478844
2523, 114.12198755088531
1969, 114.05630430084159
1052, 113.96537253029486
2618, 113.92131319180488
3365, 113.87929578161145
3358, 113.8443105171536
2545, 113.7227620208648
2443, 113.70229084401882
2680, 113.69546264103376
290, 113.6233770800215
2447, 113.61775715161208
2701, 113.53264639791672
2480, 113.3993675823373
2481, 113.39767102587282
2445, 113.38844740875757
14, 113.37897911825007
2588, 113.30416045260668
2909, 113.29913447248083
2613, 113.21783726286104
1965, 113.03601630334268
2465, 112.96551003786698
2047, 112.89607241916377
3307, 112.82707529855955
2458, 112.79549143785525
1520, 112.75462310951002
2463, 112.74348139478494
2602, 112.62512529744055
3345, 112.4916800317396
2643, 112.31559779539373
2489, 112.22161386865301
3360, 112.22048684247643
2512, 112.12469856792985
2487, 112.07413372362748
1046, 112.0523187573405
436, 111.9540279958565
2599, 111.90075684832875
2728, 111.79931610830677
2516, 111.54771635623669
2593, 111.53123782532612
2708, 111.41755005401565
2081, 111.3517167805791
2584, 111.34997640519974
2446, 111.20046365790718
3252, 111.08077990823749
2636, 111.00278895656432
3391, 110.98628584156704
2540, 110.97969049351825
2639, 110.72859505367944
1519, 110.7098479829663
3308, 110.54794383765345
2582, 110.51020984344201
2555, 110.32305441771362
2052, 110.24357517367156
2057, 110.21200607902327
2077, 110.16936137685045
2590, 109.93868039351321
18, 109.85376438037561
2031, 109.76799770676544
2090, 109.69900906930675
3177, 109.41219424134309
2526, 109.25810782309193
2468, 109.13596763124369
1537, 108.75663704230051
2914, 108.73443136327327
2450, 108.70645092263553
2441, 108.65977383857657
3446, 108.45884881609861
1053, 108.41196108768354
1103, 108.35976441536661
2539, 108.22761766267789
1118, 107.9667863190695
2709, 107.43209017690333
2596, 107.41483242080918
517, 107.3830602788973
2647, 106.777201373147
3343, 106.75814625963383
2066, 106.36445365077716
2615, 106.2053565689084
3238, 106.1769342364347
2060, 106.03862024112306
2579, 105.95971610518062
1558, 105.72336294465089
22, 105.58481125471043
2038, 105.55011951070973
2471, 105.45254253735072
2517, 105.24937526240467
3359, 104.9051950780942
2594, 104.55820999703141
2500, 104.4487842615845
86, 104.14675793945248
3438, 104.05327353457886
465, 104.0239617262084
2040, 103.77102369819433
2916, 103.72690331860977
500, 103.64022832316934
3085, 103.48384714618562
3237, 103.1793826874323
2503, 103.11820988130982
1878, 102.88141776301522
2064, 102.71574706462759
2046, 102.3671705123224
59, 102.2882604474617
2515, 102.27801232122465
2732, 102.23843164959708
2058, 101.91900162622294
2682, 101.78715540989346
3346, 101.78264178779678
2036, 101.72147822371873
1164, 101.66697120358619
2470, 100.66245685624632
2578, 100.48610852487465
2043, 100.17090631149938
507, 100.06073922617358
3363, 100.04111076103273
461, 99.30491731221906
3240, 99.18914213941306
459, 99.12706610048032
2063, 99.06521342405271
2725, 98.85245942795083
3242, 98.76302555029868
2085, 98.73666217495786
63, 98.6778997432285
2569, 98.10527881771874
2718, 98.08070552657752
484, 97.84658784402912
3256, 97.80367895602068
2672, 97.0038632070659
2910, 96.51998683315563
111, 96.31214985257829
477, 96.24968542161136
273, 95.7411390681085
2518, 95.49434493818403
3257, 95.24119013959135
184, 95.008381885344
292, 94.87955174090048
2532, 93.8900957003373
1535, 93.74948150827173
2556, 92.71381431808538
1051, 92.55239778069351
2868, 92.50037208849263
33, 92.30646745198916
387, 92.02012375431275
442, 91.81260197269107
1165, 91.807752796104
185, 91.70595483995507
1093, 91.38905554435732
490, 91.02531507192587
60, 90.63257773347337
2054, 90.58070586786627
3282, 90.39651730646503
305, 90.18809218798162
1092, 89.95801926345794
590, 89.39480056512116
1972, 89.03361145332923
2035, 88.76704649901724
1054, 88.43518870592341
223, 88.1310583257981
187, 87.00040934367267
2049, 86.99858363651332
2711, 86.76013440587764
2924, 86.76012579315405
3309, 86.54146255262872
49, 86.08162593871748
2062, 85.47088656193867
224, 85.38710635927369
2042, 85.04468365402347
286, 84.80455511412724
1861, 84.70553995323053
489, 84.39482569325452
2051, 84.02667241901814
2107, 83.91277666649418
2912, 83.79553440401456
2067, 83.53013989244167
226, 83.47977684465778
1536, 81.99490946039668
2925, 81.9011005169113
2923, 81.66788679530512
1048, 81.3073733441741
301, 80.27034811064925
2072, 79.76939466938371
1049, 79.12443829872285
285, 78.97273284665378
2931, 78.95077177536655
1925, 78.47305265082515
393, 78.32474291673552
2871, 78.20112063185482
2084, 77.51350538796261
1863, 76.9593599862372
2940, 76.94287917837356
1050, 76.77067165317196
2929, 76.71744795030897
2922, 76.55306045926349
2928, 76.49613452817081
795, 75.77637120490787
1158, 75.56017735785655
2926, 75.19903496697539
2937, 74.8339809387499
2952, 74.59023964249256
2872, 74.40292530493353
2921, 74.36259255334882
2927, 74.23486449449467
2911, 74.15570413967676
2938, 73.59885756914449
2933, 73.04273488595562
2939, 72.42467201323804
2941, 71.4634651414362
2934, 71.18715531591408
390, 70.92124124166037
384, 70.79028787978618
2954, 70.660467107265
1534, 70.0762724834736
2957, 69.97200569701843
2073, 69.4413175610476
3412, 68.54799201245291
2943, 68.25053797387042
2955, 68.19043797271469
486, 67.43001143709203
2870, 67.226356086323
2930, 67.213344816969
391, 67.05039469826878
2873, 66.74320231357851
403, 66.45447409713333
2942, 65.59114066943107
2865, 65.53481305001758
1064, 64.47661963659706
516, 64.1393454670132
1468, 64.11581313429555
3145, 62.828774755588995
2867, 62.32611678719318
3411, 62.27653063043879
1862, 62.07742888189531
1264, 61.980304476097515
2012, 61.746083893749315
2739, 61.50967407948172
1157, 59.365137579734935
519, 59.317974665358875
493, 59.07940795791614
3121, 57.98869021393415
183, 56.26310840990569
3161, 55.25163088402209
1612, 53.38271464758609
