1573, 2863.8992586077484
1572, 2171.2790968953886
1567, 1805.851063686244
1574, 1783.198793810334
1543, 1505.851413499157
1575, 1470.8410844781897
1576, 1353.2114820612544
1571, 1204.186470711164
1638, 1080.2156400747178
3228, 1045.200218851204
2270, 934.4904775952687
416, 904.9894839245495
1580, 899.9421452893931
421, 885.1088498503498
1577, 864.2117054875054
1800, 844.9610624895918
232, 813.8616295244269
1425, 809.5200605387997
420, 754.2590493350759
1661, 748.1188815554718
1518, 738.8974172407148
1579, 729.3673191718442
1316, 728.7870443400105
1882, 722.9229842844198
1423, 704.0002410269683
1509, 693.9732039286574
417, 693.1974478374875
1709, 689.7873027700269
1723, 685.6806337130905
2861, 678.1760683345474
2170, 673.4954228836068
2320, 672.614861109211
1566, 669.202820970653
1605, 663.7818681478218
1632, 656.4284659637834
1427, 654.8365125596416
3310, 646.1604736160739
2153, 645.0137592092875
418, 643.8555904281726
1658, 630.2260061113324
1487, 629.601811766357
1694, 628.7988007929158
3320, 628.6215779278447
1484, 624.4246938802223
2860, 624.0232535247094
2242, 621.7396301664407
2191, 616.5631802152294
3236, 616.1999724882404
2208, 615.2369743405499
2211, 612.6012715481789
1663, 612.1856609466779
1397, 612.0916400165266
3009, 611.7131337166921
2134, 609.8051581304543
1309, 608.7855298618832
1418, 608.4721052397568
2192, 606.4705324171388
1424, 600.6710677243175
1889, 599.9616694736137
2378, 598.9376493254628
1410, 593.555317494445
2551, 588.3937957394745
1324, 587.3534319646109
116, 585.929682145422
2434, 584.7273212676772
2414, 583.7260447116389
526, 583.2070096104004
1406, 581.6560726839439
1806, 581.3598756697032
2859, 578.3436732108893
2435, 576.9996352872034
2428, 576.9996352872034
1713, 576.4995574494068
2193, 572.6865385448251
2158, 571.7648795229364
2857, 567.8024829786746
1634, 566.8725282157487
104, 563.4559347802468
2207, 560.3227067080296
117, 558.4459176989631
1457, 556.467814301043
1785, 555.4299351393677
1426, 555.3785866510747
3235, 555.1864052842503
1428, 552.0420289036332
1269, 551.4930557977673
260, 550.7203677833751
1623, 546.1034943728826
1477, 545.4497178154407
2157, 544.7738692708572
2384, 542.8324112540234
1656, 542.4046096703104
3319, 541.0773054230697
2243, 539.2659714922119
2344, 538.8410820789237
1037, 538.3393976076727
1460, 537.1293496339473
2856, 534.4376176655553
3025, 534.336230338667
64, 534.1961141431065
2411, 532.8497193363843
2194, 532.3262465010639
3234, 530.1062225487443
2550, 529.0659518126809
72, 528.286698784514
3188, 526.9536480060667
118, 526.4064878393981
1719, 526.3086981600862
1216, 525.5181641048993
510, 523.2872456417115
1588, 522.4863818451088
96, 522.4037946136567
70, 522.0535034813432
69, 522.0535034813432
1525, 521.4670865398537
1578, 521.4190607088999
1220, 520.827641799983
65, 520.10133824024
1776, 519.7881657362963
1884, 519.524649836373
1306, 518.2415400777131
68, 517.8776421088655
249, 517.8611485606548
1302, 515.9743429436991
3164, 514.8337826667721
2097, 514.544410107213
2124, 514.2965660653743
114, 513.7191419262123
95, 513.6437301547899
2196, 513.4442487926857
10, 513.1289366985295
2431, 512.679846644205
1814, 512.1038078220469
3392, 511.3743989608892
1813, 511.0221395606752
115, 507.6008062986335
2971, 507.0486886776186
2395, 506.446150242059
923, 503.2422204996576
32, 502.62523465496076
101, 502.5297235274594
1693, 501.3155640466457
267, 501.3121972310507
1073, 500.49203234460947
2135, 500.21987633234306
1794, 499.27349754520674
936, 498.2202048932719
2010, 498.09440884999617
2318, 497.9272934101474
67, 497.298924174981
107, 497.0305251856575
2936, 496.1923013859276
1336, 495.81465523131527
3349, 495.7053861868249
3417, 494.40936756653633
1279, 494.23648072767526
857, 493.1924700393952
1807, 492.8058063259342
786, 492.3876506291937
1255, 492.3156821672949
2787, 491.5365463766299
1824, 491.0789068437754
2716, 490.65470625041996
1514, 490.5770316426721
93, 490.50947761044034
522, 489.24440645048367
511, 489.18929975817076
2775, 489.0353171095178
1473, 488.85561813508923
1822, 488.59059545213023
261, 487.9164162280682
2236, 487.4172505120462
1034, 486.67635606923255
1210, 486.5262177669182
1321, 486.1282957868524
2145, 486.09634586330407
916, 485.3240342688372
2412, 485.14445686288
1440, 484.9572393574327
304, 484.38068981274176
94, 483.92354759894585
179, 483.8726100565546
2220, 482.7241973027166
2160, 482.21546978427153
1593, 481.508496270748
358, 481.2695010069427
90, 480.27306723132614
2181, 480.10804596100985
2356, 479.95396692119107
3000, 479.52392862284046
1976, 479.4961618678861
1838, 479.4182891612533
1441, 478.9216682393179
615, 477.76365459837245
1356, 477.08866360910343
1895, 476.5070895660104
575, 476.35366301963415
3376, 476.19842729670086
319, 476.0769813240972
1864, 475.61795187178234
2972, 475.0611235734412
102, 474.82903169953454
641, 474.8005817385148
3137, 474.1276382715232
3122, 473.6904477275757
2399, 473.6805565956353
97, 473.2758575283683
1788, 473.0218012061537
248, 472.8964154949419
3029, 472.8249242653699
1207, 472.79054042679155
3406, 471.8667372448642
182, 470.81140397736874
1596, 470.4636241667329
3269, 470.35761613580416
2365, 470.34780883589656
814, 469.979794868847
2731, 469.1866063811551
953, 468.95206635317714
917, 468.9053371867113
1818, 468.8036995361667
1890, 468.354398191333
2351, 468.28071601738367
1640, 467.8488779090303
3018, 467.2267204763266
3268, 466.5351507469531
89, 466.08715823424797
1289, 465.9875607279148
2805, 465.9604894415287
920, 465.81228099722324
2800, 465.5334989780294
727, 465.433827911928
3387, 464.9432725734866
3431, 464.8127729474195
1510, 464.80142941275557
122, 462.78395804061205
234, 462.53449165452884
1224, 461.469366331176
3126, 461.4148807312657
1962, 461.3399026275773
2770, 461.2185988488841
3138, 461.14348521362916
62, 460.8013655641556
3356, 460.24770929560543
2799, 460.235353735814
1404, 460.07944275357187
1996, 459.4994661925556
434, 459.4613159832457
768, 459.0980397005067
1039, 458.5953686668851
1408, 458.5148386677866
66, 458.31347140000753
160, 457.8256208908255
112, 457.72275901708434
1108, 456.6416405020444
1078, 456.3196766746133
637, 456.3080802855558
2080, 456.1890512533531
1508, 456.17112918284647
338, 456.13511287875014
1617, 455.89496201735903
1225, 455.78891883537716
945, 454.64632339339926
268, 454.44649686175967
2878, 454.186374431206
1977, 453.80096830121835
1371, 453.735884255628
177, 453.51288135914325
2832, 453.5115188755043
3328, 453.37870451246835
1308, 452.16984000907723
1061, 451.661405818409
3060, 451.65986493569625
1004, 451.4532310089032
3075, 451.2601702072307
2268, 450.4993895740535
2900, 450.4765334320199
3140, 450.1289427339315
1478, 450.00746449517766
11, 449.98146123070006
2438, 449.93246942016594
2214, 449.6774081378687
1840, 449.6620176801085
579, 449.5431275646536
2219, 449.46334589514703
1773, 449.35424790151495
321, 449.0412057641004
498, 448.69793104387827
2189, 448.49751696601936
3116, 448.38838486588196
981, 448.1652277895188
3157, 447.12317105449296
2180, 446.78683704383354
3104, 446.7685326694486
1512, 446.5104852446228
2977, 446.3949890098351
2362, 446.143629864061
1523, 446.0484560896659
1667, 446.0365091805163
3152, 445.9804690088716
2422, 445.9159879630653
3088, 445.4585955652901
1222, 445.244625222865
999, 445.1750297739938
682, 444.74117883901727
2993, 444.49043885016937
1123, 444.1664501489426
2999, 444.0896247439801
103, 443.32268864012894
1881, 442.8716957626393
2997, 442.72928876253735
2413, 442.5085579616864
1421, 442.41632436862926
2889, 442.2293458696168
2409, 442.15400673894516
2815, 441.8814269521826
2387, 441.8645276249899
1331, 441.66148054163716
1495, 441.46327613361035
2761, 441.37898498629426
247, 440.96294988198775
2205, 440.92099222767524
3156, 440.6888919941408
581, 440.1396384694704
2188, 439.76834202291764
1678, 439.72062631522186
529, 439.3830541304023
2806, 439.3300774148151
856, 439.2084210251012
1998, 438.9901244210107
2406, 438.6031141216365
190, 438.5326203603784
1138, 438.02836428306745
1454, 437.8151803789227
1599, 437.54589801436197
524, 437.2932643469183
1467, 437.27954688363576
1155, 437.0598176198394
1261, 436.55671300723503
1116, 436.5466699680593
1683, 435.40776432652655
1431, 435.146271129318
1412, 435.1206428115517
3428, 434.6997951052283
2173, 434.5656550113142
1711, 434.3861864854373
2195, 433.8143001192736
2967, 433.7204450195798
1257, 433.627252749152
3067, 433.5070282473479
1191, 433.1175684137189
133, 433.059004832031
2162, 433.0161185401332
1369, 432.9060246782652
1435, 432.7833458800532
1180, 432.63898593085236
1490, 432.6115957030355
1003, 432.14919691704074
3016, 431.82717401170555
1446, 431.2736312229029
492, 431.1254688970448
3127, 431.10305277900767
1251, 431.02204317903147
1380, 430.864809837748
2417, 430.5296709129205
28, 429.4948170830413
3337, 429.283114286505
2275, 429.1468785173725
848, 428.867596521713
2801, 428.7024736443162
1079, 428.1729488109452
92, 428.08470793793816
1883, 427.98162237212676
0, 427.2929551945486
3374, 427.24582126041054
2433, 427.055440505937
980, 426.8894673128944
1413, 426.8037046308545
1594, 426.6846081298725
2976, 426.5919364652107
1189, 425.9733392840145
2209, 425.9168993901361
2796, 425.24485682277
3390, 425.14219123425687
2014, 424.8608941337929
1266, 424.8543431243527
527, 424.79171842220904
1600, 424.7477743730763
1810, 424.6317850508738
3096, 424.4719067566284
1156, 424.4151097496182
2171, 424.19793285638514
121, 424.10524498432585
716, 423.75735866427937
3124, 423.64208262775486
553, 423.62693733166293
1803, 423.5796992754351
1068, 423.5488667943664
1153, 423.4497262468948
2122, 423.38170254237264
3076, 423.25881258790173
1907, 423.12335554610013
1608, 422.98173020271287
135, 422.89444083417493
545, 422.8804018317104
2719, 422.8457029083172
1660, 422.83258599115567
1505, 422.60453836829487
1501, 422.4290525617029
817, 422.4236595929698
1389, 422.39730216836546
353, 422.3952439092718
778, 422.2754808689602
1227, 421.3799605605772
1474, 420.9650783629874
3052, 420.9252371308837
30, 420.917009938789
1062, 420.4255198128508
2347, 420.32721103379913
1951, 419.96365779902663
3081, 419.88107004208234
369, 419.5167277432204
3414, 419.35972421742326
2360, 419.1062768076237
109, 418.9743678836861
3074, 418.9404252109897
1390, 418.84578298134824
5, 418.60909741261844
2913, 418.42546554211265
698, 418.40386969418637
23, 418.30691060281293
2762, 418.24344062817414
3103, 417.72154301021743
528, 417.71022115754414
144, 417.67493883585587
4, 416.9404985981199
3087, 416.152087255667
2421, 415.9559132146094
955, 415.90523425268236
29, 415.8146533885092
13, 415.77269947169367
1348, 415.6819832296994
2392, 415.65714627562147
1780, 415.5668819895866
1615, 415.06329129553853
2771, 414.79515151682705
1136, 414.5323283875313
826, 414.26586302508275
2269, 414.2448010209754
2355, 414.00247010733113
1361, 413.99668266840166
922, 413.61680693148
167, 413.2105483900589
113, 412.78948143508956
3031, 412.6845504944455
3141, 412.57263698934804
788, 412.56651881764196
1125, 412.51173168316643
3158, 412.4153571702315
746, 412.15915979182364
209, 411.84333024871313
823, 411.76255150720596
803, 411.3996069416161
499, 411.3678812608738
745, 410.9843378193246
1195, 410.8342224163512
3117, 410.72510427679083
1120, 410.541939482845
1662, 410.46553362490334
243, 410.0903460217659
585, 409.8224976639333
2304, 409.74919899735744
3338, 409.6225639889836
3154, 409.4570819090671
1314, 409.299432573737
1823, 409.2470985282855
1436, 409.1874872304423
1839, 409.0682787404683
2007, 408.68349469259937
1059, 408.51892691403873
1298, 408.35422065003365
1097, 408.21085625573124
166, 408.0061386079796
2231, 407.9708407676204
7, 407.6506268308561
419, 407.50133839480276
3397, 407.435451720864
1268, 407.3023580298563
1942, 406.94611627005133
1940, 406.7274849113848
259, 406.1367226168972
3430, 406.0474006146892
2113, 405.82169723108115
1939, 405.7810137424131
1688, 405.7113442471105
3053, 405.4635886492345
2273, 405.13699572975685
3368, 405.07248298619635
3355, 404.8711114440076
1392, 404.5938209256386
110, 403.90446200501896
3109, 403.7662176803136
3115, 403.5927246483376
2915, 403.27868117879495
1753, 403.0856121774018
3330, 402.54758978108913
839, 401.9255412308543
3375, 401.64473309423147
8, 401.14138554135707
2992, 401.1386912188311
993, 401.13293345094166
230, 400.72835682193295
3321, 400.5729519709065
2717, 400.56424714052815
840, 400.31547645085635
2715, 399.96106238545315
1217, 399.4716224734081
1229, 399.2745385055249
2028, 399.0927813355322
1065, 399.06118769715977
744, 398.947208326054
2115, 398.8740629917581
1295, 398.77373017484064
2321, 398.7058247424319
560, 398.6996023458549
781, 398.61693304226844
1151, 398.6156504319528
1178, 398.612621498468
2953, 398.609362456611
24, 398.5017689064667
960, 398.3942540283604
1885, 398.34928149107543
463, 398.338137631686
91, 398.32378252597147
1488, 398.3062001909384
1527, 398.1478068045
2095, 398.0794086454522
1070, 397.9303710274372
1958, 397.86383949710296
1417, 397.58631784002256
3427, 397.4095485901391
1240, 397.4065096536525
1999, 396.98617340470645
172, 396.80053996398476
1377, 396.7320356763885
2116, 396.6499125045622
1872, 396.53282995798054
3233, 396.1907436187203
2165, 396.18376838092973
2200, 395.7030174898224
1943, 395.456384276505
2813, 394.9020970225543
313, 394.81383411354517
105, 394.7020837444971
3017, 394.2769169075878
3377, 394.1924027788894
1857, 394.1321417328629
2949, 393.92104727531694
2023, 393.8539651565097
2396, 393.834479393096
1023, 393.5509652450904
2846, 393.5296255423041
2975, 393.48986226145587
2974, 393.48986226145587
1393, 393.3424886713226
2065, 393.1124566792903
3229, 392.9103380614531
2750, 392.68226408558917
125, 392.0931574866375
543, 392.043263691212
1475, 391.9382748805089
2960, 391.93616682640123
3132, 391.92510687325955
919, 391.77436956839864
2168, 391.66231866435965
1299, 391.5323044102274
1352, 391.5150201878511
844, 391.33750487016647
533, 391.2816542135664
431, 391.0283633934671
1345, 390.7965114869046
1315, 390.72988335553964
2206, 390.7098155932887
1253, 390.196670305621
1464, 390.117634311031
2400, 390.07171155404535
3028, 389.8652523731139
1242, 389.8606380701192
1339, 389.8527991736115
2765, 389.6906629228338
2125, 389.28463507815235
1152, 389.1637884169765
3422, 389.05930507054666
3131, 388.86381259962417
987, 388.82701500865045
1038, 388.71879885266907
791, 388.56368319286724
2228, 388.43154287470617
549, 388.4207966351815
961, 388.4071379357171
709, 388.3989970805963
1597, 387.97202629974987
2845, 387.6177947539433
2841, 387.61388566421965
1511, 387.5439718138649
804, 387.4794069847737
1198, 387.2007067160729
2324, 387.1993992223319
1761, 387.0376120072934
3342, 386.9280046422439
1494, 386.7073518167533
1278, 386.26991651204435
2752, 386.07976769056944
2255, 385.9410708403048
2150, 385.34083995788535
696, 385.2057761181855
2120, 385.12885683414856
61, 384.69304732074824
2978, 384.6547469551761
1182, 384.6473440968143
1481, 384.5879004895408
1400, 384.57674757131366
536, 384.3715301666141
3335, 384.3665005832932
2769, 384.1582942554851
1855, 383.8037342046887
1792, 383.52453132468486
3351, 383.3409298430974
743, 382.9517962362215
2907, 382.7634247596535
1176, 382.74658011995086
717, 382.60147562086354
1246, 382.4375286600799
106, 382.3901597296315
872, 382.2224108647958
1422, 381.66378560452154
1254, 381.5956575191778
131, 381.55372117313607
236, 381.44299145013525
1107, 381.356831203533
1419, 381.32070480234887
3003, 381.1682862792727
9, 381.14530033407993
2372, 380.9161502829217
1101, 380.78075643549937
1409, 380.69462847355214
927, 380.68822608005837
205, 380.6752874856235
2190, 380.5146206359089
2879, 380.4464009855784
683, 380.41656688986507
2850, 380.13717184522204
1442, 380.06911777113856
3030, 379.7848601371573
1447, 379.668496798159
3026, 379.18516246647636
1095, 379.05420500421843
1188, 379.030349789108
3399, 378.80265138201304
3102, 378.50822605258736
2256, 378.48438173272797
1493, 378.29731679101286
2, 378.1369839806091
3048, 377.62569497306214
2262, 377.6151477315252
235, 377.5561511186894
2187, 377.53206018365125
1271, 377.34994207516456
2337, 377.0500164315794
600, 377.0364748456388
638, 376.94338678358537
1852, 376.7338374352598
1420, 376.5747744584462
1194, 376.51435132050835
1370, 376.5012079735377
1500, 376.4420036668184
1449, 376.3811739745508
1346, 376.34722393061145
2164, 376.32552583284865
3, 376.16017399406985
279, 375.9354509117898
1498, 375.89292824652694
1250, 375.8630442097065
1601, 375.82511982257756
1014, 375.81218060415966
2797, 375.7565732332929
1790, 375.6158567996831
825, 375.4850184884788
2730, 375.4034299013643
541, 375.36445887124853
762, 375.1277858531833
2858, 375.0905132890566
2829, 374.61862544058096
3367, 374.5188229404637
1167, 374.3896529233544
1127, 374.3453710687815
2166, 374.0871469626296
1438, 374.0865158433904
2798, 373.9116952024946
552, 373.8866565981502
1223, 373.7150839073809
2230, 373.20581559863285
192, 373.1666023539984
1856, 373.1063308117868
2279, 372.5993564344963
2982, 372.54099340537755
3366, 372.4535086289319
574, 372.3876788415734
3106, 372.3662849548165
3441, 372.27800162907687
3153, 371.8386369199179
1330, 371.32645232431116
586, 371.31576078818495
1001, 371.2209433669432
1589, 370.72370704979267
502, 370.5457460939215
2068, 370.5214809335297
3398, 370.48812880088417
774, 370.3806758698991
2984, 370.01886196892247
602, 369.71414172573674
1115, 369.65218874606666
426, 369.611701944449
1135, 369.58606708950396
3280, 369.4855014923471
1480, 369.0570947032264
1396, 369.05042576258654
151, 368.7760356548053
1429, 368.71955450995034
2237, 368.5792131033882
938, 368.55745373130867
1236, 368.37020692285233
1209, 368.3341467160602
2229, 368.2250335795321
1201, 368.2220816262296
1368, 368.01566721318795
3420, 367.8491206932802
601, 367.7066593891965
612, 367.68479193724045
307, 367.60094725766965
450, 367.55828258193964
3291, 367.4540839074759
1961, 367.3027811445535
1985, 366.9695198506858
845, 366.8840464096757
2213, 366.85130418795745
2398, 366.81299787174316
686, 366.71482140915344
1387, 366.7124602991582
414, 366.67399546881427
713, 366.6520375330851
2142, 366.40416513278376
1186, 366.3929812831862
1099, 366.3771146300651
780, 366.3687113446076
120, 366.28429492955985
2056, 366.07149312498655
1213, 366.0519145947216
27, 365.8991944247383
3139, 365.89015208775123
770, 365.7439688755141
1550, 365.57169305454073
530, 365.5141947112535
1411, 365.43653456676486
383, 365.4029192396949
2548, 365.3410151815512
1343, 365.269178924407
12, 365.07525446464103
718, 364.96575963617965
164, 364.2968277183793
3332, 364.25641614546424
1150, 364.0966814909889
1485, 364.09467037452583
1208, 364.0105931640441
665, 363.90621524153715
2154, 363.5846860811937
3047, 363.4298487014699
1293, 363.3098476676359
2753, 362.8692250331703
3416, 362.8539482754572
3333, 362.78471341635407
3078, 362.7661206537943
1148, 362.5689344424306
964, 362.4922098157684
3286, 362.39570910318525
370, 362.36848010541905
1974, 362.21756530753925
1561, 362.15967503214546
594, 362.13645870323654
3014, 361.88147174838605
882, 361.67320253986844
6, 361.65133730219196
1, 361.5140645141451
154, 361.4639775157168
2862, 361.3986427653857
2121, 361.37419270885533
937, 361.36888041973265
155, 361.3578449374105
1147, 361.2396035476814
264, 361.15473565384406
542, 361.07785207578354
2359, 361.0480183283112
815, 361.0340257395248
1462, 360.8505179726901
242, 360.80437083981815
1607, 360.6867467368725
918, 360.6684945116128
537, 360.56860900702276
1984, 360.56430836569774
661, 360.38356160386104
3429, 360.1689386520021
821, 360.0833360122509
1137, 359.9801650152064
1378, 359.8040290293169
128, 359.7285400454701
808, 359.70500056325386
735, 359.4464436464575
1112, 359.4353445804852
2839, 359.4344053304179
1196, 359.1476604570037
3198, 359.1353525354732
614, 359.1139288988968
584, 359.0757345176666
506, 359.0440020712913
558, 358.7996615882612
3061, 358.74262814067305
26, 358.54738209797625
846, 358.38033743800577
1549, 358.30214970176235
1181, 358.0381426476573
1094, 357.926677822286
972, 357.9097265109627
3400, 357.76491608931275
1133, 357.60312006955405
487, 357.41084955215666
2969, 357.4031548767201
2290, 357.399367168219
3045, 357.31871436166136
3372, 357.2861940261215
2117, 357.2685957958721
364, 357.0953380367043
903, 356.9730198642512
1160, 356.9635687014969
1415, 356.8568219615204
559, 356.8003454846369
1128, 356.7876490924063
3073, 356.6219060596531
1277, 356.5634342338935
849, 356.55269964044993
201, 356.5020537029476
3119, 356.47309737867556
1374, 356.0552071050724
969, 355.9360523994725
2819, 355.9205892037826
1828, 355.9059629609252
1199, 355.8542645817053
1168, 355.85379038220174
210, 355.6490538557114
691, 355.5811777632532
1653, 355.5688163098548
639, 355.26996576831135
1006, 355.12840049129085
119, 355.1142295061986
1312, 355.1020304692917
2837, 354.91430240546447
798, 354.8650278819891
2198, 354.8647922358481
1586, 354.73405993760593
1280, 354.66447618174146
2852, 354.29895947434045
1491, 354.2225476074834
2804, 354.0745460301047
240, 354.0033456111992
1322, 353.73968189803736
2009, 353.7214610306876
2994, 353.6101213353876
664, 353.54041701349365
446, 353.40349601946224
504, 353.34467563379945
1445, 353.24116771658913
1273, 353.2147478569395
1760, 353.1364715337192
1131, 353.12926259172264
1175, 353.1154965964895
315, 353.04023920513873
306, 353.04023920513873
1353, 352.9399199240477
1614, 352.8230298054139
3425, 352.6516187531332
1452, 352.6376739323432
462, 352.63281334002113
2763, 352.6300273803431
1197, 352.5151459603441
99, 352.47902439001217
253, 352.39369071365246
2148, 352.3687216760587
1622, 352.20449726081307
2429, 352.0675276367883
1458, 352.05202571198765
161, 352.01553520307516
752, 351.95228345040937
1145, 351.82105635823706
3394, 351.74747379528054
1367, 351.5875024827412
907, 351.2994146439402
2828, 350.5582927556399
3215, 350.46196094401427
2991, 350.43257500842884
1689, 350.3665935624053
992, 350.3575828313828
1088, 350.3374331487594
2439, 350.2884745849597
132, 350.02559979331085
1074, 349.8848642649935
1139, 349.8118906463329
886, 349.75503391415634
2427, 349.7306257481714
867, 349.70448512403556
725, 349.65882258422647
1479, 349.53527744621346
2366, 349.48541485143403
708, 349.46581657631975
1212, 349.46156322574336
599, 349.4162963198264
2163, 349.246308144995
797, 349.23051352716016
572, 349.12992951300896
1829, 349.0543651489546
1146, 349.02117411989775
1163, 348.9104598404786
454, 348.83153716463715
336, 348.82296181677617
1042, 348.77621435995064
2110, 348.70070728197106
2309, 348.4836844538627
2968, 348.43599897627536
1340, 348.43392280618775
3004, 348.3112601872929
3371, 347.7092177500839
1025, 347.61351415797265
1398, 347.5577402539871
1486, 347.5285228330147
714, 347.51426893290545
2114, 347.48353997809255
1388, 347.3221282842983
785, 347.07479926249687
645, 347.0441686271383
1908, 346.91399511896986
1214, 346.6312297887922
2295, 346.49329335586145
851, 346.3377443870965
283, 346.2679675477016
1820, 346.24060305067536
1876, 345.87291797066666
1860, 345.85682114311896
1372, 345.73227147860666
2146, 345.7004330469672
1096, 345.45231517219787
1804, 345.086042671812
443, 345.05033840224837
429, 344.72616002640393
787, 344.5387980842323
3125, 344.50651672849574
2033, 344.42837954893963
593, 344.3594419999707
1301, 344.29731454271285
1041, 343.8899262935134
71, 343.79909357559023
912, 343.68594531580914
1247, 343.65061265323845
1091, 343.648010083176
108, 343.5476382259283
256, 343.50827267089255
2919, 343.15480109791145
257, 343.11515271102917
1403, 342.7939663799154
2905, 342.7482408882875
45, 342.7265417630423
1262, 342.664885351639
523, 342.60711247594435
231, 342.4572688778514
789, 342.430576852222
3393, 342.3785837586218
1179, 342.0920570350408
2783, 342.0868107737599
1465, 342.06507514512356
3086, 341.78231018000537
2973, 341.67015118015354
1506, 341.62308281619863
1119, 341.4273417275261
1067, 341.40507303864126
1887, 341.3019045607159
3270, 341.2570358717731
822, 341.10907310821034
1288, 341.09145766935404
2998, 341.0485414384598
1083, 341.04350763897713
1437, 340.8493951319766
3437, 340.47099110715965
2071, 340.4474437948922
2996, 340.4407680591207
573, 340.4169382335446
382, 340.39185704609747
2410, 340.39020875086936
1285, 340.32193799778275
2958, 340.2648477873326
514, 339.98737265248377
3064, 339.96772402122747
2323, 339.9292204638652
2754, 339.6080219377808
2105, 339.5208158153952
1451, 339.4547923663744
3055, 338.7654841126456
373, 338.7517943701426
1430, 338.6723047083654
476, 338.60298209818774
525, 338.5706059420392
942, 338.56281137121084
1590, 338.5419484864071
2361, 338.3278880407634
902, 338.1811016382171
1292, 338.0674629494108
730, 338.05523114167636
3410, 337.8981830115543
3322, 337.85816677121824
1294, 337.8199757573979
163, 337.61141172714844
887, 337.5828028357485
3378, 337.56750289042895
53, 337.33445734862573
2100, 337.16403649882477
1811, 337.138669611622
1524, 337.0397545543527
657, 336.81835136288237
1134, 336.75081165419834
1825, 336.7443754353924
1218, 336.6831735347277
3334, 336.68041284245726
1291, 336.5458627361963
905, 336.3488887405956
520, 336.1979130409103
659, 336.09857828926295
1149, 336.09165037453164
871, 336.06369079404857
371, 335.965307685749
2319, 335.7753839152825
3418, 335.7396245468546
2794, 335.7322860582571
1555, 335.54505134311705
469, 335.3632137280511
928, 335.34545705951376
690, 335.176237396361
1144, 335.0520261456331
174, 335.04793831908984
2388, 335.0009933750086
176, 334.95575301419933
1154, 334.9433818810571
1241, 334.9428372113055
970, 334.8903659048516
1069, 334.8095550340324
837, 334.7221937702715
1060, 334.6198278457694
550, 334.5789930098647
162, 334.5658626665271
3381, 334.4640053732354
3408, 334.43611655419465
1382, 334.20724043798583
2301, 334.0394467236667
3108, 334.0062429784541
3369, 334.00248333773266
2069, 333.9428999280801
171, 333.91141213265763
1110, 333.8356092440691
2990, 333.8174622122678
197, 333.7238232397458
2246, 333.72140133204437
2908, 333.69689283549474
3181, 333.67677472955125
1772, 333.45823305981537
2844, 333.4210405185611
1141, 333.37228557001714
577, 333.19799093059686
1849, 333.055469039306
2129, 333.0045087205903
139, 332.9932086348702
971, 332.9427979210914
2881, 332.9257779333082
1911, 332.92400239102983
868, 332.83802309746864
1130, 332.7127921440978
1676, 332.70076031045494
2312, 332.6554662239381
850, 332.65480971703244
2877, 332.6412456608073
153, 332.5610235786381
3407, 332.5399272860851
457, 332.46947198796613
847, 332.4128108802714
2202, 332.37504336712493
2430, 332.36322336356966
1169, 332.19712530162536
1815, 332.0105060917728
1219, 331.9814426485262
289, 331.8953496341729
98, 331.7705036552761
2803, 331.759233076252
432, 331.66691652218225
377, 331.26358489773787
1030, 331.17405454880173
616, 330.9861908341431
1027, 330.9662505124374
2099, 330.9106122311423
2254, 330.8621723878093
1595, 330.81654937801284
2818, 330.8050263992509
448, 330.78768142222935
2274, 330.53789545652296
1867, 330.5298411203934
779, 330.43261214531844
1245, 330.33148369067465
2831, 330.2880068068125
1973, 330.2732859007059
1226, 330.10887093362675
1089, 330.06608847358854
1031, 330.0541628948017
3339, 330.0458018506975
1126, 330.00360314525176
904, 329.97203790573934
2123, 329.90488205421025
775, 329.7945413184346
2245, 329.7907894744454
3405, 329.7487865648778
1174, 329.74436679219366
1548, 329.7024973251848
2851, 329.6842668797456
720, 329.43402605388343
3002, 329.38179748958726
1272, 329.2801459816222
2169, 329.25484164077795
790, 328.98538179820036
1618, 328.94514582079915
1113, 328.91466789173086
159, 328.8518252132778
3058, 328.8319961676679
3196, 328.7623121032958
1357, 328.74731638150797
672, 328.7279856537442
646, 328.64301595009607
1736, 328.5252542042536
2055, 328.3167747090677
2126, 328.14502818342027
458, 327.8560224209828
1270, 327.7125861901238
606, 327.5869522921404
3421, 327.51028294241956
693, 327.4389651948271
755, 327.3272278238646
1230, 327.14310093761696
1455, 326.9837961748159
3396, 326.9586510927595
776, 326.8437537934941
2840, 326.82753059876467
1835, 326.8197101291567
146, 326.76840374073885
2216, 326.6864105883351
1983, 326.6564132456158
1327, 326.6176413337029
481, 326.5115684505957
1405, 326.3978040159996
1909, 326.31584909806224
293, 325.9734687670573
547, 325.83666754389424
1830, 325.71344071218294
346, 325.54956406304336
1170, 325.3343532040275
924, 325.30938049842024
1957, 325.26377263072663
2376, 325.25463636164847
782, 325.12651021406145
1391, 324.9472866593011
1450, 324.9375921274624
181, 324.8767203272684
564, 324.4615023763082
3070, 324.42687986587515
2842, 324.3878770712583
1603, 324.16737872314604
505, 324.0151493140656
707, 323.65346069628515
565, 323.6365643342827
3267, 323.5933356797312
2183, 323.5402737716009
1978, 323.504624255171
3044, 323.39933748312944
1075, 323.3954819814423
2966, 322.9678458108415
2199, 322.89592911051085
989, 322.8613266501096
227, 322.7607449840724
1117, 322.7283097727914
1470, 322.59978076684877
1444, 322.51722110401937
569, 322.48599413614374
983, 322.48341280704506
799, 322.47943095564926
3277, 322.3695940982493
2297, 322.34842109246097
1040, 322.32832445490703
879, 322.2623757100927
741, 322.1211038078112
41, 321.838601892421
800, 321.7123884176653
3353, 321.70087756932224
1072, 321.6464236170705
1275, 321.46606213160055
3049, 321.40180044329327
623, 321.39002807248085
1865, 321.36443322024394
1499, 321.33787884348266
1265, 321.2869485699891
930, 321.13992513687555
2130, 321.11215182527656
3382, 321.08462204567337
532, 321.02957567403075
3302, 320.79462907346317
3402, 320.7751033302338
820, 320.7462161801275
1886, 320.7094969832891
2369, 320.54422905946547
619, 320.54375780325404
3395, 320.51367481340577
1009, 320.4830322850263
1539, 320.37370928222936
2547, 320.0705110318034
723, 320.0550012658436
1651, 319.8624337791977
1920, 319.8496231360657
1448, 319.79978577973696
2172, 319.7749705949667
296, 319.7618807982227
2350, 319.7205453144001
1610, 319.60917137163887
568, 319.52861756743636
2792, 319.5231542028362
2830, 319.5129873280877
935, 319.48368057335426
262, 319.4064108669758
3373, 319.38911209751836
39, 319.3834763510121
3089, 319.10331510356673
963, 318.94378372833495
1414, 318.92813811630566
1624, 318.8621406629884
1035, 318.8506396115806
31, 318.689450680011
2232, 318.5765270661781
1846, 318.4896248523409
2175, 318.46062961237544
2394, 318.40736915485934
538, 318.3109097775298
636, 318.0967307116662
728, 317.9155782571642
2050, 317.7808350837234
3340, 317.7726698380906
759, 317.7112241827588
763, 317.6719542085411
596, 317.65586633592216
2298, 317.53834151299463
3166, 317.53506927867045
323, 317.4173535506422
311, 317.4173535506422
2735, 317.3406616595494
2854, 317.30224718283444
1786, 317.2002764411838
324, 317.16168442731436
158, 317.1405982894201
2903, 317.0822583612527
263, 317.0742555089922
284, 316.891957686218
3072, 316.8766738070742
2315, 316.82044048013563
3247, 316.8170546152705
3107, 316.7246929366118
136, 316.58044350775765
1533, 316.1627797133198
3331, 316.16263853612503
312, 316.1209993535638
711, 316.08967106234286
704, 315.9278026973098
2015, 315.8578029144406
1200, 315.8325885755594
948, 315.784831821741
740, 315.76070190180315
2018, 315.69338169458894
3385, 315.65636364033537
423, 315.65474098475954
1020, 315.59137577153575
959, 315.44074576627935
2088, 315.4274530489505
1234, 315.3415858650811
2983, 315.32917896263234
1248, 315.2587981482973
2086, 315.2124820387404
1318, 315.14871212054385
3275, 315.06518262303064
246, 315.0349079873083
754, 314.99340526450436
3423, 314.8751510043249
494, 314.695407621086
1492, 314.5920627807988
1979, 314.5751427008116
1402, 314.5740441025084
3118, 314.3119993859206
3317, 314.2848726827608
3135, 314.1490202517974
1071, 314.13465211154215
689, 314.01426686240245
40, 313.9459747378932
855, 313.9285767711827
2334, 313.9190551813635
2131, 313.5638253445336
2053, 313.5212374183334
3388, 313.31193234079797
853, 313.29902508489795
2022, 313.2582989699419
2733, 313.24786762919604
1673, 313.21384204090924
3303, 313.0862744639085
3077, 313.0012896497387
3155, 312.9010413215815
2777, 312.7793425368654
1018, 312.63689889045514
503, 312.57958360188536
827, 312.45519721653915
207, 312.449295910702
892, 312.33139624502195
1456, 312.2446624761288
973, 312.14946643342387
1086, 312.0624222791142
3227, 312.05688217474426
1354, 312.0433538430206
737, 311.9994491276439
1831, 311.81419008974655
1902, 311.81082723425425
1904, 311.7757588196691
1320, 311.77222613077055
2176, 311.77010684408054
334, 311.6860687915797
2740, 311.5627901643862
3038, 311.4623810489769
556, 311.4541081405643
3401, 311.40133582319913
1964, 311.36725530842403
1544, 311.108928793078
1504, 310.9862603841492
1282, 310.8422501982349
430, 310.80023083259084
2386, 310.75863268500893
1584, 310.7273089142713
157, 310.6315644027829
3409, 310.6187968719993
3046, 310.5791395028509
2807, 310.55576965063733
784, 310.541549500913
1836, 310.3019278178761
2408, 310.02199202958207
1915, 310.01365159706495
1817, 309.96096102807843
854, 309.8265172238093
1211, 309.61124292762946
456, 309.6014215084879
3448, 309.60111256553694
1351, 309.5838985144188
397, 309.5235789184566
567, 309.454104140575
1215, 309.3803230825211
221, 309.36094917622256
736, 309.28293407912474
1789, 309.24442637930775
76, 308.99845731992247
428, 308.9334180899968
1926, 308.87727300973773
697, 308.76485702055476
2772, 308.7336574167008
2119, 308.5850141760938
694, 308.47537539376833
597, 308.3765061204808
169, 308.3698950260008
241, 308.180130331872
3379, 308.02045014517404
1329, 307.85672206381895
2888, 307.78453459793684
333, 307.7302603538094
958, 307.70189321975914
834, 307.5709580573106
635, 307.4964904849177
3037, 307.4753297588514
1021, 307.4602020643363
3370, 307.3552084357403
554, 307.3221355770097
1206, 307.22513199563764
1026, 307.179016071741
3148, 307.0566622198958
1808, 307.0011058331234
2964, 306.9662817186846
2271, 306.884907165229
2325, 306.8662181157541
1022, 306.7923090763079
2791, 306.7229723104275
843, 306.6475524402003
347, 306.62372138516054
501, 306.6181707323137
2303, 306.60115182620814
660, 306.4910400114
351, 306.38583007457635
2849, 306.3767170169858
2986, 306.3757165705271
3436, 306.30296952870316
1365, 306.2785285965726
258, 306.22588138989966
1620, 306.20427531034466
2292, 305.9842497277192
674, 305.8267522626095
934, 305.8085894694328
1173, 305.72491587548
2233, 305.72116480937825
1837, 305.59009145358834
675, 305.57288727811164
1328, 305.5333836942922
896, 305.4959336274838
295, 305.3254858193175
673, 305.29700825711427
175, 305.2001482049842
1832, 305.17401052255997
1581, 305.13839831644754
1841, 305.11606883474155
1394, 305.07854722626377
178, 304.9729999239923
764, 304.9568805502242
582, 304.88651727253557
444, 304.7912636486915
897, 304.76651361298525
211, 304.6768630665916
2070, 304.54525489521035
876, 304.46031472174394
3114, 304.4355804873702
1183, 304.4087333057419
750, 304.4056210042684
1416, 304.2425465912261
1335, 304.21079448692234
813, 304.1932973217267
1323, 304.1591464292173
1319, 303.9647840504495
1583, 303.91465442815644
801, 303.76749247568335
705, 303.75322493483225
2833, 303.7141641414671
908, 303.68561552666927
3054, 303.5243044075978
1011, 303.4639074940218
363, 303.4329851266949
3010, 303.3925968106622
1981, 303.2127409091501
1228, 303.16570040483316
188, 303.1089264052118
1193, 303.04259519111
1489, 302.99459060117186
483, 302.92749440417697
3034, 302.9094784184854
729, 302.795631050938
1043, 302.7501640893875
2302, 302.7219348176348
2426, 302.61829874665
2423, 302.6063461304883
2197, 302.5664737397592
796, 302.4248256150252
640, 302.39491353215163
330, 302.223150399998
2265, 302.2113553237601
1975, 302.0289088135825
2136, 301.9810602368337
766, 301.9769915859248
891, 301.85503485708216
2389, 301.7858110458547
170, 301.74742252554387
1906, 301.72190146412663
1459, 301.60282824279346
200, 301.4774693340556
2373, 301.42916405451786
1466, 301.40052287320844
180, 301.26173314789855
3191, 301.0241812548948
1076, 300.9800115868034
712, 300.78550726525646
220, 300.7565149632695
202, 300.6188348398284
1888, 300.5048089742914
873, 300.4329008021961
1332, 300.3575404212149
482, 300.34445682428435
761, 300.31220120857427
1582, 300.2183024690841
124, 300.201177882578
2891, 300.19853427615607
777, 299.9910310523755
557, 299.9817967307134
2227, 299.8351251688338
603, 299.819778779619
368, 299.7899785789262
2306, 299.7384079606621
1554, 299.58346548964715
2382, 299.58272941303005
658, 299.5203965271879
1326, 299.44893755550555
3142, 299.19261306860466
1010, 299.07741689860245
303, 299.01050470896655
944, 298.9960173752028
1239, 298.88587129891533
3389, 298.8839663439231
129, 298.84890741625804
2156, 298.83876376306296
1032, 298.8183104110969
1986, 298.79142261982685
422, 298.7690645930837
168, 298.7109457897905
2979, 298.6205451379575
1286, 298.5151671440191
1782, 298.51429172027156
1007, 298.3913833086894
2267, 298.36725918179786
374, 298.35341312175603
701, 298.30608148746086
3032, 298.2945149319596
1982, 298.0517069447584
692, 297.99665331433414
3189, 297.9267247099512
656, 297.919383534226
3065, 297.8783660733968
2847, 297.84199255981105
329, 297.7555494311594
1848, 297.73689478480526
1994, 297.72304787737284
1531, 297.72182323640385
962, 297.6824614024067
269, 297.6754645943507
1801, 297.63823715033243
2006, 297.6182826882612
453, 297.5006299662801
2281, 297.4723367891513
2141, 297.32682223159827
1944, 297.2564814281489
3069, 297.1367890662504
535, 297.05441423469983
2138, 296.9795539267876
437, 296.94032848866993
2300, 296.7816590626512
618, 296.7357346292525
1124, 296.66535686155345
722, 296.47682463373417
898, 296.4744502989237
239, 296.36566422881134
123, 296.32798719836774
215, 296.32084605271405
272, 296.3116308229078
967, 296.2038353232826
475, 296.19859421534994
3169, 296.10494308616325
1085, 296.04499136033184
792, 295.9806373531153
2918, 295.96189265063566
320, 295.9248120134858
2322, 295.91738433608543
2897, 295.8771469746952
3419, 295.8371268557433
783, 295.75143324490347
392, 295.64286286978853
1779, 295.5880452190586
1598, 295.52008187563257
1585, 295.5020990795691
2985, 295.29171989092856
1912, 295.1642068597112
2875, 295.1401195351061
2436, 295.1326407012163
1469, 294.9964070823207
710, 294.9898902949438
2403, 294.85621933718625
3149, 294.809029771934
2331, 294.7907290607957
2075, 294.77250178269134
2354, 294.74056778687736
977, 294.6219845030209
3167, 294.5940054775074
1992, 294.53427308001096
943, 294.5136324288273
332, 294.4109588533408
2737, 294.2878544880526
2899, 294.0975199634904
2277, 294.08760587022806
893, 293.9850876535546
671, 293.9830341228188
1851, 293.97908314829897
2222, 293.86481400215393
3341, 293.75835790969245
1778, 293.74888591241387
1366, 293.7049081470041
539, 293.69063885957775
1777, 293.68589674598763
467, 293.49435971047194
152, 293.43114994679837
2091, 293.426410847602
1799, 293.41292711439996
365, 293.3945044423041
3182, 293.37126969214415
213, 293.2451007484944
2308, 293.2422758641443
1341, 293.189384190003
1233, 293.13982677427714
1482, 293.1343718548682
765, 293.06868089311575
2327, 293.0243573018142
982, 292.90713453920824
1866, 292.8258979470698
1819, 292.7311767766418
2083, 292.6999849926023
852, 292.49605205500535
1604, 292.48641539123685
724, 292.4213787762799
946, 292.32450210162585
1166, 292.3089128269552
3210, 292.30328509647967
985, 292.2737087823243
238, 292.24275453055367
2375, 292.1235456287262
1959, 292.02817481870704
805, 292.0211940762103
2161, 291.89911215004145
1297, 291.88062056794575
1066, 291.84893752747024
2263, 291.7659265943091
2774, 291.6807976967876
2963, 291.6430965025977
2310, 291.5981545519374
471, 291.5841731615056
2011, 291.5550692968235
1090, 291.47066717109715
1513, 291.43325061379204
3068, 291.31940690283835
1098, 291.15432508442217
1905, 291.11298838264577
828, 290.97760192953587
1522, 290.9404167300358
2296, 290.90660830268916
566, 290.75220351545937
478, 290.74694035890735
933, 290.68316250656085
2884, 290.6212353211966
706, 290.29465214769164
441, 290.27483548686695
824, 290.1461619890057
990, 290.04562345817567
984, 289.99386319839016
1517, 289.9122082871676
314, 289.85101184377356
2103, 289.7518110576844
866, 289.71409912697993
2946, 289.69216254013605
3271, 289.68085925593743
3445, 289.64138965496676
929, 289.6256611546938
1483, 289.58747532521585
3404, 289.4320436276182
1281, 289.3756467287342
2260, 289.36631554912765
270, 289.2939587550098
3179, 289.2805656156795
836, 289.0380839174196
410, 288.9786660900697
350, 288.88706414898274
3172, 288.6481374296989
1898, 288.6241750895978
870, 288.6121942581189
1980, 288.5588232895629
3403, 288.45179338366876
1259, 288.42944344875315
3203, 288.1612300595323
1930, 287.9409801239392
1304, 287.8608891052084
1362, 287.8133110107216
633, 287.6885926085114
1036, 287.6167783535121
1476, 287.6007658968032
1333, 287.5459809749552
576, 287.4453754616993
331, 287.42183449124195
1132, 287.3564152037663
2790, 287.3066144059273
2186, 287.28907848072356
932, 287.2199204739518
2766, 287.1922992553575
1432, 287.1443805578334
352, 287.09450554935677
297, 287.0939071839168
3205, 287.0424574579193
1342, 287.00074504364767
703, 286.9602875936681
2059, 286.9580217060218
976, 286.80743995591325
3190, 286.7951237637348
2989, 286.78081995032454
974, 286.7720266805997
1528, 286.7284416298855
299, 286.7206932736892
1017, 286.56777109451906
546, 286.29392212304987
1307, 286.15828089584494
2032, 286.09176935331453
2734, 285.94014726346506
3272, 285.93703674113675
1507, 285.7913358289071
3230, 285.79106008830934
142, 285.72734169079433
1529, 285.7121776428469
3212, 285.4608576235926
1080, 285.41321935676024
2759, 285.3285690086742
37, 285.20963495799134
2415, 284.8777110056869
1921, 284.7613061006833
1569, 284.4835973945077
910, 284.4625269741829
2747, 284.4540013009386
2764, 284.409349825882
1563, 284.40127221933113
449, 284.3628683010503
1376, 284.2744930046335
2947, 284.2578269055636
986, 284.2377252917346
875, 284.19892132312737
994, 284.0647275513338
1383, 284.04844511257744
380, 283.9679338613102
979, 283.9415319256401
949, 283.9405650539449
2863, 283.8934874541757
1016, 283.8597941952504
1187, 283.84434023578757
1954, 283.6425113015094
1769, 283.2698788586117
1619, 283.2341376578948
1997, 283.19187256861443
1311, 283.1887994550669
842, 283.1556693592484
883, 283.1180522687984
1305, 283.0344737769363
2880, 283.0080961974062
488, 282.89069705832884
1503, 282.8652233154294
1900, 282.8393869156971
378, 282.81160124329364
667, 282.7929424148165
2132, 282.77957217003836
2437, 282.4632704453895
75, 282.45494126709616
2144, 282.30813006649396
3128, 282.25906632149866
2078, 282.25601120973266
466, 282.18997389992313
1359, 282.18038022816773
451, 282.0914087754105
1791, 282.0009274361226
666, 281.98481598406306
669, 281.9479442637302
3426, 281.9110263348787
1502, 281.84280846502185
620, 281.75850118515416
1472, 281.6606992061127
496, 281.5137873351881
1276, 281.5067984407904
3386, 281.4432737924842
1963, 281.4286602876379
1934, 281.3871531153408
2744, 281.27384852559584
1161, 281.14198440070487
742, 281.13350222933246
2251, 280.9755651580707
3281, 280.9117819018157
435, 280.66732082958134
642, 280.5637200533376
531, 280.5442476232171
2026, 280.5164782551363
173, 280.4873267246885
271, 280.452650905377
2326, 280.34823211986253
464, 280.3077729854766
1551, 280.0566379507361
1385, 280.0431992822632
1758, 279.9676977285098
1949, 279.96483437585874
1192, 279.9347219669538
2786, 279.90216265407327
726, 279.90108262470164
2016, 279.89162249367814
3447, 279.87231851608664
3012, 279.860228994132
251, 279.8038610820912
3022, 279.76918135108616
1950, 279.39783389399116
1496, 279.3653788854615
880, 279.3432405932098
1568, 279.1013662938573
858, 279.05813703508346
1202, 279.0543848082094
952, 279.05234432145744
2748, 279.04909421215416
632, 278.73278459282164
1344, 278.68360215792126
2767, 278.5637730348065
3027, 278.4559238393835
2133, 278.4506168003689
1989, 278.440998062866
130, 278.3242433209882
485, 278.18447933308914
931, 278.1149308145316
2225, 278.0142251461557
2961, 278.00577355669594
1540, 277.98431895420424
2432, 277.9730819199252
830, 277.97113884939824
1407, 277.93637978993576
2882, 277.8768291611246
2317, 277.69614457717154
1008, 277.66471353221215
1995, 277.54828082760775
1471, 277.480092147637
571, 277.45812053693425
470, 277.443697335718
317, 277.41236149572205
309, 277.41236149572205
2174, 277.4044955692326
2140, 277.3617281554008
1263, 277.3428930856422
79, 277.32420597356816
328, 277.3215228663656
3057, 277.30680777585474
604, 277.03712315576615
1143, 277.02768438026754
1591, 276.9887664396922
911, 276.8028033085068
3285, 276.65533110661283
1787, 276.53235606717067
702, 276.4885895097384
1453, 276.37065200688653
1252, 276.3621950532299
644, 276.25868422595966
831, 276.20780587183634
480, 276.15911326827677
1140, 276.0930052334401
1770, 276.05542425127453
653, 275.9838852900482
975, 275.967240367212
354, 275.9431463722117
3173, 275.9124284664364
773, 275.85585098485836
3056, 275.84401135591565
747, 275.8002296589692
1935, 275.7271358660706
3434, 275.6664819304065
2247, 275.5839745307668
1893, 275.58217014117156
1317, 275.40364607227536
2746, 275.3715814622223
1184, 275.28657521647597
2348, 275.27639527399396
3202, 275.25732445933005
433, 275.24093110485694
2380, 275.23909487101054
925, 275.22334191054256
2377, 275.0875499561088
914, 275.0445908548591
1375, 274.96941196225714
677, 274.962290811534
860, 274.6820029660427
1834, 274.66398434481766
3214, 274.4009197286634
2950, 274.3494072181357
700, 274.34395957866525
2250, 274.258782529096
668, 274.2272732850411
372, 274.1937925990137
2151, 274.03613893019366
1399, 273.9792852879485
335, 273.9172164897887
2370, 273.8730163136843
2149, 273.80971050072554
832, 273.72755927393445
2932, 273.63697206750504
2311, 273.5637772931651
1928, 273.5073818794129
1953, 273.49899273771945
888, 273.48464455343094
2027, 273.4401553110116
2826, 273.3878136507092
1767, 273.2377647770613
2127, 273.20956262351586
1111, 273.1897694682447
1521, 273.1742224750988
2109, 273.12954929680797
2367, 273.1129782944518
3300, 272.9963659364776
2817, 272.9171120761283
3185, 272.82136346205596
342, 272.7241881756756
3174, 272.6768192970576
2757, 272.6428772499346
1077, 272.63935091776824
3035, 272.5771506485688
769, 272.5360586965516
1621, 272.3334416452664
996, 272.2123506374215
147, 272.1838236946405
3424, 272.15498993616234
1044, 272.08280372241836
361, 271.9314500246418
2029, 271.87415195081377
2722, 271.8542594521213
325, 271.83776664600117
864, 271.7783415747822
1015, 271.7737438215245
1013, 271.71552280153594
3276, 271.69467258617635
865, 271.5580710362889
2352, 271.55080648074926
1827, 271.47232342409967
968, 271.3819391054574
1991, 271.3133883239499
204, 271.2352577189233
479, 271.2203258845789
2407, 271.2029892290635
2178, 271.19556762296156
3283, 271.1909685113849
2425, 271.1728212690351
1303, 271.04143028822085
203, 271.03494670663974
2201, 270.7920733143739
3098, 270.6822808831006
1325, 270.6494442617662
1260, 270.6367579719592
1850, 270.60112371588076
2987, 270.5454769093285
208, 270.0870336307901
1690, 270.0758282433143
2424, 269.9860736699704
1916, 269.9628177659339
3298, 269.9494268038705
2418, 269.81645949939633
1284, 269.6955566304397
1177, 269.666524331519
2416, 269.52663077840606
2024, 269.20801325188154
468, 269.0484795846968
1853, 268.92618663788056
751, 268.88929270864065
1766, 268.83883365680947
2076, 268.8037161604397
1360, 268.6958800094839
688, 268.61776599286355
2020, 268.44765863911704
534, 268.3493802089757
401, 268.28499924228987
3208, 268.26829857890317
2820, 268.25330540395663
1515, 268.19211958500364
2215, 268.10406383715
2159, 267.90099681897254
687, 267.83927266122487
1203, 267.82638034805984
189, 267.7638883424551
621, 267.7375958170331
1172, 267.6559106400755
1910, 267.57094495009875
810, 267.4987147317508
719, 267.4012033795148
1235, 267.36987333286567
1395, 267.18956218694035
415, 267.13571078708077
2751, 267.10402158396914
1386, 267.10327135087977
829, 267.0737954569371
2898, 266.71628665169845
771, 266.6992021473467
2336, 266.66081193764035
2278, 266.53063262534255
3244, 266.50255432801777
3292, 266.4220875107948
1809, 266.27985038240405
2045, 266.26758730139414
245, 266.2232325094848
812, 266.1645605471302
2112, 266.1099522991884
998, 266.09427323337286
648, 266.09427323337286
1029, 266.05631249520854
2546, 265.9279165389012
2768, 265.83353938655415
2876, 265.82339007393114
2802, 265.7908042027741
1105, 265.72286702243144
274, 265.64223182142143
2622, 265.45059579453397
731, 265.4086856087281
1443, 265.1963614862134
3440, 265.16859039409826
1805, 264.96370724048495
48, 264.9265716439747
1087, 264.9094145341045
3348, 264.898980371877
3245, 264.8846340317717
3451, 264.72857252253493
1796, 264.66489730713215
767, 264.56827587948123
900, 264.4031192865777
1516, 264.38082485307194
3175, 264.22667789491345
2962, 264.1845680733545
3001, 263.90772057621655
186, 263.81631370008176
452, 263.6252741714037
1556, 263.44916206179556
52, 263.36009997430324
1870, 263.31880241182273
3024, 263.31558646336396
2241, 263.2691701553327
1129, 263.12008661079784
495, 263.10202424853105
3293, 263.1002087913041
1952, 262.99686538507893
2221, 262.9611305577925
3093, 262.9008091071443
2155, 262.8673264968124
193, 262.78100819645226
3110, 262.7784833044411
1675, 262.75999145978227
366, 262.7004816518034
583, 262.67479815292717
2118, 262.4417062710727
2253, 262.3506483176481
2981, 262.3158404013657
1948, 262.2936809858648
3159, 262.25909611511855
1055, 262.1863348559801
926, 262.13430015336803
1654, 262.04486421187255
1256, 261.97363691407327
739, 261.9720553830724
1880, 261.9523753740754
1434, 261.76416342568405
1433, 261.76416342568405
1019, 261.75599176330473
1897, 261.67018960323014
595, 261.66586946978424
1922, 261.66540255861304
1774, 261.6529320380171
3226, 261.6316216812105
349, 261.53075835910846
1349, 261.2135619623008
913, 261.1461749409582
229, 261.07836337865746
1142, 261.0650321615574
2013, 261.0177040533218
2549, 261.0049260426459
605, 260.789051446419
1401, 260.7875612444761
756, 260.5620571872147
738, 260.4304662702913
126, 260.41563928126396
2041, 260.34322412266965
148, 260.18542629846775
650, 260.08934164708506
2266, 259.9504431197936
191, 259.79972663393266
721, 259.78060665682267
997, 259.7099999575196
3042, 259.55811253407234
2368, 259.4048950060266
3435, 259.32073402098814
3209, 259.2047735753263
1606, 259.00391220686043
940, 258.91441524755857
1918, 258.8299275389877
266, 258.7289176423613
140, 258.7080541883988
288, 258.6735396094596
1927, 258.3867556280671
34, 258.38312308475497
608, 258.2124973060062
1497, 257.995734064489
2902, 257.9552200541133
540, 257.91248175433947
3297, 257.7565328264864
1100, 257.73415412389954
1990, 257.692390799113
1932, 257.6200492388141
1914, 257.4363423758056
1833, 257.3475696873646
715, 257.34532539542323
753, 257.3185446505089
389, 257.22798302812697
2147, 256.9937873470832
2330, 256.96419394947
954, 256.82055057575053
906, 256.7283758713979
440, 256.6709207870146
357, 256.490320026581
217, 256.3433798635626
2374, 256.31408720278074
2729, 256.24931380969286
2261, 256.22164793423286
806, 256.1179910000066
2234, 255.9958170356715
206, 255.89588393880257
627, 255.77797299489225
3176, 255.70892801427595
1056, 255.6726146327272
915, 255.66782883614292
2920, 255.65503339985818
1283, 255.4958676951537
1917, 255.47452115286978
598, 255.4522310986153
811, 255.3587082452471
807, 255.30650388071226
3083, 255.19857499188953
2276, 255.1349496494856
589, 255.13437914482944
818, 255.12577956106597
2776, 255.118878844139
2723, 255.09090450219688
2810, 255.01806659225414
588, 255.0083361639336
1587, 254.97371264808694
406, 254.93287369585633
684, 254.82741935095723
624, 254.82741935095723
348, 254.7805768132292
631, 254.7674124125026
1993, 254.74891530588425
570, 254.41451166454786
1783, 254.39311259810304
2874, 254.3487285327328
2773, 254.2721900434109
2906, 254.16640590810016
995, 254.0977225402767
2965, 254.08679146735307
2834, 254.06875964651329
1461, 254.0613011922499
222, 254.00193072634934
1896, 253.89301767289066
758, 253.8317883280459
2895, 253.8201303443345
2507, 253.7944169710215
2224, 253.76813189813933
3079, 253.72032597245652
2128, 253.6786419199562
2291, 253.46925147830427
2332, 253.38134445807833
3071, 253.16854110108005
609, 253.0360882829818
695, 252.89564076359375
56, 252.8808576194975
318, 252.8561413130349
1033, 252.82808427372848
610, 252.66943786849083
2093, 252.50041851158355
2893, 252.49603867954488
1797, 252.45825091422452
44, 252.42650723739732
2843, 252.4250938346812
1313, 252.26709362014913
809, 252.25255304458048
100, 252.2056108360723
2005, 252.09341431050612
2825, 252.07121893832144
2835, 252.0083772933448
165, 252.00134857503542
2848, 251.89272119678068
819, 251.8532462662547
3450, 251.79340812532908
1526, 251.76685848241252
2182, 251.73955278553848
562, 251.5377757497641
3287, 251.52633349438034
1913, 251.5146944175556
275, 251.50994204312772
1334, 251.35769443786364
2252, 251.3451669477833
2988, 251.33652461326946
1058, 251.3300438553085
1338, 251.17320170762693
1296, 251.1229598562729
425, 251.088749014533
3050, 251.0691466258512
662, 251.00468628493107
2272, 250.98321366358832
1221, 250.9113939249014
2381, 250.90140135045235
548, 250.84590420439784
1538, 250.8009324675558
978, 250.645410663101
2363, 250.64376883870725
2285, 250.61990445526317
51, 250.6115750604842
2795, 250.60171889866245
835, 250.54883014204967
381, 250.50745700533173
2811, 250.47136950174482
676, 250.39609394451168
3084, 250.34517178075853
46, 250.18787975297445
1159, 250.1708693058167
1611, 250.0722362857264
921, 250.03947677606206
2000, 250.00852543901834
861, 249.93372384383684
544, 249.86754342709014
1553, 249.8593600343357
1602, 249.77998091177443
308, 249.73585529159195
816, 249.72630048603457
1363, 249.6814876098653
3259, 249.6244768981242
2108, 249.5896260421939
1929, 249.53857588801642
2210, 249.52296910470102
3213, 249.49519557549075
322, 249.4940620045924
310, 249.4940620045924
2419, 249.2832951738863
3151, 249.21236948040553
2034, 249.11036788790764
228, 249.10188017298952
359, 248.9044568206649
1337, 248.8542962147813
1249, 248.85248985904235
2328, 248.807511795871
3439, 248.80522409292254
1237, 248.73057861638875
899, 248.51365690498903
1903, 248.45152227852995
198, 248.42824124942953
447, 248.25212163869185
1899, 248.25066808403963
1244, 248.2123985033652
2391, 248.15647709516276
1381, 248.1254117164661
1609, 248.1097566498021
3413, 248.08277149969143
3192, 247.72592949642407
1570, 247.47991937286514
1592, 247.366777795756
3051, 247.3116763178141
1379, 247.2494040782977
515, 247.1561484913357
1081, 247.0226076883139
2838, 246.88969458155472
3023, 246.75850653129265
749, 246.66178657540644
622, 246.65209295428835
1204, 246.32954798192654
2025, 246.11399922790312
244, 246.08075430365824
862, 245.8946249724205
3133, 245.72481479405582
1937, 245.6870632394043
2106, 245.5735243068176
1802, 245.50113274423853
1956, 245.44935022820314
339, 245.38449851365368
1680, 245.38178991146353
2307, 245.30136411648422
3163, 245.06398034746417
445, 245.0155353854623
587, 245.01252744640874
194, 244.97366493676284
607, 244.82364506713338
890, 244.57751605599827
881, 244.23347721776403
343, 244.0870449955493
625, 244.04840118428177
3246, 244.0473096658669
578, 244.04386655097906
1757, 244.01869347148133
3274, 243.88688574087726
2741, 243.86345336590327
3015, 243.79791802997698
2001, 243.79429020167228
1812, 243.75285378569455
3178, 243.71235078568137
869, 243.6475514808407
941, 243.45755861677512
2736, 243.24168703836025
3273, 243.16828303793517
1793, 243.1283031545872
877, 243.08975153235602
345, 243.02624890960738
3199, 243.00515241878398
424, 242.97787080442188
841, 242.96348503184996
1102, 242.9564881857949
878, 242.8756849918306
141, 242.8552121687189
555, 242.71906938422364
1310, 242.6658965296184
1122, 242.5432549733327
611, 242.48758383388326
3143, 242.37142168478323
367, 242.34724953032423
1988, 242.33651438370663
1063, 242.19594654175174
670, 242.09894594552816
2855, 241.94995708993946
1816, 241.91911859497594
74, 241.78216894374188
947, 241.75505593216906
3315, 241.71003460174887
1795, 241.6893794171073
1859, 241.6792428083053
3327, 241.66970180068145
1000, 241.52018184783816
1686, 241.35559859568895
3241, 241.31083311318395
2019, 241.26600296725948
427, 241.25122342601043
134, 241.17645950023177
3144, 241.05929493789688
379, 240.5106259021046
3092, 240.46957450896164
889, 240.3361401452482
988, 240.3336650780386
685, 240.31096011730725
652, 240.15671518621784
2343, 240.0884044947045
2223, 240.05258786947093
2887, 240.05008283504694
1666, 239.9649739584944
57, 239.9501035201662
3170, 239.90921357559782
294, 239.87533350491577
2749, 239.86522108643723
1002, 239.8246056606661
1938, 239.78296152719963
1384, 239.4951668627744
143, 239.45102342040659
407, 239.44992882171064
85, 239.44339007149563
3384, 239.42450057472232
1936, 239.35355224177167
3432, 239.30542319883685
360, 239.26027752685346
3171, 239.24887333565576
2329, 239.2414646873285
3059, 239.1458758657576
2808, 239.10283960346763
1987, 239.09761328246293
3101, 238.83674724718873
1082, 238.79188872130837
2951, 238.75946701900128
1552, 238.72598426856146
340, 238.69787943656598
82, 238.56866779717566
1901, 238.38106263719132
1546, 238.29219318899987
3305, 238.1775232928061
3336, 238.04098584280513
3278, 237.96034289908854
895, 237.8819816362932
1290, 237.8464979782697
1084, 237.82993619889257
1877, 237.56396366989475
3062, 237.4931417826688
1439, 237.4138194975602
991, 237.3012431410924
1732, 237.22724516580732
2789, 237.1463263117234
894, 237.1370153833434
2371, 237.0708654750641
3043, 236.9785109223731
1243, 236.92916459361683
327, 236.9169052560125
2238, 236.83354360425477
1707, 236.80061092325082
2257, 236.78583284667027
73, 236.75076159814074
233, 236.42854471903735
2892, 236.31052681954085
2316, 236.0459338088346
341, 235.94811996819203
408, 235.7913031971142
47, 235.64440859245423
2002, 235.6268941884292
2793, 235.6014603121815
35, 235.577745609519
2048, 235.46513515545854
654, 235.41034158794434
298, 235.33808254238969
2420, 235.3318591864955
950, 235.25961423198734
3211, 235.18268552590038
2901, 235.15573964537606
3204, 235.1466219171624
376, 235.1034225672231
2240, 235.05524599508487
651, 235.02641036694348
1162, 234.9763475061078
237, 234.9152786769865
3206, 234.864005680214
3194, 234.81396381361935
1005, 234.54191139804166
580, 234.53533977919133
3095, 234.49888929564065
225, 234.39590856549373
678, 234.32953354823294
1933, 234.24452947121043
592, 233.9918841184813
2886, 233.92951504828292
25, 233.8716504240034
491, 233.67789230561513
563, 233.64023533582767
473, 233.63245382209504
1565, 233.39598222841227
3224, 233.17019383405656
1946, 232.951348722865
1742, 232.8513106357547
355, 232.7947620589369
2404, 232.6809932823427
3443, 232.66338982514293
3294, 232.64344904034036
3380, 232.62183235497218
2583, 232.6008442215492
280, 232.5751351231657
3134, 232.5645386029269
3186, 232.52637538189038
281, 232.51121883097196
1205, 232.45564137156353
1923, 232.45497663607478
3289, 232.4169065878959
300, 232.2796037458902
1677, 232.2365184237132
1121, 232.17970316097126
2824, 232.13830511115773
2666, 232.1204069684054
1350, 231.98254618004822
1854, 231.94635201374686
833, 231.89517246770112
2896, 231.8196931112194
2003, 231.79407805045312
2836, 231.72346280245503
1874, 231.65842315289606
591, 231.64703856057176
1024, 231.54993814807614
1924, 231.48961810996667
1347, 231.41289302609965
2630, 231.40456338361375
3312, 231.29135199435515
3284, 231.27408420183414
1545, 231.24191105984357
3433, 231.20395005654655
1763, 231.13950244185276
1738, 231.0968180022917
42, 231.045524927645
2483, 230.98798965946526
613, 230.88782986368
1775, 230.86461609417688
1613, 230.75468929035446
2335, 230.68895789643932
951, 230.59825963350355
794, 230.5606319306346
1955, 230.4916348244101
3147, 230.45706121422177
1687, 230.37947882886263
1875, 230.3322828571487
2883, 230.33178282770837
3304, 230.20589385380578
2008, 230.00308371534254
2944, 229.99423973371944
3197, 229.72098587747615
2218, 229.374867728358
1238, 229.32828453503538
1845, 229.23509871558238
1747, 229.22639211136027
1784, 229.215338605927
3039, 229.20636360612406
3449, 229.2005720613964
2294, 229.11981084882933
2248, 229.020736454129
439, 228.92945375537454
649, 228.8475932395862
77, 228.8311915747352
1720, 228.79500698555773
521, 228.77787453752939
2357, 228.47981105033193
88, 228.4403729409751
1104, 228.28136613614177
1725, 228.21306071951227
2651, 228.20252516575144
1798, 228.16056624889058
1729, 227.94834114361888
802, 227.93558637306913
748, 227.93142413835088
655, 227.73827331607492
2104, 227.71377379744322
885, 227.4909995997837
2505, 227.16414234235492
1231, 227.00519431237402
1843, 227.00017625221304
3354, 226.9494783173518
680, 226.89242940321353
1868, 226.86942406220157
2513, 226.66590165423827
760, 226.50652075026824
1373, 226.4871973798078
455, 226.45194031422236
2288, 226.4336770132872
3120, 226.2546516935463
663, 226.18703676836006
1627, 226.06959848999048
84, 225.9742340382254
1355, 225.97250119857645
509, 225.87976629457464
1879, 225.86191889876466
3006, 225.75489919078973
643, 225.74755136415433
2827, 225.62619878290232
2454, 225.61468615775806
630, 225.60930913727825
1945, 225.48611009214474
772, 225.44775743394916
2742, 225.14306829434076
2393, 225.08575478517818
2780, 224.8692306928662
150, 224.85437250823756
2137, 224.7655403027761
1722, 224.57802647457208
2885, 224.564346480248
1746, 224.56335382532444
2402, 224.49525660076787
629, 224.4828279618955
3040, 224.45068371592095
1762, 224.4501063207106
3082, 224.38131535958166
3243, 224.3675457936516
402, 224.35101650360266
1821, 224.1489330063143
282, 224.03408088885178
2995, 223.97146956406405
1844, 223.8863659699996
1641, 223.69538551993102
2508, 223.6621925734358
2816, 223.64609470033443
58, 223.61839727295242
3200, 223.5910969840536
3183, 223.5852828132435
2688, 223.547899624376
2286, 223.49241010636774
1764, 223.3639985949313
460, 223.2956801947897
966, 223.26326208685995
1547, 223.2570838810569
3146, 223.12347225099458
362, 223.09185075891418
1232, 223.02316864959835
1947, 222.89856834382735
1871, 222.86763803716298
2379, 222.71280375454737
513, 222.67681067962937
2491, 222.6677619198188
2098, 222.56306104557422
326, 222.41070427161065
2671, 222.12941857222503
1970, 222.11810073253193
3350, 222.04348191302665
1826, 222.04046069064478
2314, 221.90912940165154
1012, 221.82138106623077
1894, 221.79635039555885
2203, 221.75470305084775
3150, 221.56107029475993
145, 221.4006633209931
265, 221.3723730520995
1771, 221.37211919848656
2677, 221.30396897173873
2782, 221.1634792632697
679, 221.12662355297468
628, 221.08063429652182
1695, 221.06680671420196
2640, 220.98516999864236
2945, 220.85988449230598
302, 220.84581575492402
634, 220.83878751446997
1718, 220.7299612901957
939, 220.69011903651324
2948, 220.66103295205457
2442, 220.5572084169119
874, 220.53790199213657
2812, 220.53419198371148
733, 220.5268970020687
2721, 220.4680481771383
732, 220.45153332174425
2039, 220.42681695470003
2703, 220.39985105282463
1685, 220.3422003472463
2890, 220.28281278881184
1646, 220.244392867853
1781, 220.23757487638133
398, 220.10153658110409
884, 219.9815884064612
3184, 219.9623803291075
1669, 219.95249732624168
219, 219.8675308832147
956, 219.73311133711195
3314, 219.65396434161303
617, 219.33001534086327
518, 219.23290770537054
2353, 219.20003010684692
3248, 219.1204371563282
3123, 219.05653201019524
2566, 219.0404544556082
1842, 218.999305609619
356, 218.85404297117276
1971, 218.83317120774004
278, 218.82122952947046
2645, 218.72465249482312
2755, 218.69738136880008
2784, 218.68141793102834
2021, 218.63755366187962
1171, 218.6338404544327
3105, 218.60687081401497
2917, 218.51821533985313
2101, 218.51610711386328
863, 218.51603069234451
3218, 218.50119891493998
2788, 218.43442995205837
1647, 218.35068460961728
3444, 218.25981930399047
838, 218.18916125878428
2559, 218.11229041606194
3415, 218.0709386830678
3264, 218.06529670972802
291, 218.0163761408613
859, 217.98972947930545
2280, 217.98944738539487
1185, 217.97984381608063
2364, 217.89443432804254
1756, 217.82730878216714
2358, 217.81063392183708
1616, 217.58011406145553
2894, 217.51004114804545
1625, 217.46098718074475
412, 217.42736096155824
1765, 217.32262717116933
2758, 217.26163881107064
411, 217.15965285956509
1968, 217.11626498452733
512, 217.10364485196453
3239, 216.98239910905335
2935, 216.91765120349007
2587, 216.85348148414778
699, 216.8517588335863
2694, 216.68881064624046
2696, 216.63937076873725
1858, 216.61360490144222
2705, 216.56485575305865
2823, 216.4652995347841
156, 216.41631193878666
3299, 216.4034366928024
3013, 216.3418886889922
3187, 216.31212840572448
1708, 216.2032493124477
1258, 216.1786405525487
1541, 216.17660881512705
2553, 215.9722220361442
1190, 215.91434980549883
250, 215.59089799108398
1869, 215.43044007057938
3255, 215.36794440136586
1644, 215.1839477765262
3318, 215.1494580551507
2620, 215.09475678977446
2558, 214.97963883903748
3063, 214.95206425402327
2385, 214.8146770961462
3090, 214.7467906789101
2562, 214.60841955128316
3129, 214.5210723465636
1274, 214.44557143902452
2514, 214.4247833717583
3352, 214.246190227855
276, 214.22464857911473
2004, 214.20548719725997
1106, 214.20176280320547
2524, 214.17023782742277
1731, 214.0912207402797
3324, 214.04179973679308
2607, 214.0108489527701
2690, 213.95571944647935
1892, 213.92260636387363
2536, 213.84052866350086
1698, 213.83880621357585
2686, 213.73558427306645
1643, 213.67513628429356
2814, 213.6289450884867
3168, 213.37665482468242
2259, 213.34474513819876
734, 213.32894526620407
3162, 213.29683013720128
2390, 213.0882135474998
2017, 212.86806617628497
3225, 212.81981368915123
1717, 212.78230062490374
2258, 212.6397952143091
551, 212.5190009897836
1739, 212.40756789320676
957, 212.32625868849615
87, 212.32266054126544
3290, 212.1440675464375
54, 211.6582683700611
2781, 211.57928814742644
757, 211.56182520207068
19, 211.4553683431361
399, 211.3239606281732
3020, 211.27167273933085
2864, 211.08358392897222
1740, 211.03877717224123
395, 210.90479042500124
561, 210.88813145654873
2333, 210.79590699045738
1919, 210.7893415969021
1682, 210.7516114791888
1768, 210.4020076531485
344, 210.25796374647558
1626, 210.2111479609421
3041, 210.20767243570648
3130, 210.12581527720423
1714, 210.02166509444774
2657, 209.95389173277422
2574, 209.90330383269875
2338, 209.81142297371989
409, 209.6790739471045
3080, 209.6659964111996
909, 209.649909644981
214, 209.4631861394049
2111, 209.3752705823458
2096, 209.3752705823458
2779, 209.36748016858334
385, 209.34382220212754
3220, 209.22348448480713
626, 209.19989197776002
2102, 208.96634631623212
901, 208.92128805504706
3011, 208.8253879368587
1931, 208.81060310024262
2710, 208.78316260771555
965, 208.75192015925606
1542, 208.73388053381814
2904, 208.61233589507464
3066, 208.6020991660546
3279, 208.44863146796638
255, 208.2129400550795
2473, 208.02951714448403
1703, 208.0164375421472
2030, 207.97772490789293
2610, 207.97498649941275
199, 207.92231954358536
1726, 207.83604056333078
2756, 207.6350196223556
2785, 207.53226751195547
216, 207.47481366177036
1642, 207.34126512219012
3347, 207.20905165873205
1715, 206.99238151621532
2571, 206.700148755362
3207, 206.68169268611769
1057, 206.5391989608238
681, 206.40699023493363
1873, 206.33311385011402
2497, 206.32516186484443
2621, 206.28140512605717
793, 206.1699521869888
2681, 205.90526266784772
1891, 205.8943776121637
1701, 205.8632029635053
2287, 205.33535697666005
386, 205.27555976814241
400, 205.15683731556123
3111, 205.05678860108415
3265, 205.0383671115955
1733, 205.02339310069675
404, 204.78238732048385
2244, 204.77542022026017
2653, 204.76596349854162
316, 204.68992047219461
1721, 204.43475136350912
1712, 204.382515312216
1755, 204.30974277639703
1628, 204.24661219152827
2143, 203.98294608664938
3099, 203.87573659477374
2959, 203.86705353942705
3316, 203.82842122666963
2668, 203.80914847449534
1705, 203.71967011002437
2561, 203.67735655652197
1966, 203.6032879602656
1752, 203.49902916574612
3112, 203.4922807753452
2738, 203.43965150756927
3306, 203.40647047574467
254, 203.36433686693593
1028, 203.27430508468694
2683, 203.20393281943035
396, 203.20144806915275
1287, 203.18103797667698
2745, 203.13944395076248
21, 203.11098267684702
2624, 202.97077608370898
2650, 202.95141883375504
2712, 202.77682343255222
2641, 202.59326646732046
3097, 202.56771145913297
2305, 202.5418204163978
20, 202.4784179039933
2152, 202.27172216461187
1630, 202.17415879963644
647, 202.14521918236156
137, 202.09959542966897
1463, 202.05892485531777
3295, 202.0076456938342
2611, 201.9746223756517
1047, 201.74884266274674
2520, 201.6670278084033
2572, 201.6597938963181
2568, 201.6516498480567
2649, 201.57312471049877
2527, 201.43261332502033
2563, 201.33470019600853
50, 201.1543075284603
287, 201.07834022033987
1692, 200.84950973366534
2601, 200.80760527904943
3288, 200.61375229788553
388, 200.5596716448691
3201, 200.28926307641615
2635, 200.11308089938476
2720, 200.09717217517155
3323, 199.99895063586914
127, 199.5807213940932
3383, 199.44314302571203
3442, 199.41649370992226
2525, 199.41246141820983
1710, 199.35081060368475
1267, 199.32597099609353
2217, 199.0058794228569
3362, 198.96287676739948
508, 198.83867890674495
2608, 198.72101373973476
218, 198.70473521482094
1631, 198.5637108619665
1744, 198.2125231966655
3136, 197.98198202149172
1735, 197.81004140502736
2485, 197.63115318491867
1659, 197.31740887520996
2580, 197.00044453760972
1941, 196.97447059437485
1748, 196.864432422916
1564, 196.81802551199098
3311, 196.70725261615704
2652, 196.63730593641586
1716, 196.57313767154892
1759, 196.52864894692672
2726, 196.42164205246823
1645, 196.25363081238302
1684, 196.0163407662511
149, 195.9695534011289
2656, 195.8383954574213
3254, 195.80806656703743
1670, 195.73662243996884
1633, 195.73288434689672
2646, 195.4164044991658
2397, 195.17214584478518
1657, 195.10334887957265
3036, 194.8914554376434
1672, 194.87447098593574
3094, 194.739235854948
2486, 194.6915278833819
1967, 194.61639562373827
3005, 194.56551430703215
1730, 194.41505234230732
80, 194.35445525369596
2697, 194.3116027022793
43, 194.2025064806853
2293, 194.13158405077795
1741, 194.04436674170313
2449, 193.9540005467219
2597, 193.93777978890296
36, 193.89204116094993
1700, 193.86456377012397
2493, 193.8612384361942
1668, 193.648527517164
2533, 193.62320816014548
1743, 193.4130591316815
1699, 193.30687900627075
2980, 192.88380603484515
2451, 192.839531356775
1671, 192.82160786827447
3007, 192.7380709290218
1724, 192.67678245938507
2456, 192.66779524160577
2693, 192.327033081883
195, 192.29967948106986
2289, 192.25695134589557
497, 192.24509084355088
2466, 191.87177465995907
474, 191.6535577614618
1532, 191.5000375493597
1114, 191.33434126113954
2592, 191.22180773540336
1745, 191.22083986542444
1728, 190.99869896215392
1754, 190.92084249548677
2212, 190.91254838258172
1364, 190.87158474928214
1706, 190.36305995854806
2340, 190.31869198550606
252, 190.28825360366687
1649, 189.897851033573
2528, 189.7756355660922
212, 189.68988635462722
2543, 189.62874537836262
1704, 189.61275472578947
1665, 189.3474887744975
405, 189.2312158571849
1650, 189.1298166700114
2853, 188.93107330596197
2383, 188.81029062777154
1637, 188.49533588671636
2604, 188.4049543037808
1679, 188.30294051406796
1734, 188.24507590920027
1727, 188.22550294177378
394, 188.18275039546745
2658, 188.05410484329533
2283, 188.0242308192368
1648, 187.83846353019499
2809, 187.78510577419587
1639, 187.77247941078093
3216, 187.55503278532686
2575, 187.38995670416622
1629, 187.10261330765553
2204, 187.0458283666718
138, 186.97358841536592
1681, 186.95014319719493
3232, 186.6151817573794
2475, 186.593977319036
2453, 186.44315104318466
1697, 186.42594428040672
196, 186.35989556283286
2713, 186.2924785096583
1691, 186.17887624729187
3258, 185.9942562220336
1358, 185.64934865184264
375, 185.60401333812214
2179, 185.5753814966786
2655, 185.42641116542623
2673, 185.3411650437202
2339, 185.3231192311882
2461, 185.30110417289035
2612, 184.98347027106323
2778, 184.9246679719664
3195, 184.9052417740516
2679, 184.73442072545612
337, 184.72928508244865
2623, 184.71169928881423
78, 184.5447512126126
3219, 184.52004450025234
1749, 184.2090594934323
1702, 184.20866304572743
2648, 184.13786418401088
3296, 184.05200828885947
2616, 183.84860809393822
15, 183.80955833220315
2605, 183.68528831208988
1751, 183.60682623191542
2589, 183.5245029985712
2087, 183.48832734115615
2239, 183.27328854592645
2509, 183.1774049822425
472, 183.1095837757723
2821, 183.08024210346213
55, 182.99976355935166
2235, 182.97809511491027
3313, 182.96900283493724
2484, 182.9442070074548
2606, 182.77516543451608
3231, 182.7170322412029
3160, 182.64947811315344
2498, 182.1670380662558
2282, 182.0941590703318
3091, 182.08729431344656
2531, 181.7517758090593
3223, 181.64387621889847
3262, 181.62499569248442
2700, 181.56771283996537
2167, 181.5478472905665
2185, 181.5401060609404
1674, 181.4652326166596
2626, 181.2837485984648
1636, 181.25923771415953
3021, 181.1429011799265
3113, 180.91881572804587
2564, 180.91765621649813
3261, 180.8497433476626
3221, 180.81870742277016
1696, 180.61191194067453
1635, 180.59904693551047
2869, 180.54650862867416
2462, 180.51642014263834
2687, 180.465641188977
1045, 180.39044440732334
2695, 180.35226989812108
2675, 180.33988751755047
2490, 180.32111392412043
2538, 180.17553368496442
1530, 180.1166723338666
2704, 180.07802415612937
2586, 180.0348973447271
2496, 179.81413748677687
2519, 179.78769104145016
2455, 179.78742511398113
2511, 179.67221552255742
3193, 179.62192399623495
2822, 179.58594305119067
1737, 179.3208167249995
2226, 179.03007885858247
38, 178.9873214682143
1750, 178.9838903116397
3222, 178.9392956355657
2707, 178.7828213147419
2534, 178.67138452562426
1557, 178.65510613276174
2139, 178.53014247942872
2184, 178.48968272947528
3217, 178.48567728941288
2692, 178.30722781545384
2094, 178.29619131435163
2654, 178.27064266100575
3251, 178.08056879834584
2464, 178.04065329714103
16, 177.9752065674902
2629, 177.92979253250078
2299, 177.91814980934404
1960, 177.74005866890053
3344, 177.7292649077294
2665, 177.37255602928056
3165, 177.17901719555675
2264, 177.16146335445148
2401, 177.1032006199993
3180, 177.0825867647486
3329, 177.06676951341925
2492, 177.01792849100403
2603, 176.83811829293504
2522, 176.65586254480857
1652, 176.64369213704967
2249, 176.52332719215715
2177, 176.23342023077635
2570, 176.2049798655115
2727, 176.0742647629993
83, 176.00344265625932
3260, 175.95241199186572
2349, 175.6710505105903
2506, 175.63038640747928
2345, 175.56155399667193
2488, 175.35853205267804
2581, 175.2809901105292
2346, 175.14467075510385
3100, 175.0340889179733
2499, 174.9230634801805
3361, 174.91895732285047
2341, 174.7494772644893
3364, 174.50772711404835
3019, 174.35458484665972
2600, 174.28238385160884
2342, 174.0916433590843
2760, 174.01848067760653
2638, 173.31587391100663
2495, 173.2455955491107
1559, 173.14671710095766
2313, 173.02138506506148
2662, 172.97867639240823
2632, 172.94428333903483
2044, 172.90630119981867
2460, 172.85507266111924
2743, 172.4672590889933
1655, 172.3478891666516
2479, 171.9100998236271
2714, 171.68087252326856
2079, 171.64000220090637
2644, 171.5918153448831
2970, 171.56864264181053
2452, 171.56091861979255
2591, 171.38333076248978
413, 171.36461355356707
2037, 171.31795031076038
3301, 171.1600980323461
2284, 170.96832743052724
2565, 170.76279954639497
2440, 170.71934204994966
2664, 170.44461640911283
3266, 170.15866835925678
2530, 169.70690655904886
2698, 169.6534072901139
3008, 168.99322350233874
2444, 168.8790210705251
2625, 168.8330523284347
2092, 168.54467218726677
2535, 168.48333024970256
1847, 168.04866145209502
3357, 168.0384077590884
2670, 167.89242914881626
3033, 167.56264264746304
2674, 167.34527382035418
2667, 167.33021649046145
2684, 167.24241100561662
2537, 167.12784725104646
2659, 167.08499239836573
2477, 167.05561609347603
1664, 166.85733104481113
2457, 166.76462913348598
2061, 166.6519440425493
2598, 166.42255367762922
2699, 166.3424262527103
2631, 166.2177898419565
2541, 166.2136570351927
438, 165.7892812479732
2660, 165.52557554119852
2405, 165.52059305959256
2510, 165.15553241620006
2472, 164.87708275006722
2474, 164.73242496182547
2469, 164.72991247635565
2702, 164.32343441805403
2661, 164.25679412559273
2669, 164.1886763609246
2504, 164.0232725065841
2448, 164.0222040822336
2576, 163.9009241416134
2691, 163.8217242158681
3249, 163.63708966852096
2609, 163.5236554540501
2542, 163.33152784483045
2494, 163.04872599088628
2502, 163.04617900444728
2501, 163.04617900444728
2552, 162.98210422550505
2627, 162.87916918980815
2617, 162.79069274399816
2614, 162.73370657414532
1109, 162.58811299558755
3253, 162.55505292361127
2476, 162.51708061055956
1300, 162.12526906181097
2634, 161.94482833444744
3263, 161.82189766780516
2637, 161.7250808681549
2724, 161.46264981076118
2521, 161.32397970046478
2866, 161.30131774248463
2956, 161.25224443142716
81, 161.06741798086776
2529, 161.04786288219472
3325, 160.614776628468
2089, 160.3243467376861
17, 160.12371133251315
2459, 160.07037020879054
2557, 159.60239048019898
277, 159.5277896820048
2663, 159.5058723552491
2567, 159.26551818376706
2676, 159.1994788274807
2585, 159.1737630607777
2478, 159.05203789279386
2633, 158.68909706462188
2678, 158.4517179632731
3250, 158.11822555519885
2554, 157.95930309618166
2074, 157.91263540255312
2560, 157.86167478127481
2706, 157.61430962155129
2082, 157.52876876332624
2619, 157.3939576876257
2685, 157.2434249664508
1520, 157.16437519883186
2467, 157.09349129217873
1560, 156.92875301628962
2523, 156.73762682197201
2577, 156.59474692146333
2544, 156.52834830389907
1969, 156.47154987007724
2628, 156.42247269215815
2613, 156.4082030763236
2573, 156.34478605704965
1052, 156.3112461415636
2595, 156.22882120267988
1965, 156.15577397393076
1519, 156.135432707413
3358, 156.1181562956412
2482, 156.0551154086756
2680, 155.79889446114495
3365, 155.6228134866778
2689, 155.6227848755102
2443, 155.54930491427584
2447, 155.43561277931138
14, 155.06917902839825
2588, 155.06355374554553
2545, 154.88797027004645
2909, 154.78865733378285
2445, 154.7198001155455
2481, 154.64148423426715
290, 154.598829687824
2465, 154.5526683473402
2618, 154.5459038120248
2642, 154.0287490755543
3307, 153.94635381771232
2480, 153.7489436200624
2701, 153.68691852835477
3345, 153.5289201522687
436, 153.38143675336468
2512, 153.27152073754795
2047, 153.2115902200544
2458, 152.78167867150052
2643, 152.74477993647346
3326, 152.70903550099192
2602, 152.6736297108788
3360, 152.50250216532714
1046, 152.44839638418236
2728, 151.9761142420162
2489, 151.97353583115378
2708, 151.8992387755795
3252, 151.2977671790022
2446, 151.1515689890919
2599, 151.02320940018382
3391, 150.92082678294275
2487, 150.88063929343252
2463, 150.8630375018053
2582, 150.64624287091914
2081, 150.56899590847618
2636, 150.453297668287
2584, 150.28763761109414
2516, 150.27245808077615
3308, 150.1803511758847
2593, 149.93645039096563
2540, 149.75220981436317
2555, 149.52636044592933
2057, 148.99305853956142
2639, 148.69356221810347
2052, 148.60282424147758
18, 148.54673613052486
2077, 148.42858634120265
2090, 147.85608855053377
3177, 147.8540044042665
2468, 147.82579459178706
2031, 147.67582305229132
1537, 147.48778677803654
2526, 147.47280106915824
2590, 147.32919160056633
2914, 147.25520759446158
3446, 146.40644583121062
1053, 146.30956580749256
2450, 145.7567261525589
1103, 145.69787864193898
2441, 145.4271175802189
1118, 145.42141544614086
2539, 145.2369752018983
3343, 143.69463905865825
517, 143.6714602931824
2709, 143.54633022278915
2647, 143.51912312061734
2596, 143.14731829008863
3238, 142.96451938074375
2066, 142.40927569362535
2579, 142.1333401494981
2060, 141.74816732896718
2615, 141.38220156058543
86, 141.38023329964668
22, 141.3600683569603
1558, 141.13336820644227
2471, 141.05194355293864
2038, 141.01744486288413
3359, 140.30265439897693
2517, 140.08573969704636
465, 139.11414876012978
2500, 139.02858526289873
2594, 138.82560153661322
3438, 138.5822918809026
2040, 137.94744643452972
500, 137.93719279214034
2916, 137.91114354415086
3085, 137.66892730299193
2503, 137.31388580661468
1878, 137.15062801019658
3237, 137.12749512802907
59, 135.9749803327898
2064, 135.81278690340707
2732, 135.65775756228237
2046, 135.60478706131067
2515, 135.3073962945882
2058, 134.8584942754912
3346, 134.68995348027929
2682, 134.63080686197083
1164, 134.54704034088232
2036, 134.32983204273702
2470, 132.55638441598308
507, 132.3652849402576
2043, 132.0081068516325
3363, 131.71479418342247
2578, 131.67740357211576
459, 131.67591728536834
461, 131.55401681491338
63, 131.2716008817433
3240, 130.47303515013536
2063, 130.14334202627631
3242, 129.76990623031244
2085, 129.51829985508164
2718, 128.58938878381358
484, 128.5783077935301
2569, 128.3896729443181
2725, 128.14975069389305
3256, 128.00609137402847
2672, 126.27629893465756
2910, 125.97811025733165
477, 125.85640352100549
273, 125.58994048668406
111, 125.44624228920591
3257, 123.99200360310192
2518, 123.89659350722079
184, 123.73853833727948
292, 123.04261595900779
1535, 121.68974769293719
2532, 121.37928877609573
2868, 120.21810214088359
1051, 119.52935820887832
33, 119.41792094271642
387, 119.34717816006223
2556, 119.16451475391472
442, 118.54889798586382
1165, 118.23092840865098
185, 118.17685348543742
1093, 117.94320025843881
490, 117.52296094366544
60, 116.68910736049443
2054, 116.39569683000498
3282, 116.07967975682612
305, 115.69069940344555
1092, 115.44771152197663
590, 114.47882506735272
1972, 113.97443081875441
223, 113.54299193837721
2035, 113.29932784009951
1054, 113.15636734787161
2711, 110.90653129721265
2049, 110.75884080000237
187, 110.70014006811036
2924, 110.5332545199915
3309, 110.0277244381255
49, 109.30067333064005
224, 108.78174117528296
2062, 108.15542724412926
2042, 107.5054504505072
286, 107.14122704468629
1861, 107.12996412298011
489, 106.98122628185918
2051, 106.10618744556209
2107, 105.98179428906775
2912, 105.72961878776846
2067, 104.8263981109569
226, 104.80942615326131
1536, 102.83961970716904
2925, 102.69132299772971
2923, 102.39586617524301
1048, 102.04647214196574
301, 100.20086645003249
2072, 99.1577155623859
1049, 98.56445481173517
2931, 98.32943906243447
285, 98.06865635173848
1925, 97.5707021942666
2871, 97.41833527493152
393, 97.36978911299748
2084, 95.74974460047054
1863, 95.29369938809455
2940, 95.19357417380698
1050, 94.94051247444284
2929, 94.93715881310898
2922, 94.68437924286245
2928, 94.42227110986569
795, 93.50730985675587
1158, 93.19918805719956
2926, 92.66724012804109
2937, 92.13500495462125
2952, 91.73329906696065
2872, 91.46438745136442
2921, 91.41756058229019
2927, 91.21907863252737
2911, 91.12441180239786
2938, 90.28317458880834
2933, 89.43713429950036
2939, 88.56212480736725
2941, 87.14744869461782
2934, 86.7431958184327
390, 86.52928067470822
384, 85.97446550318797
2954, 85.88462846594265
1534, 85.49198473542333
2957, 84.96461473680053
2073, 84.36327369906407
3412, 82.77937784316077
2943, 82.45425401254144
2955, 82.41621942859204
486, 81.29270788683556
2870, 81.00860047496323
2930, 80.92965434236194
391, 80.76377902426286
2873, 80.39121792103452
403, 79.90645880984647
2865, 78.73304250153453
2942, 78.70638520498973
1064, 77.09858137097697
1468, 76.56265115804938
516, 76.46238206117229
3145, 74.79713181017875
2867, 74.08215755205086
3411, 74.00148633240224
1862, 73.7349337960783
1264, 73.70961022162257
2012, 73.2646113477928
2739, 72.937908399096
1157, 70.05120198807059
519, 69.92984908937042
493, 69.6542216283774
3121, 68.06279030555055
183, 65.81056142886081
3161, 64.36632960574951
1612, 61.86147166521122
