703, 3037.1348208559803
633, 2507.257408846671
700, 2056.3663920853646
949, 1994.5302893834478
974, 1982.549492600316
726, 1936.1473945332452
976, 1934.8380426016724
1008, 1905.8423795750737
1020, 1905.0707766814126
765, 1892.8122631931665
710, 1857.9218603854756
706, 1831.8480625600246
1897, 1786.533697182152
314, 1778.6884597374014
701, 1769.6766557491721
2322, 1760.8800103017193
621, 1755.0572451566816
2222, 1739.2307682668734
702, 1738.469371623881
1015, 1732.049548814074
898, 1721.102728580562
1556, 1710.741316796628
799, 1675.9836891574928
873, 1669.3726162116518
1568, 1663.3173044367122
640, 1648.2199311703214
796, 1644.9957309672668
800, 1618.1207828817423
940, 1593.8311039333964
707, 1592.9493397269757
239, 1546.077849162103
1016, 1539.3949666190804
1021, 1533.378618148483
975, 1523.4403968629326
1291, 1512.2264722425984
2326, 1502.086425592273
2370, 1498.5777962851532
666, 1490.5428411929524
973, 1464.9639359324917
352, 1461.7038123450145
361, 1459.586340469718
705, 1448.1666272524997
2221, 1441.595693719169
2136, 1437.150759824079
1311, 1431.7355887686435
1799, 1424.1350023120913
1399, 1420.1894516029824
994, 1400.6775066281286
729, 1387.568083032806
805, 1372.4184988842082
792, 1368.7664856992235
801, 1358.5062591852736
977, 1354.1982593922392
893, 1347.0439397295875
754, 1339.1377180942109
697, 1338.654786493775
1503, 1338.496128780877
720, 1337.816588130371
644, 1333.8316688217033
719, 1331.3325362365867
1320, 1328.5405775215524
565, 1327.132615683534
1010, 1321.221046478068
968, 1310.8840519971525
1342, 1307.3167883345443
241, 1305.7535835858773
363, 1294.2935814613215
2840, 1290.642650226025
983, 1289.7142583607585
312, 1275.3639196600775
704, 1274.5725913798467
834, 1274.2229713502736
929, 1274.089404230515
866, 1273.6610302736053
1317, 1269.3463041164125
2183, 1263.015249879133
1673, 1260.765470969963
2377, 1256.8920078247252
571, 1256.0432228792106
2403, 1254.5197968148798
2144, 1254.5069157080477
880, 1254.3503996494994
1779, 1253.179172265482
2375, 1248.2208618633733
714, 1246.1591079708064
2216, 1245.0248946379227
632, 1244.8924850055614
605, 1244.2100149679352
269, 1238.6956923368668
1619, 1228.7838037590368
1471, 1223.494571732912
2843, 1223.26033184732
2159, 1222.5705809747471
1022, 1220.5107473306923
921, 1214.8651971911281
1916, 1214.6118539350912
1017, 1213.5652355249044
1834, 1206.6908565579452
990, 1203.988081743734
2908, 1203.4133284461557
1416, 1199.3431693101381
1458, 1198.714706574378
568, 1197.989148241849
3038, 1197.6309038049278
270, 1194.9967716962603
2176, 1190.1682360393527
1551, 1189.2431052989423
962, 1188.4669550127207
2186, 1188.3324624509146
1950, 1187.5905224535038
1276, 1184.2782962276412
891, 1183.5506949419373
1341, 1180.0008335554674
3230, 1178.2599073905858
750, 1176.6670282340551
1766, 1175.7068098628038
1007, 1174.9265835807025
2906, 1171.3658466358129
830, 1171.054249190109
271, 1167.9058794715265
1954, 1167.4840942831972
996, 1165.7834543442452
578, 1165.1386276935805
2373, 1161.5427138072162
1504, 1159.6313798207732
688, 1158.3901093533048
812, 1158.107163033845
2127, 1153.79151811961
2325, 1149.3938898240206
231, 1146.2851060501584
31, 1145.6404544829709
1327, 1145.5341952092874
1080, 1144.9111964462181
342, 1144.8290889805332
2946, 1144.363778329785
1313, 1144.1121679265482
687, 1143.570898253538
627, 1139.6242036372614
573, 1139.049383114559
660, 1138.8073872721513
1620, 1137.8853725870624
2327, 1134.7496363176733
934, 1133.580944186618
354, 1131.7696388246527
779, 1130.937366645439
941, 1129.5760974397135
2151, 1129.3058676021658
2950, 1128.5659831063203
653, 1126.6924695142382
811, 1124.5612743727886
3448, 1124.5106958717308
897, 1123.2562672554072
1507, 1122.4111014694695
2830, 1121.409346880844
695, 1117.375266488607
1898, 1117.3530357227694
1375, 1116.9945392213779
715, 1116.1640456899377
2119, 1114.38303123898
1305, 1114.1242372167828
724, 1113.7839383065273
924, 1112.0894310715846
1528, 1110.0044639111686
1808, 1105.3318697516704
1787, 1104.3058126817234
2893, 1104.2662218084122
2854, 1104.0258962772123
871, 1103.8227647117212
831, 1101.2912355862688
1286, 1100.9884454485982
1757, 1100.8663163616154
756, 1099.914174820097
1354, 1099.2341850507548
2418, 1097.7136247633746
2847, 1096.2330902806054
2130, 1093.6085257222676
958, 1093.445167680877
2146, 1089.8120499139943
2374, 1087.9660563432683
740, 1086.7757645525799
806, 1085.9155925347225
2233, 1085.4244550389546
672, 1085.059481300126
1552, 1084.4584499733082
3022, 1083.8429324106517
2317, 1083.65831691684
603, 1082.1528661892396
751, 1081.5734829452344
658, 1079.096226119795
1497, 1079.0141934051453
813, 1075.2135833391953
3273, 1072.5914915042654
905, 1072.1481645797949
2138, 1071.4106441041065
950, 1070.1501945889333
577, 1069.559204726541
904, 1067.368410618877
978, 1067.2041158676939
2366, 1066.2538588968803
1982, 1065.7191451900103
1307, 1065.690035891432
3024, 1065.502066881747
809, 1065.2063932718468
2149, 1065.0878102533115
1789, 1063.8580828714253
2131, 1063.2872164746498
422, 1062.2982306856145
2132, 1058.7796483096433
888, 1057.878610698945
842, 1056.6256307257045
943, 1055.0756444148458
771, 1051.8361264283578
1018, 1049.8321514631025
3012, 1049.7756202093742
822, 1048.6336192075225
712, 1047.7983802726849
752, 1047.2206492930568
2225, 1046.3167329311684
1323, 1044.8521563075851
346, 1044.5426564269678
308, 1042.9239105166594
1294, 1042.9194748303598
652, 1042.0203498509084
602, 1041.5674148509468
875, 1040.4541066893878
1283, 1039.7162133371935
951, 1039.2091676860948
1265, 1038.8125733943682
725, 1038.7681388100873
824, 1036.9109410184703
797, 1034.6254605969982
828, 1034.120183711092
1930, 1033.642178116094
959, 1033.1062856538288
559, 1030.1193778483585
3001, 1029.7782250088226
351, 1027.8078280052166
753, 1027.4960900060669
963, 1026.0008775200938
675, 1025.7627555531851
1499, 1024.8807385331522
1351, 1024.5356161913749
235, 1024.2565618438448
1319, 1024.1567319673568
345, 1023.7815412758649
889, 1020.9512316343648
246, 1019.7949289674893
759, 1018.8374555649249
357, 1016.4296006176838
2175, 1016.0605629828706
1778, 1015.3833010529287
350, 1014.9162310975607
692, 1014.2955220801915
2245, 1013.107208376153
827, 1012.2756909606446
1403, 1011.3737237373565
1777, 1011.2542843563918
1394, 1010.8090884483646
967, 1009.8649793149734
1472, 1008.519602379394
2903, 1007.8234466040781
908, 1007.1723606790334
625, 1006.756116937197
2842, 1006.4635237308311
747, 1006.3252879486041
1333, 1005.7169942315273
954, 1003.9711234787829
317, 1003.3739114430753
309, 1003.3739114430753
2246, 1001.2334543544079
1318, 1001.0369473537062
567, 1000.1124914281253
1000, 1000.0422275706965
318, 999.578852428671
829, 999.5172863630266
1563, 999.4292088174024
1786, 999.2789408028453
1506, 998.1722279578574
2250, 997.677816200454
931, 997.0236208306115
713, 996.6172764108059
798, 994.3578721530922
339, 991.9348331970492
1357, 989.3111689805478
596, 988.0598096533643
2247, 987.7502252281604
741, 987.5050710643252
937, 987.4087524939531
2163, 986.4737800761164
979, 985.3727006056962
325, 985.3388901718439
1582, 984.6448130207276
2426, 984.58628762464
1282, 984.1718475199192
656, 983.1584128099488
320, 983.0076191808989
1550, 982.2278696741163
2436, 981.5351625468315
1013, 981.1941888234282
2423, 980.9088840792809
1349, 980.8855887820621
2178, 978.317755708512
1326, 978.2968801443516
595, 977.7044346002817
2156, 975.8289541841101
763, 974.7863726329376
843, 974.1469051062385
3014, 973.6918795936588
1801, 973.4567404713462
2140, 973.3772199479577
1362, 969.0891092454905
1496, 968.7532285739763
359, 968.605291505949
2430, 968.3435796158857
616, 967.5758720990253
982, 967.2383730446496
1901, 966.0261548986427
2169, 965.1988592270006
2202, 964.7197299817565
646, 964.1327072174917
938, 963.7918891333304
1281, 963.7101692419541
1273, 963.2847414257625
240, 962.213824836872
986, 962.0953588380418
587, 961.5671672663013
2166, 961.2485442548458
728, 961.1466077710508
2323, 960.1077720182687
1553, 959.409837660603
2123, 959.1973899678347
3034, 958.99593080265
1767, 958.6791326643732
1793, 958.394906051405
258, 956.7167025658017
890, 955.9528131799935
755, 955.8834176972498
2319, 955.791937650713
3044, 954.3453842764577
622, 953.8534471716807
589, 953.2446621216935
1370, 952.7509523750389
2839, 952.1009879338262
1366, 952.0669910633868
1896, 951.896538405495
2232, 950.8394687246889
2835, 950.7620521204133
2848, 950.0447691482684
1618, 949.660604819822
1555, 949.6259255724317
1990, 949.3432577476497
257, 947.5802102801069
869, 945.2470356998214
2154, 944.9937587696515
927, 942.290933944662
1841, 941.9462152715943
2112, 941.434668486712
2826, 940.0394343753721
1006, 938.3100306900106
918, 938.2954609079827
1360, 938.2631666569866
2833, 938.2503384237694
1338, 937.9689911348722
930, 936.9660397396372
2437, 936.4695821688211
1344, 936.0568678603169
645, 935.6807479056384
1981, 935.5192546212184
1284, 934.8747275437929
694, 934.2440502664681
1812, 934.176024691165
1492, 933.2833922045966
1774, 932.3778663093391
1346, 930.3576817799063
1554, 929.8301725565245
1917, 929.4541681926403
739, 928.9329876805724
1796, 927.7483046464058
661, 925.787062711084
2329, 924.9534656449416
1909, 924.9069534510583
1470, 923.7249302562374
2234, 923.4402395245311
229, 923.3501341816602
1837, 923.2335180232756
244, 923.0506718050902
1414, 922.92746456187
1001, 922.42292859091
1489, 922.2504941961542
2201, 922.0547972614859
942, 921.2034524250762
618, 921.1114924263578
25, 920.8681079350742
1476, 919.269665883844
367, 918.8656863976381
782, 917.1104518164883
659, 916.9562340842195
3035, 916.2960546508821
2363, 916.2266707988289
2947, 916.2168928486847
988, 915.4263979444511
2254, 913.1014362922704
1407, 911.8713095648565
785, 911.8332329337321
604, 910.7174742982091
2241, 909.9060596950615
1350, 909.8461078016594
1595, 909.5401271221699
849, 909.3155345726113
1019, 909.0766066222141
238, 908.8998527264035
984, 908.8854549942669
1005, 908.2018791124915
836, 907.8721541737316
854, 907.3744261493682
2892, 906.1986676836535
638, 903.9471859040398
2331, 903.2059654612939
952, 900.1964017620842
718, 900.0261897541084
1483, 898.9641997111792
348, 898.9401662845532
879, 897.667942398714
2172, 896.9441513441005
3037, 895.1851843440795
2359, 894.5904702261633
1491, 894.5362721577546
2841, 894.0093440327039
1329, 893.3728655238559
366, 892.2554173377702
1529, 892.172064449729
620, 890.3607195673682
944, 888.9429718223757
2330, 888.5191140545031
1332, 887.1845101123482
3224, 887.1357102786471
2128, 886.3848309922984
1325, 885.0233014152715
635, 883.9188419567848
525, 882.5062551800771
253, 882.1669744630767
1546, 881.8492856426928
835, 881.7345327149626
2316, 880.4379305135336
2129, 880.110031909561
1948, 879.3946491013579
1353, 878.859592093462
610, 878.7211420835354
2891, 877.5550030090662
1899, 877.0406505404148
349, 874.9476504215976
767, 874.5986211932179
2831, 874.17618349514
1829, 874.0956032789849
1830, 874.0750934825618
758, 873.0452289697145
802, 872.7085527067694
1900, 872.6634327173987
233, 872.3046069717319
322, 872.1519904391448
310, 872.1519904391448
847, 871.8610128567456
2197, 869.4690652225872
1953, 868.3453514562905
1524, 868.3077681274215
790, 868.2713250007595
1310, 867.1998313500384
355, 866.3163605137813
723, 864.919903390919
693, 864.595696600589
690, 863.8538001871406
2834, 863.807552702413
892, 863.4416534151487
766, 862.6919026784279
2425, 861.6091579128602
2851, 861.1538206967628
1832, 860.8847527439982
1601, 858.8778268067456
998, 858.6780265523311
648, 858.6780265523311
985, 858.3760151517381
1285, 857.2128779018491
887, 857.0169456842146
1365, 856.6742724276733
1921, 856.0876686396535
3271, 855.4936500561209
1540, 855.0432778224648
2357, 854.4741882852697
1363, 854.1383608177917
1500, 853.2528447290041
794, 851.120748931595
1012, 850.7866195880044
2198, 849.7329756492193
867, 848.1957812847705
689, 848.0726158015643
1987, 847.9660470700956
2229, 847.8140789885732
2844, 847.4576195616302
1992, 846.6724375424957
1402, 845.892034328618
1797, 845.8672089916042
872, 845.657287166363
1548, 845.4577790644745
877, 844.8788513725195
932, 844.8541563997981
1270, 844.1275749284152
2994, 844.0213369617769
1280, 843.632569574237
821, 841.5402687719027
1376, 841.0615539979615
1918, 840.7234187419949
2895, 840.0838949852473
599, 839.4850375155872
3229, 839.2416972447606
2729, 837.9040150578413
1056, 837.5058857393947
2148, 836.5773314358678
928, 836.261216582216
1886, 836.246564147519
3045, 835.6337591509633
1792, 835.4694487085817
1009, 835.3804785522624
2328, 834.7504950539354
584, 833.0680172543955
572, 833.0646090360241
667, 831.3758879120941
1372, 831.294198690013
730, 831.081123516896
2376, 831.0275067898018
245, 830.9892640917351
850, 830.961773902333
810, 830.2957423883669
1036, 829.0001716869631
1385, 828.8988446402776
639, 828.6884150819864
1833, 828.3626039083688
609, 827.4498035285762
721, 826.8201884501605
1654, 826.7491334400811
1609, 826.5840865940033
614, 826.561268753666
1011, 825.3183206957475
1836, 825.086140495878
970, 824.6602603118167
1602, 824.3295337682598
947, 823.8708592707852
683, 822.5464313716319
3023, 821.2356936349452
592, 820.9556082019866
769, 820.9515474720146
2125, 820.3986074242924
2324, 820.2838869502915
2253, 820.2559328334868
2155, 820.1437523839264
774, 820.1219021881993
1922, 819.7772161386256
1272, 819.5974462771281
1835, 819.4416046494783
1845, 818.6537287808922
995, 817.5799303805385
1592, 817.1084958409233
1290, 815.2588354619985
2182, 814.0825618945344
3002, 812.7639578502183
1815, 812.0591282828959
1192, 811.9202411581192
664, 811.592169191705
1277, 810.0418853467667
1330, 809.7087686089735
1802, 809.5348401204838
1769, 809.4133326743996
1522, 809.3733217697342
2367, 809.3172839330379
2256, 808.913662532642
256, 808.8791335700729
2410, 808.7259491988639
570, 808.0874771934353
1419, 808.0730925766916
868, 806.7172459618533
1493, 806.5746323512246
236, 805.952532857662
2901, 804.4936726225329
2117, 803.8558568915014
948, 803.3589620296138
2141, 802.1257722914579
566, 802.0455358085933
2897, 801.1255601792474
939, 801.0885613167998
2121, 800.8157250911287
1337, 800.3739704269168
2321, 799.2992834618183
1415, 799.0234368963603
1488, 797.8065782623387
882, 797.7393325137189
1383, 795.6091044880268
1014, 795.5339139443283
2368, 795.2878398550068
662, 794.5418037717908
987, 794.4388459361762
636, 794.2986046586672
2750, 794.0584517020958
347, 792.9634824505752
1479, 792.7547647116107
1906, 792.6334342629366
761, 792.4108491333837
1480, 792.0149978344268
1929, 791.8186797279167
2838, 791.6605770491157
564, 789.2610855824549
1549, 789.1320028311728
1334, 787.6052532570949
1393, 786.0324620675995
1044, 785.8888069049626
315, 785.8130937975027
306, 785.8130937975027
992, 785.0332500895911
1816, 784.7636091143138
1570, 784.2154291732578
2881, 783.4437790237254
374, 783.1678570617456
1904, 782.9556886368941
1387, 782.902480411063
2251, 782.4015092705479
1275, 781.5119254740181
1926, 781.4396189862846
1400, 781.3827534753971
878, 781.1179884659898
1908, 781.0847324468707
2137, 780.7376436328318
1805, 780.2941811823505
673, 779.9173861641127
1915, 779.5722575462713
1388, 779.4964863537936
1902, 779.4690095958271
558, 779.2892970010865
343, 778.6926286257267
772, 778.6750258142994
865, 778.2349144148233
1949, 777.762095420228
631, 777.6292841648021
324, 777.1489873956843
858, 776.7111905980552
2168, 775.7610766078448
708, 773.58312831839
1988, 773.5560329329809
1339, 773.2258354210002
2827, 773.1584928705906
1772, 772.6352561980572
2147, 772.0550578299291
1315, 771.9247347872038
1538, 771.3700862187289
2190, 769.2097469846805
2899, 768.8753087743461
919, 768.5636909555811
2133, 768.1701208306351
846, 767.9852154845336
2213, 767.874169046147
749, 767.7914042592998
340, 767.66060039849
1345, 766.3231595851713
776, 766.1363450376308
1391, 766.0536363079653
1791, 765.5992060259739
886, 764.7012150315776
576, 763.8063498361145
26, 763.4611870552977
1304, 763.4227748039998
364, 763.1688378997752
2206, 762.78138039459
2836, 762.744345715779
915, 762.5625169144229
991, 762.4240210917599
2115, 762.2184083937252
1359, 762.0402719287528
1340, 761.944785362742
1382, 761.8512572682067
1373, 761.6688118868088
665, 761.1597667879784
1984, 760.7766425583928
2165, 760.7163607996014
3015, 760.3584459899224
3068, 759.8012584575101
1839, 759.3195848028114
1343, 759.1161756987525
1293, 757.3452841420482
1292, 757.3121122348517
1303, 756.9493639686717
1820, 756.5696033041542
1411, 753.6682167092545
3026, 753.6045981909479
1827, 753.582023389892
1952, 753.4566663008922
1498, 753.3619343220405
839, 752.6156526494359
2161, 752.5454615793271
3218, 752.2188424484884
2902, 750.6356424260784
2371, 749.0986770324342
1920, 748.042771830751
2907, 746.698357449386
1594, 745.7916222245725
3027, 745.7726376544285
668, 745.7697943946242
971, 744.3722671911885
594, 744.1975020024556
1545, 743.8773010194669
323, 743.1830896421279
311, 743.1830896421279
1621, 742.7081321936655
2228, 741.8256464231586
1494, 741.689644559091
2126, 741.5049680884422
722, 741.3346269954471
1511, 741.0001636911146
1826, 739.9295434272282
780, 739.4415643022446
1296, 739.3043762046115
884, 738.9315643142162
1819, 738.6520951807547
1386, 736.7229873709623
1783, 735.8552383673832
2215, 735.048184393537
2230, 734.9394037936808
1763, 734.8181283133969
1367, 734.2604319358635
2837, 734.1071873322608
2237, 733.1721917721401
623, 733.1273129782816
1268, 732.3499844975396
1606, 731.8513927808276
2164, 731.3965232734964
2332, 730.6782504132883
1817, 728.1583749309556
1377, 727.5389359546795
804, 727.3288561457441
2888, 726.3844596380101
684, 725.8695126791913
624, 725.8695126791913
1469, 725.6215572583823
764, 725.6142006921186
997, 724.2774772760414
1933, 722.3429058809296
2361, 721.0028715341773
3450, 720.9437137532313
925, 720.3707797553485
1374, 720.3563248134182
597, 720.273302098725
910, 719.0329833585793
1775, 718.7265931726917
2358, 718.2595425189139
1475, 717.5981648078572
2804, 715.1002032789139
341, 714.7140235852041
356, 714.6618381774898
696, 714.4235395756956
1804, 714.1789911694528
307, 713.2303952599515
3321, 713.1599085971358
1481, 712.6982809554797
911, 712.5735620850758
2876, 710.9429397950132
2369, 710.5958174425361
870, 710.450499768855
1843, 710.357618532453
845, 708.8409546719382
1384, 708.6370878493212
2829, 707.7473845834902
1946, 707.5716036189524
935, 707.3246146562034
1368, 706.94968881362
1421, 706.7076702937551
1790, 706.7013616595337
657, 706.6589369363198
1486, 706.3010491724631
1401, 706.2680129872841
327, 705.5180130783694
1944, 705.4861751031629
2199, 704.9502368802339
1347, 704.7221733690218
1422, 704.0613345173084
1544, 703.9405223018815
1055, 703.7169094998827
840, 703.3353056023966
993, 702.9517316875591
1782, 702.5353450389422
2944, 702.2996691673601
2849, 701.7774107299266
3030, 700.2779786283613
770, 699.9749969124571
2887, 699.250475664093
1828, 699.0138370749177
2231, 698.7292672433528
709, 698.1529546929635
2855, 697.4654313629594
1328, 695.646890753631
1831, 695.6441059686059
896, 695.4264496227764
1561, 695.3432606552855
2880, 693.9870201556835
876, 693.9234389687657
585, 693.4215739450731
2150, 693.005935710623
1844, 692.889074850152
1795, 692.0880810756152
1312, 690.9965006641006
1380, 690.5267714358051
783, 690.3256600151634
3272, 690.235464915705
775, 689.7331286017474
1271, 689.2513401523285
1905, 688.9643777371226
1355, 687.9777860405069
1335, 687.7334617270283
2255, 687.1067740077276
1616, 686.9736194868989
1348, 686.9069181327889
1614, 686.2965340852563
1547, 686.0245900394073
586, 685.9725440090388
2828, 685.3990725489952
630, 684.5511772643795
1591, 683.4089810299294
711, 682.129205464249
2209, 681.9273139380348
313, 681.8802744657931
874, 681.32272094443
1887, 680.6526969272691
2120, 679.3678812289334
2001, 678.4472186240864
2992, 677.8728855164845
1798, 677.314859757205
1989, 676.3606985663057
569, 676.1911473387498
964, 676.0582614416467
1314, 675.6636715839135
2372, 675.1830290680549
371, 674.5759288196252
1392, 674.398515327029
2874, 674.0547693733108
841, 673.7785343702558
3451, 672.1846210288998
1762, 672.0605072210595
1378, 672.0187653104227
1395, 670.2353382143082
2935, 669.8313198651053
1765, 669.0249621812305
2998, 667.8751132753813
2875, 665.4883989741693
1768, 664.7899208798777
628, 664.7593121601799
2114, 664.3909826203984
2852, 664.2674491829952
2113, 664.1752590959044
1825, 664.1222427862949
2174, 664.0964425445807
856, 663.8391225806668
230, 663.6637272443435
793, 662.0423201205723
894, 661.3289379295225
1295, 659.9403519150095
837, 659.8118123166018
1622, 659.604838995922
1928, 659.4947529648399
1947, 658.2729032117401
1924, 657.9885239930791
2886, 657.1066106600558
902, 655.7564637127359
2896, 655.5832334741245
2905, 655.1835593837135
2427, 654.9671304162804
1352, 654.5930305715926
3031, 654.262605657661
933, 654.1584734357475
742, 654.0194583356027
883, 652.61028918246
360, 652.4617251663311
1417, 651.5650448432026
1935, 650.9829290585077
903, 650.6723153394611
1539, 650.4197575307916
1598, 650.1819700178323
2248, 650.1282126013226
1288, 649.7929094057736
1934, 649.744840168922
362, 648.9453743109518
3449, 648.4062577255637
1390, 648.1014659389218
1297, 647.5294747390438
2122, 647.3547056911468
2439, 647.3117243259904
1508, 646.9967680354307
1408, 646.9814157112983
1413, 646.9343749808401
2420, 645.8776462283753
1420, 645.79421994147
1409, 645.6404046973654
999, 644.8228611972103
2858, 644.3412454644669
2890, 644.2695292518738
1331, 644.0895674771136
3220, 643.7776899249452
2360, 643.4534008736798
972, 643.3565670816819
1369, 643.0589268029945
1023, 641.6776825099961
1784, 641.2883129408717
2336, 640.8796259963857
2945, 640.8575578864613
1932, 640.6099709728146
1526, 639.8397548029003
2364, 639.2600297872679
691, 639.2277359211
1266, 639.0931881795949
1565, 638.781377221616
1505, 638.6947738315173
1599, 638.2343326398378
629, 638.1315754295063
946, 637.7535156710304
2949, 637.5320011590644
1927, 635.5439122749002
808, 635.1251402493245
1842, 634.3718375170861
2845, 634.1986979843072
2142, 633.7785686490383
1389, 633.6181027972257
2181, 633.5741769599165
1936, 633.451738163886
601, 633.2328284053888
1453, 633.1394672168353
2850, 632.4385662543184
1823, 632.2987083884933
2173, 631.5859590273374
2143, 631.2470041783397
2883, 631.1785917124744
2846, 629.3363092750484
1956, 629.2808900407274
560, 629.0857366040416
1482, 629.0457605231311
2932, 628.1261501108776
1942, 627.7246413747248
833, 627.707905343603
899, 627.6343744121614
1840, 627.153578315328
2422, 626.6030020595138
1361, 626.2229006531427
1955, 626.0250177398249
743, 625.5167804409566
1938, 625.177837272025
27, 622.8616094052215
1490, 621.5593025086478
960, 620.4461888709479
1398, 620.3780036923586
528, 619.3002955332015
3013, 619.1818889374746
1613, 618.9394125909483
1379, 618.7206709586375
2118, 618.3897346253053
1274, 617.4337737103084
818, 617.0455520796982
2200, 616.9604933694377
2885, 616.7316277420379
926, 616.046688570532
2402, 615.8646566288686
2189, 615.7693706017551
1322, 615.6914146887981
1405, 615.4762857287227
2162, 614.8679204536953
2227, 613.4981054001544
2884, 613.3027650642673
1278, 611.8740417077397
1396, 611.7697712606744
1542, 611.2860976847005
529, 609.5292934372385
2219, 608.3598456263543
1959, 608.1837523224646
815, 607.716728214357
344, 607.7016029823745
817, 606.3512830823955
1512, 606.2041237231864
247, 604.7766483139313
674, 604.1305483335783
2116, 603.7582862781217
1937, 603.2814788828296
2335, 602.9454566349331
3267, 602.385825924072
698, 601.8533762664722
574, 601.0771563006621
243, 601.0308581165635
24, 600.9193306184503
1190, 600.7426699976853
853, 600.2554327420635
1781, 600.0060015193578
2904, 598.083919401085
2894, 597.5412892325702
1478, 596.8252308432072
819, 596.4946244224222
1541, 596.2671410108522
2438, 596.2416070015183
1473, 594.9649388504819
1308, 593.9722211802566
1495, 593.3308503918009
981, 592.5505805226579
1527, 591.2687229501926
2000, 590.3828870590123
591, 590.1469127403175
1983, 589.6099850034102
1764, 588.6458970675883
2188, 588.441088619553
1945, 588.0088460183914
980, 585.9029542158713
1321, 585.3296962044034
2145, 584.2527604462407
784, 583.8216920504385
2547, 582.9902380595593
2362, 582.2936560278207
1919, 582.0131971048933
575, 581.5864774278967
1923, 581.2571264919072
2160, 580.9039171236165
1821, 580.8440655331003
581, 580.3021938182316
789, 578.0100822974913
600, 577.6356474925667
2214, 577.2074175219165
23, 576.8171910482755
1903, 576.7132858676001
370, 576.3620088986197
989, 575.7086346874246
2365, 575.1037400495021
969, 574.4522235191199
1523, 573.8673632786422
922, 573.6104876320729
3011, 573.3367877987661
2187, 572.9553904800938
760, 572.8223928718978
2432, 572.4965050516281
2993, 572.3298343503254
1501, 571.5754703813033
2171, 571.2487952539145
319, 570.6810734305764
1809, 570.4745538559016
2220, 570.1010603198516
593, 569.3932317594766
3268, 569.3703851811234
1888, 569.3010489182551
2898, 568.4242256275596
807, 568.2736002544472
1822, 567.8263824808521
2995, 567.8252064242051
617, 567.0689413384277
606, 566.8765404578932
598, 566.1714004354773
1336, 565.2844798697139
778, 565.0597579578534
1885, 564.8230056747637
844, 564.3805562304584
855, 564.2838709499244
2095, 564.1583449066381
242, 562.5937461921844
2196, 561.5952739371461
1985, 559.9854058797551
2882, 559.7990457106804
1931, 559.0483599412365
717, 557.4513375798139
2877, 556.6653961959615
825, 555.9880672151463
249, 555.5096257057684
2281, 555.2527145291729
787, 553.6643592211053
920, 552.6110508805561
2318, 552.1348890803187
3233, 551.9525200622552
1474, 551.5109248513676
901, 550.9929485936302
2879, 550.008614661181
2997, 549.0663897037514
777, 549.047471846369
1287, 548.4098733121383
2333, 547.9901734048489
1037, 543.0377814898224
3016, 541.913835059125
579, 541.8937878894636
321, 540.7959395677947
2334, 540.3169403978736
3319, 539.3775046869249
1957, 538.8744315642907
781, 538.5640275481654
1986, 538.1569221314633
1211, 537.3198368789335
612, 535.512064245967
961, 535.1957218139105
1412, 534.0555175071936
2180, 533.7819892826337
857, 533.737507153924
909, 532.7069286669362
1267, 531.7081595100838
955, 531.5388960299107
2936, 531.3553742049629
3270, 530.7673541140695
3029, 530.6847998667218
2236, 530.0896823428411
2996, 529.8644855270837
1279, 529.7263748597795
945, 529.0974281424884
1807, 527.2882418100562
2431, 527.1463591642198
1883, 526.1839684311365
353, 525.9652114339212
1803, 524.2890085862657
1356, 522.4947809071562
1884, 521.527516167856
686, 520.309805277167
1038, 520.1506872011757
900, 519.9612798467409
716, 518.4876157943953
2135, 518.3736078955185
2262, 517.0990160606032
234, 516.2159780183396
1003, 515.9742213067888
615, 515.3253851330059
1371, 513.1931137407894
1289, 513.142681300908
907, 512.8562424259682
2194, 512.8333995815535
1039, 510.58248530902233
762, 510.43373767838114
1364, 508.77138636926253
527, 508.59326083203956
744, 508.1523339269255
727, 507.91304323997406
2124, 506.90466416777343
1210, 506.78688913647727
3000, 506.03349193907655
917, 505.3272475901026
1943, 503.1050149444881
2806, 500.1274597621878
3018, 499.5936327933078
2205, 499.23546796605183
3036, 499.052830118815
316, 498.9929120035502
1306, 498.404117139044
1776, 495.32356720901566
1999, 493.10834047863375
2243, 491.35654982297837
791, 491.0255290890195
746, 489.91833044194806
1653, 489.8251629488274
786, 489.53502400281604
1510, 488.2135844949928
3025, 487.39650531140586
1564, 486.08794144648965
1640, 485.2369233838792
2207, 484.96416843178196
1615, 483.39841012738793
1846, 483.3343632683917
3216, 483.0891003086558
3219, 482.83330783076536
682, 480.51043563472973
803, 480.3238873219693
3269, 478.7984548475229
1890, 475.22361047438386
1780, 475.0497647176753
923, 474.90177480772905
1525, 474.81933295503467
1623, 474.79163964118743
2195, 473.27769396374185
29, 471.33942171068793
1617, 471.23907003460937
2157, 470.25668764005843
2193, 469.9258719788497
1907, 469.8186321626422
936, 468.91585931985605
2953, 467.68843784169184
1532, 465.69909555513175
3223, 463.41098171044075
1455, 463.00236110290354
1269, 460.3366312211218
2859, 458.8151810874756
788, 457.9096287170819
2856, 456.40809273417057
8, 451.9842920907234
3221, 451.9653330947113
1977, 449.99935073039677
1810, 449.70146248780173
3320, 447.80879074988627
248, 446.6939206154592
2434, 444.8696003263746
3222, 442.74761253303797
259, 441.01823663390877
1806, 440.5213669479165
5, 439.7861382429101
2435, 439.1478310468027
2428, 439.1478310468027
2242, 436.7059723884067
2211, 434.67647404917454
1951, 433.5182774442653
3217, 432.89826563689525
94, 432.34727899538603
3043, 431.9010846531873
2158, 431.7758628642153
526, 431.6939960413407
2170, 431.5592458701913
1404, 431.0871893290596
1004, 430.3606824262335
11, 423.8841449631733
2889, 423.22114174160885
2208, 421.71061175558367
524, 418.18039703105956
1882, 417.282573287098
30, 416.122700221025
848, 416.00721479292645
2134, 415.9876364725902
2991, 412.6823560332425
814, 409.32618491195973
2429, 408.65930427957784
1418, 408.05227176364247
735, 407.69114451861265
3215, 406.50239982807983
1410, 406.4255139834353
0, 405.6143087264081
1578, 404.31474787619317
1485, 403.1702600902016
1939, 402.8877583467689
1940, 402.77828149624895
1579, 402.617533385847
1358, 401.94421908930093
1309, 401.8287478361389
2191, 399.7995860359785
2878, 397.6922138956694
107, 396.38322068108215
9, 395.57092637950666
2805, 394.1359136556759
826, 393.22689550002343
1723, 390.8585798799411
745, 389.7603899235708
2999, 389.5795230639945
1509, 388.3530031354668
28, 387.5579993437362
3, 386.3968859322826
2832, 385.3379623096921
2153, 380.9369684544501
118, 380.3251111149127
6, 376.7246491230974
1818, 375.4566139185096
1484, 374.54257052911464
1814, 374.37690748552
3017, 371.51131945218896
1324, 370.7775176097812
823, 369.5830119081507
953, 367.504099468694
7, 366.95843570714595
1487, 365.8992091979522
1824, 364.5090205723839
2731, 363.5183651866535
1255, 363.4058801258973
1794, 363.30346512295097
418, 360.61089336908606
112, 359.58000744130413
1788, 359.5261203724277
3234, 357.3315543392185
1785, 357.0858343033694
117, 354.5290382408196
10, 351.12879940165436
3009, 347.89474012498556
3235, 346.9505260958403
1889, 346.2640543550007
182, 343.1714035106596
2857, 343.1520075802908
416, 341.5445211393811
2860, 341.49475169589164
1577, 341.31178453304693
2192, 340.9400681438877
3310, 339.0923380813975
768, 336.3580908730027
417, 335.8559560093885
420, 334.56113211881353
641, 334.12699492284287
421, 333.10989118521576
1062, 332.1201340037783
1661, 331.3967062489128
4, 328.6041716519667
2320, 326.5339846865816
3431, 325.4549421733356
1427, 323.77597445327643
1580, 322.31263909433994
916, 321.2932520394437
1800, 320.49919911545453
1426, 319.37631743613713
1895, 318.4556322059372
1153, 317.2462062642739
1, 316.58378929242696
1425, 315.02645922322665
1566, 314.3048176540902
1571, 313.0544555856373
1423, 311.26780531906076
2433, 310.08653826143484
1709, 309.99380152702895
116, 309.6597053785764
2900, 309.41137455262117
2861, 309.2772824793785
419, 308.1789695180556
1454, 308.0009969144718
2275, 305.1573565974814
1457, 305.0963282336194
1567, 304.8305919448001
1958, 304.6822731958739
3164, 304.1277958103871
1302, 304.0073590812431
2010, 301.9222766527202
13, 301.56493967324377
3228, 301.41874022412134
3188, 300.7137700036564
637, 300.149633322492
1575, 296.19375759130253
1424, 295.7801005715739
1316, 294.2631806805007
2971, 294.013696543069
1151, 292.2265655629748
109, 292.1202469367562
1156, 290.4715445622122
1838, 289.93126585998476
2351, 289.5429655688943
1573, 288.5835678829016
1864, 284.58345282388296
3236, 284.5576336244542
1562, 284.4835973945077
268, 283.15064262250075
1632, 282.588238141612
1638, 281.9080441234069
1178, 281.3981515963026
32, 281.02601803824365
1073, 280.6065984190496
1440, 280.5841348103449
1976, 280.52028335497977
2801, 280.1524090801946
96, 280.04036386909337
97, 279.6655605828061
1216, 279.49466698313813
260, 278.0563142671595
115, 277.71258021784746
12, 277.2136580715491
1572, 276.3167634330573
68, 275.9982562525701
1962, 275.91340852979243
1694, 275.6645097372647
1152, 275.51352741757904
1543, 274.5181783809533
144, 274.2457498096685
167, 273.17753344685775
1576, 273.1527686507704
3387, 271.93569234394124
2270, 271.70771849595286
1180, 271.68490632804605
358, 270.9188912701914
3417, 270.45294439148194
122, 269.49924175607975
2400, 268.7756787056781
3392, 267.91894596281776
1397, 267.55608452541367
1065, 267.3274123758929
64, 267.12862179786316
1034, 266.27333305430716
1813, 265.4020469806755
2395, 265.3299527602721
3376, 264.5512363996494
166, 264.4155676149577
1634, 263.0490263437905
2915, 262.665483144527
65, 262.5283444675876
1588, 262.1281852066796
93, 261.4655799526403
2097, 261.4284330378543
1574, 260.5181764113123
72, 260.0605241104368
70, 259.73255714656113
69, 259.73255714656113
1068, 258.69559964481266
67, 258.57019523976845
1220, 257.3285940270967
510, 257.2846502144687
1061, 256.8161379287769
1605, 256.18485917588197
1663, 255.49028605561747
3356, 254.99667093658846
101, 254.75561641786345
3374, 254.64373959816874
2972, 254.34435690316658
2913, 254.1199759092983
2399, 253.91686416752134
1198, 253.69271380835553
2384, 253.6594219475009
3428, 253.5821704990615
1428, 252.85147169343125
1467, 252.65018085974907
1406, 252.6187554640896
1996, 251.76081853745137
1150, 251.35348044532185
2787, 251.24026682577156
3122, 249.67658640243033
3422, 249.67600154993906
1693, 249.61441038269476
1191, 249.20869770567663
3140, 249.05418954170034
2775, 248.39752347153743
2414, 248.14828625957375
1123, 247.4214405315991
3126, 246.9538793144877
3368, 246.84151116344347
3406, 246.64302246173077
1155, 246.4946912490617
1240, 246.4358712266861
179, 246.0623228297737
2550, 246.04657605223193
267, 245.93854525791664
95, 245.8217720036934
1134, 245.2149957315904
1207, 245.1688480152893
1224, 245.11445232088585
3349, 244.5230928065231
1120, 244.27619519305983
3137, 244.22802088959213
90, 244.21014414734202
434, 243.8504677563119
1189, 243.42178018569857
121, 242.9648770701605
1138, 242.2495235680946
108, 242.2477454948049
1135, 242.14976272257434
1108, 242.1164198054404
3138, 241.62235445777878
1194, 241.5917506310685
3328, 241.43549472225547
1713, 241.20838805054217
1441, 241.139890124119
2799, 240.89358920724152
103, 240.83574238386777
3337, 240.79001396758113
3060, 240.731561547636
522, 240.64206203080028
1225, 240.49368857397874
3127, 239.64429290364635
1078, 239.09320107288096
160, 239.05215965126038
190, 238.77728003515003
1477, 238.69622722661998
3116, 237.8160507891634
3075, 237.3322868475669
1658, 237.29197656691198
3088, 237.16187513234138
2295, 237.12826046394468
2761, 237.05740551110316
3355, 236.98361817481572
1222, 236.82388733943958
2378, 236.80040198484744
3104, 236.64673464933597
2770, 236.45284284809432
2977, 236.4497506596202
3427, 236.40235056687672
3096, 236.3831561764473
1146, 236.33823665193438
232, 235.88687934960262
3338, 235.864719241725
3067, 235.62950532969785
3074, 235.4715239813233
3390, 235.21736670967965
1195, 235.15176331747466
3152, 235.11791204023174
1186, 235.05706317705233
1460, 234.84956973637594
133, 234.63715614082196
3157, 234.57784073353554
3330, 234.42151042472318
338, 234.3856245132023
511, 234.38341728850568
2762, 234.33849298463952
304, 234.3298202689904
2984, 234.13126701127442
3124, 234.1269895582459
2007, 233.78089897497398
1079, 233.7301884101839
1107, 233.62196868099318
1127, 233.47251228321096
3156, 233.40279536880226
1998, 233.39184227576743
3109, 233.2563213335514
2982, 233.2457074592435
2551, 233.14296357936723
1223, 233.02535439262218
113, 233.00622446127474
3087, 232.935382719279
3052, 232.88631551078262
2967, 232.65637848705265
3076, 232.5925327272202
1167, 232.49682235621287
1168, 232.49401309797423
1435, 232.28782554127778
1250, 232.25885785454625
1131, 232.14552879144367
2719, 232.05213869620678
2023, 232.03174833540922
1656, 231.97976324437576
541, 231.3039658185528
2268, 231.16676329072843
1251, 231.04856139303095
2411, 231.0036373694067
1261, 230.79437453455438
3081, 230.68195063192346
3053, 230.5709213424618
492, 230.2847209881403
1246, 230.11681321612687
1136, 229.9658355951757
1133, 229.84478290497069
205, 229.68070200983433
2796, 229.55437054235247
1431, 229.48281815477097
1163, 229.02603784426952
2273, 229.00434926836962
3397, 228.95953873447237
3103, 228.65342699804341
1518, 228.59384658719793
1514, 228.23663205418947
2347, 228.06751629590786
1176, 227.75043817739507
1097, 227.59839262442242
369, 227.5829948360431
1227, 227.2883329147531
1196, 227.24615642587924
192, 227.2278652402682
1188, 226.92377579583726
1116, 226.8056335102638
1298, 226.7791282655371
533, 226.7501345031128
498, 226.54981518434795
1719, 226.45532464263832
553, 226.31003781195125
104, 226.26499368048894
3158, 226.2188385435448
2976, 226.1627721675786
3430, 226.0540097312726
1446, 226.046849710251
1197, 226.0290323911589
1881, 225.64447857178746
106, 225.50610916997937
2028, 225.45515150456035
3102, 225.44480652140052
2344, 225.4120042668338
177, 225.11835617505284
3377, 225.05903386987512
1201, 224.9777093799763
92, 224.93239260158094
2815, 224.78372513936398
209, 224.64975803486493
89, 224.58463173010645
1213, 224.43002463411327
3400, 224.37517057864702
1257, 224.10892307932286
1181, 223.8766899938864
3154, 223.85083377193692
2716, 223.7512811331563
3141, 223.64145625553851
545, 223.521925202231
2350, 223.2131702721668
99, 223.12490366640978
2771, 222.98500273691138
102, 222.98216842834435
520, 222.93921680820858
1242, 222.91505604797038
3394, 222.90003821312104
135, 222.8976078858805
3335, 222.77834348929017
120, 222.57159238591612
2800, 222.44157718362334
2065, 222.43521168644574
1208, 222.4033402094435
3117, 222.33748616255775
1711, 222.03132866043242
1170, 221.69983030988328
1182, 221.69194975005536
1059, 221.65915396703687
1160, 221.2078131224396
3399, 221.18708975075043
2421, 221.1026174557527
3414, 221.09987114173768
499, 220.86136372220741
261, 220.8434801866756
1593, 220.72417844009033
1209, 220.688059983078
3351, 220.536688945158
1175, 220.34232465660097
1217, 220.07866813953237
1149, 219.9609438216326
1436, 219.77905824922084
3115, 219.20076989648624
3398, 219.18171592942736
3322, 219.16774647002873
105, 219.10363472993268
1438, 219.03792512865004
1773, 218.92746399045294
1137, 218.90930505679788
2304, 218.83518972215066
3366, 218.18934400238166
1254, 218.0211958872585
3375, 217.92641151507783
2412, 217.56449138669765
125, 217.5440559641572
110, 217.46927971922543
1125, 217.28297275524778
66, 216.98120349492376
1860, 216.80454186004096
1070, 216.43589652798624
3342, 216.2993236003834
3367, 216.1051516349614
1154, 215.24598762066773
1148, 214.92919058677072
2014, 214.73564881431633
3131, 214.07700038630952
2960, 214.05695567292466
1139, 213.76022623262932
2413, 213.6820805617167
91, 213.6337102588459
2392, 213.5768693180733
114, 213.45230516856753
1667, 213.4481006184275
1678, 213.24761122731277
131, 213.13121993623793
1596, 213.072348988132
1597, 212.93895369637548
1229, 212.92073861867738
1447, 212.85509611187638
61, 212.8035275660359
1112, 212.78865619730252
3441, 212.76995793053018
3420, 212.62605067301578
1430, 212.21024555794867
431, 212.13844503764835
1961, 212.12181582886373
2355, 212.08662992069196
2, 212.01466804705984
1147, 211.83955053130057
2080, 211.47071038320965
1974, 211.46296613660417
1262, 211.32435382278962
2387, 211.28772070525076
172, 211.06828703848123
1206, 211.01900754258307
2396, 210.98045974998095
1095, 210.89037993713842
2752, 210.79609242122072
1099, 210.72358277602646
2290, 210.70135008982447
2356, 210.4823168302419
1141, 210.4090845422089
2769, 210.3228189428187
1101, 210.30743804730236
2978, 210.1154566678714
3132, 210.07936442538275
1199, 209.9143024688182
1067, 209.8802435580334
3003, 209.84754674341048
3332, 209.65608833720427
3372, 209.42537002830744
62, 209.399393105241
536, 209.23407070606396
1253, 208.95825154389988
3333, 208.83323506092748
1855, 208.81599550572335
2406, 208.74716050798517
2975, 208.61789753636614
2974, 208.61789753636614
3139, 208.6105427070269
1096, 208.26898591191187
2794, 208.2239820994564
463, 207.97685597060863
2813, 207.96785351899229
3198, 207.88491687810884
549, 207.5153455523922
1662, 207.1244640193261
543, 206.9603971931922
3078, 206.94643584698073
1069, 206.93094903965584
1586, 206.8388565623733
279, 206.6260343345014
2269, 206.46669965730504
552, 206.35888257569883
1088, 206.2880088697296
1688, 206.27095672554586
3028, 206.24403671952615
2730, 206.23188935772362
3047, 206.05907606901332
1589, 205.98290023670367
506, 205.9692741239278
1449, 205.84867905233767
1660, 205.14633650759686
1130, 204.9431870987778
2417, 204.84353354475164
1214, 204.520737821428
1857, 204.47060100169315
3153, 204.46044990355878
210, 204.45165130308519
2765, 204.3964449439119
3393, 204.29289907012475
201, 204.27603333715328
1761, 204.0707411656285
1042, 204.0501707339506
3425, 204.02367608613525
3410, 203.9651059996327
3396, 203.9139884478318
2919, 203.8485330655876
1212, 203.46402646880185
3004, 203.3332913136677
426, 203.26892206571986
1852, 203.18116705789518
2862, 203.04065526945465
2983, 202.87534408529837
523, 202.8148842222836
2798, 202.8116993161461
1041, 202.731030680531
1144, 202.46836682009393
383, 202.44270698785795
1867, 201.91084347695997
1760, 201.89872830018854
3280, 201.8085340718867
1226, 201.78622018622062
2409, 201.78442969094272
1683, 201.57838238935642
3125, 201.51274992418035
1115, 201.4317657948126
450, 201.42760088815064
1856, 201.22266895975056
1025, 201.20111245556694
3048, 200.963110049787
851, 200.84298789854932
1872, 200.77778508382212
2753, 200.74809283094652
2819, 200.7150586726703
1174, 200.70854829764767
1236, 200.6965388572623
3291, 200.59101385218207
1145, 200.48387135404607
2797, 200.4193267418357
2009, 200.37036683254306
1083, 200.32526372438963
1600, 200.05912900885053
3421, 200.028251616795
1301, 200.02259206930896
2717, 199.9601311655913
476, 199.85197837611895
382, 199.6488300163059
502, 199.43574729518213
3061, 199.3960068845824
3395, 199.37943034662956
3286, 198.9828446842317
1753, 198.89783155533453
3334, 198.8749042532603
154, 198.76994395563196
377, 198.53752082956703
1179, 198.4542649533192
155, 198.41430264901766
128, 198.2864430500142
3418, 198.06626765493343
3073, 198.00109162030648
542, 197.87328489665325
3429, 197.87082703664134
3106, 197.65805563341786
2715, 197.62146061136298
1031, 197.46163425506865
3086, 197.36526292437017
283, 197.2766496479022
537, 196.8544494990723
1429, 196.83723388643506
264, 196.77975744678298
3339, 196.73379919879827
3371, 196.62909565764593
197, 196.4194707420467
164, 196.13837311191324
215, 196.1311777827233
178, 195.8613862347911
1245, 195.76566190990917
487, 195.7211967873196
139, 195.48863437398302
3416, 195.46749357603892
1979, 195.27364118591777
1445, 195.2106721873072
176, 195.1813895799549
1465, 195.04227266441688
2337, 195.01916148202895
2303, 194.96456361192452
1299, 194.9397114103131
1866, 194.69458673575537
1043, 194.68389517763583
3196, 194.5020030544465
1128, 194.49456090999
1241, 194.4367203887651
3378, 194.42924908372134
151, 194.42583339404558
547, 194.35663997874414
538, 194.31168175006536
912, 194.2810175385307
1608, 194.14491998874144
2408, 194.05999165446568
1978, 194.01956469581867
1607, 193.82479494459278
2803, 193.8074900462225
2388, 193.7845353150265
397, 193.6452298732345
1113, 193.60831434724668
163, 193.5541734439813
2110, 193.38814822148976
3402, 193.26735173239868
550, 193.1223327753184
2958, 193.04180022303717
462, 192.943336615445
2969, 192.86256002863482
1849, 192.74974608724506
446, 192.74935923900733
53, 192.73655948604642
3369, 192.6142536629637
1091, 192.5668974181276
2398, 192.30053386139417
619, 192.2734376187814
504, 192.26239963091678
1811, 192.04290980373253
1074, 191.97361696789568
1876, 191.7547418562071
1218, 191.63286187353438
2056, 191.58724937164388
171, 191.53064679709266
2990, 191.4776857149581
3119, 191.41079946595502
2973, 191.3534808745719
1973, 191.3208437219093
2068, 191.29630661494744
2754, 191.2739456626346
423, 191.2475028158617
530, 191.16180230653794
1437, 191.11070379418956
1124, 191.0068966627829
1094, 190.95103384256174
181, 190.75305598612232
2069, 190.7212207955634
1183, 190.7183681778401
3064, 190.37187071245935
2985, 190.37068247725503
1169, 190.33659793618855
161, 190.29616918660676
414, 190.23297261044723
3405, 190.16978518280064
469, 190.10426897065014
3373, 189.9810610366128
1590, 189.9268059998428
1219, 189.88899970436597
1060, 189.83883875662974
1200, 189.77053848443921
76, 189.65868068619966
2968, 189.64259347750345
2966, 189.56848771389087
2309, 189.44816671936724
3407, 189.415845337625
2279, 189.40954614921714
514, 189.39581046266852
3166, 189.23537998257643
2818, 189.23422432863256
1442, 189.0435297346986
737, 189.02113628685717
1464, 188.94926460137248
1444, 188.90736936852485
443, 188.90528205143983
1030, 188.88968809515808
3381, 188.84063367583843
132, 188.63159786760323
2100, 188.59391405295443
1865, 188.58498571419892
1247, 188.54445415965546
1193, 188.4315980819908
2271, 188.35585458959213
2763, 188.3410915568951
2297, 188.17930697134804
1035, 188.15321999452598
1089, 188.10951790050066
1248, 187.8730204837755
3423, 187.86738256876828
820, 187.76536688817072
2733, 187.69261028920656
2747, 187.60098780358484
1085, 187.41167485494358
1451, 187.40148662411033
2315, 187.30894770548937
2783, 187.29683677743378
3058, 187.0926529815652
1689, 186.89472307274346
556, 186.89378508277397
336, 186.83600581389985
3227, 186.78456089177226
1736, 186.72249968783038
448, 186.69992041682153
3436, 186.69046371672684
162, 186.6839761751449
1027, 186.61392242124302
1117, 186.55933287047455
3353, 186.4400177528301
454, 186.30730016231337
119, 186.27175724943973
3277, 186.1708191075717
174, 186.0601308116008
430, 186.044793897843
373, 185.9934103575426
3408, 185.8969845335025
157, 185.8759672708106
532, 185.78301056506552
582, 185.77140862963248
3049, 185.7142678956959
2979, 185.5600011573734
2918, 185.53513471363988
3331, 185.4958442255128
227, 185.40062574257985
3382, 185.33487192846604
1450, 185.20196313366577
45, 185.16587972397375
3340, 185.16257472478694
2105, 185.06802230671036
3108, 185.00493130385314
1119, 184.96390430167665
3181, 184.9037542465705
481, 184.87815763414483
736, 184.77180430857507
153, 184.73557537418378
262, 184.66533288713342
2548, 184.57656464967496
1202, 184.57049379266223
2260, 184.56393880592088
3072, 184.32617167470465
159, 184.29770053852835
1462, 184.25489391152547
1911, 184.2006860117266
2071, 184.17707263123143
3089, 184.1306825134766
289, 184.03183415679254
2386, 183.9587204066637
3070, 183.95409050902458
505, 183.70131896918716
146, 183.61628344486533
429, 183.54744285246946
3317, 183.50589058628395
1676, 183.47974207348017
2099, 183.44576730638408
2312, 183.36299059055014
2792, 183.28554906760843
1531, 183.1533812893555
3155, 183.14102462497735
41, 183.1255237695957
432, 182.9675924325708
3303, 182.93198427764108
2033, 182.91552702993826
71, 182.91403174758824
1230, 182.8330913766017
3370, 182.80654903332967
3077, 182.6615065787437
3055, 182.5933330766788
2301, 182.47986256032016
169, 182.3752156532037
296, 182.36451108368993
2382, 182.3518049604279
1040, 182.07420825108755
1651, 181.93644566520126
1584, 181.71985068083745
3385, 181.62524068506056
3118, 181.49241152685966
1066, 181.38178574169027
1126, 181.28960943819004
1166, 181.24776258658267
1624, 181.06630218796246
3046, 181.00635218949407
263, 180.97728544247315
39, 180.96275509946665
1448, 180.90618119531217
1263, 180.84742296808685
457, 180.72342500791584
40, 180.69139170049064
2292, 180.59277439949363
535, 180.58252345069357
3247, 180.4620929209368
124, 180.38359583225574
3148, 180.38329231565436
207, 180.33276561624302
3437, 180.31294236021077
531, 180.25078910759947
211, 180.16104582359
458, 180.14672157755072
3107, 180.1372750807792
503, 180.0469939755792
1075, 180.0442707100728
2777, 180.03047844567618
2022, 179.8987154124926
1072, 179.8983622370421
1603, 179.81379922326317
3135, 179.79470073141218
554, 179.69618642417225
1110, 179.6670810295375
368, 179.61239426647012
1086, 179.42521526239616
1234, 179.40593572069557
3114, 179.33625364803012
1452, 179.28168844031137
170, 179.0742003966315
188, 179.04748378277714
2735, 179.03287248523122
3419, 179.03193648589738
1964, 178.94140075666988
3401, 178.84887319183744
2394, 178.67885163626218
251, 178.65811725506435
3388, 178.42881409561815
1239, 178.4244050569667
2302, 178.39303446125166
186, 178.34846857683726
671, 178.34377578616522
3302, 178.3013301250221
221, 178.29755882379263
200, 178.25965095257106
1173, 178.20511356755176
1187, 178.1436216048871
2015, 178.0743371576551
1583, 178.0730842821493
1585, 178.05265724027817
284, 177.80845101855886
2265, 177.69522268435952
1161, 177.63762995674028
2791, 177.62514556065182
557, 177.54601147165997
2986, 177.51937667496043
2311, 177.34564602732962
2053, 177.34351043639924
1610, 177.33973861090536
158, 177.26287046025325
1533, 177.15419117214023
1129, 177.0487277505657
2274, 177.00905532290042
3191, 177.00593028767304
334, 177.00322034441496
3054, 176.94760290456907
136, 176.88549869580137
1203, 176.8770297173792
3069, 176.7459122773501
3275, 176.72734068855502
2740, 176.64689644113506
180, 176.57322313994962
202, 176.5422343119213
482, 176.5271261952671
2267, 176.48079379283627
2277, 176.47882565766747
456, 176.4312295908461
501, 176.42835780608758
2961, 176.39643406329952
3379, 176.34785801045987
539, 176.20859085448927
1994, 176.19049834860039
3179, 176.11903584521775
1215, 176.06492957120153
494, 175.99023363406943
1071, 175.8761242892519
2266, 175.84790953395725
175, 175.82125658512973
1228, 175.7520303130685
2807, 175.7237915441033
295, 175.59243401837742
444, 175.5346720464256
3142, 175.5023878699988
3341, 175.49200839195237
2964, 175.35003136179083
98, 175.21197408591547
2050, 175.09617852168634
1132, 175.05558043976154
1026, 174.95250740856608
293, 174.8776948553952
1143, 174.76795377186764
3389, 174.3932955735709
2424, 174.29345882996407
213, 174.2679154044179
3409, 174.17137170200897
1848, 174.16770457553034
437, 174.1352392260725
3167, 174.08506785559658
2737, 174.03205902334963
3403, 173.95729061912135
220, 173.93638845502304
333, 173.92479210391957
329, 173.87135600776574
123, 173.68831495320154
2348, 173.66844184139046
428, 173.61705811161815
2963, 173.53809051865377
1032, 173.5179961049212
2380, 173.47205116718337
860, 173.3867222961422
2298, 173.38067186922157
1975, 173.28653007658588
2310, 172.99798786810348
1851, 172.85466958052953
2308, 172.85309518399748
2018, 172.74633415455665
2070, 172.72118420951458
2962, 172.65604659535364
303, 172.60623287054003
669, 172.5727115846873
2772, 172.52721069270746
3169, 172.51803616786444
152, 172.48861675642453
483, 172.46386957574265
2764, 172.4459098735182
378, 172.42673585375067
1076, 172.4199307716647
642, 172.3581770209678
3210, 172.33866225852276
2055, 172.21712571955126
1260, 172.21076137562574
2306, 172.17231828918057
2989, 172.14066573525395
1233, 172.12468684801027
1456, 172.01001971464333
2006, 172.00561691291253
3189, 171.9100927637866
453, 171.89740418996905
2407, 171.68769559841758
3205, 171.6873820680367
2088, 171.63288603076649
1090, 171.53800903300154
3203, 171.40813796634387
2746, 171.36948511725987
3010, 171.26233505976546
2075, 171.20680936321924
330, 171.08881285451045
3426, 171.0519489314475
2252, 170.92552275365156
332, 170.87024673287794
3065, 170.84223832987817
2352, 170.79139641607676
2059, 170.78673411328984
1912, 170.66543354874196
3445, 170.60838351291946
1432, 170.55816868496913
1252, 170.39294166857653
832, 170.3714728759056
3172, 170.32423287963042
852, 170.1444308144308
1963, 170.1381260659099
2103, 170.12821803311851
3404, 170.09691244856995
2086, 170.03264487804572
392, 169.95734869991762
100, 169.9563316051802
2011, 169.93257756744657
380, 169.8893933682113
773, 169.8710790339997
1980, 169.8085036182384
3032, 169.79685542122684
1997, 169.66338672236947
37, 169.61205552712084
546, 169.60114178678882
2389, 169.45371683800485
3149, 169.44648960462533
3212, 169.37350073449682
3182, 169.33847787737383
410, 169.3159093815932
2790, 169.29209402451076
478, 169.26714499454908
142, 169.2367553921408
1995, 169.2023874726015
471, 169.09274745542675
1184, 169.08926891304196
864, 168.977579484422
1466, 168.87426234182414
1177, 168.75202391218104
1581, 168.68336479504097
2263, 168.55352069306076
129, 168.47710014405004
2016, 168.4302986812683
2300, 168.25699890754578
1991, 168.20738505244591
467, 168.15774288469063
1259, 167.89920638386366
441, 167.85447196723408
3202, 167.83324521087513
331, 167.8036757720605
3434, 167.7140061153238
272, 167.56847497845888
1459, 167.47433032718655
475, 167.38255025671594
2786, 167.3245506908958
3174, 167.31932530700126
2766, 167.27003363494737
3128, 167.25341906431657
677, 167.19672604857837
3285, 167.13726630102192
297, 167.04025169688532
914, 166.94362734717907
168, 166.93252267344246
365, 166.9314656633734
3447, 166.90349499674204
208, 166.89102520145877
2774, 166.81448362164272
3190, 166.63521452487123
3281, 166.61230850389143
1690, 166.50462816175983
2026, 166.48430587692332
1098, 166.44874024773478
3424, 166.42416895656862
2223, 166.2087364998512
3298, 166.13248253506467
3214, 165.9878310926888
130, 165.8952268969135
2276, 165.8565640905885
451, 165.78719501032091
2354, 165.73986612819243
2024, 165.716423639792
2296, 165.66525118165637
3175, 165.6174014167159
1111, 165.59188676051218
464, 165.58464465087525
79, 165.31316327235288
3386, 165.21351811330643
2863, 165.08273495556372
299, 165.06869199362527
3056, 165.0675340641643
449, 164.95818430892427
731, 164.92719514117337
2757, 164.91924238357166
466, 164.90165287729602
75, 164.8015939958174
2083, 164.76258621978388
2987, 164.71971024629482
1517, 164.70749649433904
488, 164.69731031906613
204, 164.62091286745073
46, 164.60992307061548
3185, 164.52970253868136
3300, 164.42754943943612
2759, 164.34217462978543
3173, 164.309852239463
2029, 164.1942090853932
1604, 164.14905054229607
1140, 164.13072588519321
583, 163.91836750595368
2767, 163.91581772512367
534, 163.8938758625797
2817, 163.89319338964006
496, 163.86864719669904
2734, 163.8678908855318
2261, 163.80053954341062
1077, 163.7295751302925
2381, 163.6535601430435
173, 163.65097595770112
328, 163.61381948888024
2278, 163.4663756258294
2744, 163.33975261264817
2109, 163.3193163283826
1770, 163.28003023499792
147, 163.2225363168449
1521, 163.19473245352455
1142, 163.05742653236584
3208, 162.99810364488093
3098, 162.99458905533618
2032, 162.95730495679794
3057, 162.84523989496208
3244, 162.80178550559876
1172, 162.76602547171055
3226, 162.65350122803287
2091, 162.5905514159665
2285, 162.51229848103299
335, 162.45655896605592
3110, 162.3784572647453
2820, 162.36749641228477
435, 162.3596636587606
401, 162.0864507688198
480, 162.0386302450346
3283, 161.94914356342875
3042, 161.92069361720266
1893, 161.89111516205037
2078, 161.84284826238513
738, 161.83385381658096
1256, 161.8251073383162
1029, 161.7476270702824
2224, 161.74537140525845
2748, 161.63686685230792
3440, 161.4230654391291
2965, 161.39209973182676
2027, 161.36400022395824
3276, 161.35909087900325
203, 161.35336043002562
3245, 161.34657742960383
1850, 161.34247897086115
485, 161.3352559843222
440, 161.3265650132391
415, 161.30291713765402
3292, 161.20357365783795
548, 161.11369157998206
2722, 161.10772238453194
1443, 161.08475632321066
1502, 160.99799669963153
544, 160.9961112567562
3093, 160.9726091300073
2076, 160.9042325676197
1587, 160.90226898883435
2776, 160.88748074416034
193, 160.85327278440013
3348, 160.85326039604686
906, 160.73432707354726
2825, 160.63459148747975
470, 160.56448913175407
540, 160.5632577837085
433, 160.4029821005606
2013, 160.3829033697887
650, 160.2522306530191
3159, 160.24923240717666
479, 160.21408766071372
2507, 160.2131379060695
1513, 160.1685521487492
2920, 160.10349572950688
913, 160.09944811686591
1105, 159.97626990344287
1058, 159.92357937522195
372, 159.76700300049922
588, 159.68231469800065
1063, 159.64425978905808
1434, 159.44867455658215
1433, 159.44867455658215
425, 159.43549285262984
608, 159.42934145114904
2773, 159.32670963024205
2045, 159.3232144851246
2751, 159.3143725782316
1675, 159.2646442302915
48, 159.248621152111
1880, 159.2337136306546
1870, 159.2095671263426
1853, 159.05172570041051
861, 159.02322949454384
2291, 158.98551015270445
126, 158.8760535541072
1204, 158.8302229720662
3293, 158.78727528015312
1100, 158.5534685569321
1611, 158.51766296168367
51, 158.50299670078843
2622, 158.40894856924714
288, 158.37140837299188
1910, 158.33002797107733
189, 158.26771485787668
676, 158.242568677278
1087, 158.1984534599058
468, 158.16206828189223
52, 158.10707274782968
3297, 158.07508623900233
495, 158.02001773752454
2019, 157.87723986995383
2020, 157.82715339722947
3209, 157.7282384797111
191, 157.64326033452798
862, 157.59347409542977
2415, 157.42088112944364
206, 157.35082536683464
1235, 157.32984990318718
217, 157.31178027895416
3006, 157.20455260556506
2988, 157.13962148832368
1081, 157.05408417834565
2802, 157.02143543483396
2272, 156.90017131903116
1159, 156.8846849324147
34, 156.85392868986847
148, 156.786783075788
3176, 156.7752352376971
2768, 156.62802690906426
1221, 156.59097297069505
1859, 156.52039329090607
1993, 156.47821495926263
452, 156.44308520775257
3083, 156.40422204934845
2723, 156.33947955969478
3435, 156.21841920390062
816, 156.13622928041977
274, 156.070017653948
3287, 155.99805215610107
1758, 155.98862826622423
1686, 155.9460398281202
3213, 155.88516112999966
3079, 155.86266062628243
1914, 155.81001103008256
562, 155.78929658521258
1381, 155.71154954754215
56, 155.61557355021716
222, 155.49834603519875
1680, 155.4693666046941
607, 155.4394493031165
1237, 155.43834624124824
2981, 155.24220877154957
3071, 155.23159115861395
3259, 155.2191416602304
3151, 155.1876824341472
2419, 155.10336780017565
521, 155.04498394414048
2025, 154.5462542325196
685, 154.5206008857033
1732, 154.41064549802687
881, 154.40470196597715
407, 154.37193413961498
1102, 154.34988026918506
3084, 154.3407928730905
2549, 154.25570319233114
1913, 154.24333157614987
2257, 154.11685668378442
1515, 153.89820572380188
3051, 153.8284104924074
406, 153.80636914919876
389, 153.74495189812004
1082, 153.70073403292764
3050, 153.6497520080949
1666, 153.61378841760467
2810, 153.60874602221836
424, 153.5661180462971
1707, 153.49165290905862
140, 153.42173825753676
44, 153.39189894074366
670, 153.39131790702555
1461, 153.38684196633858
2307, 153.27155266235064
198, 153.22178674281994
2546, 153.19498904590125
82, 153.13168395105774
3199, 153.11217259813264
266, 153.08950869468683
1243, 153.06889266996527
447, 153.06521546438555
2210, 152.88990531076885
611, 152.858982201474
2391, 152.8576450131653
1249, 152.7760431398988
194, 152.72805553741145
3315, 152.5613700577542
1033, 152.55802245294933
143, 152.54481362058127
1244, 152.5344767023485
2416, 152.50443824690757
3439, 152.4591207618896
515, 152.32139186374644
381, 152.2992670587282
2005, 152.2915747888679
2238, 152.23568031532162
2041, 152.13729636126575
3274, 152.11631730877502
165, 152.09274679771892
74, 152.02889957511857
3246, 152.00522998414942
555, 151.90345897171412
3192, 151.89507262477744
2795, 151.8891725747682
2343, 151.88412940995983
2108, 151.8764627454683
2811, 151.83025101853283
2741, 151.81135818543956
2294, 151.74249810094165
1854, 151.67037146479126
3171, 151.5962933394141
1002, 151.573324032433
2259, 151.43253140900708
3178, 151.36077925860235
376, 151.28956588719586
275, 151.19602934177803
2286, 151.14986894977264
47, 151.03479802324154
228, 151.00857111045633
895, 151.00017192091164
3413, 150.9764858903073
1516, 150.9011466241781
1742, 150.69367934038948
3241, 150.68577645092762
2218, 150.63057004863725
1162, 150.49827514067587
85, 150.41803719909385
3133, 150.4095134030057
2106, 150.38920465096788
1084, 150.36469419469526
402, 150.34780571880594
2034, 150.3156156233889
3336, 150.17572038556852
1720, 150.1651557891313
2951, 150.10425969588707
651, 150.0704300718976
3278, 149.9771121069235
445, 149.90637141184075
2749, 149.86670818943102
326, 149.8356369404491
2483, 149.82454150754043
1677, 149.76933147459707
3092, 149.7670761976176
1738, 149.72392051590418
1771, 149.69464972588491
654, 149.68154151375077
1205, 149.664699603703
2736, 149.638354346937
1024, 149.63478698166193
134, 149.4452247152556
2808, 149.39168132744848
379, 149.36855469024653
2630, 149.36251696755596
580, 149.35964861620874
678, 149.141095102893
294, 149.13445930074525
77, 149.12276683577724
885, 149.0934386718208
3144, 149.08094039085296
3432, 149.03850502142797
3170, 148.99105344005642
2093, 148.94500505337743
1687, 148.92464346429978
3384, 148.92005483625448
3305, 148.8648966706724
680, 148.84841459854502
1122, 148.7690740953155
563, 148.75478563890343
3204, 148.72174259305183
2314, 148.7194578066679
57, 148.6682735831736
3062, 148.6002145581413
3433, 148.52844949706528
3059, 148.361675996975
1121, 148.35553554118582
3211, 148.3105641634398
3143, 148.30747042214267
3194, 148.29721830648944
3095, 148.28886280563063
1877, 148.24565306561735
3163, 148.1790475996886
3101, 148.03230183622557
300, 147.90785226277407
1725, 147.88419636045387
2793, 147.8550098286565
2651, 147.85305429708316
3206, 147.80172461359788
237, 147.79302809242913
2003, 147.7847394240968
613, 147.64708261606137
3380, 147.60611734234644
1439, 147.55245911790823
2789, 147.44891375356428
141, 147.34493937206358
1746, 147.23598623268046
1722, 147.2054120927451
3197, 147.15643503946967
35, 147.13035039696518
3186, 147.11598739907336
3039, 147.10949654543035
2666, 147.05346067974278
3350, 147.00490090882042
427, 146.9940348974909
2404, 146.93982499503986
1627, 146.93030125347175
956, 146.89206963057532
1238, 146.88962256952604
3327, 146.8783869683301
2454, 146.876863727166
3304, 146.83225334529806
2513, 146.81947205382275
1669, 146.72254001785848
2048, 146.6565238652334
2288, 146.53062128295954
655, 146.48490478619775
298, 146.4732925825039
1685, 146.41362057345955
649, 146.39323174624445
1646, 146.3709076340631
2385, 146.28810704369113
3312, 146.26393781236305
408, 146.25084243427435
3040, 146.2413756512939
2280, 146.23032316486857
748, 146.182853011172
1718, 146.1693590959001
1970, 146.15429964502707
473, 146.0444676173169
2240, 145.99260169752117
2104, 145.88324854297866
3284, 145.84743857349767
3289, 145.84028799202514
3294, 145.81694957619425
3443, 145.78301070782592
1729, 145.76627836235724
2505, 145.73779035786671
509, 145.6836190628667
2203, 145.61252354061776
1874, 145.44643319425447
1879, 145.42574442827544
2002, 145.4054729004761
3243, 145.35291117062997
663, 145.34120022193432
3200, 145.1061022632565
280, 145.03075914535373
2491, 144.97930100590492
1231, 144.93245974457756
2583, 144.91738224319863
3134, 144.9049982910023
1625, 144.90435770648878
282, 144.8939441241538
3147, 144.8723144585643
1747, 144.86015311649817
679, 144.79936707187227
1708, 144.7054223919236
73, 144.55848572715348
2948, 144.49485983914153
1695, 144.49215554404435
2508, 144.46775523185707
42, 144.3866334034381
643, 144.31055113612967
281, 144.1936143231644
491, 144.11570768522773
3120, 144.05495142786515
439, 144.02934243792492
3354, 143.79411631350874
2721, 143.66748504546666
2742, 143.58870933155615
2258, 143.5734594530507
966, 143.52664900214867
1232, 143.47526337924612
1875, 143.45057673586453
1641, 143.37975732789982
2379, 143.37530078656346
2442, 143.31062610613031
84, 143.24484200858817
2824, 143.16509560861388
2008, 143.03666000869117
2566, 142.99932659079835
1258, 142.95481112809733
1104, 142.81911838791407
733, 142.80083063920628
1756, 142.7489687956205
859, 142.70574472733907
838, 142.4027843649758
2671, 142.32505747098995
732, 142.28518265040591
2338, 142.24829602713214
1698, 142.14308324821894
2917, 142.14184201708645
455, 142.1350544078709
219, 142.1225143438374
3184, 142.08984185395522
2021, 142.0410313409954
1647, 142.01480380820954
2688, 141.97973482055258
3314, 141.9362951762836
3082, 141.93559001204622
2823, 141.93463590162568
88, 141.90882432469368
634, 141.90249029810295
1868, 141.73392686703951
1971, 141.7194805490008
1171, 141.69812302631564
2784, 141.6774942254789
225, 141.6570219813265
302, 141.65496265617358
2039, 141.5995698724265
2393, 141.558708311154
2353, 141.43789294460987
2645, 141.42525558008117
150, 141.41857456835237
58, 141.33030494891892
2780, 141.30986094689572
1740, 141.23498425928565
460, 141.21834703186542
1894, 141.20394215571696
863, 141.19853737352696
2816, 141.13209935494186
1717, 141.1063000747565
1106, 141.08510766902518
512, 141.0758950532176
699, 141.07519164703447
1185, 140.95379953357397
265, 140.93697834995356
3146, 140.9037113269475
2587, 140.89752683348766
2287, 140.89611011827157
2755, 140.83298783485853
513, 140.7990004078381
2788, 140.73184537934566
3150, 140.63210221310277
2864, 140.5800548033584
2524, 140.56899842151023
1731, 140.55288035532678
2696, 140.5513033204259
1968, 140.50368309460168
1644, 140.33519749754882
3264, 140.31844955528535
1871, 140.2164817485481
2553, 140.1910506173629
2098, 140.18050671712246
2559, 140.1730965325382
2562, 140.1631353571289
3162, 140.08000642849404
3352, 140.0620116300278
2705, 140.04721463896658
734, 140.03897804206326
145, 140.01724597319665
518, 140.00507468661408
2782, 139.97619781015453
1714, 139.94764772400012
1682, 139.9254805387654
1858, 139.85459466073786
551, 139.83435253812993
757, 139.8299871218226
2217, 139.79865381527912
3444, 139.7061170962603
2812, 139.69368843987874
2758, 139.67584477061737
3239, 139.6539569721434
1739, 139.65076021995208
1057, 139.5958100201717
3187, 139.57645313998685
3183, 139.51224774582542
398, 139.48555002039674
1642, 139.38964762910584
1726, 139.37929495891794
87, 139.35012146202348
3248, 139.3437235933949
3324, 139.26941120386414
2610, 139.2366914494271
3105, 139.19157834430493
3168, 139.11945685166222
2607, 139.10378324151858
3123, 138.95273067858233
2558, 138.9063224663935
2244, 138.8262290453275
1643, 138.82373781739616
412, 138.63375231418797
1705, 138.41624135185754
2004, 138.40450468309413
2305, 138.39112769647622
2101, 138.3774284212655
255, 138.36660280302837
1626, 138.3533027634682
2514, 138.29885972364482
2017, 138.27256175184482
291, 138.21424818667762
3290, 138.09875407780856
2152, 138.0736698818708
3063, 138.04713405015562
214, 138.02078214912538
957, 137.9713430933312
3415, 137.9692862323083
2694, 137.95993605956394
2536, 137.90508842395798
3041, 137.89956713211325
1703, 137.89806042313063
1715, 137.83811483902446
2640, 137.8071998979024
3090, 137.73761655406167
561, 137.6811041049028
3225, 137.6774709103676
2690, 137.65828454627152
1755, 137.56841977235283
2677, 137.56447246061967
3255, 137.555409552399
156, 137.53848863552594
278, 137.45273819831485
965, 137.41876297450915
3129, 137.4080845844091
2781, 137.35366231729625
409, 137.32334649906664
2030, 137.27293412739783
2620, 137.21956232943833
2710, 137.17931349849684
626, 137.17444664876572
1752, 137.13357152867178
1892, 137.0924313996739
2473, 137.0830837429284
250, 136.9205442498328
1630, 136.91810587904192
399, 136.82859955180766
1721, 136.76001161287664
3299, 136.64788020449816
1869, 136.6087547549857
3318, 136.59100669941478
3066, 136.58939083031964
3279, 136.55779168888654
2390, 136.48112302143284
2686, 136.4314260475789
2571, 136.41027900607511
2703, 136.3101683800761
276, 136.2514724055292
2779, 136.193924260258
2102, 136.1760117246801
1712, 136.13467814949766
3080, 136.07239479542528
1692, 136.03977717631747
3130, 136.02548985984407
385, 136.0017771774345
2574, 135.98671789614974
199, 135.98200043497232
216, 135.96895089969797
19, 135.9200209075562
404, 135.88047205511333
2814, 135.78399744680607
411, 135.76189551375992
2497, 135.75417440658535
681, 135.72998008446447
2650, 135.6313619385451
2653, 135.61947547227328
2657, 135.57607731688017
1966, 135.42847174443784
395, 135.38339458386372
1733, 135.34460514855462
3207, 135.33624592746338
54, 135.28365524170687
2785, 135.20560794470146
2624, 135.08162667651197
2756, 135.03067720071337
3347, 135.01354518682345
1710, 134.92554738460794
1701, 134.92273135555013
3306, 134.8987632810029
3111, 134.87179723776805
254, 134.77237969692908
1628, 134.53688091050796
3020, 134.49272600490175
2745, 134.31692119466334
2561, 134.30117336468666
2111, 134.2837355445488
2096, 134.2837355445488
1631, 134.27369460575065
400, 134.1551095374652
3099, 134.132427791307
1028, 134.10816857564103
21, 134.07760394891272
1744, 134.06258108210096
1716, 134.01143551885698
2649, 134.00216759873413
1735, 133.89705547288258
647, 133.86858163929836
2720, 133.83685236532654
1748, 133.83374399442272
2652, 133.82513846742992
2525, 133.77536752837977
386, 133.74705307020426
2293, 133.61605412252283
2520, 133.572688952963
2641, 133.53589086367862
2683, 133.5041777744858
2572, 133.47053534212054
3316, 133.41830813671356
2621, 133.4125528443046
2712, 133.2639083323327
2853, 133.06958872690578
1659, 133.03054694618828
1873, 133.00409849232122
3383, 132.93867760336147
1684, 132.89843499805053
1672, 132.89619475840723
2289, 132.88202287895962
1670, 132.87292981061205
1891, 132.86410950385525
2601, 132.80760358177253
3265, 132.80519679256724
1463, 132.79626663527387
375, 132.750429643304
50, 132.73857241172206
2527, 132.61844778403602
2656, 132.57844131741072
2738, 132.5350449060558
127, 132.5126136918831
3097, 132.44718997389975
2340, 132.327707783486
3323, 132.31626705850545
20, 132.31190074239134
1645, 132.21498378029844
1730, 132.20774923824672
2959, 132.13164619325252
2646, 132.1316411765356
137, 132.05870130583256
3112, 132.05637841098874
3201, 132.0132811603801
2668, 132.01253784855876
1741, 131.9890652443633
1047, 131.95214639733743
1700, 131.89207376690783
2568, 131.8805800656474
2681, 131.8627797339186
3362, 131.72575442456684
287, 131.63242020857209
1633, 131.60252759540214
1668, 131.5612167118728
396, 131.55659927749096
1743, 131.5370094371758
2212, 131.52582234511388
3295, 131.45461431448504
1699, 131.3397938083123
2608, 131.33777319181095
1671, 131.31730972791578
3136, 131.30646329601888
3288, 131.25664853600637
36, 131.25631579916868
2580, 131.24804512349348
3442, 131.19735359387113
2635, 131.15269056748267
1657, 131.13202507790896
1754, 131.11517546604128
1665, 131.06548364100507
2383, 131.01204912764845
1724, 130.94959883988986
218, 130.57025066641
2563, 130.56240956641975
1941, 130.46932051005166
2485, 130.4047487772011
2283, 130.27002877290576
1706, 130.24391894867648
2533, 130.2259705735325
2179, 130.19301302406265
2726, 130.11281867682703
1745, 130.04929483395
3311, 130.03126411685847
2592, 129.92940462487516
1629, 129.90896460220753
1637, 129.89647293323443
508, 129.88129474340042
2451, 129.84225150174848
43, 129.64682384434798
1967, 129.6388808390748
2493, 129.60407053776902
1728, 129.56170950390958
2449, 129.56009190892638
1650, 129.54184847786033
3232, 129.5293654530001
2611, 129.51787934134967
1734, 129.47211677829642
2466, 129.24298406064085
388, 129.16916023607683
2204, 129.1192057280218
3254, 129.11235017302695
2597, 129.08713373236324
1681, 129.04092327351836
1639, 129.03006590844853
2658, 128.981254045575
2486, 128.9366031271311
2697, 128.9075648832582
2397, 128.88776533264544
3005, 128.82771006119944
1704, 128.82085202940442
1697, 128.69495372925502
1649, 128.6495357820346
2456, 128.57749810218914
1679, 128.5206615050814
3094, 128.51416795758328
1114, 128.4539415540813
80, 128.35657062720554
1727, 128.35651263078682
2339, 128.26769365975997
1648, 128.18078809680074
149, 128.0103161553628
2575, 127.90319483349788
1691, 127.87525556163055
195, 127.81368846804132
2239, 127.80841841298783
2604, 127.63554243719311
1749, 127.4386991355169
212, 127.4070282355489
497, 127.3849123550941
2235, 127.29899832336132
252, 127.2878288346597
3231, 127.2815339092677
474, 127.03493119700823
2528, 126.86850767458422
2461, 126.82571550617324
2655, 126.77365177667077
2167, 126.71783807248103
2475, 126.70575157442353
3007, 126.63975241824751
2185, 126.61536171384526
2589, 126.53027259154146
2453, 126.50588120174807
1702, 126.39409966806781
2282, 126.2675597219062
2648, 126.071514579523
1674, 125.94651474728559
405, 125.91640795930114
1759, 125.90066811294881
1751, 125.86668238749853
2087, 125.848778646239
2980, 125.79451906022236
1696, 125.74766106882038
2778, 125.62975524097388
138, 125.51076065785271
2612, 125.49066845100101
2184, 125.48673321844464
2543, 125.4830694985321
2226, 125.46613312178663
2139, 125.45962202681834
1636, 125.38539542526006
3195, 125.17129574393817
2484, 125.15790095981865
2693, 125.15033691385153
1635, 125.138791124241
2616, 125.10078400895814
3258, 125.00611043272393
196, 124.80260012916803
2809, 124.75504077510992
2623, 124.61525997896864
2299, 124.57113636969504
2673, 124.5689063530054
2249, 124.49354964867165
2177, 124.42690289630855
2564, 124.38013105392656
337, 124.28364377583955
1737, 124.233632308548
2264, 124.20135393730446
1750, 124.11375484979735
2531, 123.96187977312593
2498, 123.93812882288417
3313, 123.93119965245397
3296, 123.82865554017195
2605, 123.8108142239785
2713, 123.7496606966568
2679, 123.73208418096598
394, 123.67649204430664
472, 123.62102598494356
3160, 123.56564216912813
2821, 123.52965917996347
15, 123.36083362333034
2462, 123.33441681017369
55, 123.31758016111884
2346, 123.22891506715723
2345, 123.21936538811345
2490, 123.21371490591737
2626, 123.18490627934678
2349, 123.1427818632911
3021, 123.00709624958448
2687, 122.8146689926146
2341, 122.79480865590742
2342, 122.73700679358258
2094, 122.72795493653929
2695, 122.72005148063548
38, 122.68187903625287
2586, 122.6378956478535
2606, 122.612082772875
2603, 122.56274313350349
2492, 122.5399998057733
2570, 122.51924233659503
3262, 122.43750904738118
3091, 122.41965443710893
2496, 122.36903878943392
78, 122.30915750986533
1045, 122.29794695885748
2654, 122.26953333479696
1652, 122.26537108016643
3113, 122.26123844839358
2519, 122.23096629612789
2692, 122.17800794916886
2455, 122.15147289409902
2629, 122.1372026514527
2534, 122.0860247062586
2464, 122.07334095247919
2822, 122.04560097248529
2538, 122.03155690354768
1530, 122.02086695142715
2704, 121.90990592717299
3261, 121.80609208442797
2313, 121.7624595903687
2700, 121.71300961744923
2511, 121.71070871639989
3193, 121.6977332872535
2707, 121.68599892509683
2869, 121.48684067739997
1960, 121.29965520405882
3180, 121.28513183707167
2675, 121.2598559079918
2284, 121.25027416749064
3251, 120.91970545529891
3344, 120.90464362853409
2600, 120.8863069922213
2638, 120.87410796719229
1557, 120.76587988988786
2522, 120.74141101715233
2506, 120.55416451683092
1655, 120.51457738853277
3329, 120.4632554140063
16, 120.42726008388327
2509, 120.41153273425444
2581, 120.40433322285655
2499, 120.32098074395087
2665, 120.17918666344207
2644, 120.05583273562898
2452, 120.0202293734434
2727, 120.00772482741537
3260, 119.96039067433816
2479, 119.71141208539818
2662, 119.70951526877946
3361, 119.66711310936698
2495, 119.62841899079565
3364, 119.58624857239779
2460, 119.52278638132866
3165, 119.47282720366063
2488, 119.41582777964112
3019, 119.3791690873779
2760, 119.35458788080687
2632, 119.1550840454607
2079, 119.13904003956911
2044, 119.10494222224536
3100, 118.84946472196539
2698, 118.76595251258503
1559, 118.68382983358701
83, 118.58285184922592
2037, 118.56807411209775
2440, 118.4717139363201
2530, 118.47154088544518
1847, 117.92185339100988
2714, 117.87722107996778
2401, 117.83393837046734
3301, 117.77441293437495
2092, 117.74152770776291
2743, 117.66520079518037
413, 117.5983409395406
2625, 117.43582084683291
2477, 117.42097282760223
2565, 117.19196314084223
2970, 117.12091252116777
2535, 117.07400904660949
3266, 116.94049523205501
2670, 116.8961055626292
1664, 116.79779501646034
2684, 116.65703187608149
2537, 116.64698269525454
2598, 116.63566924126557
2444, 116.38259382730554
2061, 116.06576361493168
2591, 115.96059434181693
2634, 115.94252703519429
3357, 115.8316078653253
2664, 115.7215523617155
2552, 115.41446004615892
2472, 115.40301008236976
2660, 115.37711166232874
2659, 115.25613555554555
2667, 115.19949295936982
2699, 115.17360017389113
2669, 115.10802924163166
2576, 114.84239571882098
3008, 114.79198143451887
2691, 114.73918822936517
2405, 114.72938774938096
2674, 114.6722336780696
2474, 114.61365592668336
2502, 114.5675179499792
2501, 114.5675179499792
2494, 114.5213322502604
2661, 114.50627286408847
2457, 114.48362798288653
2614, 114.44298792108812
2510, 114.42121033520549
2469, 114.39891538718179
2631, 114.3986236394905
3033, 114.33919005742273
2617, 114.28165649064348
438, 114.2711553448955
2609, 113.86820919585621
2541, 113.76037201041083
2627, 113.75291267379166
3249, 113.71925544412808
2521, 113.59914687223704
2542, 113.59583386219177
3253, 113.49859176953832
2637, 113.32413033315618
2448, 113.31977169491542
2504, 113.29266182936037
2476, 113.18222017329292
1109, 113.10081066054747
2702, 112.9264811485564
2724, 112.89246464008761
1300, 112.87486132172111
2089, 112.76338429363246
81, 112.75498192550853
2956, 112.7272567451367
2678, 112.6944273573974
2557, 112.63582463894696
3325, 112.57555173675442
3263, 112.56400263325882
2567, 112.40665734669993
2619, 112.3929849749894
2478, 112.1972695396066
2706, 112.03782776337782
2676, 111.91639067838264
2074, 111.86585371002707
2866, 111.82834464778168
2560, 111.75475940562562
2585, 111.69687233489626
2529, 111.68050306653025
2459, 111.65593352247019
17, 111.52885287418046
2467, 111.51516194927684
2554, 111.29917403216912
2082, 111.17138695001198
2663, 111.12717351559608
277, 111.01524217326256
2544, 110.96389843892598
2577, 110.86353483067425
3250, 110.84399756090511
2628, 110.74573583187112
2595, 110.70986062250005
2642, 110.65803941043009
2633, 110.65711291329075
1560, 110.5974754837199
2685, 110.55984560244306
2482, 110.47707269221027
2573, 110.47290348246423
3326, 110.41256107825798
2523, 110.0660753445778
2689, 110.01176070065254
1969, 109.88684805322987
2618, 109.86958862977967
1052, 109.7837956366441
3358, 109.68608932686145
2443, 109.68482113967774
3365, 109.68417298003278
2481, 109.64724902716374
2701, 109.63981559676051
290, 109.58594595297161
2680, 109.54216533959001
2480, 109.53375692352746
2545, 109.45702710652964
2909, 109.31018485395309
14, 109.21119868360448
2447, 109.13582042245392
2445, 109.08441214446052
2588, 109.01571850817304
2463, 109.01478876110622
2047, 108.99577779076219
2613, 108.96846037809163
2458, 108.94947502031964
2465, 108.81531754664182
1965, 108.80786721093008
3307, 108.74270841492151
2602, 108.72943528101523
2489, 108.46879216144151
3345, 108.38015082515412
2643, 108.29894968824694
3360, 108.2425877784381
2487, 108.14514856647352
2599, 108.05685066381436
1046, 108.03254771353582
2512, 107.98860038819913
436, 107.88830072953543
1520, 107.873550510311
2728, 107.82430441084591
2593, 107.72610354795357
2584, 107.71424390813637
2516, 107.58874993009654
2081, 107.50014857222354
2446, 107.35002418363648
2708, 107.32764647605522
2540, 107.25249289152467
3252, 107.09708065042472
2636, 107.07651574737937
2639, 107.01771225090971
3391, 106.95700310724177
3308, 106.56624605594321
2052, 106.50018874513862
2555, 106.4879845432518
2057, 106.47403965239631
2077, 106.45975449076661
2590, 106.43198994816022
2582, 106.38724013581256
2031, 106.1098245909215
18, 106.07143562394882
2090, 105.9603779859684
1519, 105.62055800799662
3177, 105.56530166638463
2526, 105.55500465199314
2468, 105.36607500992767
2441, 105.20101189884781
2450, 105.0038610611756
2914, 104.94472109588784
1537, 104.89957280689548
1103, 104.61824528061598
1053, 104.60589470194603
3446, 104.6027190139892
2539, 104.59283919031623
1118, 104.43976518608618
2596, 103.90363394123902
2709, 103.87996644533662
517, 103.83806143734783
2647, 103.27564242264262
3343, 103.02507063445364
2066, 102.74343952638267
2615, 102.73774952293151
2579, 102.56233705744312
3238, 102.5224679531814
2060, 102.45725361634688
1558, 102.06276436458275
2038, 102.01539726595145
22, 101.9691915765398
2471, 101.89004944899871
2517, 101.59741941504019
3359, 101.23235396393275
2594, 101.15195274292802
2500, 100.91457921794057
3438, 100.64612587704848
465, 100.34704859537014
2040, 100.34261448386346
2916, 100.32419780197554
86, 100.2767774886321
500, 100.15843582022408
3085, 100.01454609583841
3237, 99.751497540343
2503, 99.70382579150335
1878, 99.48592191998324
2064, 99.44223465544752
2046, 99.03701424420085
2515, 98.96259831633306
2732, 98.74453016929314
59, 98.69599479449987
2058, 98.58267912243245
3346, 98.47289645286263
2036, 98.42715378327081
2682, 98.34679613557365
1164, 98.33673593670159
2470, 97.39010788723074
2578, 97.14798958189499
2043, 96.92205976461486
3363, 96.87475365062274
507, 96.80179459133275
2725, 95.96989157985776
3240, 95.94648070579551
461, 95.94196959153673
2063, 95.88258187050727
459, 95.71464966908628
3242, 95.5667617889288
2085, 95.49855532684639
63, 95.13217286563035
2569, 94.9315069750422
2718, 94.9238373731485
3256, 94.64311363837409
484, 94.5518239860539
2672, 94.06591437573846
111, 93.47158301146447
2910, 93.43394184214746
477, 93.17272763303517
273, 92.68170670475621
2518, 92.62650254462503
3257, 92.23829484455457
292, 92.05670644958559
184, 91.97961065300802
2532, 91.06831950277845
1535, 90.91303415802388
2556, 90.02420115872435
1051, 89.79862035453185
2868, 89.54210909182753
33, 89.41800169695559
387, 89.09208537185928
442, 89.0697203201675
1165, 89.04721828560726
185, 88.9324437387259
1093, 88.5844328114105
490, 88.24980638608434
2054, 87.82308832889856
60, 87.80339996077858
3282, 87.65976710900651
305, 87.55727238135738
1092, 87.25838322357777
590, 86.78472933204368
1972, 86.38481531711572
2035, 86.18901384430977
1054, 85.77132240914229
223, 85.2285192373617
2049, 84.4540878307693
187, 84.40964865998126
2924, 84.2665120460052
2711, 84.13648351682724
3309, 84.02944210937598
49, 83.66769455683743
2062, 83.06515907062747
224, 82.87208069306787
2042, 82.66211111094424
286, 82.44414444915814
1861, 82.36735106967471
489, 81.93690838847579
2051, 81.63187309819519
2107, 81.47647933516501
2912, 81.43189883846743
2067, 81.29160333272287
226, 81.25732732769762
1536, 79.72703025045958
2925, 79.67488437400124
2923, 79.4272990204114
1048, 79.03638357566324
301, 78.01749731732849
2072, 77.67919302063349
1049, 76.9962946121273
285, 76.90696826638558
2931, 76.85999016469901
1925, 76.38187401480675
393, 76.1466386919751
2871, 76.13275333881892
2084, 75.50412325124627
2940, 74.94490253895668
1863, 74.93936780080318
1050, 74.73701838516357
2929, 74.72032187314034
2928, 74.55675171681992
2922, 74.55550412571442
795, 73.8016156639849
1158, 73.60029193036415
2926, 73.25720662051957
2937, 72.87956241701498
2952, 72.6867018268798
2872, 72.51630268345248
2921, 72.46479880248012
2927, 72.35079716673987
2911, 72.21783658870602
2938, 71.74344016067637
2933, 71.21327730812796
2939, 70.61367228559351
2941, 69.70160695844805
2934, 69.4389570195333
390, 69.14256617578235
384, 69.05532493891911
2954, 68.96897490291327
1534, 68.30307652414263
2957, 68.28548288953718
2073, 67.73507828613164
3412, 66.92776323707169
2943, 66.64917143565596
2955, 66.54707093461307
486, 65.84879713293016
2930, 65.72673607403705
2870, 65.66142334037833
391, 65.48730520866556
2873, 65.14739851415239
403, 64.921378623721
2942, 64.05400459768407
2865, 64.00702850562884
1064, 63.0324307403026
516, 62.77319052243319
1468, 62.68859725726859
3145, 61.42539908490184
2867, 60.96779895697272
3411, 60.89829507438482
1862, 60.73152841174131
1264, 60.59987404913904
2012, 60.417160605984186
2739, 60.190183773462316
1157, 58.0841885681735
519, 58.07516191610375
493, 57.81425006294834
3121, 56.808991624566346
183, 55.12308891145055
3161, 54.172771339732115
1612, 52.35962169783145
