2270, 1511.5750131530351
1574, 1283.9561729405634
1694, 1170.3518808225317
1572, 1152.7091052967726
1709, 1099.306473489748
1573, 1087.4468478529031
1562, 1080.2156400747178
1316, 1069.4249384879472
232, 1067.0216557729625
1632, 1055.6717115421557
1800, 1054.769526380363
1543, 935.1596649534941
1658, 913.9624090739064
3310, 900.198939905578
1397, 892.6593850972242
1567, 881.252484816961
1661, 858.6171867002472
1571, 835.4600945439423
1406, 833.6326958614084
2320, 832.0966167306456
1719, 831.425926780421
1605, 823.9212832871261
2861, 821.7533659822352
1484, 809.333248317891
1713, 806.5386212077736
1663, 804.7912157121027
1723, 796.2029821539207
2860, 787.3425055242772
3236, 784.1257452251874
1882, 783.6075575386866
2384, 773.8544193546561
3009, 764.2178887854723
1575, 762.3661058374026
1477, 760.4993256191367
1509, 752.6705205637514
260, 745.5760983688386
2414, 743.2539427605715
1588, 736.3237531715289
64, 731.2338233052141
1309, 728.1271448699023
2551, 728.0127288894421
2378, 724.629558277
1216, 720.3403215782973
1460, 719.5328153120365
2857, 715.020539113275
70, 714.2898220833783
69, 714.2898220833783
1428, 713.7393178182617
72, 712.3520202307053
1220, 709.7173314864855
2344, 706.4401392138478
117, 704.8335135364337
3188, 704.6144586364609
68, 699.5953509568137
2153, 699.5439972172188
2097, 699.2134290158115
65, 699.0695019221063
1693, 698.7015168992725
3392, 693.1995132954546
1576, 692.634440733646
3234, 690.6902079390222
2134, 690.3454298421428
421, 689.4007102760964
510, 688.969890566803
1518, 687.6280975267202
2192, 682.3545520600018
1889, 679.8743797286593
1418, 678.8187967595104
1073, 677.8733494029567
1410, 676.071590892243
2971, 674.8342940807137
1302, 669.6344774411849
3235, 669.0719418108371
2395, 668.5141755790767
1634, 663.6638773650809
2010, 663.3107336142474
1487, 661.6204515208232
2775, 656.9632781529593
3164, 654.2113088638779
1656, 650.6618291175873
179, 650.6583408168813
32, 650.4707748845476
2787, 647.1480577421646
3417, 646.0610679478666
95, 645.8176467800618
3137, 645.4971415295773
2191, 645.067099473338
67, 644.7828110675524
1034, 644.7565750531674
1440, 644.0011378350398
3122, 642.1329324016583
522, 641.9307713526417
1324, 639.6480677960478
3349, 638.7915381371893
1441, 634.1428887769114
2411, 632.9225679082608
2170, 632.3325278245147
511, 631.9316343236538
118, 631.883328252512
3406, 628.365044558146
3126, 627.6989328199859
104, 626.5015237812912
2158, 624.5630522763896
2399, 623.7365879648627
3138, 623.6365418222618
2211, 623.2701492514722
2972, 623.1260746121922
2356, 622.193281739981
3228, 620.4855467997684
2550, 620.3607290130309
358, 619.8811707821778
10, 619.7256065186206
1224, 618.7184817432548
1207, 615.1152517788732
1457, 614.7450554285946
2856, 614.4548392585124
96, 611.9384682740824
1996, 609.4700001128607
2800, 608.7328756389331
1864, 608.6299921012932
2770, 606.0514452675559
1269, 605.9137126590658
2208, 603.9224953298195
267, 603.0022761671648
101, 602.196080376603
2716, 602.1534254258595
160, 600.5109920801497
1580, 600.5002982643201
2242, 599.7111855182432
90, 599.6751335585559
261, 599.4721285381027
3387, 599.03966037531
3075, 598.376112801571
1225, 597.968131193196
3328, 597.6871374131474
1806, 597.4669624435475
3104, 595.8950082426545
115, 595.4685864058882
2799, 595.4309858960067
116, 595.3759022751963
3376, 594.648724742169
1108, 594.3166876009194
3060, 593.546709975127
1255, 592.9323552515871
1577, 592.8876996342785
3152, 592.6969783587747
338, 592.5488129090347
3157, 592.4121006204854
1078, 592.3149322212689
66, 591.4854495651716
2412, 590.9859668832231
1222, 589.3224042210912
3140, 589.0431001732409
1785, 588.0783567916734
3431, 586.6666895798007
304, 585.951138450759
1813, 584.5996781939815
182, 584.3548914335266
2761, 583.8725580706462
1962, 583.8047876660528
103, 583.4515799431879
93, 583.354671019862
3156, 583.1583672694354
3116, 582.8145217022733
1061, 581.6195293271386
2977, 581.5997752424722
268, 581.4622082740767
1623, 580.6804764549864
3088, 580.2995769097884
3356, 578.7720543091788
498, 578.4951655026274
2193, 577.6395703545027
1881, 575.4559968961222
434, 574.982856403637
2080, 574.2201571210197
2859, 571.2911592687614
416, 571.2029602310395
916, 570.3589888965361
1579, 568.867473410071
1514, 567.8539921803003
768, 567.8011188464557
2815, 567.2300828551987
1435, 566.9955218807028
1593, 566.3926170676111
1814, 566.1706625858578
190, 565.820949415749
3025, 565.588391046458
2900, 564.792443710662
923, 564.7154785036298
1998, 563.3344432969956
1116, 563.2107032565391
177, 563.200619597935
3067, 562.9416543822421
1683, 562.5861015577099
2409, 562.43876397475
1123, 561.862389584363
1261, 561.5649312980776
1773, 561.238100991242
97, 559.5964854776131
1155, 559.3141490071187
492, 558.9340431071971
3127, 558.2848257672393
2967, 557.9060134276777
2805, 556.367623568
89, 555.9716832430945
953, 555.2461063810886
1446, 555.0142007934259
2194, 552.913705618618
641, 552.5070477247356
135, 552.137949900742
1431, 551.866381979276
133, 550.342480660921
2207, 550.2317738075138
1667, 549.5043990028978
2796, 548.8306811340045
637, 548.7922614646862
2719, 548.7428927515832
1895, 547.8113397262748
94, 547.1640461980871
3052, 547.0198917093228
1251, 546.9445137797089
114, 546.9380759106003
786, 546.883775573156
814, 546.2262447061563
553, 546.0043982134798
122, 545.9481812514977
3096, 545.488511908137
2243, 544.5906245060874
1566, 544.428100064984
1306, 544.2659278905943
2976, 543.8175662179535
2731, 543.5376122503246
3390, 543.5318050297501
2417, 543.2292858095509
1138, 542.8466936781253
2771, 541.694437796256
545, 541.6693325193378
3337, 541.0221430077662
1884, 540.441214979033
3076, 540.3628316037054
1227, 540.2646005006975
369, 540.2151654108683
2135, 539.2315294270551
3074, 538.7596373240544
3103, 538.4672948074626
526, 537.9268915873218
615, 536.7149243130291
2268, 535.6031404677813
3124, 535.5284689391295
107, 535.4146618960301
2434, 535.277201086551
1120, 534.1255566835905
1662, 533.3408931288202
2421, 533.2433588752282
2762, 533.2167053791486
1037, 533.0070315286946
1660, 532.8227939043776
1678, 532.6595100486137
420, 532.3908919225006
1125, 531.4752407934592
3081, 531.4675735730007
1596, 531.0382073895536
1068, 529.9712335762935
2413, 529.7726152849206
1257, 529.7542012389829
2832, 529.7007167458772
3428, 529.3120820077869
3414, 528.9574404799242
1079, 528.8870539156158
1191, 528.2655236081466
3000, 527.9909674280442
144, 527.2367617832933
1425, 527.1394813528282
3087, 527.0239379625268
3374, 526.9404124284438
1436, 526.4261415179071
2913, 525.5703897214019
417, 525.2256169907481
3141, 523.7718118611758
499, 523.5533096370955
3158, 523.1747010026775
1004, 522.8706041286836
1525, 522.7108962234481
11, 521.3242143672529
209, 520.9481008601258
62, 520.7383708709508
2392, 520.0533023135845
2007, 519.3262919623295
1298, 519.2019093087214
1776, 519.1236171618172
2435, 519.123179311211
2428, 519.123179311211
3154, 518.9355421769931
1097, 518.7599271282288
857, 517.8241244834134
1062, 517.5878442546998
1059, 517.5608633336306
102, 516.9906626197285
1153, 515.5852604441491
167, 515.4677080287981
917, 514.9200923973709
2014, 514.8935047613691
3109, 513.3675851662381
3115, 512.937545479607
112, 512.4485826285559
3029, 511.5661246440005
3117, 511.53344441326254
1838, 511.1803718930747
2355, 511.1534325353064
3338, 509.7228335436303
1976, 509.56319349947705
3053, 509.49092335377776
2157, 507.8856897466125
249, 507.5212400033394
248, 506.75155207811594
3320, 506.4640039558286
1794, 505.99573778043595
2124, 505.6446313959779
1279, 505.1236028050101
166, 504.8470313844408
1753, 504.7100100887438
2028, 504.15571404523297
1156, 503.29488141669157
2387, 503.07331932525165
92, 502.8289066706329
2431, 502.53016302717674
1822, 502.2226959997707
936, 501.89692135246196
1189, 501.6443740769331
1070, 501.06159273607426
2351, 500.9737757249476
1217, 500.5684547324753
1818, 500.10408898605743
2318, 500.08392610343475
3132, 499.0971360765403
1178, 498.55182025364263
1336, 498.5335028455921
3430, 498.4711648284111
1356, 497.7226668960169
3330, 497.58036606388
2196, 497.4332435074963
2960, 497.15666851502266
920, 497.09009568462744
1977, 496.9502974746769
125, 496.8677926031104
1065, 496.2606558952712
1608, 495.6804688645168
3355, 495.61380061644957
1229, 495.04555838507275
1180, 494.6699454287959
463, 494.284782851752
2915, 494.2795272798315
533, 494.1273179568095
13, 494.117651702102
3319, 494.060422047478
1423, 493.6114336274793
848, 492.13581304079037
3375, 491.92208058764265
2765, 491.43032924639175
2065, 491.07995798490487
2813, 490.9886576942534
1788, 490.9571285432762
2975, 490.49014689193694
2974, 490.49014689193694
3131, 490.1100989415363
2406, 489.81399947308404
1136, 488.88282392145175
2806, 488.6497663517726
1195, 488.498936115132
1210, 488.48533207982064
3368, 488.3064320238739
945, 488.2228462980368
543, 487.8318358464194
172, 486.66857000428865
1151, 486.4755123434231
3028, 486.2370385132561
0, 486.15825734725877
3397, 485.72638727338415
1240, 485.3139707209475
1872, 485.20355541957457
2396, 485.12636722494796
575, 484.4570488216123
1857, 484.3853062157736
2365, 483.8784192988361
2999, 483.8576099357068
1253, 483.7038276340768
319, 483.5730617788754
1152, 483.0861638770898
1807, 482.9544936147228
121, 482.41312402458465
4, 482.35360155460955
2023, 482.2516642375027
1711, 482.1642707922632
28, 481.96459529899596
2347, 481.96063252507844
1640, 481.5551911690154
1890, 481.330271315726
2752, 481.2683053997317
2145, 480.8969974029288
2978, 479.8050326742411
1242, 479.6324768069594
549, 478.93379015238855
536, 478.6274813368561
2769, 478.3931683927303
1039, 478.1239099695742
2160, 477.5248478991569
2236, 477.15874406057713
30, 476.87442362956193
1855, 476.71564318491136
1095, 476.69961543373205
2269, 476.35782126070677
2400, 476.1969829997097
1321, 475.80019361219877
234, 475.74868010334933
1958, 475.64085066565696
524, 475.593275686089
2936, 475.47631203570546
5, 474.797766387416
682, 474.6425204830652
3342, 474.4415561096915
3003, 473.96788975620643
823, 473.65500659331155
2997, 473.43763737602364
205, 472.9426762079993
1254, 472.81603342533094
109, 472.7588474390753
91, 472.6735782717177
113, 472.5928837602377
3102, 472.38038957344384
418, 472.3274190598637
1003, 472.12416063378436
431, 471.77907940581713
131, 471.23428876187637
1101, 471.13025789911785
3427, 470.84493631361914
1246, 470.69640292246186
7, 469.9326887166839
2180, 469.8811085776764
2304, 469.6879453901132
3351, 469.2479731424523
1464, 469.13747265859655
1600, 468.8545743073996
2181, 468.72044556368934
1427, 468.7182812953788
2717, 468.69405060992796
3377, 468.3986869295661
2195, 468.27876563623613
3018, 468.1833581570407
745, 467.6679128591216
1107, 466.90905153044474
1438, 466.34556793939686
2715, 466.080738704609
1188, 465.86985438886745
2275, 465.78494837885063
3048, 465.656497140562
1856, 465.54598088947785
1198, 465.4438777693424
1510, 464.7975653007326
1308, 464.40301875411234
1852, 463.7957412556312
1589, 463.4535714234721
1688, 463.403417722392
1127, 462.8480524445902
1447, 462.5568289030103
1289, 462.2821683510976
581, 462.2269641466044
2, 462.15708841047496
3335, 462.0903458452139
192, 462.0092845541898
279, 461.9898689344523
778, 461.68585793969606
1250, 461.6167333242674
1467, 461.4457242923677
1449, 461.0939567169051
541, 460.97789533914005
3269, 460.4696385367816
1442, 459.989933533646
3153, 459.72077085022687
1404, 459.4705087841766
3422, 458.8333683193232
1223, 458.8036516391225
999, 458.5795139915816
2801, 458.05651058596527
1824, 457.69266081580037
2188, 457.57708102690447
353, 457.53530059390096
826, 457.42151714121064
2433, 457.35528525114796
746, 457.0784737933078
727, 456.5245075230813
2798, 456.4955573122118
61, 456.0922969040429
2797, 456.06655801354367
552, 455.88538856898896
3106, 455.38617863063615
1194, 454.7376081919511
2438, 454.43030003323355
2878, 454.246862204799
105, 454.1087454766256
2993, 453.711803121141
321, 453.7024155235719
2189, 453.5949446221405
383, 453.53551280762895
788, 453.52461977173624
110, 453.18170384932256
450, 452.95739438864484
502, 452.63752233905615
1115, 452.2548214295931
1408, 452.19684883438373
1167, 451.61019081455896
981, 451.60179791151995
1454, 451.29889632381384
1099, 451.21008655114764
1523, 450.7447965936804
803, 450.7226760356127
980, 450.3399354412011
1236, 449.70449410453654
2982, 449.65380246289305
23, 449.3574665108899
3291, 449.1640600313823
3367, 448.4539293278318
1478, 448.41418448864
426, 448.3676819545945
1176, 448.194880125051
2984, 447.8285838917726
3139, 447.70584841689976
2220, 447.5521454579178
1490, 447.54284064408756
2219, 447.5206676670532
1761, 447.4259166815154
8, 447.0435757163778
1473, 446.86468185035227
1508, 446.5149707217825
3047, 446.47070829482715
1299, 446.34641500610513
2205, 446.332527164159
3399, 446.22713620880285
1182, 445.89511119132845
1331, 445.7796492266571
1213, 445.7014908055115
2889, 445.4709256189534
1961, 445.3081682739637
1137, 444.98441848513295
3016, 444.59681877357235
579, 444.5111819822365
2753, 444.40227800869644
1495, 444.35609977628627
1617, 444.31278725497293
154, 444.1620046164464
151, 444.1361809890963
1424, 444.0744243941996
2068, 443.7489625248727
542, 443.64744727184046
3078, 443.3273685249854
3280, 443.0163205150033
3366, 442.7747770894174
414, 442.73960583703246
243, 442.28607828387686
1201, 441.8120127312062
3286, 441.7290051837176
1974, 441.3591385928562
264, 441.35363933499315
12, 441.2755797643671
955, 441.2582951630176
506, 441.119326313926
2056, 440.8171994778037
1148, 440.30823834235184
3119, 439.82693789731263
3416, 439.7415719316249
3441, 439.5339719786038
2273, 439.434664423568
1578, 439.4102937166185
922, 439.1656437484088
1429, 438.6291215176387
164, 438.159630627568
201, 437.9657707033324
2862, 437.80381339092116
1421, 437.71162130228316
530, 437.5170277800643
1112, 437.5056224594596
128, 437.12886884055985
537, 437.013229279196
1586, 436.13320911940315
3333, 436.0063758110537
155, 435.90822233760264
2398, 435.885817906946
3073, 435.3221606695575
3332, 435.2878790651991
1780, 435.26143691501306
3061, 434.5742345808645
1135, 434.55985316070854
487, 434.11088596538184
259, 433.9866028740361
1197, 433.70432088991925
210, 433.6321359350886
3429, 433.6149052627594
1689, 433.40718871757105
1160, 432.9911913600329
1208, 432.59662174447345
2730, 432.4511476865603
3420, 432.37336909791935
1840, 432.3525194537062
529, 431.95801715323864
106, 431.9445236500248
856, 431.7812087066323
844, 431.5138540237685
1501, 430.7154574390968
1, 430.6104432121573
3398, 430.41222566162827
716, 430.3360397955241
2819, 430.1069037752986
504, 430.1063963726327
2009, 429.9817991677478
2969, 429.6108964233332
1209, 429.45444018437684
1445, 429.3982892678769
2214, 428.99881674132723
1186, 428.6284238013778
1885, 428.5032427295393
1088, 428.34829449162476
1023, 427.8580348853289
527, 427.71891116946483
1128, 427.6344140079941
446, 427.4542862067737
3372, 427.39540701647957
1599, 427.24676004547297
1907, 427.1937928750515
3198, 427.1085937212078
3233, 426.97181032671307
2362, 426.96753007994266
462, 426.7063936672676
2171, 426.3060737792572
1607, 426.14927233473355
791, 426.041554305943
1951, 425.9058264552357
781, 425.6742459820377
744, 425.334438046614
1594, 425.16956929309015
1025, 424.96771762256327
1147, 424.9513588343192
1512, 424.91011245851814
9, 424.8844732432386
817, 424.84189165118045
1266, 424.5780570312753
698, 423.86955102465834
1139, 423.6753403731406
2337, 423.59195802987887
247, 423.22793209948566
2110, 422.82570701266224
1823, 422.78170308030866
1810, 422.6918352693735
1094, 422.68064691562705
2763, 422.399823688186
161, 422.35258828441664
2422, 422.3453500487038
120, 422.2725066471724
1042, 421.8163711355741
1452, 421.71817766379894
3, 421.6533694072572
1196, 421.3793262694443
1150, 421.09131881491214
1074, 421.04718902935014
2173, 420.9835935112913
2279, 420.88173828004824
3425, 420.4366722684036
1212, 419.5823029201898
1145, 419.0840185210801
1096, 419.07073224472384
3031, 419.06614163000694
2949, 418.72363093586443
29, 418.6459741823377
99, 418.36735961582394
1371, 417.95697117593045
2360, 417.8093520703278
1214, 417.5582206866858
1091, 417.2628796318663
1181, 417.15860686955574
1199, 416.86586742183454
1860, 416.6767503672359
1876, 416.1342647605664
1380, 415.8335503579261
2122, 415.8138556603117
1175, 415.7862311376513
3125, 415.7133170389475
443, 415.6376584734853
3400, 415.43500028717403
1314, 415.261105893979
2953, 414.9193214831673
2968, 414.62842622185866
912, 414.417359315863
2992, 414.12767207256695
283, 414.0171123752364
2548, 414.0082633991763
1041, 413.91309176616517
2846, 413.65187278007335
132, 413.5965020310742
1067, 413.18875726983885
382, 413.13403230781876
1133, 412.8841458929137
454, 412.740140313761
2095, 412.4286650282523
1361, 411.47733644490927
1527, 410.44368296514284
1597, 410.33220305063355
1437, 410.1340717568903
336, 410.0673989242606
2919, 410.0342993527903
1412, 410.03211752746506
6, 409.8852749245083
528, 409.8407900357126
3017, 409.7838314723073
2973, 409.65948594789234
585, 409.6383886513893
825, 408.51118890477267
1590, 408.2283590915246
1131, 408.0959625151252
1168, 407.82087630667917
523, 407.41378422418006
919, 407.34650833516844
1760, 407.2178535208544
2958, 407.1780729600406
3086, 406.9866962852401
24, 406.6330695644914
1146, 406.57832279509825
2754, 406.26656736894313
3268, 406.1335145638701
3394, 405.9368045962104
1262, 405.75998741384717
2209, 405.34852182315853
1083, 405.3299895664013
2290, 405.30122865624384
1940, 405.18721447171174
469, 404.9301843292269
2783, 404.82394111144623
119, 404.7802668043506
1939, 404.56357371995597
3378, 404.54202895055107
709, 404.53022081346944
3064, 404.5093857309716
550, 404.43124905369433
1119, 404.2766051772784
1069, 404.27643454588525
839, 404.1001727022061
2990, 403.6383989384294
1268, 403.5134682804532
476, 403.4563440450014
520, 403.23819553314814
1247, 403.21615587979284
197, 402.9835786015131
1839, 402.98258379883185
2105, 402.90630450632955
1676, 402.89426625394276
2388, 402.84858288520746
735, 402.7955398028487
1505, 402.7577847584063
3371, 402.64646841316807
373, 402.6182209689181
2845, 402.4325457419016
1315, 402.2999340465088
993, 401.91601848504126
1389, 401.72436611136413
1348, 401.67636245562863
1218, 401.52720067592105
1883, 401.4605917488048
176, 401.4333466870517
1413, 401.36750078588193
961, 401.3574684112853
1241, 401.32024009090657
1179, 401.2178728424797
1465, 401.2069302416436
1999, 401.12308448458083
2162, 401.00425500542843
560, 400.9821592435301
3410, 400.6550760350726
2033, 400.25554517130615
612, 399.98022734326537
163, 399.94385709037135
45, 399.8557543566236
851, 399.8455358222919
71, 399.70223786998486
3055, 399.2986477442285
600, 399.2652118784853
53, 398.9698952706418
2165, 398.8808846095399
1426, 398.75427148990605
2113, 398.56454772819893
1301, 398.4692318176124
2907, 398.3374023218035
3322, 398.258328918672
2100, 397.9784809298277
514, 397.71706305143147
3408, 397.6975361894053
3393, 397.65979961808705
2231, 397.58989712137253
2069, 397.4775891856578
1038, 397.28977007502317
2115, 397.2243544765613
1462, 397.1351691863254
429, 397.04672031219974
377, 396.8241230536473
153, 396.7688111972072
2206, 396.7150158810549
139, 396.4135954218235
2850, 396.3294773652286
448, 396.25047085667535
171, 396.187273844036
2829, 396.05609049700115
960, 396.05151934461657
1030, 395.94841189523487
872, 395.82813937929
3108, 395.80812772479817
2295, 395.47996234180494
2794, 395.4174708047471
2301, 395.4154242829206
1803, 395.3569190052498
1113, 395.353650107712
3229, 395.2542134094051
3004, 395.17620689191153
1219, 395.15517216936024
3437, 394.9803759212355
1811, 394.94583190461213
1060, 394.867882551652
2818, 394.3333270069072
2071, 394.17115478089255
3334, 394.02552488831486
1488, 393.8600101459081
1867, 393.84748506656643
1369, 393.65684248217116
1141, 393.46474436212634
1390, 393.43922993976906
2228, 393.4298550575653
804, 393.3966714411283
2187, 393.2673657988565
1295, 393.23094810806407
1027, 393.0601164798898
1163, 392.92425721153813
1430, 392.91300656162184
1849, 392.7966416930643
174, 392.73005385726594
3339, 392.5572649176213
1911, 392.4688166746003
1245, 392.2532276411997
1174, 392.0197993845448
574, 391.9961628951469
3381, 391.8903921840055
2125, 391.8562444635224
547, 391.831153704759
457, 391.7401107438531
2858, 391.73622673451257
3196, 391.6134925283689
1973, 391.445588540262
289, 391.3614255133676
3181, 391.33389137947756
1474, 390.9878470843563
1089, 390.69282019335407
1031, 390.6833220080631
2803, 390.55634003641796
2321, 390.24981699701965
987, 390.05858994100413
1149, 389.97843718619396
2099, 389.8695092514661
1154, 389.8015558889555
1615, 389.77208388421025
2309, 389.41758805120884
1736, 388.9568389274698
686, 388.8627719225702
2164, 388.7820015142435
3418, 388.6365029618191
1226, 388.51688501399934
1110, 388.446219920277
3369, 388.39775013989
181, 388.30232743823115
3407, 388.0837254729403
2274, 388.0624007796407
162, 387.96280629447915
481, 387.84348556232385
159, 387.7705029394854
2150, 387.6527330103689
1169, 387.643574322905
1417, 387.6341011596354
743, 387.5585072584106
3215, 387.4439865594385
717, 387.21342640880505
1126, 386.86738045082996
2168, 386.04964053193044
840, 385.67828841195035
27, 385.4223792443012
146, 385.1314585993714
2262, 384.66203311171876
3026, 384.5628359562885
313, 384.31567946800584
1943, 384.16453801639295
808, 383.9081639494644
1117, 383.9008360734852
1230, 383.7347073210863
1144, 383.73348531189356
2324, 383.5784481325576
3058, 383.5010940705759
2116, 383.3527815598015
1942, 383.05434246833795
815, 383.0456620290628
2142, 382.9284199620003
41, 382.7732470941182
1377, 382.6088125103762
3070, 382.47932454139436
505, 382.38036659191005
1278, 382.22499324207104
262, 382.1797538294783
683, 382.16566936539664
696, 382.16287907669374
762, 382.05313674542595
1392, 381.84852184071264
458, 381.82848071824907
2841, 381.48512928496297
1040, 381.1331295133894
1978, 381.02462592692757
108, 380.9399990945226
3405, 380.8749959736054
3321, 380.71776006824126
2312, 380.5308288527151
230, 380.5148506846653
227, 380.4578255815731
432, 380.44556017776154
820, 380.02955972312844
3421, 380.02216517753067
1865, 379.9461976969277
1075, 379.8883861610963
1985, 379.74272207124767
1481, 379.68483679601303
2190, 379.13337834914836
39, 378.9303435407062
2120, 378.51549680190874
1035, 378.35716507604485
1352, 378.22775990322515
1448, 378.13860040998605
3049, 378.083237838375
2792, 377.64504263363614
1494, 377.56884660244697
263, 377.53174766942374
1450, 377.49664967325987
296, 377.32474422458057
3396, 377.27828604781655
601, 377.24555159030655
1624, 377.22562214259796
1072, 377.2036902149893
532, 376.30836564397964
1134, 376.2076296478411
3030, 375.95110492152077
1444, 375.8286873889754
538, 375.681360871549
927, 375.6781952541486
3166, 375.57677943983515
1345, 375.4475691481675
2750, 375.32250238798986
1422, 375.26124808028186
619, 375.23865232658085
774, 375.11953414499544
1170, 374.7973283433712
2117, 374.7913651865613
3353, 374.77263622853684
2256, 374.6993983148004
3247, 374.6811950785433
1130, 374.3359202347178
3382, 374.32106276885054
2372, 374.07139433862153
1493, 373.9461288150262
3277, 373.92178611857236
1790, 373.89534923810504
2735, 373.6726307636578
845, 373.61087434657315
40, 373.54110310277207
1979, 373.5394364801713
419, 373.40699325270464
2200, 373.20284524528716
691, 373.18738815664625
235, 373.04444956422964
1014, 373.01694228120135
846, 373.0143664599677
780, 372.90200487220835
3089, 372.80672496120627
293, 372.43474962594837
2394, 372.35508289580486
1419, 372.341964787653
3302, 372.1490432804967
1400, 371.97211064344873
2879, 371.89453856444794
1234, 371.6770310604054
1603, 371.61018214383324
3072, 371.36272621844785
602, 371.2551608672058
1420, 371.0608118278831
1393, 370.93365782877913
3385, 370.6642338297869
558, 370.56386135410736
1984, 370.41739745497586
586, 370.1381832296959
2050, 370.1050171488114
3317, 370.02407550771846
2966, 369.9256583511017
3373, 369.8127441856433
423, 369.7957249981424
158, 369.55764223223196
284, 369.4391879423207
3118, 369.1962302335991
98, 369.09502512993276
3107, 368.84305627627407
903, 368.82643355525056
2055, 368.7229311192217
1248, 368.6412466616091
1601, 368.5149977830323
938, 368.5022905137077
503, 368.3629741966976
1549, 368.342282225566
3303, 368.25652770207023
1200, 368.2531741867038
1792, 368.1944913679858
713, 368.0789717972747
3388, 367.98056547101265
3046, 367.96183956015756
638, 367.7635811690463
2777, 367.65436809691556
1500, 367.5444353727717
718, 367.5338964291321
2015, 367.48233092400045
2022, 367.4676996691541
1584, 367.3102603118544
26, 367.25904823837396
494, 367.1754063144146
3014, 367.144707406732
1370, 366.9885271513679
1533, 366.85844266790997
3402, 366.81870529195515
157, 366.70901549776664
1480, 366.58500060681513
594, 366.42734938894796
136, 366.39726183578756
2828, 366.29534595905363
3155, 366.15706147286886
1071, 366.04652014665265
3331, 365.93415040101394
3227, 365.88257178413926
964, 365.8269179344514
3077, 365.7135956293321
661, 365.6030618654447
2740, 365.45838836072994
1451, 365.38976073774404
3135, 365.3156183733247
3395, 365.31359848822837
1339, 365.156516255298
207, 364.88598252715605
236, 364.8142436143688
2852, 364.48549166217947
1550, 364.4388925937457
1001, 364.3400154058759
2255, 364.2801779085918
882, 364.2777393646947
221, 364.2234264309617
3275, 363.8830586277942
430, 363.8108373614694
2297, 363.7035660432174
334, 363.65207102414473
1610, 363.3555989261332
1086, 363.35297496402046
736, 363.26453875491177
556, 363.22842494744737
2983, 363.1420064014932
2804, 362.8438269101172
708, 362.7951361975291
3340, 362.5726583265834
2359, 362.5595153504202
821, 362.4688887655706
2839, 362.45975297781825
2053, 361.92602079739385
2427, 361.7442866112723
3409, 361.71852790394917
737, 361.66814089834907
3379, 361.532622914838
456, 361.30541884403885
1330, 360.76623306942093
2791, 360.5470606819231
501, 360.4921423118525
969, 360.47718265105766
1964, 360.16856563999943
1511, 360.1567955370238
2991, 360.0209425463513
3401, 359.96686640837
397, 359.91757341118927
1215, 359.8235156887815
752, 359.81959864644193
2229, 359.7440496016062
2807, 359.6602521175209
295, 359.4021074200038
554, 359.2018200603934
3148, 359.05747671122225
1653, 358.8883081474441
1651, 358.65933233116834
169, 358.6053355138349
307, 358.5066222954684
1271, 358.4039848371447
2964, 358.39554091968296
1475, 358.36494705714705
3423, 358.18946263138633
3436, 357.74741507720734
849, 357.7301690593559
797, 357.6886918971343
599, 357.4885394093477
1486, 357.2691056229482
333, 357.22567747930617
770, 357.18291671418217
3045, 357.08486636992757
1346, 357.0674438189028
2018, 356.8306598714686
2086, 356.74549066838097
918, 356.4121126806746
1043, 356.2764300714281
2088, 356.2643010037824
3054, 355.9803978571191
2366, 355.9700022544678
2121, 355.94378718438406
582, 355.9255304053735
972, 355.9239923162058
2772, 355.90322373460936
1887, 355.80575157531877
992, 355.788298258531
444, 355.74324354992626
1411, 355.676545495909
584, 355.59942279674306
1583, 355.59934730662854
2230, 355.5255456926788
211, 355.4980608201799
1498, 355.4564387685955
2905, 355.28882153942305
2986, 355.2003504165131
1409, 355.0831427567019
2166, 354.8904032606714
2237, 354.77799627213767
1387, 354.7176640719151
664, 354.415594111387
2429, 354.1472855857403
178, 354.126880227315
3370, 354.0991828161519
2837, 353.91361677152753
242, 353.76673203441095
370, 353.4882747630632
1173, 353.0632670342255
3114, 352.88769294975776
3010, 352.73660825489526
175, 352.63969793629917
76, 352.50358700275086
2154, 352.42378641230295
428, 352.4227415981452
1485, 352.1014680592046
200, 352.03474075294423
559, 351.7392148681234
614, 351.65950386071466
867, 351.62763564091455
482, 351.5523771673762
180, 351.50541609511606
1228, 351.36048922082387
1322, 351.26738364552807
886, 351.23521459324616
937, 350.95012484547357
798, 350.91628838445786
1456, 350.888017669188
2979, 350.86933326946075
202, 350.86705058566554
1183, 350.7866412961131
1076, 350.7795212060177
2408, 350.7455219679356
1829, 350.6617007701616
657, 350.63096553106266
1026, 350.60105139475183
1994, 350.4662245668779
2070, 350.3826577369438
1277, 350.3822452552894
170, 350.3237314459998
315, 350.27294089143237
306, 350.27294089143237
1820, 350.25355043562473
1415, 350.0668972001377
572, 350.0194782143673
1293, 349.9189488361439
3191, 349.8898735351205
330, 349.8121945553186
1280, 349.7373046706504
188, 349.71864806574257
1273, 349.4409087882973
2303, 349.4392663262517
535, 349.33894947184206
220, 349.328289367904
1312, 349.3103815980886
2315, 349.2971151424781
483, 349.14181581189223
2213, 349.00482765293157
1343, 348.91847482531426
368, 348.869104061987
1459, 348.865444419863
2265, 348.8513012153405
240, 348.6740666871566
2994, 348.5419163815378
1975, 348.3911065669802
725, 348.3439991461136
1531, 348.10423290292357
2298, 348.0245198843476
1848, 348.0110687666032
557, 347.9494758352948
665, 347.91120679039807
2308, 347.46664551415
1032, 347.32456011440456
1206, 347.2924619587875
785, 347.17817161985306
2350, 347.1327501377322
1006, 346.75232390959536
215, 346.72327771055853
124, 346.66832796708127
329, 346.55759080574643
1368, 346.36093711984006
364, 346.35969274660226
1491, 346.21533420009393
1239, 346.09367787535996
730, 346.0931266654314
3142, 345.96921101764786
1585, 345.8303896367667
2918, 345.83018143289223
787, 345.6781372405462
837, 345.60356057202597
453, 345.5463528685361
437, 345.50729320585606
2382, 345.4415984404406
2389, 345.27662103021686
2006, 345.0602485695442
231, 345.01571120701334
690, 345.00746807571034
3389, 344.6688365524753
303, 344.4522370044958
1085, 344.4399610952197
3032, 344.33044276272375
659, 344.3149424122939
3069, 343.9377057077611
2844, 343.66791907640186
573, 343.6218427256716
639, 343.5826033734069
645, 343.147608250353
2998, 343.0829327994428
1561, 342.88893119207125
1851, 342.80892792988925
2733, 342.59259603902916
3065, 342.55675646853945
1124, 342.55302336784314
1396, 342.4153790996979
332, 342.1303915420195
1555, 342.0954800805964
871, 342.0872807408439
714, 341.6739514357026
2354, 341.55719167055685
213, 341.3153512938019
3167, 341.0225057689704
1622, 340.94316504919817
847, 340.7574991756307
129, 340.70489342334366
671, 340.6272927612255
789, 340.5443554544095
1458, 340.4828410775399
822, 340.4640906443853
539, 340.3416037341528
475, 340.2883678401253
3169, 340.2071704475801
152, 340.15494486652733
392, 340.0722402903369
2831, 340.0679507495798
2737, 340.04988377515707
2292, 340.03921704281254
1912, 339.99616169120037
1233, 339.85999719471835
2198, 339.84731083892336
1066, 339.4743339360475
1193, 339.3597242546884
1828, 339.1526961394501
2271, 339.143612931408
1908, 339.1201128248796
928, 339.11003773710354
168, 339.050999113604
2148, 339.03876074471435
256, 339.0018169791481
272, 338.99124241351166
1614, 338.528049244187
1866, 338.3627826503882
3189, 338.35783619196684
2075, 338.3197810856658
478, 337.88197450307257
2302, 337.8191438662679
852, 337.76427967529406
3149, 337.71141262418433
907, 337.6392693652856
3210, 337.5297291603184
1479, 337.47104893641796
253, 337.2652219828842
2963, 337.10336527912494
2386, 336.88196324600403
3182, 336.54689020330335
2254, 336.52364493990666
3419, 336.5043895814007
3341, 336.3010939624196
2114, 336.26652430017225
1466, 336.13773169096055
471, 336.1151009943512
2319, 336.07021949523374
989, 335.99841216283164
1374, 335.8477942924722
1292, 335.8388091475326
365, 335.8387604638837
2985, 335.68607639556984
1378, 335.3628511755526
123, 335.32114631526684
2908, 335.18100306976896
441, 335.0115235670786
779, 334.88471625640926
525, 334.88256863818077
467, 334.73796713677666
1090, 334.67653041786355
2011, 334.5880675601805
2103, 334.49952914431725
2163, 334.25145228158823
1804, 334.1950858974575
2260, 334.01024446295185
2851, 333.7332141492534
593, 333.6579318140983
1291, 333.4299323245343
2774, 333.33018865992153
942, 333.265724812276
2245, 333.223159968919
790, 333.1238788977008
2439, 332.9644760579981
1403, 332.90866029351696
693, 332.77209569343916
3203, 332.6525451303315
257, 332.5298466381957
1340, 332.48801706931613
970, 332.43648703265313
2790, 332.39643968063706
1166, 332.34237848517006
2410, 332.302359613689
2146, 332.06474957510227
2996, 331.9093040326612
3002, 331.90006962137693
1886, 331.8946414027665
1259, 331.89390446370714
1098, 331.8443518896528
331, 331.564364469875
577, 331.5124194892713
868, 331.493075825549
1980, 331.3912146111835
1285, 331.3026204378279
297, 331.11562164694516
2059, 331.07294903533483
2263, 330.95047223223366
1353, 330.6519365356292
2296, 330.5030634333167
616, 330.4740013658016
3179, 330.4618898891712
3172, 330.3196721490676
3445, 330.21503318265997
1372, 329.8604884745195
971, 329.7901504388902
546, 329.418866954718
2083, 329.2824473921638
2306, 329.221565679796
3404, 328.9739170653822
410, 328.95194270287396
1581, 328.91791359357177
299, 328.89226562021776
2764, 328.87763273625797
3205, 328.8271372071478
1294, 328.8178124760296
378, 328.81510629819337
1367, 328.55930000141524
2877, 328.5488142166139
2766, 328.51417262713403
1398, 328.4444023827027
2989, 328.3841014664731
371, 328.2053289717302
3403, 328.1668989874537
2323, 328.1006093952766
902, 328.071172977198
2300, 328.0607191110255
720, 327.7279873743633
1595, 327.63401894853246
380, 327.48437933738705
142, 327.333773425374
1388, 327.3251001725163
3212, 327.1762415585429
2830, 327.05076675922544
775, 326.9821381691268
1432, 326.9021820644559
879, 326.8057098947064
1272, 326.71215789507295
782, 326.69177123521274
564, 326.6837777699619
2747, 326.62632230122773
2361, 326.6078272429906
2091, 326.46268237338217
2267, 326.3071442347599
2277, 326.2399390606767
636, 326.126637643831
1506, 326.09380807315085
2759, 325.98590865566763
1548, 325.8981444237855
1618, 325.82567630656337
3270, 325.7255534546377
672, 325.7103381998984
3190, 325.6461176403558
1997, 325.4866732166423
2863, 325.47495845973117
488, 325.44512818977387
531, 325.3309916434513
850, 325.1846150036883
2734, 325.15491952586495
905, 324.96766585571885
892, 324.81742345140464
346, 324.7310301683426
37, 324.6665596690423
904, 324.46684755504924
2903, 324.0461350072288
451, 323.6895590081428
2376, 323.51330846358843
1524, 323.49200994520123
466, 323.4122969860495
669, 323.3523722392951
1161, 323.3061309744008
3267, 323.232602905594
642, 323.14301230657367
449, 323.10919789047136
2415, 323.04157631400363
2032, 322.9468269518775
3128, 322.8203384438837
800, 322.64954426618226
887, 322.60637654776315
1815, 322.4203145008688
324, 322.3433177600145
251, 322.33474553502344
646, 322.2223174113716
3044, 322.116089357367
983, 321.95792181976907
755, 321.83251686560874
2310, 321.7684975789969
75, 321.6010711483051
3386, 321.40127413282903
2881, 321.3187287422056
1288, 321.2547907526285
496, 321.11348932104573
2131, 321.0914461676652
2786, 320.9735444028089
1604, 320.95314556311536
1132, 320.87474554986653
2026, 320.5917719920497
2854, 320.45788321232845
2016, 320.2934702143606
3281, 320.2279994217332
464, 320.18711933589464
565, 319.9919304381072
1211, 319.8931624280847
1983, 319.8201199390484
924, 319.80055285573525
1187, 319.77880604807825
2961, 319.6929666301335
2078, 319.5841164392803
1357, 319.56462735546035
2246, 319.44623037560916
3434, 319.43801024311824
2744, 319.37975878056653
1382, 319.3687251293006
704, 319.26765410708623
1263, 319.0422886349512
1009, 318.69282455046834
1963, 318.68492544532654
1995, 318.6554511697142
1909, 318.17955214008987
2748, 317.99887870928194
723, 317.9848337188349
1502, 317.5740658541889
2202, 317.4652325144662
1252, 317.3723409739978
776, 317.3108869977518
130, 317.3009801493409
1825, 317.2879889923175
2840, 317.2653488029905
728, 317.26420287467295
2767, 317.2431359533799
799, 317.12469186490654
1772, 316.9625737188193
2216, 316.77788082802243
2183, 316.5064507055983
1327, 316.46620142223804
173, 316.43266713004476
2123, 316.4016474144122
1517, 316.1988530320872
312, 316.19184312237957
79, 316.14298041580383
1265, 316.11536561850664
2746, 315.7489402399985
328, 315.6949117764501
635, 315.6491908577816
2169, 315.54936705459903
480, 315.27583751728525
485, 315.2757488820715
694, 315.26632403173465
3447, 315.1653179858033
860, 315.1417736328951
1957, 315.13145570162675
3285, 315.05007246073285
707, 314.63221473126237
3173, 314.61256795097984
1830, 314.49976641490997
930, 314.3316207254186
677, 314.32535542106314
2129, 314.25172148530936
567, 314.2387432161231
773, 314.1847264636021
3056, 314.1563115863596
1846, 313.991231703899
3426, 313.976451294889
435, 313.9247796016366
470, 313.91745585966896
3202, 313.83617454005173
741, 313.603007691711
3057, 313.5596765229148
596, 313.48909793789926
759, 313.4727706546399
3038, 313.11544402792885
1902, 312.97798034356464
1020, 312.8684478418564
1202, 312.8466599864781
606, 312.4317019559529
3214, 312.4176952633173
1835, 312.3414652566218
963, 312.33740183533826
3037, 312.1736867413578
1770, 312.15997677038064
1111, 312.11755749792405
2430, 312.09400425075336
832, 312.0300908716955
1270, 311.92214997852466
2757, 311.79537745976216
1991, 311.5824502131414
335, 311.4279785284303
711, 311.05198783614554
1893, 310.9105990122175
1143, 310.7900694282658
3448, 310.7279178653957
2888, 310.7081501598748
2348, 310.4506116029953
1920, 310.3196913986425
3424, 310.3146174793386
1499, 310.2088180861537
1391, 310.1737873227672
1140, 310.0735379807072
372, 309.99822403244576
2369, 309.98507999041743
3185, 309.96763155883184
2842, 309.95904628957527
203, 309.9140521201011
1513, 309.8912895785396
1077, 309.86361939056525
3300, 309.83159382022126
1260, 309.79447592363755
914, 309.46005881706077
2130, 309.43016456530995
2109, 309.38065566068036
948, 309.37371154238446
864, 309.34387022739224
568, 309.34277818169176
1455, 309.32587457324394
3174, 309.19678087325633
2424, 309.1826093800161
2027, 309.1563905787498
1850, 309.1442183448947
1275, 309.1227954334613
2175, 309.08515262599457
1673, 309.0122712319154
689, 308.93905100116035
2334, 308.91585639719557
147, 308.8972735860473
1981, 308.85417628961346
204, 308.6641649318338
2126, 308.64797818408465
3283, 308.6333519720334
3276, 308.4835756680804
2722, 308.4016542271051
2029, 308.397360085492
2817, 308.3106686429513
1018, 308.1148900234129
433, 308.09272616848443
208, 308.00527769255064
31, 307.953124014461
1539, 307.9043983381723
2119, 307.85689121878045
2199, 307.82108473935983
763, 307.77272082282195
1021, 307.7348729655711
1786, 307.6432653801302
1184, 307.4118601897138
3298, 307.3663884481427
3098, 307.34555681841834
834, 307.19392758522446
1354, 307.00526461271573
935, 306.71301936680874
1414, 306.66822196578084
569, 306.58733465477775
479, 306.50254894663425
1318, 306.44528877744455
1405, 306.315745735313
740, 306.31227504120125
1690, 305.85352609781177
2987, 305.7261932983317
351, 305.71142793122283
897, 305.6516956668944
323, 305.26214539763725
311, 305.26214539763725
675, 305.1906084125794
973, 305.15882900329063
3208, 305.1176456779992
1841, 304.88355594940117
2407, 304.8635907730001
1177, 304.8512225263377
784, 304.81626863031977
1544, 304.80730717203886
1926, 304.6816003082546
1492, 304.5448448161947
2176, 304.5296078460825
2232, 304.5198328353348
246, 304.4819140517938
401, 304.4508249464866
374, 304.4044902308963
1853, 304.3116856335094
1817, 304.19821161681443
1758, 304.14492158356177
750, 304.05220140933915
1203, 303.99674922309407
853, 303.7193603330365
2622, 303.66574744313294
2897, 303.6484685004748
534, 303.4637519570945
48, 303.3608584034422
3068, 303.3323311166195
705, 303.31785592274235
656, 303.3161062612881
2076, 303.1631923891087
3244, 303.1471197646161
468, 303.0749751182328
1129, 302.99976353983595
1910, 302.99113421008667
623, 302.96380714386754
854, 302.92548890042224
415, 302.71704732496477
2547, 302.6246164629132
934, 302.4493421727438
2833, 302.42683763682476
1982, 302.3820626554649
2820, 302.33209198713405
1470, 302.26125129096937
855, 302.2540992348816
2136, 302.1768054205745
1915, 302.1521509501968
697, 302.0067514114714
2141, 301.88514836201074
962, 301.8655021195997
2962, 301.8092333865732
2172, 301.80821076271656
959, 301.73841174664494
2416, 301.72414263528924
1402, 301.71832132574525
796, 301.57451227281496
2024, 301.5366198166774
731, 301.4200647767824
186, 301.29721188958985
1320, 301.29120992268383
2899, 301.21941458734744
1554, 301.21395882907177
2325, 301.1701445227046
3034, 301.1435736672611
701, 300.97195368602297
1328, 300.9443367981418
2020, 300.8555569034306
2751, 300.84322667771414
813, 300.73431354087535
3292, 300.6802952388207
1904, 300.6451080638277
1329, 300.5787272977804
3175, 300.52729790498256
189, 300.4449757197373
658, 300.37211881535336
2847, 300.36257557453314
754, 300.3433978557622
2423, 300.30070178653904
1022, 300.2535292385467
673, 300.2284888266446
1029, 300.1309654909065
2380, 300.09614393078584
1105, 300.0064005946207
1235, 299.8634958240493
801, 299.7768586193437
640, 299.68116866808697
1087, 299.6801878910981
347, 299.65390837117326
1443, 299.47551941508567
2768, 299.32793012521824
2233, 299.30372720009797
827, 299.21962091955857
2045, 299.21652145024007
241, 299.06528856722633
2138, 298.8130635249455
3093, 298.7604306987829
3272, 298.75722047305925
1675, 298.65201993023726
3226, 298.5344938639116
1011, 298.50855269688276
3271, 298.50081777890557
876, 298.48670381292266
363, 298.3022723903795
3440, 298.17701313989915
1036, 298.14035965458527
828, 298.1358485866128
1504, 298.1029992091858
583, 297.9215872973773
603, 297.8678685456936
452, 297.85915240926704
1323, 297.8424976077834
274, 297.81561314783545
3245, 297.81232885817485
1831, 297.65757811952125
3293, 297.5786707998311
958, 297.5125824358432
843, 297.3622100848275
597, 297.3229343373951
1870, 297.27519196061627
1172, 297.1754818731858
1789, 297.16619222321583
1986, 297.08869027789115
1620, 296.92469045618657
495, 296.81848569872363
3348, 296.40495245087624
792, 296.3104505687953
1007, 296.28580016277675
1880, 296.10506262333325
193, 295.91482995276823
1808, 295.83567566492536
1319, 295.7724390697976
2802, 295.70391008470705
891, 295.69185124393164
3110, 295.6528036020683
873, 295.61530338185423
660, 295.5090743610145
1256, 295.36863321259335
1801, 295.09363338320736
52, 295.0146763667036
777, 294.9988276468684
1282, 294.96222750612503
1351, 294.94435898019896
1482, 294.928183676752
2013, 294.87366073669966
1434, 294.8699530879251
1433, 294.8699530879251
258, 294.8278425103484
650, 294.826322434428
913, 294.8139719885865
2311, 294.7752799816763
893, 294.5700442698747
191, 294.5613503514218
692, 294.40661716815106
932, 294.24205977202234
764, 294.0517378990329
738, 294.0479687298454
1582, 294.0479672637332
2981, 293.9532045203333
3159, 293.8285585303882
2352, 293.7313874195365
3042, 293.7040406922992
896, 293.4849554911793
985, 293.3307140125704
1906, 293.1819814789621
898, 292.97378449060693
766, 292.9526384458295
712, 292.8590309680068
2403, 292.85292235314205
148, 292.85155101093346
269, 292.82694308172023
1335, 292.77166433148017
2156, 292.7314905847267
1836, 292.63942585939077
729, 292.5607631637642
2849, 292.56005824742493
883, 292.4996817374248
1326, 292.4779978444864
765, 292.3722770494336
1100, 292.3671229625326
126, 292.19392728551685
618, 292.18514548472336
943, 292.1035514892249
2331, 291.9169016381706
314, 291.887779746057
2227, 291.68995358920205
2891, 291.47927162678263
288, 291.4603669562225
710, 291.400888378169
1010, 291.34389510043803
908, 291.34144887162677
3209, 291.2718666606747
540, 291.257042222587
608, 291.2102860413205
3297, 291.1883409147415
836, 291.1124097345353
824, 291.0866445053974
1779, 290.99565193760736
2546, 290.98768471805664
422, 290.9121715853705
2426, 290.7933440168196
1394, 290.750236034866
1521, 290.7408259970658
1837, 290.66702065007695
2373, 290.6571945859989
352, 290.5456433467852
1489, 290.35368960974455
1416, 290.24323592788875
724, 290.1365868216938
1587, 290.04431651992473
2222, 289.91259033500813
140, 289.84325964951915
2946, 289.8260747967569
34, 289.67654288473113
2041, 289.6228643114942
1888, 289.61172805159885
440, 289.5226214167207
967, 289.5167611400612
2322, 289.47879717424456
350, 289.39010804304723
906, 289.33879232643955
761, 289.1452424584894
266, 288.9746355567198
1365, 288.8766037036198
3230, 288.8751915059839
238, 288.85005443159906
1992, 288.8430025827399
984, 288.8218472786812
2327, 288.75083272157633
944, 288.70834724798306
3435, 288.46867710916365
976, 288.3500964058964
2773, 288.30670126775294
2920, 288.1512400469669
389, 288.0186596248432
2776, 288.01000363380695
1832, 287.93819509112603
239, 287.8514610406833
2278, 287.8443153133884
1819, 287.82921372007644
866, 287.7738458586695
217, 287.7024033099195
2224, 287.68931121514856
1799, 287.6523912214624
206, 287.6249687165751
1944, 287.57058879380486
1483, 287.5434979131332
2723, 287.4259079241395
1959, 287.3454433761422
588, 287.1633001715252
3083, 287.14868623881165
2549, 287.05552213786984
2436, 287.02216801882565
977, 286.8649135230904
3176, 286.8582043853954
674, 286.74861150478483
2375, 286.6847081529105
1563, 286.65175314302644
1782, 286.51054208444737
2965, 286.325517504511
1993, 286.2871699203623
1914, 286.0322835594807
2875, 285.98377123291493
56, 285.75377551809396
2810, 285.6915424534464
1791, 285.49888782805533
3079, 285.4175393267655
2261, 285.36737088309843
1341, 285.3470498439863
1515, 285.2958668074015
2285, 285.1743967746565
870, 285.06294092271906
1281, 285.06210594636025
952, 285.05416609049774
3287, 285.0276893442564
222, 284.9102843844171
1080, 284.90652937340496
706, 284.7888995212168
2825, 284.6362328380449
946, 284.51157593749775
2507, 284.3574715896181
1142, 284.2373607841156
3071, 284.21156757093917
783, 284.14181680694014
100, 284.081002618181
2266, 284.0223049586229
1332, 283.9556275404957
406, 283.722084405307
982, 283.72051435576367
44, 283.6935156754157
1461, 283.63436438824385
2947, 283.46622817133965
974, 283.4480306617281
949, 283.3135272850822
320, 283.26795590401866
1913, 283.2318959698095
2210, 283.23012378640726
2197, 283.2099953333247
990, 283.1990530298036
986, 283.1792049993848
1058, 283.1481253793819
933, 283.060799110409
1286, 282.9848560250273
1777, 282.97894293732134
548, 282.7468609166696
929, 282.6933925163317
544, 282.5804039917075
722, 282.42885554172364
270, 282.38171363896936
3050, 282.33360863394796
2988, 282.2314353901563
2093, 282.0426906473696
3084, 282.03562339269604
703, 282.0189313934863
1569, 281.9080441234069
275, 281.7667732126844
562, 281.75528938373327
2884, 281.68345320113184
633, 281.66140250456266
1598, 281.62508704351103
2005, 281.6232477688061
1307, 281.57077247982704
2811, 281.4776884504231
1898, 281.34050082303116
3027, 281.26263502793734
1989, 281.2423516663721
1778, 281.0939842376088
2381, 281.0749210612557
861, 281.0189237378653
1522, 280.90980540746784
816, 280.7635838913502
51, 280.7199040433208
676, 280.6500783283608
1221, 280.6430436246217
3213, 280.5126607947792
2247, 280.3601324722932
1905, 280.30756648238446
425, 280.2612421648522
1033, 280.20606207214735
46, 279.96117037350274
3259, 279.93675547405826
165, 279.8996740544555
2795, 279.8008569298562
1930, 279.78092543550446
994, 279.73354884952573
1469, 279.53574473460026
604, 279.46863364441106
1376, 279.4216892141922
381, 279.2878500446757
1297, 279.2558107160169
667, 279.10591445862605
805, 279.07912752247734
2252, 279.05201827322105
2108, 279.0141064988552
2291, 278.9735959890549
2898, 278.9098483714263
3151, 278.90594922514157
198, 278.8229196578874
831, 278.56519901380653
2272, 278.4312669522965
666, 278.3922159362661
2391, 278.37977725478606
566, 278.3161624259222
632, 278.1860890626324
880, 278.0162585532017
2140, 278.00438293217564
1304, 277.97058388937444
1529, 277.92840076366076
3439, 277.84574568136816
1551, 277.7953533594273
1342, 277.78676225751303
1611, 277.70141461653975
2186, 277.6048239018528
1237, 277.5846344985537
228, 277.55900790565215
447, 277.5260500292196
1244, 277.51654599303106
1305, 277.4885864567872
1366, 277.44272831225356
354, 277.38677560978925
3192, 277.3844953628698
1017, 277.1888239896498
2377, 277.1176297454516
3413, 277.11043074813756
1276, 276.921653687996
1516, 276.92019749968495
1159, 276.9083116645943
2281, 276.7377494865565
1016, 276.68329012919315
3051, 276.6787243137341
2144, 276.3839150191176
1680, 276.32466492674547
1921, 276.314822602135
726, 276.23570188846446
3012, 276.15580249774763
842, 276.10607771729804
2432, 276.10411828072813
576, 276.0642712063972
2025, 276.05186225521425
1311, 276.0328127073444
931, 275.9425429187925
515, 275.9014092753273
1954, 275.89575652876357
862, 275.87937987099497
2161, 275.603764033499
1619, 275.39500033656464
2106, 275.3640794279664
858, 275.256511648619
742, 275.13615025131736
2034, 274.872055576926
2950, 274.8329898120786
2326, 274.8253556994713
1362, 274.78211633990645
1528, 274.72564135302093
1333, 274.5840201485563
653, 274.56546113661136
342, 274.5329396723707
3133, 274.45041373253423
702, 274.34584413848887
571, 274.29545330293723
445, 274.225750255227
1507, 274.19702649453444
607, 274.1822011970747
194, 274.1391481630827
1950, 273.72267613736676
620, 273.62632601289044
881, 273.61291283146437
1934, 273.57626513775176
2132, 273.57532769416235
975, 273.5403404792604
1476, 273.52047559925506
2149, 273.44439635132403
1249, 273.24614539025714
2276, 273.09759072342484
1344, 272.95610252703955
2133, 272.92777843071065
2741, 272.7917713458972
1568, 272.7892766139195
1381, 272.6462563093313
644, 272.3966853619042
1900, 272.3739832294722
3246, 272.14923349821277
3274, 272.14118243691996
1102, 272.0973687976071
830, 272.0841202183394
1063, 271.8392597181009
3199, 271.8108443932806
979, 271.74472103129534
1769, 271.6725492366082
3178, 271.6482167828419
3035, 271.355264031143
1949, 271.26507810733926
2826, 271.1461868884938
875, 270.95530285424144
611, 270.91678746188796
1317, 270.80912301632236
271, 270.7239233587442
1008, 270.7077501812532
1859, 270.64455460856067
2736, 270.6288969910636
670, 270.61734795505885
3163, 270.6088307315246
1407, 270.55689557497845
2880, 270.52007618218516
3315, 270.41290686750335
555, 270.32064584805045
2882, 270.3078463520347
925, 270.2404027119918
424, 270.14531130780557
2151, 270.1063836669653
1686, 270.0155050983337
1503, 269.9058842867244
1122, 269.84966768311136
2932, 269.75115995657734
317, 269.66862957385183
309, 269.66862957385183
1496, 269.662733738489
2419, 269.4997711765491
829, 269.36722228292376
2370, 269.267740339425
3143, 269.2475002594809
910, 269.15112395356334
1359, 268.91095559913504
687, 268.82914446977003
1013, 268.77893452583675
1385, 268.72614188725305
379, 268.600196812947
2317, 268.50770523878583
3022, 268.4984080687365
2019, 268.4701792265237
1666, 268.46051458162157
1383, 268.4575992702166
134, 268.44651790659225
1540, 268.39295522697677
1204, 268.22764545848844
3241, 268.18825761830294
2225, 268.0931088219316
996, 268.0549313909234
1472, 267.9945305680289
2127, 267.88223279418554
3092, 267.79837267818004
3327, 267.76129497864895
685, 267.6845136558858
2437, 267.5351098693641
1834, 267.49200590608245
141, 267.4104036208101
3144, 267.3699877293389
1015, 267.26169060383035
3384, 267.2149252484928
2251, 267.1527647531604
888, 267.1422090238946
1002, 267.02650616105734
2951, 266.9886553602877
2367, 266.71685882679634
57, 266.7097129067348
2808, 266.70244764252146
361, 266.670523188939
407, 266.66238584797713
1192, 266.52146678344354
3171, 266.35489683193265
1787, 266.26980968216765
1591, 266.21515334291917
700, 266.1422546565311
294, 266.1234500871305
3170, 265.94564339919634
85, 265.84525551815415
2749, 265.83358843866114
2250, 265.5876320503825
1453, 265.5518756498745
1082, 265.3526049750839
1707, 265.35186757757015
1953, 265.2853292757172
1375, 265.28096928774164
900, 265.2069706794899
325, 265.19207511768695
968, 265.1821185307826
1732, 265.09870347020865
911, 265.08740719846816
82, 265.0689432382865
895, 265.0081458263501
1243, 264.7325283717912
143, 264.714818930588
74, 264.71254282715176
3278, 264.6872699346855
2307, 264.68509928920906
3101, 264.62149549770953
1303, 264.62090738395233
2343, 264.5969909415905
2238, 264.5272900544591
1084, 264.4617714040676
427, 264.41531294301154
3432, 264.3325200467757
1325, 264.2814853187473
1399, 263.9563475459501
1877, 263.79920752707244
3059, 263.7951657506306
1935, 263.7826177059394
1439, 263.773296218594
3336, 263.6893285867661
1471, 263.5531392255258
751, 263.4143545001091
2159, 263.40870568638366
3305, 263.3892291968511
668, 263.3655190993897
1916, 263.12471557206976
2174, 263.121153261486
621, 262.9674343664431
747, 262.95867150068347
3062, 262.6093271532715
2789, 262.4610980593111
810, 262.4366553373746
2425, 262.3991197557006
1928, 262.38351918749447
1284, 261.92712310720697
2418, 261.84279635046494
1556, 261.8092477715597
73, 261.651757807115
2257, 261.6413869021793
2793, 261.5790486206616
2240, 261.511981648043
865, 261.49688782896516
812, 261.3775549442291
654, 261.3731194265022
1081, 261.23725312258625
2201, 261.2335162247123
3206, 261.1637239231264
678, 261.1585898613825
1360, 261.038126347378
1827, 260.9406438256274
651, 260.9170846697067
769, 260.9011489838043
3204, 260.89052909875267
298, 260.7781797863901
2336, 260.7762933201155
580, 260.7544756999768
3211, 260.70443763046194
719, 260.6716516197898
47, 260.65984136036553
349, 260.6560979314907
595, 260.6542779660594
2048, 260.55105925612963
609, 260.49057389674755
2112, 260.4885119655018
376, 260.3973672726127
1809, 260.3718435767851
1927, 260.33613832618107
237, 260.04788704985685
3194, 260.0233702744999
1742, 260.0085235490508
408, 259.9255337781739
3095, 259.8916818886768
563, 259.8699291558308
473, 259.8110716861214
245, 259.76986133523275
1677, 259.7531201911374
1767, 259.7524013299086
2002, 259.69764881115583
688, 259.38184971057166
2876, 259.3464753915213
2630, 259.33944602770515
1654, 259.27563705518884
2583, 259.14152021913503
35, 259.13011847903584
631, 258.8288067355261
491, 258.80505637606666
1897, 258.7819180828013
1044, 258.47593385004495
3024, 258.2631168697216
3001, 258.25064247652625
2223, 258.1420380069098
1854, 258.1080258812223
3294, 258.0854809730692
2003, 258.0320536340241
1121, 257.77581385020386
3380, 257.71340775187554
3186, 257.6608680212939
1738, 257.64933336570715
1766, 257.5776869157962
2404, 257.43529204801814
2483, 257.3474916112858
2178, 257.2254278971893
739, 257.21045331235933
3289, 257.18195821568776
1687, 257.1369198935513
1621, 257.13689374471664
3134, 257.0324054063712
366, 256.9901501635445
1024, 256.97448138591733
3443, 256.7965217522926
998, 256.78961483858455
648, 256.78961483858455
2241, 256.7411892420095
300, 256.68072733284174
771, 256.5278531213887
3284, 256.470527378068
280, 256.4332533994689
2221, 256.41345783448384
1055, 256.40625550799365
1796, 256.2733683956042
767, 256.2542417326289
281, 256.2507562184435
926, 256.2407626044349
2155, 256.081524287239
1401, 256.04045107792626
357, 255.98156544011655
613, 255.9360816878728
1205, 255.87987477894296
1874, 255.86701448090128
756, 255.84819218614197
1497, 255.82306658221611
2824, 255.78524375811972
954, 255.65200127982408
2651, 255.57728112302166
1774, 255.4622551442455
3433, 255.39673556941932
42, 255.3662051451376
2902, 255.34357948881402
2666, 255.30029869263623
3312, 255.2496753084926
2147, 255.2391806187757
1238, 255.09588245009033
1349, 254.87847834480786
1162, 254.87415861298965
3197, 254.8275133641371
3304, 254.5283774571008
3039, 254.49616611648028
1720, 254.46996437008883
2330, 254.44666692389924
3147, 254.44609846342826
753, 254.43079531982235
2118, 254.42151704413732
2906, 254.29961267142693
1747, 254.27125541363387
229, 254.04388715697056
1875, 253.99011211424133
1019, 253.98432369258356
2008, 253.87395219407946
1948, 253.8726960983374
649, 253.72220630961962
1725, 253.6078600360686
2215, 253.59160139038278
521, 253.29333239442622
1729, 253.14091443506447
1386, 252.9433211163985
721, 252.9320139722353
2218, 252.8400308482903
940, 252.74830823333718
439, 252.71927649019986
2513, 252.67692341490914
1104, 252.42459595939846
2104, 252.32472822272518
748, 252.3004264881519
77, 252.1868581801146
1231, 252.17361649985483
655, 252.14715280520556
885, 252.08244539888022
1952, 252.0157119910054
3006, 251.79408140725408
1283, 251.54940930221764
1990, 251.52639551169437
1606, 251.50340583334818
2368, 251.3707188476919
680, 251.35287064850937
2288, 251.31005210931545
715, 251.20312013418604
2454, 251.2029776367407
2294, 251.09283376613854
1918, 250.97767433022287
627, 250.93696464982798
605, 250.78881073806173
1395, 250.75790023261837
3354, 250.71294581998663
1627, 250.68851575657374
348, 250.64816867433294
2505, 250.5686357958008
1868, 250.49726202423594
695, 250.46901823647417
806, 250.435318955277
684, 250.35022892118033
624, 250.35022892118033
1922, 250.26508523571866
663, 250.07335886499715
88, 250.06932449658453
1932, 250.04926894799956
1722, 249.99307938628917
2253, 249.98490696584867
1805, 249.8559596280793
225, 249.75948172405418
2286, 249.58531184094733
1879, 249.55241681593685
2374, 249.54687925344055
455, 249.38117687074308
758, 249.37723166133608
3120, 249.35289211587968
997, 248.95234125726154
339, 248.9082066668178
995, 248.8998345924446
3451, 248.8773810851225
643, 248.81938091651799
2834, 248.52145888729902
1553, 248.48297153077266
2895, 248.44237001237713
3243, 248.40969248000454
2234, 248.35831366369956
1056, 248.24339129904558
3040, 248.14391066844007
1833, 247.9602765605366
326, 247.8262128002874
84, 247.73869317014922
3043, 247.6641519021837
610, 247.57314429267748
2874, 247.56765576333092
2742, 247.55489037749848
662, 247.49640507818637
3082, 247.44020861697555
1917, 247.4276618773032
2893, 247.41403642306457
2314, 247.34782808566797
2393, 247.32489541572042
811, 247.28456535932733
1896, 247.19831869040758
3200, 247.185264918792
2508, 247.10700272519847
150, 247.07195951771044
2491, 247.02169493793397
1313, 247.0078969307945
2688, 246.9815415860918
402, 246.84629188498997
2780, 246.82437822453645
2729, 246.81831767209448
1746, 246.81461957594013
2671, 246.77435916360471
3015, 246.6933724649426
2843, 246.66133887641567
1232, 246.53777126527913
58, 246.32876985165612
509, 246.31837692926712
2000, 246.27974057757044
2332, 246.27925983210616
2328, 246.08809680991698
1783, 246.02786113103505
966, 245.95928971860823
460, 245.8392808152447
3450, 245.81078872483474
2835, 245.73042950383228
921, 245.68264688264023
2948, 245.64584959644586
899, 245.6200873667092
2128, 245.52831559554642
2816, 245.47197595269174
807, 245.3007072230043
3183, 245.2251437839576
915, 245.12216552376475
1641, 245.1190506970759
2442, 244.85072381779787
589, 244.7297786904982
367, 244.70912346546015
1695, 244.68006326589835
1718, 244.65619104975252
2203, 244.65568568784457
1871, 244.62088231501596
282, 244.54662066030545
3350, 244.47086195627108
318, 244.41812071100128
513, 244.38927566685524
1970, 244.27834831629306
1685, 244.23664320451843
1646, 244.2257041827298
2098, 244.2073555203999
598, 244.0877034089289
818, 244.06004216872788
1338, 244.05630098854655
2721, 244.02742700264366
1296, 243.77799435268432
2182, 243.75182718421087
1669, 243.70615134521643
1771, 243.56855777042463
1894, 243.53415660536754
679, 243.45777259177103
2353, 243.2897707765351
809, 243.2492723857355
302, 243.24855022520634
1570, 243.2187047623609
2363, 243.1709571198351
570, 243.1315702007971
634, 243.07480495519982
3146, 242.97821916773538
978, 242.97429421594217
2782, 242.93991247130862
1929, 242.85262927147667
3150, 242.84989947217795
732, 242.82422121269244
340, 242.8037045225769
3273, 242.77662909930288
1538, 242.7038325391206
733, 242.6998191042433
835, 242.6568353867438
1899, 242.5581776372545
1757, 242.47286493590659
2812, 242.39841593189786
890, 242.33984575403707
956, 242.2142082676636
219, 242.20083058651576
1797, 242.187623214946
819, 242.103492497147
145, 242.07921694675235
2566, 242.0682004285982
2280, 241.99222263167982
2640, 241.95154579699766
2848, 241.9028976838929
359, 241.87456280614126
3314, 241.7587019255364
2677, 241.75263051134584
1602, 241.7042807608977
3184, 241.65207336415105
265, 241.6129423343426
622, 241.55165327932588
2021, 241.4271001875523
398, 241.3234557237139
2703, 241.28978098041492
1334, 241.2052877492552
2587, 241.15222959907737
308, 241.11194783512286
1793, 241.0346638697606
2784, 240.85260419048734
3023, 240.83206319261416
1363, 240.80045605266494
3248, 240.78646712881692
587, 240.7488262598177
2379, 240.71497167246505
2645, 240.7060867198673
877, 240.68548034698384
1337, 240.6787995587344
2788, 240.58325613243443
1625, 240.5661636948029
1971, 240.536584011128
343, 240.51831530751198
2559, 240.43581815871804
3123, 240.3929452331649
2755, 240.38034239365962
327, 240.2919091444696
244, 240.23734797632744
863, 240.23197781622807
1756, 240.17913468785474
2838, 240.023730539771
518, 239.98904239987016
3105, 239.92540701806135
345, 239.8953543994455
2039, 239.85509810716715
512, 239.75324262361366
2917, 239.705466944173
2259, 239.6972905641528
1956, 239.62248707591172
859, 239.5412466282203
3264, 239.45880365872858
278, 239.35481558876631
838, 239.3411543003436
322, 239.29679742325303
310, 239.29679742325303
2101, 239.27043496594038
2823, 239.24133559890137
1708, 239.24100145113
1802, 239.20073521519745
2705, 239.13223753394135
1903, 239.0331372360948
1609, 238.91833169133147
2001, 238.67752330394813
3444, 238.66423546760606
1968, 238.5954156950751
3415, 238.40444784804768
699, 238.39811623696744
578, 238.3303591956231
1185, 238.27917320380513
291, 238.2294691340803
878, 238.21725200384083
412, 238.07075841110543
1812, 238.06052270298042
1647, 237.96400280126107
2696, 237.90378924844268
1258, 237.86728572731988
1858, 237.59909821895923
1644, 237.5004532706423
3187, 237.42953268678227
2758, 237.3959854046774
2694, 237.36987617434193
749, 237.31355868892948
1698, 237.3074646792173
1946, 237.29870532747609
1937, 237.2896597951753
2385, 237.27814892884385
3239, 237.20569020213395
1592, 237.19097442276427
2514, 237.14993258607777
950, 236.9438392348804
1379, 236.7678905469804
947, 236.72907965604878
2420, 236.71565612052416
2553, 236.68248284519473
411, 236.67392307980205
2620, 236.6182492430523
625, 236.57310725695555
1526, 236.523628047207
2901, 236.48331828152195
2562, 236.4463288357236
1988, 236.39998271735027
156, 236.39270007653226
2607, 236.37375975183554
2558, 236.33371737785498
1987, 236.14536134584614
2329, 235.907096968269
1731, 235.67683640775883
1552, 235.6737553718749
3318, 235.58843832235644
869, 235.5403954902438
1106, 235.46863513071105
652, 235.45021690913256
3299, 235.41236976932643
1869, 235.38167445491231
941, 235.1964956044723
2258, 235.05000866586187
1310, 235.04183833635187
2536, 234.96555197162326
3090, 234.95717960036106
1000, 234.86276200368107
3324, 234.7869802068631
1739, 234.76455049856884
3255, 234.7029978831388
3063, 234.62878436795344
2004, 234.62330204994885
2855, 234.58817431777527
1643, 234.57711390582244
250, 234.53740461214056
2524, 234.45684607332706
1290, 234.3785458450019
2690, 234.37576432413812
2017, 234.24164925279445
3352, 234.2230603481313
2686, 234.19349999870133
551, 234.18033197222738
734, 234.15847215652988
1892, 234.0667828212592
3168, 233.97903948921126
276, 233.97341843570274
3129, 233.9680444812487
2390, 233.6450717775136
1171, 233.53440939387713
1546, 233.44065333551546
2892, 233.1268501164678
2814, 233.123660513123
3225, 233.11432940943976
3224, 232.9832641259865
1901, 232.98046387568795
3290, 232.7355877160711
889, 232.68018775333465
957, 232.66319830301362
1717, 232.64532538514547
894, 232.50684287659095
2781, 232.0743165508502
988, 232.0349400200227
2338, 231.91932480829863
991, 231.84354940363406
360, 231.81716508383437
2887, 231.80515858605196
87, 231.76814370501083
355, 231.75632127976266
1740, 231.7345878310321
841, 231.55370427135614
1816, 231.49518893957236
1682, 231.40955762469486
2864, 231.29800887634883
54, 231.29162729788894
3162, 231.2662747829103
1714, 231.17096313697272
19, 231.1348291884778
561, 231.09184987226055
1795, 230.9912966544507
757, 230.75998803640294
592, 230.66674463124437
1936, 230.59383943576537
341, 230.54150106109802
1938, 230.31398013451243
1626, 230.30353959897715
409, 230.29911526448342
399, 230.22851200239637
3130, 230.15492832338492
2371, 229.9256979274863
3020, 229.91520791382186
2710, 229.8995153814117
395, 229.88108125697516
1565, 229.82336478036646
233, 229.5994105563387
1703, 229.5589488999892
2657, 229.426454520228
1005, 229.10741416614331
2574, 229.10086057748546
3041, 228.80005814821376
25, 228.7711549902086
626, 228.6410657356587
385, 228.5916684585576
833, 228.5678686017178
214, 228.5169837729735
2610, 228.4799392882236
1726, 228.40377996353087
965, 228.3868829004229
3080, 228.3759524827636
1384, 228.18993677352242
3066, 228.14640826769647
1350, 228.00531455073988
2111, 227.96362753962546
2096, 227.96362753962546
2886, 227.94486480180288
2316, 227.9370256176683
2102, 227.91840001148054
3279, 227.8227175955343
2779, 227.592210345283
199, 227.46488681812932
1642, 227.26132983263966
1057, 227.238056508996
951, 227.22124817791266
1715, 227.17958581900012
2756, 226.89563978181675
2473, 226.76118777948247
216, 226.635263342624
2785, 226.27449313285774
2030, 226.27149404975546
630, 226.11087056649782
3207, 226.05958719999526
1933, 225.82506413446865
2287, 225.8088846773437
2497, 225.7670580676463
2571, 225.58580120571057
2836, 225.54753844147876
681, 225.45277501486746
1733, 225.2732083151338
3347, 225.22467146792792
2896, 225.1829690348915
1545, 225.06421547472797
2621, 224.83485772517923
1712, 224.8102604756383
1701, 224.78261883283614
3449, 224.74671801968816
1347, 224.67207050436653
2244, 224.609953921723
1721, 224.55140911049233
255, 224.54210260785075
2653, 224.3332454378113
2335, 224.28051350602624
2137, 224.1425515720139
1755, 224.00484475657728
1873, 223.92655082256633
3111, 223.9120967962757
1798, 223.90434721028177
1705, 223.86145469228623
1924, 223.82558574710205
1923, 223.67394351959064
400, 223.61688170626638
1891, 223.5398127122546
2681, 223.50992856567956
2561, 223.41290647276404
2883, 223.39851269642176
386, 223.37939526028515
1955, 223.15253280743795
2650, 223.1409207026294
2944, 223.1121093233493
794, 223.01994292673464
1752, 223.00341253471785
1845, 222.76341037486196
404, 222.73611966128152
2248, 222.56943821823563
1763, 222.5078930912354
591, 222.46821789987868
3265, 222.46114428997012
2305, 222.4221289527249
760, 222.3973823848453
1628, 222.18606987075887
1966, 222.17579542060693
3099, 222.14951623151796
1028, 222.11298871541484
21, 222.03474876685476
2357, 221.98232916067718
3316, 221.9457104867096
2959, 221.72211586461992
1775, 221.58780268937429
802, 221.52145379497156
2624, 221.50971491105503
2402, 221.41689133836016
3306, 221.3839342402589
1784, 221.29282742532223
1630, 221.23015299190743
1355, 221.1772982948988
2152, 221.0838816809084
2738, 221.05856604989162
2745, 221.05834264777116
2827, 221.00783071062713
20, 220.8794134311447
1373, 220.87167462852548
2668, 220.83343745878054
3112, 220.77266201629206
3013, 220.76654509001247
396, 220.76405777731452
1843, 220.61480306244403
1692, 220.60970680210895
2520, 220.5566821167738
2683, 220.47981517798482
3097, 220.38615807701078
2572, 220.28460077465934
647, 220.2831929132877
254, 220.2657634356185
1463, 219.88187440629554
772, 219.8316557152483
1047, 219.80130938843885
2649, 219.798894101999
2611, 219.52273254103196
1613, 219.29608548736388
137, 219.06297596666641
3295, 219.01347777226326
2568, 218.73779533439804
2527, 218.68808859831177
1945, 218.62886336179952
2885, 218.5092745204224
2641, 218.47802968921877
1547, 218.47662100470473
3218, 218.35348343027232
2217, 218.2990391259418
287, 218.19335851448966
3323, 218.14093237413377
629, 217.9596238966418
2712, 217.9288906310172
2601, 217.9195661142789
2720, 217.89692536785574
50, 217.8264822637492
1844, 217.79384046140518
2635, 217.70243969427622
1710, 217.64756150267377
2563, 217.61912621097642
3288, 217.56603948454855
3201, 217.4598050764177
2890, 217.21929738447417
356, 217.21535495450595
3383, 217.1720302042168
1826, 217.0929079132441
2525, 217.0401786746289
2995, 216.8214540184934
1821, 216.79839511720152
1631, 216.7705565405132
1947, 216.46222892435316
1012, 216.32895877150543
3442, 216.30182040630234
388, 216.20691600258414
884, 216.19687961257762
127, 216.14693516339838
362, 216.04468165161975
1735, 215.96144031391964
1744, 215.6975449013558
1748, 215.6505302562191
218, 215.6358167928707
2945, 215.3007066054237
508, 215.2840388778822
1659, 215.2694320195477
1716, 215.21786851180607
2608, 215.18089369530153
1762, 215.08517652533723
2652, 215.02346129060945
3362, 214.916921015486
939, 214.91015074310044
3136, 214.8027617047471
628, 214.64461033536284
874, 214.45279303333513
2485, 214.4365705244234
2580, 214.3896072928823
1645, 214.28316215436587
1670, 214.19867333181347
1684, 214.19733161493227
3311, 213.61254364431224
1941, 213.5156468949375
1657, 213.4861783060796
1633, 213.44233623777606
617, 212.97025368025163
2726, 212.95440728334682
2646, 212.94181029179305
1781, 212.57041322030958
2656, 212.37423486454836
1764, 212.36686445648147
1730, 212.1970176506523
1672, 212.1871896080841
1842, 212.04456684660403
2293, 211.89534118560434
3254, 211.77857418496694
2533, 211.62860801551565
3011, 211.62241971555687
2364, 211.37381137791814
149, 211.3689470270194
2597, 211.28796685341817
1668, 211.27075803661458
1741, 211.19464363099053
2358, 211.0701294741659
1700, 211.04263632852212
2493, 210.89834905263956
2397, 210.8654930889327
2449, 210.77890150003904
2894, 210.73708997291396
36, 210.56827035725794
3094, 210.55605875657108
1699, 210.55438876474162
2451, 210.4240718195462
1967, 210.37873661764272
1724, 210.37379909355954
1616, 210.25413965696723
1743, 210.1333187388253
2486, 210.03960293401792
2289, 210.0355076306527
1541, 209.91316278560274
1671, 209.74622099299427
1274, 209.58737475866343
2456, 209.51887173912618
2935, 209.50541915900462
80, 209.33140598694473
43, 209.32391859162965
3005, 209.2589431889671
2592, 208.98000241635685
1765, 208.9228783468385
1728, 208.55074348022805
1759, 208.51206601839317
2697, 208.26351291643851
3007, 208.11904031093985
1754, 207.99824916020697
2212, 207.9641193446964
2466, 207.8364080182741
195, 207.8352411282896
344, 207.73043868759547
2340, 207.61027752321647
497, 207.40863897475472
1706, 207.40612161527554
1745, 207.37326525433755
2980, 207.17278979575406
1114, 207.12285783852187
2904, 207.03305349313726
474, 206.56076306084267
2693, 206.41861220059326
1190, 206.16342643724545
1665, 206.06483109012237
252, 205.78691969887942
1649, 205.7678736211892
1650, 205.61938743700304
1704, 205.60024386272096
1931, 205.53467966614346
2383, 205.4320586074801
1768, 205.41211061733878
1637, 205.4096709294705
2853, 205.16757437313032
2528, 205.03134895837428
1734, 204.76722949703858
909, 204.7320277881249
2543, 204.54792612954998
1679, 204.53018798206753
212, 204.52259526956306
2333, 204.45854262026074
1639, 204.29839227020787
2283, 204.26831188660555
2604, 204.26524407689837
3220, 204.2289773826336
1648, 204.05336217685314
405, 204.02817736615734
1727, 203.9399779378211
1919, 203.3788137746583
1629, 203.3736079987557
2575, 203.28577743925982
2204, 203.0684638203478
2658, 202.87732837758406
1542, 202.80563292279828
1697, 202.65033631735275
1681, 202.62308381610853
375, 202.3506239844015
394, 202.15043433172062
1691, 202.137745692668
2475, 202.07065644216758
2655, 201.9347519115178
2809, 201.89966931431275
3232, 201.8823751000154
2143, 201.68163446396989
793, 201.5500411558913
2453, 201.51269387331232
901, 201.37439419297007
138, 201.35385214975415
2179, 201.28261266612319
2339, 200.97170735546248
196, 200.90746122048242
2673, 200.43655192620068
2461, 200.4243620018155
3258, 200.2200477778942
1749, 199.92619210554415
2713, 199.86950252324326
1702, 199.86729046424296
2612, 199.7924336698734
2778, 199.6011394569416
3195, 199.49645416816332
2623, 199.3940506902576
2648, 198.88665984509436
2239, 198.87660921731393
1287, 198.84727855831943
2616, 198.84226890983805
337, 198.49869095811286
1751, 198.44540709188146
2679, 198.40213176929396
3296, 198.32886183516587
2235, 198.23684318246958
15, 198.20532949124419
2087, 198.06270247134466
2484, 198.01688813088884
2589, 197.5128235605374
3231, 197.50454585131237
2282, 197.43769661053054
78, 197.35974823440125
2605, 197.3526627145772
3313, 197.25587286390729
472, 197.244829377118
55, 196.78643347266203
2821, 196.78022448672857
316, 196.73096683330286
2185, 196.6509306402722
2167, 196.49549567353625
2626, 196.3073481209916
2531, 196.24871974178
1674, 196.14717422347223
2564, 196.13864648230646
2606, 196.12184678882778
2498, 196.11239149233526
3160, 196.02109335116808
1636, 195.88553860369015
3091, 195.76628537221734
1635, 195.70119213105122
1696, 195.43045161594478
1267, 195.36498669599345
2509, 195.35754390189905
2490, 195.02905850846716
2687, 194.983523210168
3262, 194.90045607415655
2700, 194.69197975272894
3036, 194.56231368579554
1045, 194.39298421704976
2462, 194.29792602282788
3113, 194.2302835802115
3261, 194.171047128941
2538, 194.14029262344505
2695, 193.85786256700933
2511, 193.8486978582617
2869, 193.76671937872374
2675, 193.66179579268817
2519, 193.63018737573202
1737, 193.62353562840067
1530, 193.6020877285816
2226, 193.60202839493337
2586, 193.44928374293664
2496, 193.41269868707855
2704, 193.33283108811773
2707, 193.25816228985673
2139, 193.12702937165346
2822, 193.08208388720243
3021, 193.0200660065214
2184, 192.95743777087594
3193, 192.9091021623732
1750, 192.84074001855265
2455, 192.79753368179755
2534, 192.69385303269183
38, 192.5881931913664
2464, 192.42562176079522
2629, 192.33638087349635
1557, 192.33498181051934
2299, 192.27355468870556
2654, 192.09492687466587
2094, 192.06970017572846
1532, 192.0556357252212
2692, 192.01826571355622
2264, 191.44972655907597
3251, 191.23918601950328
16, 191.13048875611292
1564, 191.09217456305427
1652, 191.0345799506982
2492, 190.98229994967937
1960, 190.7474839786989
2249, 190.61085435324964
2570, 190.54842624751558
3344, 190.3964468130527
2177, 190.3438056395026
2603, 190.1818151475162
2522, 190.1508624047709
3329, 189.92733245234606
3180, 189.89804844963524
2349, 189.55876654408638
3165, 189.54557165114272
2401, 189.44856363420666
2345, 189.22408568658585
2665, 189.12232286771638
2346, 189.1125699384614
2727, 188.94558166324816
2581, 188.5473633152512
2341, 188.38300920048712
2488, 188.2734984794293
2506, 188.18857692665648
3260, 188.01686317778578
83, 187.89646794937954
2499, 187.83517217939024
2342, 187.73411894350969
2600, 187.48386687308826
3361, 187.11884534111806
3100, 187.0337675435637
3364, 186.84475909978153
1364, 186.77147206793495
2638, 186.56022736092075
2760, 186.49029815315495
2313, 186.46944437515293
2495, 186.41697193317975
1559, 186.26122469461976
2662, 186.2401013665843
1655, 185.72028813364273
3019, 185.56914165662474
2632, 185.5552899646953
2044, 185.37196976645572
2460, 185.118151034201
3216, 184.97996139537312
2644, 184.61589744940164
2479, 184.47093505091976
2452, 184.33783409556347
2284, 184.22522577407125
2743, 184.1597313845742
2079, 183.97338168680938
2714, 183.5664571614566
2037, 183.43783788724144
413, 183.42764749344684
3219, 183.34267327122194
2970, 183.19798834560922
3301, 183.05632229576557
2565, 182.97298027687745
2591, 182.63023654846313
2440, 182.45993587494561
2530, 182.0770238789423
3266, 181.74182445806426
2698, 181.50216453348668
2664, 181.35031972438537
2444, 180.9664450641962
1358, 180.91422964846134
2535, 180.4594458583149
2092, 180.41050859864694
2625, 180.2953630237988
3223, 180.2779645108369
1847, 179.85728961212433
3008, 179.4288818742636
2670, 179.2838768949904
3357, 179.1854004968552
2477, 179.10700448296697
2537, 178.98695828510316
2674, 178.9591355892418
3221, 178.87372091731595
2684, 178.43870387587114
1664, 178.4364371892975
2598, 178.2355884145479
2667, 178.10864196483618
2457, 178.08539200846207
2061, 177.91142261122326
2699, 177.71713126417276
3033, 177.6621218918489
2659, 177.61148966083917
3222, 177.47213852193948
2541, 177.1510125754348
2631, 176.69763030625
2472, 176.6552249248546
2660, 176.58128696992367
438, 176.55255506527058
3217, 176.4860335599624
2510, 176.36093860827282
2469, 175.90801955650673
2405, 175.58065757074772
2474, 175.5634103403504
2661, 175.55600935476858
2691, 175.0573451457825
2576, 174.70328318216576
2669, 174.48081120657773
2702, 174.47542476325097
3249, 174.4213457083702
2448, 174.36624293561087
2504, 174.31548149694018
2542, 174.23100355888357
2609, 174.20711206140123
2552, 174.14728455042342
2627, 174.0847641755834
2617, 173.92134044272748
2614, 173.78821470065435
2494, 173.76043352538596
2634, 173.48753418360872
2502, 173.4387791456977
2501, 173.4387791456977
1109, 173.31089021874487
3253, 173.0727334902092
2476, 172.84706452338236
2637, 172.84197776231227
1300, 172.40680320365072
2521, 172.3957336700824
2724, 171.89921707629014
3263, 171.8467719144177
2956, 171.5178396683363
2866, 171.01864821623374
2529, 170.95220361554132
3325, 170.95025157726525
2089, 170.75744411104245
81, 170.49995756465182
2459, 170.35309240334462
17, 170.16751756630634
2567, 169.57320438933618
2585, 169.56340890453822
2478, 169.49718890298104
2557, 169.4148128720875
277, 169.1149480299814
2676, 169.09255230019988
2663, 168.93000631807763
2678, 168.78472407676554
2706, 168.651486034159
2633, 168.58131724558396
2554, 168.33012713329916
2074, 168.02786431250289
2560, 167.95519945839575
3250, 167.6627025327242
2619, 167.6611002508591
2082, 167.41610645494583
2467, 167.34706479386784
2685, 167.34507563013653
2523, 166.81385014081883
1560, 166.74304342436255
2577, 166.70453117453332
2628, 166.36576588927542
2544, 166.25017209787018
2482, 166.20272923736414
2613, 166.01698982085432
1969, 165.86631020669853
2595, 165.82130214607642
2573, 165.8100759045755
1052, 165.57436106943746
2443, 165.45943265959653
3358, 165.41207841351007
2680, 165.319028179006
3365, 165.02580706850642
2689, 164.9574747687694
1965, 164.89307165742355
2588, 164.84982046093037
2642, 164.46237780203245
2481, 164.32238733577353
2909, 164.26967873462686
14, 164.2208597081397
2545, 164.21072424973113
290, 164.17386323587618
2465, 164.04424876105458
1520, 164.0098629543739
2447, 163.92974898971144
2701, 163.65089179504554
2618, 163.54962508253774
2445, 163.45069517861032
2480, 163.21384032707147
3307, 163.16551525013438
1519, 163.06593919053554
2512, 162.63495492904556
2602, 162.546608700366
2458, 162.51499682223493
2643, 162.44082896346086
3345, 162.4404715243707
2047, 162.4399796510571
436, 162.4374089331768
3326, 161.8452840838749
2489, 161.70670739080293
1046, 161.42755307600945
3360, 161.29048361989743
2708, 161.2336922014457
2728, 160.7039299818969
2599, 160.47530558987842
2463, 160.35257511363346
2446, 160.15986919117697
3252, 160.10009030766562
2487, 159.84722986931516
2636, 159.50851486203007
2081, 159.45580429444067
2584, 159.40513191215769
3391, 159.13324835279548
2582, 159.08861956352243
2593, 159.03569538306007
3308, 158.8862215872586
2516, 158.64552277318515
2540, 158.52871655770792
2555, 158.38679057608095
2639, 157.87454804645938
2057, 157.56918781118435
2052, 157.4574275254824
2077, 157.17587555261346
18, 157.0871433402343
2590, 156.49300052708483
2090, 156.35184483322965
2031, 156.281953903071
3177, 156.1101959161797
2468, 156.07564746209866
2526, 155.64660318326736
1537, 155.61560215490243
2914, 155.18360000861622
1053, 154.42935066606643
3446, 154.30941483351555
2441, 154.05693867422616
2450, 154.03253982675798
2539, 153.73821895402978
1103, 153.53696848675335
1118, 153.48377920755286
2647, 151.7583157333293
517, 151.7194783315177
2709, 151.52067049017433
3343, 151.2515924511899
2596, 151.2364523241753
3238, 150.54444098543487
2066, 149.9848882536497
2579, 149.89755984883507
2060, 149.3374138268242
2615, 149.0487868041355
22, 148.7620088263669
1558, 148.67278701939654
2471, 148.51856488458063
2038, 148.43356852506358
86, 147.65560501265293
3359, 147.41300267721445
2517, 147.23746782391493
2500, 146.54133708669667
2594, 146.25905907047712
465, 146.0897099334215
3438, 145.71034890242507
2040, 145.06220016537677
500, 144.94223425266227
3085, 144.64421346494194
2916, 144.6310574359619
2503, 144.28616931650708
1878, 144.12546760110376
3237, 144.0853803370361
2064, 142.81288446448377
59, 142.664191474831
2046, 142.4343027649651
2515, 142.16318331031536
2732, 141.70375988499774
2058, 141.69023576666842
2682, 141.4382722653353
3346, 141.37164250584684
2036, 141.02548788354224
1164, 140.59446848457893
2470, 139.0960065707577
507, 138.55126138699728
2043, 138.33028285171554
2578, 138.25030240455433
3363, 138.12320965071217
459, 137.6430749925167
461, 137.6416855358216
63, 137.00601200516832
3240, 136.712765787402
2063, 136.3098338325308
3242, 135.81906443374768
2085, 135.57156310642955
2718, 134.49823916225353
2569, 134.45614352301953
484, 134.40027422184346
2725, 134.33332517177834
3256, 133.79505384441717
2672, 132.33174494673946
2910, 131.6978422925082
477, 131.54633412276516
273, 131.45980739369318
111, 130.6673649566099
2518, 129.75002042221817
3257, 129.4150354011868
184, 129.09635312818682
292, 128.64082285316522
1535, 126.8897248079368
2532, 126.86540143901892
2868, 124.99472125262166
1051, 124.59819845199364
2556, 124.47460338743123
387, 123.92434827667559
33, 123.90650368319015
442, 123.35126285189793
185, 123.04229556035848
1165, 122.90102204247393
1093, 122.67700851928485
490, 122.26788660335345
60, 121.28456514196964
2054, 121.09709749898805
3282, 120.74836356276755
305, 120.43185963090367
1092, 120.03394897172966
590, 119.00053438462018
1972, 118.42186364368554
2035, 117.85099637832003
1054, 117.50517805915723
223, 117.50417692214697
2711, 114.99236398353983
2049, 114.92307942220364
187, 114.80053836126218
2924, 114.73425133312989
3309, 114.12410628452844
49, 112.86659494048983
224, 112.55764764717432
2062, 112.18900162767184
2042, 111.49811387275054
286, 111.04005509152606
1861, 110.99688229588158
489, 110.77592125009701
2051, 109.88043110672899
2107, 109.62526435090439
2912, 109.43704338054962
2067, 108.69320383349128
226, 108.5182050693695
1536, 106.32027165181938
2925, 106.28836299448018
2923, 105.85747486761755
1048, 105.35652469830866
301, 103.48958769132611
2072, 102.4491711130019
1049, 101.73540320702313
2931, 101.5696887928587
285, 101.3193328235965
1925, 100.63462506010558
2871, 100.47399995450048
393, 100.39697853521943
2084, 98.72875759206313
1863, 98.2270106585433
2940, 98.15165222987284
1050, 97.85384006566025
2929, 97.83596712999115
2922, 97.57420342410524
2928, 97.38422074771955
795, 96.2673399992285
1158, 95.98507257786294
2926, 95.41327051861344
2937, 94.8244464390904
2952, 94.39574045322522
2872, 94.13363177260584
2921, 94.08227746626488
2927, 93.87569400993584
2911, 93.74007327576216
2938, 92.8789185127146
2933, 91.98776764944188
2939, 91.03691732817542
2941, 89.53551363448697
2934, 89.10578833427556
390, 88.794289495621
384, 88.29803957771813
2954, 88.1206512658602
1534, 87.61941932738004
2957, 87.2222514882551
2073, 86.50408195796625
3412, 84.8748662439743
2943, 84.57853731905762
2955, 84.49410647415353
486, 83.32914777359653
2870, 83.033888751599
2930, 82.98020253665761
391, 82.7713424135242
2873, 82.34105438262176
403, 81.86911092742896
2942, 80.57497432571814
2865, 80.56522654095247
1064, 78.90730660183877
1468, 78.35805773372243
516, 78.20945688961311
3145, 76.47457768449735
2867, 75.73584227540793
3411, 75.64875799812286
1862, 75.37076840444725
1264, 75.28619175177153
2012, 74.8768120608751
2739, 74.5330188925292
1157, 71.45637777417731
519, 71.3838792514467
493, 71.05203556188079
3121, 69.44385277094264
183, 67.02325578823566
3161, 65.585011827869
1612, 62.95676608822606
