2860, 2212.227961684798
2192, 2096.6141320698107
1800, 1953.1676801503404
2861, 1781.617746370733
2191, 1679.074309940167
1457, 1518.2071544085943
3310, 1428.2256906919001
1324, 1390.264948610469
10, 1357.2231077842453
117, 1353.2605349798596
2208, 1347.8395155761918
1785, 1317.9815015832155
1709, 1271.4674990675815
1814, 1264.5082302385858
2211, 1260.5842256899098
3164, 1258.0538592368011
1723, 1242.1963466274076
1509, 1234.2528442147316
1302, 1220.2234959981067
916, 1207.6014142955628
3188, 1203.783898666103
1255, 1203.2797860302323
3234, 1173.6295449147176
107, 1166.0306827846434
260, 1154.033573017226
2242, 1151.6711988073107
1632, 1139.7639756193973
1309, 1124.920780064241
1316, 1124.2914578143693
2971, 1116.7106351176851
1882, 1106.350827083658
2857, 1087.6830570861816
2010, 1073.5188602265803
96, 1070.3259156322836
2153, 1061.418012975773
1216, 1060.2773773403917
182, 1050.5114179876716
2731, 1042.2209800779985
2134, 1039.9552990204
1794, 1034.3648477809566
2193, 1030.6814415976683
1410, 1028.1048903716653
3431, 1026.1459771555926
2158, 1020.8450127837579
1788, 1007.1500937554877
1073, 1007.068642301829
1864, 998.7793212293641
1838, 995.1866994582336
2170, 988.9146508451321
1806, 987.2039202270153
97, 981.927448867373
1440, 977.5545781439165
2805, 975.5361933451707
1813, 975.4151727828419
1818, 974.028421122884
3009, 973.0560591528707
115, 969.7002936093302
64, 969.1994523602972
768, 962.875301810818
3417, 961.0951798673312
2320, 956.072912074859
2900, 951.9726112527325
32, 941.6654346610461
358, 941.3543563304518
2832, 933.1386799290423
814, 930.7396554245045
2859, 929.2343333896655
2270, 928.1904396075466
118, 927.8133069994535
11, 925.5624647837305
1428, 917.6276770272168
2207, 917.2534492896187
3392, 911.3939944030886
1634, 909.1766080862955
3376, 906.384439373092
268, 904.5300999146549
68, 899.4401797845534
101, 896.8476617227491
2351, 896.6303962866832
65, 895.8653296884864
2395, 893.7857539361578
1220, 891.732202024497
72, 889.4193816570267
28, 889.4182660432066
1588, 887.6563658653695
1962, 886.5882906509169
3387, 886.1867502270406
93, 883.1097490217338
2097, 882.2181307432578
112, 881.0367816097597
510, 878.0531984705447
2856, 877.7842261713971
2414, 873.7571001366605
953, 872.5438310563393
0, 872.1337812642782
3025, 871.0703825461048
2275, 870.6769367168647
3235, 870.2683310539995
1397, 870.1895418077879
3000, 869.1640272915737
1034, 864.9658374583206
2384, 862.5248709403952
1418, 861.8289587947335
1484, 861.7411431049848
1638, 858.6171867002472
122, 856.606495857561
923, 854.4999431005461
1824, 852.291321043893
524, 851.897470500825
2889, 851.6968086678398
1605, 851.4360938872269
1663, 849.7284350208646
94, 849.3954662125078
2878, 847.4215626603657
1156, 847.3581459415992
2999, 846.3090764018241
1153, 840.7668472790602
2124, 829.5715335142756
1884, 829.2023343345006
4, 828.7708901982388
1269, 827.3414007037868
116, 826.1824383628906
1776, 824.90222100992
7, 820.7888347367367
1004, 819.4291395356768
526, 817.068921727455
67, 816.5813648332092
13, 816.3181354773574
70, 814.2526294230901
69, 814.2526294230901
1694, 814.1859761316599
2787, 812.9652387888082
1210, 811.7591780913656
1713, 810.5991682363457
30, 806.8340598421252
2135, 805.5715647680266
3356, 805.0533998795374
2972, 804.7732200044284
682, 795.378095342697
826, 793.6957031598155
3349, 793.2150486928989
857, 792.2152349597037
95, 790.391843826153
2399, 789.4582103530358
2435, 788.988722524008
2428, 788.988722524008
2775, 788.8580058772883
109, 786.9402332006434
1180, 781.8637490624949
2550, 781.1600156067783
234, 780.1238258493381
1061, 777.5383043776134
2236, 777.2498508940896
641, 776.7042116352146
5, 775.1240098857429
2157, 775.0831532683402
917, 773.9035496183001
2180, 773.2497833438673
1406, 771.8503754837478
2205, 770.6003899145948
3122, 769.9937095922181
3236, 769.8608458562674
727, 769.0438284061577
2936, 767.7609855199273
144, 767.6854760412593
3018, 767.2405987909669
2196, 763.6600358399885
179, 762.6138545702706
2318, 762.4809991163307
167, 757.4731512930936
1996, 755.5669006475753
637, 752.9095343602822
3374, 752.8519006266158
1958, 751.0343513004586
2194, 750.0238008540546
267, 749.9377075211332
848, 748.509175298357
1562, 748.1188815554718
3428, 747.278497001069
3269, 746.3441009025939
1151, 743.5317134958262
1003, 743.0674835642478
3406, 741.5110105481568
2806, 739.9801330018411
1123, 739.4246688592199
1658, 739.4192456769928
3140, 739.4055212200614
8, 736.9691678958726
1068, 736.9621341399501
3137, 736.8782738477491
1907, 736.3389785743063
1940, 736.3207823586795
1951, 735.4801643398274
2433, 735.1831575948225
823, 734.1935086750074
1939, 734.1603234852884
1039, 733.9096047309106
3126, 731.1819348124095
434, 730.3157473285348
786, 730.1012675411923
1224, 728.7671514009023
259, 727.1955059815749
1207, 725.624863030771
249, 725.2894274430427
522, 724.1591381028479
1441, 724.1472250059954
2243, 723.3215559068535
1807, 722.9272012609232
304, 720.9408699372648
3029, 719.5901822411536
166, 719.4280097977933
788, 718.805854288697
1062, 718.3945966215291
1656, 716.6104082391836
1640, 716.5928815345088
1306, 716.265854149343
1810, 711.5128157829347
1822, 711.0594602202184
353, 709.6757830436486
2915, 709.0821095362384
579, 709.0752621284643
2801, 708.7331092753907
421, 708.5814484675769
3017, 708.4621633178426
1225, 708.0882867773975
3319, 706.6174963449731
1108, 706.4567344173577
3138, 705.4641556513153
2551, 705.4377579080402
2378, 703.0526198518472
3, 702.8992793812856
615, 702.8475932300868
1336, 701.8328945418749
90, 701.3001907172163
1065, 700.5736193788175
3060, 700.0477335533722
1454, 699.0052612830666
511, 698.3070088547956
160, 698.2597297229837
2400, 696.9913565442987
9, 696.9199252900887
3328, 696.0197232863655
1356, 694.9712967751627
2411, 694.2607306479329
103, 693.6874386466944
1155, 693.6585977975462
3016, 693.0676398354823
575, 693.0188175811753
1078, 692.688650089683
745, 689.2024568108765
232, 688.8776810685702
29, 687.7317922047233
3337, 685.9038067096258
1525, 685.3608752318091
2160, 682.2419373201977
1178, 682.2403680754828
1573, 681.6777913991809
1617, 681.3741976588068
3368, 679.4089952279813
2770, 678.792952762423
2188, 678.7676415931937
1138, 677.6577124666633
1477, 677.284005103746
2799, 676.8988165746656
945, 676.4157355274094
981, 675.3106676689912
1780, 674.8826638658619
1576, 673.4858269412566
1567, 673.41030498745
2977, 672.5511612867292
338, 672.2302831009159
3127, 671.5511479893421
1572, 670.812601707467
3075, 670.3140926473618
3116, 670.2140073770178
3088, 669.4519314217998
2913, 668.4956119815267
190, 667.9439393488849
2761, 667.6543769794754
3104, 666.8950626584938
121, 664.352199411016
1222, 661.1118728884703
2189, 661.0545603583851
1693, 660.944193155339
3422, 659.4694529012345
2438, 658.1093235502877
3320, 657.9790914988264
1514, 657.709389039537
1152, 657.1464518843103
3157, 656.5330927584093
133, 655.7440441339239
1998, 654.768806140347
3152, 653.4467748586479
1120, 652.1817139831257
1574, 652.0900503677299
1, 651.4540157255591
716, 650.8979012093005
803, 649.890862057739
321, 649.1866710507948
2997, 649.0289984795432
3096, 648.6813645322505
248, 648.6436874449909
581, 648.3181799823408
3390, 646.1653196186386
6, 644.9102999095629
2967, 644.4657359868052
3067, 643.695495530404
2145, 642.0605095864836
2362, 641.6193057528751
698, 639.2415427331041
3355, 638.705410858429
1240, 638.3985953180259
12, 638.217133721002
2220, 638.065728685456
1279, 637.7292544257784
3124, 637.0055743404387
3156, 636.5264798964015
104, 636.3627825010284
1195, 636.0144405339381
980, 635.7175194547272
2344, 635.5051902237193
1198, 635.3148091625967
3338, 634.8464695583232
1037, 634.5719997503528
3074, 634.4791816204971
89, 633.4103437340377
2993, 633.0978403878756
744, 632.336425257946
3052, 631.3735388235868
2762, 630.1663454877847
3427, 630.0476825235339
746, 629.2145761492876
1431, 628.676997124972
1251, 628.6577390657525
2360, 628.3182735260878
1435, 627.9606504302354
2434, 627.7846996539222
1885, 626.3314200893493
2268, 625.7624659477826
3087, 625.4322899913939
1615, 625.2390434004941
2431, 624.843382321713
2719, 624.8221858550696
3076, 623.2111047368167
1473, 622.7211652379385
1593, 622.2757038225336
492, 622.1833193934951
791, 622.1713738467339
498, 621.9060003127299
2214, 618.9582382814372
2716, 618.8635069899916
781, 618.2727670300308
2007, 617.9716563547496
936, 617.9689121297549
1571, 617.8537651578827
1331, 617.810891803765
527, 617.159502966099
3081, 616.0122910754434
1623, 615.6063386261159
1881, 614.4942591828931
2262, 614.4929280483996
2181, 614.3977831528464
247, 612.8720967765772
3397, 612.382382886033
1116, 611.939964413753
1518, 611.6740781670969
177, 611.2949828701145
3330, 611.198735306997
817, 610.2954540858995
1803, 610.1822638848402
113, 609.7851491878205
2195, 608.9729814432485
319, 608.955984378825
778, 608.6766052359341
735, 608.6302059187196
3103, 607.6531420025806
1943, 607.2754396694794
2796, 606.2784052366247
1460, 606.2313481106704
261, 606.0343672180514
2976, 605.7927372262106
1257, 605.6965499679243
1227, 605.6136860419379
1446, 605.0596492657204
2953, 604.3935427633553
2815, 602.144156878448
553, 602.061774416346
920, 601.8316723974829
1840, 601.6663997398923
92, 601.252932539784
3109, 601.0453025157947
2187, 600.7774963021162
102, 599.1267177493597
3053, 598.8793837286715
1543, 597.1472181682167
3430, 594.1746398753666
1412, 594.0832133406268
2365, 593.4058101646996
2347, 592.9222195124964
1467, 591.6584569595802
1575, 590.9762803401541
3158, 590.5020340733961
1097, 589.7868885330969
2412, 589.6112153222248
23, 589.6032872587708
369, 589.3701968372998
1194, 588.015651674043
209, 587.8678183472473
2122, 587.6894978548582
1371, 586.9642858905963
2273, 586.7663466668818
545, 586.6775193434792
1298, 586.5196048446555
961, 585.6839309836565
1599, 585.6536957235601
686, 585.1770757866606
3215, 584.8380272376204
717, 584.565876120638
1261, 584.4728352554891
1773, 582.9045622437789
1999, 582.4010783150809
2800, 582.1924486904292
2023, 581.7799165478162
528, 581.6875684525696
24, 581.6816465822232
2949, 581.6092798539682
1023, 581.229290180674
3377, 581.182435203247
1189, 580.8529602596086
1107, 580.7063458503584
135, 580.6752221201938
960, 580.6599093166948
999, 579.8009203259053
2028, 578.3309904052479
3233, 577.641751198164
243, 577.2016941564373
3154, 576.6969083040749
1191, 576.1330212148187
1711, 576.1013444670145
1135, 576.0779250912448
3117, 575.8319328593957
3141, 574.6157262826057
2422, 574.6132291937735
2219, 574.0984416858469
856, 573.7860250948272
2209, 573.479295458682
3414, 573.444893806218
1596, 573.4112097736524
2095, 572.6869912955985
2879, 572.5750714548425
499, 572.0271368296825
762, 571.9606691946731
1266, 571.9388510451712
205, 571.3448321831944
560, 571.2954386352369
2421, 570.6805225112319
2304, 570.507835685476
416, 570.4880791381812
1246, 570.4677938468783
1059, 570.1015225378114
844, 569.4655669638067
1523, 569.0356514781952
1136, 569.0317504341177
2173, 568.6854532122119
955, 568.2622826087162
1308, 568.0849349842965
2231, 567.8985715779075
585, 567.6587876475911
1167, 566.9138773392364
2771, 565.5398564090536
1250, 565.4884416918708
1579, 564.6427586247822
1176, 564.1540061638104
3335, 564.0914807763766
1223, 563.9636614728697
541, 563.9420493358634
1408, 562.6284021492462
533, 562.4769461323775
114, 562.2183478859594
27, 560.7160768543512
1490, 560.2855412843519
743, 560.0258527741146
3375, 559.9228886484937
1985, 559.7053204084797
1127, 559.4404282986563
2845, 558.9928212288985
2142, 558.8554131421893
1150, 557.1961060491469
2429, 556.9690672542832
1217, 556.765418411029
1436, 556.6350044123325
3115, 556.5115546549405
922, 554.1068693160443
1495, 553.7764357127307
2387, 553.7592268952354
1594, 553.4339699803995
2982, 553.2565920523678
2984, 553.0104331904332
1242, 552.9146014584791
66, 551.7642536478825
3102, 551.2987814715227
192, 550.3163152497525
2065, 550.2895520732885
1321, 550.2650305201054
825, 549.9715276331648
1505, 549.4721471774563
1839, 549.3109189134067
709, 549.1682787561051
529, 548.41217229888
3399, 548.2015315653641
1508, 547.9183148426474
417, 547.8324283740354
1653, 547.4029952012609
106, 547.2928341720195
1314, 546.8058580703116
1942, 546.6240085829388
1188, 545.8800295526144
2907, 545.3388241078785
1577, 545.0493220314801
105, 544.6019024078332
3351, 544.4646579334226
110, 543.8041426275099
1079, 543.3752226782302
612, 543.2159420942256
2014, 543.20446875198
2413, 542.7790352479867
2080, 542.6380574894529
1369, 542.0762394410666
2829, 541.7027673446972
2171, 541.4775987155074
1667, 541.4066132405497
2228, 541.3804030738115
1125, 540.9571538070028
120, 540.4588605300835
600, 540.3850601536572
804, 539.7888994643557
1889, 539.6010096025934
2992, 539.3767648863056
2200, 539.0077129997989
1131, 537.9890622508572
313, 537.4025706705748
2392, 536.4407575898842
2991, 536.3194209709665
2846, 536.3020931528548
1678, 534.8071280662829
1348, 534.7620542502937
1070, 533.6879115908612
108, 533.4828143653419
1213, 533.0501782187191
3400, 532.9082099425797
815, 532.5196612508249
1038, 531.9457132786729
3229, 531.7850347423589
370, 531.782298244233
1168, 531.6747231796519
1133, 531.1384418032957
3366, 531.129979612289
2206, 530.6857522047638
1134, 529.7029319044193
125, 529.5825569994975
91, 529.5180792100914
2165, 529.5106364618878
1182, 529.463775180311
3398, 528.8049940804727
1512, 528.5403212468141
1186, 528.4858990470855
1438, 528.3988261396713
3367, 527.3829844441245
1163, 526.9747527498049
2168, 526.749961892512
62, 526.2307695045689
3342, 526.1010226268098
969, 525.7602624463641
1510, 525.3522148569687
964, 524.4271725288
1196, 524.2931999958394
1229, 524.0035501471064
1719, 523.6467370009224
1254, 521.5221836718795
61, 521.4780851630832
2190, 520.8132350076254
431, 520.7622032591702
1478, 520.565877328656
3131, 519.9293042032127
1289, 519.4355561247655
1201, 519.3097854348786
172, 519.2159682464129
1390, 519.1347437882928
1146, 519.0261773251057
787, 518.4653045343663
1380, 517.4058481975275
594, 517.073811189441
1823, 516.5337491781227
3026, 516.5333732912997
1209, 516.4537622014088
601, 515.8806875084475
2960, 514.9209446965299
3394, 514.706026505445
2858, 513.4249160118195
2828, 513.1985739676147
696, 512.7047012697442
1315, 512.6012082449572
131, 511.15823636296244
1160, 510.81103510622694
99, 510.2875663681757
574, 510.2321129080251
586, 510.03879084880657
683, 510.0006289124102
3031, 509.773369532343
1181, 509.4970504778744
2256, 508.93699757995955
2396, 508.1094460317891
1389, 507.94971820917465
3420, 507.8935313210316
3228, 507.8073491764333
2752, 507.775756709316
1447, 507.10553971820724
2113, 506.8259233359253
3441, 506.28156115756593
1501, 506.22941529526264
2769, 506.10251026265047
1790, 505.88420492200544
691, 505.82491540952554
808, 505.6756253345726
242, 505.38979551158127
1421, 505.07139129378226
2295, 504.84348983776573
1487, 504.73646082021975
2150, 504.2268258279511
1488, 504.19336900040304
3132, 503.99071457812965
907, 502.98061767415226
2975, 502.89776969279706
2974, 502.89776969279706
1197, 502.25286059052144
1208, 502.236610476358
839, 501.8320654298386
2978, 501.788761859346
463, 501.67712773738407
1404, 501.60335871267
1361, 501.40330248904917
1688, 501.290153964292
1984, 501.2753099635625
1890, 500.93035000170346
1253, 500.8904441810294
2, 500.8690478688562
1148, 500.655150431241
780, 500.64348993026414
1494, 500.53602673645986
2813, 500.51317184322403
1792, 500.37886646947544
1175, 500.33136665261213
2115, 499.7992222727136
3003, 499.5297513004245
1101, 498.96851564772476
872, 498.94253283520874
1481, 498.6785348754809
1095, 498.1675682547618
536, 497.5738030945892
2321, 497.1237244360492
903, 496.64628032270684
1137, 496.5777605997379
420, 496.50140594207534
2324, 496.34794377676303
2837, 496.2645793694699
2427, 496.06745609891533
1761, 496.0003510694565
1961, 495.8303410699416
972, 495.76107801765806
845, 495.64012564183673
1268, 495.6154710564818
638, 495.5037411785851
549, 494.8237132562957
1580, 494.16471513339707
1423, 494.0184522007848
3268, 493.631116797509
1855, 493.19363526216625
2730, 493.09903796605624
1977, 492.8125606541855
1099, 492.49735712054354
2905, 492.2636080412489
2841, 492.1867602427547
543, 492.11074548614994
307, 491.5710919423008
2406, 491.4826643728001
3028, 491.45410758790564
3332, 491.21550411353587
1660, 490.4068278969916
789, 489.94452203497417
846, 489.6281022648759
1974, 489.5700812195168
2417, 489.36135216418535
1149, 489.2475348766768
1597, 489.19425907224195
1112, 488.286014801539
2269, 487.64972464939973
2164, 487.3810603856471
2356, 487.2558722176774
558, 486.87536555852665
520, 486.85960000547203
2229, 486.7927261205659
987, 486.7838378967476
2230, 486.77872706394083
1662, 486.6576572475399
2804, 486.2100678677138
3333, 486.15518290204267
3322, 485.1252513621366
1424, 485.0980615339029
552, 485.02658090671224
1339, 484.93658837212035
1449, 484.4009725047802
919, 484.2538244444294
279, 484.083830654437
2750, 484.0788439420359
3321, 483.7118567593629
2125, 483.535354343185
3372, 483.4596771626474
821, 483.0976808400972
3139, 482.7967246174427
1887, 482.4997353645494
1857, 482.3449892419074
2162, 482.2591190403798
1345, 482.1136867538334
2850, 481.94259038999303
2290, 481.36449261253654
3198, 480.9492908110522
1828, 480.55216036741507
1527, 480.12189913159983
593, 479.8201459950728
993, 479.7354303120254
1377, 479.293966395651
1860, 479.13368651220776
1147, 479.11794160248945
1425, 478.78760019330707
1396, 478.36297582416086
3078, 478.2518537180872
661, 478.2348453535876
840, 478.15223308274113
2877, 477.79082814399
1413, 477.6030933198143
2765, 477.09280784917354
1139, 476.1121039103098
718, 476.0979700216568
2839, 474.9169115234251
1683, 474.86688020305957
1589, 474.5879139679525
602, 474.56464847253903
3270, 474.5350347861561
1001, 474.0560415166995
1566, 473.73962614290593
2996, 473.7096001861996
2359, 473.6845860413544
2717, 473.64795632670433
3047, 473.0492496335992
2120, 472.7600012173692
886, 472.4831266290982
1883, 471.917372423005
506, 471.3138215287505
418, 471.08754097771623
3153, 470.83808359314366
1852, 470.78236712539376
2255, 470.32019345729606
1493, 470.02034575426654
584, 469.5826938835381
639, 469.24344974146896
1096, 468.9307826936129
927, 468.67442884259947
230, 468.662172480434
1872, 468.5192054616923
2715, 468.19611844535376
1601, 467.8851220308257
938, 467.7247762192377
837, 467.35083316533667
371, 467.14087548904786
235, 467.0879589437236
26, 466.49748738988774
2237, 466.2174006642124
1330, 465.99897203103495
1614, 465.8160181570811
2798, 465.7167531681819
3280, 465.65464207220964
1154, 465.62604582611283
665, 465.53702684319273
1586, 464.8049163864528
1271, 464.75574931489604
1511, 464.73953731778994
2409, 464.28485306509424
2998, 464.10144407351345
1549, 464.05558173911817
3048, 464.05092657440554
1088, 463.9843398642319
3425, 463.8312749039209
902, 463.56351059710386
2372, 463.2970046993423
798, 463.2049003836306
1343, 463.13574455329996
1014, 463.101167679714
2862, 463.04745929536523
1474, 462.8646015178029
426, 462.4191927191123
1820, 462.2350409430015
201, 461.92390101852055
2439, 461.87453434769947
2852, 461.7436313564427
2117, 461.72525088952295
1199, 461.7052533611162
1115, 461.6549356455434
1908, 461.47426144913794
599, 461.2271359586943
1067, 461.14412607389494
210, 460.400084333618
2350, 460.00839402107397
3014, 459.83490957391575
657, 459.3381014266681
1856, 459.16037692448447
1295, 458.785649321442
383, 458.522897576621
1983, 458.422074478577
1957, 458.3139783002766
450, 458.1958920504554
1393, 457.8613735318915
708, 457.6957907550588
1622, 457.4825832949477
849, 457.35386567731337
1753, 456.88257712743
3393, 456.6995816959758
3291, 456.36801647037436
1430, 456.3670929205962
664, 456.0047184440316
502, 455.92602416328594
1322, 455.44874763818564
1042, 455.31519678951463
2794, 455.1834287066976
1550, 454.8989094131443
1262, 454.6434206193886
659, 454.3545430007965
2753, 454.2117268800166
1212, 453.98645126589383
1214, 453.6181097382785
1236, 453.53542173275275
2213, 452.758516400979
1368, 452.32477402423916
559, 452.2939520767794
2919, 451.0859415908658
1760, 450.7932020939629
1141, 450.4713516582583
1561, 450.1549460714522
1069, 449.9934322217014
867, 449.9216531953
2009, 449.7547590810979
1578, 449.7143299850477
2819, 449.6712779778906
3286, 449.4857625958047
928, 449.41272468141085
3410, 449.20302184824675
2116, 449.1203588671491
1608, 448.9938346734239
1273, 448.7170630444796
3061, 448.0375778614113
3125, 447.70083283799164
1378, 447.6505254621985
3267, 447.4743478162786
2994, 447.1498112811886
770, 446.4590638897844
1600, 446.22423645008513
3106, 446.21395881570896
1041, 445.9760373336761
1025, 445.9601353094128
1392, 445.788333540001
752, 445.48216603288716
2334, 445.4750840156326
1299, 445.4671468511149
3429, 445.3115323813825
525, 445.25098976606495
730, 445.2073119582212
155, 445.0866487444795
128, 445.0725482618046
256, 444.59380974729214
1145, 444.3526000180176
1006, 443.88511253705195
1398, 443.82223519332814
1130, 443.81085873414105
2166, 443.6495664790486
315, 443.5904104397429
306, 443.5904104397429
154, 443.5069402223304
970, 443.4092802183368
713, 443.2747316547124
542, 443.2064162700739
2337, 443.025697865998
2831, 442.86179735376794
606, 442.71456846259906
1170, 442.0037758958085
523, 441.9137336157194
1429, 441.44040500416133
164, 441.2874377583289
2361, 441.0186397534969
3396, 440.97674915858
2797, 440.9225380677331
882, 440.57448954497875
785, 440.5497206798614
537, 439.9068258281794
971, 439.6129230635028
3073, 439.57183425334466
690, 439.41169474037935
1352, 439.3336117222094
1500, 439.17145261322514
572, 439.0924802772752
1312, 438.9434875933624
3371, 438.69049923846205
1422, 438.0658837351178
3045, 438.0552827509026
1400, 437.76278859734197
790, 437.35624701192467
1846, 436.76146349666806
264, 436.7320541767489
3334, 436.6560386851251
476, 436.4837752639645
2844, 436.4302040173838
1417, 436.1991763306386
775, 435.9624156243475
1144, 435.78796315423267
382, 435.73560753039817
1409, 435.70575379750073
918, 435.56100732368657
2851, 435.20929013774617
1083, 435.0930544514604
151, 435.0323514471975
1455, 434.9703841875449
797, 434.86419078875144
3418, 434.8404591420732
1128, 434.54104288446604
850, 434.18614263555173
487, 434.1754133896419
1804, 434.1038012098017
1825, 434.0533207863846
774, 433.5941584028748
2908, 433.58110443017944
3416, 433.3135947058431
1475, 433.1550482999032
3002, 433.08019851469794
283, 432.7279325852528
1886, 432.5613789905211
1480, 432.14892550984564
1607, 432.05913769241346
1829, 431.804630293029
1420, 431.0304811860576
1278, 430.9485167333072
240, 430.75429603703617
2366, 430.71213402554366
1285, 430.6902536419631
1555, 430.65994070136196
2198, 430.55951907235294
3086, 430.27901080283135
1211, 430.02370534060134
1867, 429.74746105137064
1427, 429.7213700638473
822, 429.6180575399587
1293, 429.5045314916036
851, 429.461654694672
1445, 429.4430755297696
1815, 429.33936545782944
784, 429.28239652030743
3421, 428.92312580421026
1174, 428.7252998233887
1179, 428.4313709264283
1226, 428.2504146031739
2154, 427.9489805320193
776, 427.7974505807374
573, 427.7239367382282
2398, 427.3916396642035
231, 427.22977195065704
377, 426.596556007582
2376, 426.53763874717816
364, 425.1493546586696
2969, 425.06851455747136
847, 425.03654413188093
564, 425.034248452833
2254, 424.9545811824199
3004, 424.9266204601164
1301, 424.4451819283736
2163, 424.321848510883
853, 424.23095472520896
855, 424.05567683797335
1280, 423.8137843771901
3395, 423.49826002473503
2068, 423.14113962533867
1370, 422.9741657706613
2881, 422.8800596328723
530, 422.3769370460721
2121, 422.362674709823
2056, 422.28770185720475
871, 422.1338682834949
992, 422.1310667573295
462, 422.09234324243687
937, 421.98809713372134
1094, 421.74587801710663
577, 421.70983719059467
1367, 421.6643599812608
197, 421.4180698112372
912, 421.3926997404477
1411, 421.3704237391183
446, 421.31953431742863
1920, 420.9166254270001
3378, 420.77497192972356
1986, 420.7680103481141
3030, 420.5259869659544
723, 420.49690197148743
176, 420.4672140443984
2309, 420.3594816142022
3339, 420.25648328207416
2245, 419.8745166265816
1539, 419.73432727120155
1031, 419.73232537797725
139, 419.72015240803677
2110, 419.3686900511807
779, 419.2228675769429
1346, 419.05757688755426
504, 418.95286721348515
2958, 418.1369613793333
1426, 417.80094536658703
1498, 417.7850927890576
989, 417.6509159135684
1830, 417.2881091106218
1206, 417.23010886520836
1902, 417.11936916672784
3044, 417.112858626738
2355, 417.09818718076997
1491, 416.6870115553359
569, 416.6465781395934
1465, 416.2228950446922
1241, 416.1418713160975
1245, 415.9864313697834
163, 415.9734960416452
2388, 415.7276011474507
1909, 415.726953787917
3119, 415.6686216335461
2369, 415.50617026911004
1074, 415.494246358765
1372, 415.4298733072471
3196, 415.3173442507101
3369, 415.04776176186954
1091, 414.9346930397411
1544, 414.88829098953784
2803, 414.86491046287586
1442, 414.5521283562936
1876, 414.47299523999146
2983, 413.9905692065919
868, 413.9653281659342
1811, 413.8502082795153
879, 413.77893282901937
892, 413.34914845618835
1403, 413.2659165677044
614, 413.1939197417101
257, 413.029287169891
253, 412.75491257474204
983, 412.7386491101264
887, 412.7175737813975
161, 412.61639701537297
550, 412.3510606183333
2279, 412.2908399304521
2754, 411.9532107017042
53, 411.81787389522754
2973, 411.68820427357514
1437, 411.6338455888182
2888, 411.18078773135574
725, 411.1573573297458
236, 410.9984871666793
1419, 410.7842597944329
2903, 410.152519981452
711, 410.0734586635615
777, 410.03214077250027
2199, 409.91732477742386
1849, 409.8628062259563
2148, 409.5415837405773
1113, 409.5277638624279
1218, 409.3639962721489
171, 409.3165714478262
689, 409.05037183005084
755, 409.02252981151736
1895, 408.96183829512313
547, 408.9355963710195
414, 408.8077978016272
3064, 408.3619888106626
3402, 408.2958654590842
1926, 407.9173305746219
2968, 407.8099522720258
1835, 407.5147196859625
2131, 407.4822853315256
132, 407.46334540939483
714, 407.3264775139386
672, 407.2707063876333
2830, 406.90181894143905
1973, 406.35218985853163
1464, 406.2691221268945
759, 405.9610965117367
1978, 405.94935951789694
2990, 405.8003024914587
741, 405.66934905129443
119, 405.612670221394
1247, 405.44559193850534
636, 404.8922523924052
2069, 404.8907970599366
924, 404.89007143955337
948, 404.88109786097834
336, 404.63125310486305
469, 404.483412342469
2303, 404.3138468684352
3405, 404.1116377709968
935, 404.1077264920676
2100, 404.00477810132895
1590, 403.9487466565014
514, 403.8196661407231
2763, 403.78414084921224
1353, 403.55788546415124
1374, 403.51729179651363
1060, 403.37087555050425
419, 403.2327561189689
3381, 402.87514366023606
1979, 402.86776727549574
673, 402.7641615743491
2323, 402.7505621786897
2123, 402.5706608025868
1817, 402.5693705055204
443, 402.50231101097336
2319, 401.9726366593597
538, 401.83824908406814
763, 401.7684177360577
3407, 401.5556143935741
1388, 401.52218514533934
2227, 401.5093216113257
2818, 401.4447231161746
1219, 401.37645772900163
645, 400.95007423018814
1387, 400.80578314430386
1277, 400.66329335618747
2783, 400.63017040476353
2141, 400.33451395341285
181, 400.11297351280723
1458, 400.07190861789434
2114, 400.0150108778747
3373, 399.96129176928207
2216, 399.8936638781198
635, 399.6997862359457
565, 399.6940731552081
963, 399.6732379293732
942, 399.4335810346009
1030, 399.42349299245296
323, 399.2516323650646
311, 399.2516323650646
1831, 399.14135695770767
619, 399.1038486125157
694, 399.0125398808007
1772, 398.472614061781
454, 398.4143364832964
2146, 398.32805419203015
1382, 398.2847814362425
876, 398.1187667340895
2246, 398.05006368188515
1618, 397.7865100868162
423, 397.63801593539284
2547, 397.4576943649529
346, 397.3082959088907
1904, 396.98262645632127
693, 396.77541277156894
854, 396.33534635362895
2548, 396.13270721895344
1595, 395.7951551339419
1288, 395.784671040726
3058, 395.59338653167504
2430, 395.5747176771402
646, 395.5084938326889
1089, 395.40664085503136
1444, 394.90959290380346
1462, 394.6282035544897
2202, 394.43500920640787
1415, 394.3048941719326
1915, 394.19078765193535
174, 394.00916402664586
2842, 393.9852724318407
45, 393.96396714612223
2297, 393.9028706570189
1865, 393.65904932427213
1451, 393.56841127895757
896, 393.41265900685596
597, 393.2275411662963
373, 393.22367743180564
1027, 392.81952321356465
2899, 392.7323646248538
1357, 392.5889933355382
782, 392.1223387635942
1736, 391.8800290534065
1340, 391.87813399276666
448, 391.59332385553904
1841, 391.5873532887494
178, 391.5382749387558
3166, 391.4835205667635
675, 391.4694893743081
568, 391.12393755008134
1959, 391.048431138791
31, 390.81726000091817
764, 390.78735581594
1506, 390.611568287936
737, 390.55320021334626
2105, 390.53558309522236
820, 390.3743210510856
1906, 389.7624825500074
1119, 389.69646253441744
1292, 389.65141204309816
3408, 389.63710102045553
1327, 389.59786258605664
3353, 389.52540040472957
1043, 389.41714845702717
3181, 389.2698638918903
720, 389.1957125422514
1391, 389.17704939541636
2169, 389.1497208710754
2071, 389.139435224116
3423, 388.9667538061533
2966, 388.7709010868792
397, 388.49197758800545
1035, 388.4756448922326
429, 388.42389240633304
800, 388.1738948624711
351, 387.92078522021217
1117, 387.7911542243574
1169, 387.77922801068803
1405, 387.66867211382134
3108, 387.55545630673663
3277, 387.4848700715554
2410, 387.4020117161811
2733, 387.3051664460681
1689, 386.9475739049105
71, 386.86243442892766
3272, 386.7971454759905
1248, 386.7624888596444
2315, 386.59664950261134
567, 386.18762571564884
215, 386.1547884069884
2033, 386.1225458700832
959, 386.0274940341181
2840, 385.89690224440636
532, 385.724209264804
1450, 385.6111940154122
766, 385.46013384404046
3049, 385.3014014569841
1270, 385.2439243024015
1018, 385.2155770165732
1499, 385.17599699179044
623, 385.14339152477925
1275, 384.974881888296
227, 384.80627165943537
656, 384.6408063374883
159, 384.61254911989613
2423, 384.48074994217467
1200, 384.25335975678945
153, 384.24612686122236
674, 383.91984765275674
2854, 383.8057786392756
289, 383.6467239864527
2138, 383.6390771242325
3382, 383.56091677394954
312, 383.39238025221647
1291, 383.30851604139116
481, 383.2452498258611
2129, 383.2428551963797
2884, 383.1981413263041
1981, 383.01932490166655
1911, 383.0175813269709
2183, 382.97766244400066
146, 382.9130194975347
3331, 382.89022235616176
1294, 382.46171787288
3340, 382.4513212339594
2130, 382.3474072254885
76, 382.292707486936
556, 382.1427602439055
697, 381.9454580980372
3227, 381.7260969470146
2175, 381.573778549643
1801, 381.4266224951416
3055, 381.36797458705695
2891, 381.33161945918835
3070, 380.7878954823855
1548, 380.5778573386218
2099, 380.50025575265227
740, 380.3775523832967
616, 380.14215326141647
432, 380.0348119601624
2897, 380.0235896719026
761, 379.90932194654613
2408, 379.8630069023509
2271, 379.7624465637977
1272, 379.5349302448901
505, 379.5260941438907
1183, 379.50546757545567
985, 379.49298315200315
2875, 379.36059906048393
897, 379.3421339317468
946, 379.10671940310965
2985, 379.0268470778969
704, 378.89745581030667
1789, 378.66417811383275
1944, 378.6450017694467
813, 378.64063273964126
347, 378.60434289498136
2849, 378.56490030740275
3436, 378.3638861453957
3072, 378.35764195680093
246, 378.318273754971
799, 378.3109062945438
1193, 378.27720141068784
1230, 378.2488141412405
2233, 378.07400879591165
262, 377.9507900079024
430, 377.8450335148049
3437, 377.7404791482243
827, 377.60187308068674
2331, 377.53276766519053
1524, 377.5257093093658
157, 377.5059315680323
1124, 377.45274797251966
728, 377.3924413268809
843, 377.2213970902804
603, 377.0891907484417
3038, 377.06307820975036
2312, 377.03192115438077
1866, 376.9385984989306
3271, 376.8972830452843
3037, 376.6639219505635
3089, 376.430043952613
1486, 376.40510455572553
707, 376.39236494056587
1992, 375.7532869013098
1989, 375.7311002277011
1323, 375.7294071912285
2232, 375.7046235171624
2833, 375.6662917020107
736, 375.10141415692084
41, 375.0897744613199
582, 375.0742949702182
705, 375.0254248700073
1021, 375.0185341685118
2792, 374.90138300457903
1126, 374.8738971253116
2119, 374.76499145945627
1265, 374.3552017812826
930, 374.3089555576807
2136, 373.9179654377302
1020, 373.8133630949314
1328, 373.52127846526156
2386, 373.49899868356397
457, 373.49750673286786
1676, 373.4163094818571
750, 373.3479796383142
783, 373.15552339989426
1603, 373.1327487186847
3077, 372.66555210288163
3317, 372.61706796956577
258, 372.45092668212476
296, 372.4066990841591
162, 372.3274672456079
3155, 372.11231334112705
3303, 372.10391286962147
836, 372.0559646624298
3370, 372.0200553473224
934, 371.88807093092373
1040, 371.75189241096575
1110, 371.7302366784127
1651, 371.66609838732944
908, 371.5014712576057
1009, 371.2838929729805
984, 371.22437627391474
701, 371.02591247719903
870, 370.897627576221
458, 370.32312829162004
1554, 370.3084585203007
640, 370.13937347506544
660, 370.13657553201864
1318, 370.0835595867967
1085, 369.985823813235
1905, 369.98105765824357
1786, 369.95923890656877
1982, 369.7819220403022
3385, 369.65682948523903
1836, 369.56397624323967
905, 369.53258221590346
2301, 369.3236124476567
754, 369.01783048968286
904, 368.6552099877568
1448, 368.54378143368905
3118, 368.2533011383428
1673, 368.08241879329125
792, 368.06185246206445
1036, 368.0491288061207
933, 367.84978559224686
1075, 367.72611103796703
169, 367.724833124433
363, 367.6638987296594
3107, 367.58055386155394
2979, 367.5305375544835
324, 367.44730246956834
1791, 367.4427127812044
1297, 367.3414599821625
1782, 367.23593234550486
801, 367.08581643906103
932, 366.8230665087802
1584, 366.7863242497045
2898, 366.51349021406355
1072, 366.4420201265409
3247, 366.22025442584044
263, 366.118175592677
2176, 366.0295718892815
1624, 365.8412864793033
39, 365.72235142734286
2847, 365.5431339808587
1479, 365.4481770032217
422, 365.32423779552516
1365, 365.2152978192489
722, 365.0504425723152
207, 364.92769230229067
2382, 364.81548142969285
1354, 364.71082654618505
692, 364.67126432524174
2882, 364.55351118744505
3046, 364.5520153491119
742, 364.3146569331889
1563, 364.25511115426997
3135, 364.15651688831133
2918, 364.08143020631155
1888, 364.03980214974507
883, 364.0329125392616
962, 363.75131445654
1234, 363.55198462314047
3068, 363.5370333389765
986, 363.4779650254158
834, 363.40694316412214
796, 363.3620007755197
2022, 363.3177391465434
3448, 363.29391160474347
1934, 363.1851849434711
1086, 362.9935651312587
40, 362.93968734544717
503, 362.77625379139533
2394, 362.7387989725187
2777, 362.5949889352529
1598, 362.34104797768987
1808, 362.29614036569717
1531, 362.10920647319125
3302, 361.8292369226943
2735, 361.7843978595824
973, 361.77773291869954
967, 361.6753588348546
3148, 361.6733088192986
1492, 361.46519456049464
1779, 361.3407280264786
1964, 361.2913383836751
3027, 361.25132329336805
1504, 361.2433233850413
1469, 360.94810286175095
2375, 360.84683212801013
2373, 360.7858985909704
828, 360.7042718352526
2015, 360.24951841985757
2302, 360.2437023870998
1620, 359.8171577522159
2946, 359.78100321607195
554, 359.77417308564384
1452, 359.70377406316373
1329, 359.6247571332908
2274, 359.5448231215127
1022, 359.4748384868738
211, 359.42243048017036
1610, 358.97540211552524
284, 358.9425983413028
1976, 358.871197471248
350, 358.68794837232576
566, 358.6548413262102
3114, 358.4045703466859
221, 357.93095397931165
1173, 357.83361139409664
3401, 357.36333842185195
2747, 357.3497605759595
710, 357.0384594781894
2265, 356.9680682921066
3388, 356.87973506414863
170, 356.8299285925245
238, 356.7722572809579
977, 356.697172275667
893, 356.64713283939454
3275, 356.5326253669604
158, 356.33497266175254
136, 356.2679241290721
596, 356.19366141482436
124, 356.0724279953454
368, 355.93970843095894
1320, 355.8649616894576
535, 355.62975897987246
1819, 355.442647322125
241, 355.43470398454315
2053, 355.4251084008924
3034, 355.36043413435357
1837, 355.28438780619143
3419, 355.2155971269924
2292, 355.16910134316703
2432, 354.98506197843767
1533, 354.9641323392262
2222, 354.85187537657293
188, 354.8505668069341
2947, 354.2259495136806
1414, 354.2114102280409
334, 354.19667533715096
98, 354.01067286465064
576, 353.98412101034774
925, 353.9235933254734
1282, 353.8883952512546
2986, 353.8646162250499
1066, 353.8166299480304
1470, 353.7156139158069
2140, 353.5099579867484
494, 353.49737396383676
293, 353.4741025903585
1930, 353.1959483894717
2791, 353.0776518124864
1583, 353.0266105687329
456, 352.97399030251034
1921, 352.4721248493584
374, 352.2938067785548
557, 352.1965068925193
1166, 352.19182510314363
729, 351.96296117271993
1239, 351.83900460530197
2740, 351.6797233511129
658, 351.64194089607247
200, 351.5743271976308
1777, 351.4966604975807
3054, 351.11640628091175
900, 351.01857225580864
1071, 350.76136478372484
2403, 350.72539761544175
1582, 350.51751355208586
2807, 350.4157006378826
501, 349.9971497419699
2050, 349.98766712874516
180, 349.80523130739107
1215, 349.74691854941983
1351, 349.4158510472269
202, 349.2818611773336
175, 349.16199453544823
3379, 349.01559760803025
1394, 348.8653284718175
824, 348.84037098875683
1585, 348.62062152569007
320, 348.48376251136136
2325, 348.4426648340453
1949, 348.32345483982743
1202, 348.24711551838504
1228, 348.2142917002596
3191, 348.03413376573076
2964, 347.99917610957453
1453, 347.93292928532475
1898, 347.843154021047
1026, 347.7876822258533
3069, 347.7827728906853
1010, 347.72414058368685
482, 347.6267325466751
3230, 347.5682808932101
1319, 347.5495687667801
1778, 347.48479054785264
2426, 347.3052490562528
2126, 346.9853285938399
2322, 346.83003937358285
2298, 346.69105171618264
295, 346.57171586245965
2055, 346.4683747206642
1007, 346.46467903543225
1332, 346.3897330057832
2260, 346.3025365280574
706, 346.12612672624834
1994, 346.1156997967018
1799, 346.09946972241084
1832, 345.9479526152329
873, 345.90395157861
929, 345.87240781965454
1954, 345.54411395339537
444, 345.43228184420957
898, 345.3334436566055
2267, 345.23753018415755
618, 345.2081306241526
2377, 345.1620843741198
671, 345.06238452595807
765, 344.83724183469667
352, 344.80474295673974
2277, 344.65531345590483
3341, 344.65473274832385
1900, 344.64428395299336
3142, 344.62198700221336
239, 344.5939740328973
314, 344.5222874866352
3409, 344.4829908599257
428, 344.0853434450919
1809, 343.391544275345
539, 343.31489684012297
944, 343.0963790579299
910, 343.00882908680006
531, 342.8949922277887
712, 342.8604599198307
1017, 342.6329588516575
3389, 342.60481973291985
2144, 342.60466092192723
1326, 342.59730477788673
1950, 342.5101279806047
2327, 342.24578569840793
1416, 342.22696121686255
1935, 342.2122943743858
333, 342.1298059542691
2018, 342.078811977008
1975, 341.5929836817672
220, 340.8185177015391
437, 340.79182992248116
958, 340.78477116543326
270, 340.618970427586
994, 340.59759301523144
1286, 340.4578656552904
2772, 340.4508931813772
2950, 340.44225488420943
1456, 340.4327259230627
1402, 340.39997187448967
1928, 340.3712178469649
976, 340.3209062357117
979, 340.13211415613637
251, 340.1017998419622
1927, 340.10171052298864
1132, 340.0466834468718
269, 339.9478116949199
2737, 339.9113333601465
2826, 339.79441052784347
667, 339.619928185989
2088, 339.3626022354474
1032, 339.3402816774999
2336, 339.27030690710325
931, 339.2442727797681
2306, 339.2331031243638
3167, 339.1869858887379
724, 339.16338879351514
3179, 339.1069310953506
891, 338.9217793195886
329, 338.7638349790212
2172, 338.67669633184767
1848, 338.57129804574186
1187, 338.5094758962413
1161, 338.340046095803
213, 338.1725452039397
483, 338.1661460873837
943, 338.02439243315297
2247, 337.5566692061485
2133, 337.4877455638109
2310, 337.48774160540813
1366, 337.44143783758653
303, 337.40494607618285
982, 337.3971138999437
1335, 337.25583624983227
123, 337.2426257941131
1476, 337.20776605622035
866, 337.1963610854308
3403, 337.19635355031113
952, 337.1435127170443
3189, 336.9922781219709
875, 336.92196771539784
2070, 336.82067184102937
3169, 336.79717988355804
1591, 336.71379321222116
703, 336.6349184985566
990, 336.5473582568219
1076, 336.46796023890704
633, 336.26866824406414
1385, 336.21458294744366
880, 336.0396868290654
2963, 335.9895633646064
2186, 335.96342063682005
2436, 335.85738933439234
1540, 335.4637883715653
1953, 335.3852472662099
342, 335.28747480286944
2156, 335.2739841403565
831, 335.0316912431297
1851, 334.95315644739895
2880, 334.7365369685483
830, 334.7079191245221
453, 334.60260800630897
2086, 334.41739214464
3010, 334.4149639233754
1489, 334.19329219065827
644, 334.16148665835817
1233, 334.05730499423294
2876, 334.0263371092518
2367, 333.9982524212484
1362, 333.82400728770267
152, 333.7257234764398
3210, 333.39562635661366
3065, 333.316451991603
2006, 333.2525929577797
1011, 333.1524991405977
865, 333.14961733318444
2961, 333.13307714866386
632, 332.93503782143125
1359, 332.84013207535423
330, 332.7179323609151
926, 332.2912951477664
1090, 332.26893228421153
325, 332.17455188291484
1263, 331.94985874843167
2075, 331.8348189311199
1304, 331.66556824685614
2380, 331.59350160638047
1551, 331.4602973181954
1569, 331.3967062489128
810, 331.2595593783157
1311, 331.2309880764079
354, 331.18070042188555
1912, 331.1089708996308
1581, 331.07431824371434
911, 330.8991352584666
2197, 330.89709039155525
2348, 330.7011946313739
332, 330.5485010504961
1383, 330.43496251246336
1619, 330.3461702899971
1080, 330.0980465809959
1769, 330.09793608030816
2989, 330.0909157396737
2764, 329.6591717813412
669, 329.57393148169086
1529, 329.5443365490069
666, 329.4685771536047
2370, 329.4313261224043
2308, 329.4182472451663
1827, 329.3523069334098
974, 329.3360907724333
3032, 329.1557753436462
2317, 329.0931679302081
3205, 328.76133715526777
1568, 328.6991521199671
2389, 328.6518853339931
1143, 328.5820116750432
3203, 328.44648447054607
1342, 328.26073628104666
2251, 328.2212305724026
3445, 328.21577350114757
3404, 328.17556329792177
1483, 328.0155140492896
3426, 327.9945923610355
2011, 327.7056411313669
392, 327.66014203198455
2425, 327.5793705496579
2059, 327.5563669694382
642, 327.5298187498992
852, 327.2465606402623
378, 327.073553471837
1016, 327.01967570531144
1834, 327.01313852534815
3022, 326.9636668270736
858, 326.7901698325667
860, 326.64986808341945
3172, 326.6350526652544
3182, 326.6328124720957
668, 326.62882854507217
2424, 326.60953302264215
1507, 326.5859054336366
3149, 326.4584719214738
1307, 326.3111174008839
1432, 326.2517570554441
3012, 326.25025067488286
129, 325.977759822814
2300, 325.85780391119744
1008, 325.64862767179034
1466, 325.36248067098614
2103, 325.2849463352273
1341, 325.2422283904511
478, 325.1153131341056
949, 325.0138189252623
1281, 324.7753066756827
805, 324.69703409421965
1980, 324.67224710034327
702, 324.61532891352147
1528, 324.5456759234672
1203, 324.473148229974
142, 324.4412735675387
620, 324.3970223143455
471, 324.19308975253114
1192, 324.0959577063889
653, 324.01268374601847
467, 323.7334747421236
380, 323.5962287565139
1485, 323.58430186250877
546, 323.4708710685876
2132, 323.3995902131773
3212, 323.3180857528158
1997, 323.30679621107055
2201, 323.2118330911379
37, 323.177465763749
186, 322.89195992944695
2790, 322.77132836117005
272, 322.6391750710028
2263, 322.4979235084092
1276, 322.27736548657316
410, 322.2429132451714
2746, 322.2298689175484
1129, 321.79489533381377
2902, 321.74395269001553
2149, 321.7266365131027
604, 321.5205721081971
475, 321.4911204386349
1252, 321.22102849389137
1305, 320.91123209918766
1522, 320.6971440686849
996, 320.58346097886624
331, 320.3383766666849
832, 320.2706799360216
441, 320.2073035367075
1963, 320.100352299698
1325, 320.0691128996504
3024, 319.9113984300522
168, 319.78642034651807
998, 319.6691968562911
648, 319.6691968562911
773, 319.52167447712264
1259, 319.50216743304026
1995, 319.4695865080186
271, 319.3145476740653
1401, 319.25513642738656
1260, 319.08090789207137
2774, 319.0148351302052
1787, 318.8051231395956
365, 318.7343469677263
2127, 318.72659061309673
2151, 318.6790820044905
687, 318.5032826689973
2766, 318.34295921874565
3043, 318.0896380729873
297, 318.0166369732586
2016, 317.90982218867447
1503, 317.744682862764
2326, 317.45189567232575
1015, 317.23985952030995
2330, 317.19292876568005
1459, 317.12772821849745
1333, 316.98391366566347
1932, 316.9811074031359
1303, 316.84416298667816
1098, 316.83037280924174
2437, 316.7182832279239
3447, 316.26718570540606
1317, 316.2395280468181
807, 316.0988839356331
1774, 315.9840283613845
688, 315.9308162358336
3190, 315.88919237139646
1496, 315.77287445983075
3128, 315.61605861435044
864, 315.60682752457336
2296, 315.5439445514545
3202, 315.5431313684257
595, 315.4997971990804
975, 315.30506101759744
2225, 315.2875134986173
1916, 315.22793551569623
2786, 315.20105295027236
2311, 315.09309005444254
2159, 315.0396172190215
2874, 314.9488858142497
1284, 314.4230441826908
726, 314.41277631990783
3281, 314.32261850609024
2026, 314.2431954990075
899, 314.01737689315706
1344, 313.97135370147106
3285, 313.8836509073525
2962, 313.8549690544026
609, 313.80078598227044
954, 313.7247974814192
677, 313.6760375134909
721, 313.55381428359937
1517, 313.5512400164098
1376, 313.48469817165187
2083, 313.3257119256122
2407, 313.25733002056796
2281, 313.1758566235716
361, 313.14793962500744
3035, 313.1470335643182
3174, 312.96407555694145
3434, 312.90635044177304
684, 312.7357238071671
624, 312.7357238071671
1621, 312.6195796009923
451, 312.5663243470699
1948, 312.4087499756516
1991, 312.3526421912895
245, 312.3329578672517
1184, 312.22215837005706
2161, 312.2107177753563
598, 312.19192893696106
1055, 312.1868041368024
299, 312.08001629718234
829, 311.9277841929812
888, 311.89942777312666
130, 311.7740701071972
2352, 311.6996957666083
229, 311.56131172671684
1606, 311.45108671070284
1690, 311.38422906485397
2863, 311.32805901087687
449, 311.26647729527616
464, 311.21482624676037
747, 310.8346851188268
3386, 310.75710141069675
466, 310.4301672912906
3214, 310.41528940968686
208, 310.19467916339573
631, 310.1496386701181
3424, 310.1448558236596
2759, 310.05082970502815
842, 309.88857134312406
1918, 309.8764530587066
2000, 309.8675129731364
753, 309.8346220291663
2734, 309.43292755735814
79, 309.429821366435
700, 309.39272411254393
1472, 309.3299730404154
1604, 309.2194330541753
75, 309.16286687166024
818, 309.1186293129897
1407, 308.9301692461181
1111, 308.91940640116684
3298, 308.75815274505294
1952, 308.63209173948576
819, 308.61653938714835
751, 308.5638883814667
914, 308.5559299182342
1399, 308.5369456528956
2091, 308.47828974565965
3056, 308.4688483732782
1386, 308.4159538443332
488, 308.2301044291634
1922, 308.184393147115
756, 308.0687766124804
2266, 308.0598911137756
496, 307.87714287485466
771, 307.6660194040083
1654, 307.6620066086311
2332, 307.4688696368711
2354, 307.1854587437861
173, 306.8591877375914
2767, 306.8503531722245
1177, 306.8281962431312
2032, 306.6315144802317
3173, 306.48209104309495
2744, 306.0671945789828
3185, 306.0039665209561
2757, 305.9479734299746
1833, 305.8693344188874
2817, 305.68293260434996
328, 305.594737650152
2252, 305.4746346835304
571, 305.4071605895207
2029, 305.3905362970883
968, 305.2650900799358
3300, 305.21798876738865
2024, 305.0196323709997
204, 305.0001105736368
1990, 304.8995766640597
2987, 304.8097572580652
2178, 304.80765157590787
1044, 304.6763198207196
3015, 304.67250578904765
1482, 304.6128477409475
2906, 304.54606228443373
1497, 304.5246311167394
2834, 304.50104268222697
1770, 304.4900806322738
2895, 304.19405310455727
1140, 304.0299912889673
1767, 303.96277372958497
997, 303.9606718823898
621, 303.9439020570394
2250, 303.80339403148554
3057, 303.7488197949095
3450, 303.5682137601761
3175, 303.5649515473802
435, 303.55265582885323
1896, 303.50482758124815
2109, 303.33839127617944
731, 303.3124037656778
1897, 303.2076754990008
1903, 303.1886884849354
2221, 303.1537546894165
534, 303.06531144997444
1077, 302.8645671793719
1766, 302.39261289575535
605, 302.37093895592454
719, 302.3667802109922
812, 302.090028647423
715, 301.98254737104537
317, 301.8458583787049
309, 301.8458583787049
100, 301.8192804659556
147, 301.7889742176349
1019, 301.5944126979263
1513, 301.5493445855343
662, 301.51992701434455
2078, 301.32766580635115
1296, 301.31306297400283
3098, 301.2984787780755
1783, 301.0815807378419
1893, 301.04500144320804
2215, 300.9889714744951
1375, 300.8682811870696
806, 300.77074768891066
2147, 300.66139432958624
2112, 300.58414377252114
2278, 300.514535932796
335, 300.43710127499673
2261, 300.4147031362606
480, 300.1984934911938
1956, 300.1060663271314
485, 300.0824220720371
3208, 299.9656922923069
583, 299.81310878753385
2748, 299.8093840173822
1471, 299.58633998247564
2835, 299.2794364216783
1521, 299.17847029046555
1013, 299.0502518442542
2027, 298.9623267809975
3283, 298.83391694084565
769, 298.50196740190125
3244, 298.44392327699916
1556, 298.4363590877888
2820, 298.3238585543606
349, 298.1590450088941
470, 297.7312489446042
1796, 297.71675266431345
203, 297.7042270508565
3276, 297.680242458019
2241, 297.2019862725461
3110, 297.1727856083808
1349, 297.1655604111614
1029, 297.15154190707335
401, 297.1364048720899
339, 296.9496845945321
1142, 296.94234695598635
2418, 296.8221910540663
1937, 296.74275150803527
1850, 296.72931926200533
1172, 296.71123904839214
1056, 296.5734929868125
433, 296.56257649175336
2174, 296.52973373441023
3245, 296.4901770210487
2722, 295.99067881834986
2076, 295.7241156795952
3292, 295.65467935763814
3226, 295.44774769200484
2328, 295.3742981146573
1256, 295.2999287614605
3440, 295.21277582541796
479, 295.11997287243986
3348, 294.8666434784894
415, 294.74636968754737
1395, 294.73022032099817
2276, 294.7142624000789
3001, 294.66917049759905
2381, 294.4871949374338
1443, 294.4387693047705
1538, 294.421773125107
1360, 294.21043492417687
738, 294.1575076010995
1502, 294.13263566298247
357, 293.9090878939835
372, 293.69358345397654
695, 293.6160777328662
367, 293.5434233047091
366, 293.5340622033426
2374, 293.2486154286689
1929, 293.1944311612959
1805, 293.1860735636595
193, 293.02213782610096
3042, 292.9197469090705
318, 292.89796772593013
3093, 292.72312569335725
340, 292.6662637916559
3159, 292.64208424654583
940, 292.5437263920736
1553, 292.42956613188704
767, 292.34795831833475
1570, 292.3360254655784
2223, 292.3272985288004
46, 292.07782564899
1105, 292.04073718476656
2013, 291.6523935263887
739, 291.6046527108921
2932, 291.5196603139552
1793, 291.09377300343056
2751, 291.0666253212904
1853, 290.94139159459905
2224, 290.92136333411275
3273, 290.79643018868524
2045, 290.53383618118
440, 290.4715282482563
1946, 290.38887315401774
327, 290.36073038593605
2776, 290.08908210254987
570, 290.0687268411246
2128, 290.03295553365314
913, 290.01115287921345
1880, 289.95870879054223
1587, 289.8870746222748
650, 289.8510781300049
906, 289.71713653931107
2507, 289.66649576216395
1910, 289.62392892208146
540, 289.4618446753433
1870, 289.4369295786659
890, 289.31854160374434
2893, 289.3116801751649
468, 289.3071502170604
1434, 289.189971473774
1433, 289.189971473774
1899, 289.1861422736974
2920, 289.15177975511176
2843, 289.0180828000112
627, 288.682192132989
48, 288.5490527192673
1675, 288.3549442454654
878, 288.2669492671482
3293, 287.985397973837
811, 287.76201895875244
2965, 287.50893557828846
189, 287.4823148642298
2020, 287.3949871581412
947, 286.8842781984829
52, 286.8385123188208
608, 286.7448247074847
126, 286.73085342457625
1087, 286.72923481908146
1757, 286.6955961623197
588, 286.64390424976585
2253, 286.5935299160468
2622, 286.37781037571204
1235, 286.288682434949
809, 286.28150982011266
495, 286.1407941177874
1100, 285.9231961429018
1917, 285.8837362958395
548, 285.8229057346822
2825, 285.4257651742776
2363, 285.4241522802171
2155, 285.39186794265777
1058, 285.3643174353979
2773, 285.326114636633
2291, 285.31847570695265
1797, 285.31767030520103
3297, 285.2398700356488
1936, 285.2199722319791
894, 285.00961615043707
2329, 284.85514526214513
544, 284.8141347304823
360, 284.80259257425814
978, 284.69783419182085
1363, 284.6265515793566
425, 284.61698345872503
2234, 284.43141466102895
288, 284.160064841266
191, 284.1006204237734
3209, 284.0961182304534
835, 284.05957617365334
1313, 284.0559022125412
345, 284.0467351410535
244, 284.0138758205808
2768, 283.96226428137555
2415, 283.83507086321833
1758, 283.7640829192855
2802, 283.5923797260078
1938, 283.56486743156705
34, 283.0946310900957
452, 282.99659937407586
1204, 282.57373259933803
1611, 282.50977105166504
1334, 282.4882642817486
676, 282.4155154620225
217, 282.34448021808316
148, 282.3216180061276
861, 282.1475236125367
1565, 282.1376318875877
3435, 282.071620634936
274, 281.851722052455
206, 281.7692588858322
869, 281.71077545491727
877, 281.4227669265896
915, 281.30850928791295
3176, 281.28276549808425
1338, 281.17819566864074
308, 281.13007374439775
3451, 281.0946762153253
1592, 281.08440410208357
1159, 280.83194661202674
1283, 280.6784663039207
348, 280.3178754464472
2118, 280.2097370606377
2981, 280.0863404249215
2723, 279.96394183929226
1914, 279.9249885548461
51, 279.90263481021384
1515, 279.7045590959963
1993, 279.6500968264661
3083, 279.5473471651744
359, 279.3095740691309
2285, 279.1796138972115
587, 279.0137772623544
1609, 279.00525410943237
758, 278.7119848376659
2729, 278.64250753020366
2988, 278.5334295688502
2182, 278.45585859077386
322, 278.36917484255457
310, 278.36917484255457
862, 278.0451505373636
1063, 277.7937354235366
222, 277.7315218565459
3079, 277.730017702181
995, 277.61701241338295
1337, 277.5917765244403
3023, 277.5502128065642
1221, 277.51851231002007
2848, 277.3568401199915
2272, 277.34453651469636
3071, 277.2250521631388
562, 277.12414987990996
749, 277.1172323572445
816, 277.0623954274364
1988, 276.92725440504097
610, 276.6137996617244
56, 276.55441760504095
3224, 276.1987797635521
3213, 276.11493367168805
3287, 276.1052996688081
2546, 276.0865379667886
2368, 276.0162417292985
921, 275.76513435757875
2901, 275.6668608945639
2886, 275.4782175954908
1381, 275.361949833354
2371, 275.0237647836963
2420, 274.9386575904874
1237, 274.8003842289074
2838, 274.69379343641964
2419, 274.67302890134266
3151, 274.64649942489496
3259, 274.6067714340374
389, 274.602681921978
2887, 274.532576653863
2019, 274.46573494460654
2335, 274.15176800918147
760, 273.9678443333866
2883, 273.9283372780357
140, 273.8903754801564
1913, 273.7974170500065
1546, 273.6141847139697
2810, 273.53670848726864
589, 273.5362872325787
406, 273.4595793033469
3084, 273.3823895662503
1816, 273.3632560334037
1680, 273.2978050405985
607, 273.2816463688245
2549, 273.18275450088265
1859, 273.02253727741254
652, 272.56169618486047
625, 272.4762541012658
2025, 271.95777944118754
266, 271.9257955994557
1686, 271.9224875805126
3050, 271.9191223113966
1552, 271.87092005822734
592, 271.85445022612345
622, 271.7587875754679
44, 271.72756223623537
1924, 271.65103152346967
1081, 271.4698531560062
1812, 271.4645481513388
2307, 271.41917545829676
1923, 271.19440377587773
1955, 271.08787590334805
1033, 271.0760847304484
3051, 271.06408832605564
2892, 270.95852652153053
2041, 270.88049708056576
881, 270.85673208071347
1802, 270.7804295900243
1249, 270.64065207587385
2257, 270.2193999776128
1901, 269.93041672257044
198, 269.8788556756691
1102, 269.6558145389972
1933, 269.6227056615379
1461, 269.427304610615
685, 269.2037946157364
2391, 269.2033267619457
381, 269.18746568418186
2416, 269.10847794840004
165, 269.05444477490846
2005, 268.8727437908827
447, 268.79686755612886
424, 268.7481504913424
1602, 268.69927450048795
1987, 268.6594383647138
355, 268.50997188824067
1244, 268.4608833974086
941, 268.33527432385125
2795, 268.1806215404965
670, 268.15108835072743
3199, 268.12707504417574
2137, 268.0711780709278
194, 267.9018509314344
1732, 267.6502388005772
950, 267.5296061329011
515, 267.4801355689373
889, 267.45070058679374
1516, 267.36970386217854
1000, 267.3482136047251
1666, 267.3418994517877
3439, 267.3325268518539
2811, 267.30743421454065
3192, 267.1930418711533
991, 267.1395383075239
611, 266.9603427989155
578, 266.92686328401254
2343, 266.6578615676368
1945, 266.6291898528062
275, 266.4931324057944
3449, 266.42307692355223
3274, 266.3990942963013
2885, 266.2899510114229
3246, 266.2727034944675
1545, 266.24518741796857
3315, 266.1946835600766
407, 266.1337952043942
2108, 266.11029995767825
1707, 265.81687292437084
833, 265.7926783856791
228, 265.60954303957266
2741, 265.4621114939033
3413, 265.40102392668894
2210, 265.3864848059317
82, 265.3004119742433
233, 264.9965755969724
2316, 264.98553588701566
555, 264.974064806057
343, 264.94693502878806
74, 264.7962524150514
1243, 264.6847971377687
2001, 264.63910266708086
3006, 264.62342625263557
3178, 264.5975482536125
3171, 264.25422502766344
988, 264.2159400030905
2944, 264.2145366386979
143, 263.6103072411118
2034, 263.60228808068877
2238, 263.56584779642384
1290, 263.5309401833687
1082, 263.5259059518905
2836, 263.50995532646454
1002, 263.3211803631101
1379, 263.0716975307401
3013, 262.5093085946201
3133, 262.42386162625064
1310, 262.41124016631977
1350, 262.23451152173664
1845, 262.14321005988967
2106, 262.0582092237187
1384, 261.8614621520469
3241, 261.7562837798649
1798, 261.6433283996063
1843, 261.53085686978744
521, 261.4803645313926
2827, 261.25171772255993
1005, 261.2298923686454
2736, 260.87424313850454
376, 260.85702523041056
445, 260.7589253458443
895, 260.6343819129117
85, 260.6092288616424
3336, 260.50188669083724
1763, 260.41738238068615
841, 260.4039417788094
1947, 260.10450358808373
3092, 259.79120015660413
951, 259.7065721435208
2951, 259.6422705104195
2218, 259.6368533120724
25, 259.558027275595
2749, 259.5523828831287
1084, 259.47083348941953
134, 259.4280942772373
2093, 259.42611593492194
2357, 259.18770373655485
47, 259.1430663495605
1795, 259.0015547728183
3432, 258.9314692242631
1854, 258.91912842946044
1122, 258.9184482710825
3144, 258.78678348190397
3278, 258.7443603020648
2896, 258.71434722080784
651, 258.69296108187814
379, 258.6842983597096
2808, 258.55360777200355
1742, 258.01374997683865
2294, 258.00474305399416
57, 257.83324648139705
294, 257.8177417759362
654, 257.70646239908433
3059, 257.50883741162875
2855, 257.49712949001207
3384, 257.4336514259499
3170, 257.427913309006
2995, 257.3681110175169
1775, 257.1563665347818
3143, 257.155974456729
630, 256.8652770914637
3163, 256.80016751575255
580, 256.7698819596359
1162, 256.70818413454464
3062, 256.68672955299144
362, 256.53925684039166
3305, 256.4906073039228
3218, 256.46421594212546
1844, 256.3825498843691
874, 256.3804834343222
3204, 256.3619932632054
678, 256.1392355542014
1526, 256.0469603822407
1024, 255.94766159375524
3101, 255.84376035302182
1677, 255.75422776111193
141, 255.70275559454956
1738, 255.55461816233694
1877, 255.2728341446212
563, 255.22702041750307
1720, 255.20474641223544
2483, 254.65851486344647
3194, 254.535631657928
1205, 254.5019438667079
427, 254.43759652234834
802, 254.39730556791469
2789, 254.16948764847598
1547, 254.1441278490265
2286, 254.1195871129499
3211, 254.09168326864565
2793, 254.0721166475968
1121, 254.05931483439542
3011, 253.8763961626781
3095, 253.84933163592993
2630, 253.77836108344556
3433, 253.77200049421836
1439, 253.77062771454075
3327, 253.68878317522672
341, 253.52803190258535
35, 253.49206207343832
591, 253.33620820759006
1687, 253.26926790666514
885, 252.95433557432338
237, 252.90900660315947
1826, 252.84131538641043
617, 252.83056250408526
3380, 252.76392019491314
3206, 252.62528021639287
300, 252.24789664915758
680, 252.16882732617614
2003, 252.04425795670363
2945, 252.02100527800755
402, 251.90083735888322
613, 251.70035107539928
3186, 251.69612492430878
2666, 251.67473444692658
326, 251.50762526470123
77, 251.34150574026492
1725, 251.25463898707335
1821, 251.2401871169066
2048, 250.79515236383966
298, 250.7812646860548
408, 250.7379917053086
1771, 250.60242763824516
3197, 250.46431714776924
1347, 250.17638764765906
3304, 250.17496478065837
2651, 250.04301433835946
3039, 249.81280398176077
2240, 249.72003927905777
473, 249.5561169264868
3312, 249.5559660726691
2002, 249.37435907329265
1238, 249.1807381358433
3443, 248.95482451270985
649, 248.83673932820082
2314, 248.49494580777318
3289, 248.44141095188573
2894, 248.37550202543983
2513, 248.31160785127116
2404, 248.29224149267634
1627, 248.1716072925902
3294, 248.16771204745936
772, 248.13794291075106
1762, 248.13739914018848
655, 248.0533513217129
3284, 248.0158385854215
2505, 247.96951862959358
2454, 247.85473525009098
73, 247.8491168838498
794, 247.8419620467645
2248, 247.82456356581966
1722, 247.7066627007052
1784, 247.6425584415015
1842, 247.48479442275044
1746, 247.44085254429885
1541, 247.41919261609698
2288, 247.4157928774526
356, 247.4143389545713
1373, 247.28130719510003
748, 247.25526832701556
909, 246.9852682104889
280, 246.96941235983482
2259, 246.9369813738846
1874, 246.92812523112806
1729, 246.90703425103945
3134, 246.75933264286758
2104, 246.6459316129494
2402, 246.56816012593043
1012, 246.41584693329733
3350, 246.3367498136761
2890, 245.98868193273466
3040, 245.92135136441033
281, 245.79729340302512
2583, 245.69284794326865
509, 245.67937452311833
1613, 245.65715943528662
1355, 245.64414961101315
3147, 245.6328941801465
663, 245.61544134388132
1879, 245.478017220299
42, 245.05017320731568
1669, 244.92240430757022
2358, 244.91751321729592
1231, 244.82724642619843
956, 244.72691399022037
491, 244.66326623557882
1685, 244.60138115676676
1718, 244.409729951986
2203, 244.3909542212594
1646, 244.37932548548687
1970, 244.06642081291884
3200, 243.99027357288844
2508, 243.7589879051446
643, 243.5919127647536
3243, 243.55749905944367
439, 243.45127456540214
1747, 243.43316112250702
2824, 243.2273944643404
1875, 242.93238008758024
2280, 242.89649524421225
3354, 242.8272589697248
2491, 242.7637793118521
282, 242.76104856817494
939, 242.40317988094546
3120, 242.2856708029582
679, 242.18266689108214
2364, 241.85628165160688
2385, 241.78050064125938
2008, 241.7679915976459
1695, 241.69837634049597
84, 241.69375383941423
2379, 241.56027817328652
2333, 241.16739380435035
2742, 241.13209299517018
629, 240.96295545410726
1764, 240.89493987454392
1104, 240.84021950809847
2948, 240.8250469897772
966, 240.79555588849846
2935, 240.72672854587992
1232, 240.65721238565246
1625, 240.63048971066505
1641, 240.41120088087874
88, 240.35269424314288
628, 240.22598563717665
1616, 240.1134674008757
225, 239.6731334744257
1708, 239.53806808821466
2442, 239.5025038632189
2721, 239.3195966793037
455, 239.267742213886
733, 238.27797365740065
1868, 238.2770362289969
2393, 237.93112371849207
2566, 237.834299140738
3082, 237.66361312602154
2671, 237.41035185244107
884, 237.40221381911633
732, 237.19409230668685
2780, 237.10777908987203
859, 236.97295111890972
2688, 236.9586717138083
1756, 236.92865533879254
150, 236.88276446481743
634, 236.54672996335606
1781, 236.51195616487655
3314, 236.4854347470002
1258, 236.3698331008514
3184, 236.3045677497609
3146, 236.21287861041407
58, 236.18192421082097
460, 236.17837949961225
219, 236.14931939990072
2816, 236.13361490622717
838, 236.02535759386217
302, 236.00645408731387
1894, 235.93235191914079
2021, 235.8112318979736
1971, 235.7841193150786
2039, 235.77103687692684
1647, 235.7261576607686
1919, 235.6167440025519
2258, 235.5105782201788
1542, 235.5023156887445
1274, 235.4695240423268
2917, 235.34780974351378
513, 235.26984197333843
2784, 235.1630128721997
1190, 234.98447322978558
1171, 234.94559382846282
265, 234.944276343409
1765, 234.62521232579303
1931, 234.5996220310217
863, 234.50765596047873
3150, 234.4931025828065
2353, 234.32667011226215
2823, 234.30445942442907
2904, 234.29864352471395
2645, 234.00509566369846
2098, 233.90246376289102
2755, 233.83651773782427
1698, 233.71973373661447
1871, 233.71321901613666
512, 233.66390896526465
699, 233.58423803106464
2696, 233.42540170484838
1768, 233.3720934065771
3220, 233.34011987829876
2788, 233.1551276141751
2782, 233.14440895889638
145, 233.1009071922166
344, 232.95130802150027
3183, 232.87336981220176
1717, 232.78570598081856
2587, 232.75183078816252
2553, 232.7225077672109
1968, 232.34162920310118
2143, 232.27611731680724
518, 232.2553459508689
3264, 232.12545315311473
1106, 232.1083133131976
2524, 231.98517450711137
2812, 231.85541525538267
3444, 231.81062534100866
2338, 231.7420001495778
1185, 231.72517496862682
2705, 231.67015926473036
398, 231.58575067864402
2758, 231.54297620793426
1644, 231.2018908109437
1731, 231.11545581704743
2562, 231.078001475702
3248, 230.97433499045542
1740, 230.9615121128171
3239, 230.70658784746624
1858, 230.7032765811121
3352, 230.61312846214332
3162, 230.4309319071982
734, 230.1718226525682
3187, 230.0879041091485
2864, 230.08420327147599
3123, 230.01098267030542
3105, 229.99518051527406
2559, 229.9478091769591
412, 229.30785252121277
757, 229.24700673058285
551, 229.18793403138315
2558, 228.97152588628933
2101, 228.89978442265976
3324, 228.89905381453497
1682, 228.65077624283646
87, 228.6211153585512
1714, 228.5468954204577
1739, 228.35091920465393
3415, 228.2353201782923
291, 228.1577340977821
3168, 228.09486083537868
3063, 227.97665458943786
2287, 227.965263162849
1643, 227.8024628436243
793, 227.75957675765738
2004, 227.75244940447342
2640, 227.59742721546664
2607, 227.45464504777584
2677, 227.2425222227989
2694, 227.12250758064337
278, 227.010613443019
3255, 226.93278799363475
1057, 226.86374836144142
156, 226.81599148665975
2514, 226.6926473134454
2017, 226.58688059981066
1726, 226.5010911982725
3290, 226.3610674475425
2610, 226.33328333897248
1626, 226.2964232844126
2536, 226.2635332900307
3129, 226.11658538227243
3090, 226.07591720780977
957, 225.8913650976433
1642, 225.7894363842554
250, 225.57482647814535
3225, 225.54558007936478
214, 225.43146309998335
2620, 225.3039819254973
561, 225.1562789691525
2690, 225.0977151197001
3041, 224.95837409937158
3299, 224.86756649682977
1892, 224.8122047495638
2703, 224.59312270145824
2781, 224.5725381543605
2244, 224.56673851274942
1869, 224.43456341868136
3036, 224.32221221531157
3318, 224.03672372458212
965, 223.8601069659648
901, 223.82551093096063
1715, 223.79583915242813
1703, 223.7261981190534
409, 223.64073020410342
2686, 223.53138154641888
316, 223.4990516302214
399, 223.49119261940274
1532, 223.45357706358374
626, 223.4037835363443
255, 223.21985400113698
2473, 223.10993141625465
276, 223.08572241186275
1705, 222.96561361609787
2030, 222.9584856616763
411, 222.87961689675052
2390, 222.83196738556438
2305, 222.75637125470385
2710, 222.70125955944116
2217, 222.51359132427467
3279, 222.02004582552547
3066, 221.99383695470925
2814, 221.9845594608822
3080, 221.75066476998938
2779, 221.6525873338988
2574, 221.57280891241683
2102, 221.47704202912013
385, 221.46989918956555
3130, 221.36808876582637
1755, 221.26617262189694
19, 221.1087027444914
2571, 221.02236308844613
199, 220.9275617687798
2657, 220.89445128238458
2152, 220.80284791994544
1752, 220.68850875209023
395, 220.5458871899308
54, 220.49621702177475
1721, 220.37188686357123
216, 219.99249015756325
681, 219.8819297391506
1630, 219.80597462949177
1287, 219.427249303677
1712, 219.34727405648513
3347, 219.12228997322262
3207, 219.04032945095994
2756, 219.03459489959593
2785, 218.98133352059824
2653, 218.9336451086093
3020, 218.64929232759224
404, 218.55450089717735
1701, 218.50798789585153
1733, 218.08676332709365
2497, 218.05032465277856
1692, 217.8639594443283
2111, 217.79509820658959
2096, 217.79509820658959
2650, 217.69489798663298
3111, 217.6222723398295
1966, 217.31098774647535
3306, 217.16831735520566
2624, 217.0894199378514
254, 216.6264172720027
1628, 216.52082331149822
400, 216.14743905663403
3099, 215.994762181987
2621, 215.90471924963416
2745, 215.8162758187626
1267, 215.70837075496067
1710, 215.61435005957856
1028, 215.5878142509224
386, 215.5281155625132
1564, 215.45781330755088
2712, 215.4254122864887
2561, 215.39190101103077
21, 215.36641785447492
2683, 215.03592329691574
1873, 214.90462443900478
647, 214.81819697973629
2649, 214.80308528416649
2641, 214.76456929199654
1891, 214.55786022855378
3316, 214.1337689390943
1631, 213.97795189844115
2520, 213.80390776401163
2525, 213.74801584463336
1463, 213.7356207119491
2572, 213.6879719947451
3265, 213.63662691635494
1744, 213.53025478200016
1735, 213.5006273455201
2720, 213.33773522479228
2601, 212.76389570541468
2738, 212.72213581957303
1716, 212.61438473891593
3383, 212.41493684569144
3112, 212.3832033081226
2527, 212.31780818969278
3097, 212.28594467141605
1748, 212.26420120673598
50, 212.17335209923303
2681, 211.99666681810555
2959, 211.92654130875485
2668, 211.79882532836612
20, 211.72348618340087
2652, 211.6917441596838
137, 211.66317561789393
3323, 211.32563737288942
1047, 211.22242529098153
127, 211.14815959276928
2568, 211.04510988134047
3201, 211.01260057771236
1364, 211.006156882372
396, 211.0007083390078
1659, 210.9552997543496
2293, 210.90048862166168
287, 210.71084791909402
1684, 210.64235398634762
3295, 210.5348352376827
2656, 210.28884183181196
3362, 210.23799205746866
1670, 210.01373276431707
3288, 209.92923000492232
1672, 209.73047836914876
2608, 209.33550311018476
1645, 209.2883371483015
2646, 209.25194662607507
3442, 209.206676635106
2289, 208.91926457446405
3136, 208.78538428733785
2635, 208.64167799132935
1633, 208.52964199459205
1730, 208.26065298157116
2580, 208.24944557017474
1741, 208.20925238105536
3216, 208.10855570981326
2853, 208.05615911907034
1700, 208.0092396922861
218, 207.98629186376564
2563, 207.84844916884458
1668, 207.6046830067724
3219, 207.58370822469684
1743, 207.37146364029647
2340, 207.0878948144131
1657, 206.91094762665873
1699, 206.90927620951706
2485, 206.862506089138
1941, 206.69348630261317
1671, 206.6871967893167
508, 206.37794830055705
36, 206.372256342745
2611, 206.34375893263876
2212, 206.20606009986082
2726, 206.20198676137522
3311, 206.07996403499538
1724, 206.02689915556277
388, 205.49620921495168
375, 205.47532157148578
1754, 205.40014145012043
1967, 204.88572026898635
1665, 204.58565632608776
2383, 204.48071691177537
2533, 204.34794674056695
43, 204.32569754656052
3254, 204.27880705870223
2449, 204.12320343999616
2493, 204.093877636073
1745, 203.98966577683683
2697, 203.88956228325435
2451, 203.82267827398272
1706, 203.78633691040008
2397, 203.5668741102213
2592, 203.4976271381858
2597, 203.45867900759836
3223, 203.40259782489758
2466, 203.35352650112628
3005, 203.29954980022814
2283, 202.95150766703827
2486, 202.9291657447797
3094, 202.76230475447383
1728, 202.56420198794086
1650, 202.35827959703624
1637, 202.27994662763712
149, 202.17363436229726
1629, 202.1614229052938
80, 202.07355398180295
1734, 201.8390348931769
2456, 201.815233848302
3232, 201.5263721977859
1114, 201.5154072839895
2179, 201.48135263610635
1649, 201.4697100001606
2658, 201.30552291778744
2204, 200.82264680356425
195, 200.74773583758147
1704, 200.71206396811678
1639, 200.7069687108897
3221, 200.61001894115748
1681, 200.54790673355816
1679, 200.23433663964047
497, 200.19944273645666
1727, 200.18227662869813
1648, 199.7440360270559
1697, 199.5509805502357
2575, 199.44209116794127
474, 199.36279020284329
212, 199.33602458986297
3222, 199.03659974111687
252, 198.91238889174215
2339, 198.74620954138445
3007, 198.5648520481977
1759, 198.47981242684136
2528, 198.29927126511342
1691, 198.2334316178874
2604, 197.8678693186523
2980, 197.38722544859374
3217, 197.27027617726932
2239, 197.15160184237294
1749, 197.03210338263816
2475, 196.5629809614127
3231, 196.414985215873
2461, 196.40053784017215
405, 196.3786339706695
2235, 196.23208452918027
2453, 196.09676409576034
2693, 195.97909808822564
2655, 195.90449588295724
2589, 195.77331972888894
2543, 195.74773149969735
2648, 195.27385054290565
138, 195.17408864923775
1702, 194.9673390733276
2167, 194.81468837696374
2185, 194.6497246418229
2087, 194.4852629262228
2778, 194.45998663014402
1358, 194.2213223117574
2612, 194.20083408580686
1751, 194.14905619100938
2282, 194.03410661454902
2809, 193.65185283490257
3195, 193.54256474560933
3258, 193.54012364424128
1674, 193.5047956663924
196, 193.4677305071226
2616, 192.99372754879172
1696, 192.95154210549134
2673, 192.83260328672077
2623, 192.77677375986033
2484, 192.62806655113164
1636, 192.4349434239119
337, 192.18613314600128
394, 192.0965484156202
2226, 191.80842281647207
1635, 191.7925089493345
2713, 191.7813486408437
2184, 191.76788457969113
2139, 191.6168869541857
2679, 191.46523706266092
2605, 191.37177573188401
3296, 191.27704775207684
3313, 190.91886076005088
2564, 190.78823210502495
472, 190.51033471001102
2821, 190.26988971826185
2498, 190.2371621923212
15, 190.12456821690864
2531, 190.10436195909904
2299, 190.0750867736217
3160, 190.0421213322063
55, 189.98740041692744
1737, 189.9393282724882
1750, 189.91301999733147
2249, 189.4127457447315
2177, 189.20633805883483
2626, 189.09954580132433
2264, 189.0491332540794
3021, 189.02094331544563
2462, 188.77748327487365
78, 188.48613157183132
2490, 188.31946592139838
2606, 188.2066167228619
2586, 188.20489244495448
3091, 188.1715933157862
3262, 188.1042457032741
2687, 187.97144214172178
2695, 187.52589683405677
3113, 187.50390620746327
38, 187.36779993919322
2094, 187.2849102943922
1045, 187.21583100173208
2345, 187.15725312535255
2519, 187.05564604838864
2496, 186.97766155212466
2455, 186.93708846626535
2492, 186.89801658710778
2704, 186.81602960321936
2538, 186.77068096941656
2349, 186.7685685086924
1530, 186.75166504438548
3261, 186.47840986910956
2346, 186.4618732792906
2822, 186.43573536120266
2603, 186.31135446217866
2534, 186.31110094132387
3193, 186.17998539785907
2464, 186.16515303585192
2570, 186.13994506693004
2692, 186.11171369724602
2869, 186.10013303334952
2511, 186.09976109366076
2654, 186.0667034490891
2341, 186.02945176915534
1652, 185.89028868699563
2629, 185.84640357104684
2675, 185.694149932289
2342, 185.682907562213
2700, 185.51493800456942
2707, 185.4317837047856
2509, 184.91704047020926
1960, 184.86710659671508
3180, 184.69981646655475
3344, 184.5939886503613
1557, 184.26992205460164
3251, 184.05254782450578
2313, 183.5495883572368
16, 183.41285098149322
2522, 183.41228672305235
2506, 183.35456080138025
3329, 183.17153387683481
2665, 182.72388176582464
2638, 182.62683318057083
2600, 182.62171825282155
2581, 182.56880412734904
2499, 182.46068011886112
3260, 182.27034148506021
2727, 182.0723858446125
2284, 182.01106503827725
3165, 181.6771705280887
3361, 181.57110418238048
1655, 181.31144377972703
3019, 181.12526810573465
2488, 180.9223631996597
3364, 180.85247892049816
2452, 180.62909651884615
2495, 180.44939512939945
2644, 180.43584719445295
2479, 180.4215178573405
2760, 180.39543155950693
2460, 180.35343714512086
2662, 180.17968367263015
2632, 179.9973839104791
83, 179.9634338780288
3100, 179.85635167970517
2044, 179.55601108803015
2079, 179.35406342642995
1559, 178.8341102171939
2401, 178.59171444820254
2037, 178.34018703702088
2440, 178.30266095455954
2698, 178.26178789759695
2743, 177.33514679096203
2530, 177.25898248788886
2714, 177.2504271791416
3301, 177.07261979130402
413, 176.51963443842567
2970, 176.10337449343422
2565, 175.98544265953132
1847, 175.86961396956946
2092, 175.7945365679448
2625, 175.37425969872857
3266, 175.21805250281272
2535, 175.09363812589464
2477, 174.78589367282675
2670, 174.41251515923568
2684, 174.15689517308627
2444, 174.1544176285251
2591, 174.1377384708119
1664, 173.85438171833152
2664, 173.57667273107464
2537, 173.39927794931455
2598, 173.08760265607157
3357, 172.94085643480608
2061, 172.67385261360803
2667, 171.83506953672645
2659, 171.49740722849378
2660, 171.18660958671308
3008, 171.14156635164036
2699, 171.07387371117733
2472, 171.01930960129212
3033, 170.87341132335428
2634, 170.66704155591717
2674, 170.4641816945827
2669, 170.40675348528086
2552, 170.39414310753153
2457, 170.31607494352272
2576, 170.19299697647057
2631, 170.14990821630929
2474, 170.115955792216
2405, 170.0575171450166
438, 169.70234422840377
2494, 169.5816271556615
2661, 169.55983369944897
2502, 169.4485759104483
2501, 169.4485759104483
2691, 169.41807612782532
2510, 169.31526856556414
2469, 169.30012045484017
2541, 169.10613959646554
2617, 168.69950599292764
2614, 168.33596434424322
3249, 168.16216474964313
2609, 168.1566197057245
2448, 168.02552772034878
2542, 167.99362419034645
2627, 167.77379765421315
3253, 167.430763120899
2504, 167.38879428258957
2476, 167.17368306734525
2702, 167.1430741120659
2521, 166.94558182564904
2637, 166.87587708202497
1109, 166.69686717180295
2724, 166.1362467108863
1300, 166.08491472001555
2956, 165.81636380212814
3263, 165.77864355382985
2089, 165.55816944028493
3325, 165.5229339209792
81, 165.51680545585273
2678, 164.71039965371284
2567, 164.62050613483717
2866, 164.59095788224707
2557, 164.49639886419982
2478, 164.4306716351579
2529, 164.34355747347198
2676, 164.09456034835983
2619, 164.0726790950087
17, 163.6888746273956
2585, 163.56551572073212
2459, 163.5542832039368
2074, 163.4265229023685
2706, 163.3517997815542
2560, 162.96632174953052
2467, 162.88544097054245
277, 162.74269616323585
2554, 162.61531470750998
2663, 162.45811413916684
2082, 162.43484461864637
2633, 161.9941761168062
3250, 161.9238686002881
2544, 161.75539928785705
2577, 161.61499462205674
1560, 161.4348050072671
2595, 161.43237120151284
2685, 161.1711204786912
2628, 161.10507234366136
2573, 160.99814623852112
2482, 160.7815013164264
2523, 160.2319153572095
2642, 160.20439376079017
2689, 160.10340556359318
1969, 160.0786449851128
1052, 159.88772161000622
3365, 159.65877340754676
3326, 159.58222292157635
3358, 159.56781741423765
2618, 159.55834298433206
2545, 159.44341032120838
2680, 159.31313172117083
2443, 159.14764294737867
2447, 159.08581130493275
290, 158.94599239305933
2445, 158.69533494417038
2701, 158.625585653636
2909, 158.6158010967456
2480, 158.60991996896414
14, 158.6082969986855
2481, 158.4594055755741
2588, 158.41735568624117
2613, 158.31141611206345
1965, 158.15403478409596
2465, 157.82120777269273
2047, 157.72467256677595
3307, 157.53855171895765
1520, 157.37351424610642
2458, 157.30494310652668
2602, 157.0150381664737
3345, 156.970831936102
2463, 156.8688179117775
2643, 156.51519241184351
2489, 156.37761021631093
3360, 156.3405627070315
2512, 156.18431216318328
1046, 156.0326571052997
436, 155.99732796384794
2487, 155.92018336486524
2599, 155.66921510777908
2728, 155.57801861014454
2516, 155.05705945101354
2584, 154.88464338841473
2708, 154.82201876028344
2593, 154.7427541827887
2081, 154.68883032784493
2446, 154.65418405304456
3252, 154.17612249944318
2540, 154.0237473130845
3391, 154.00307137704186
2636, 153.99190465631287
2639, 153.48064123991045
3308, 153.19338568231342
2582, 153.17090837380516
1519, 153.05754484147954
2555, 152.8789291928085
2057, 152.63328710498706
2052, 152.49268789824941
2077, 152.40287043591442
18, 151.9082400748819
2590, 151.79976925538483
2031, 151.6194911848443
2090, 151.47472218508622
3177, 151.0350220424466
2526, 150.96499810001046
2468, 150.54655810068832
1537, 149.89782184330195
2450, 149.85042087323143
2914, 149.79922906248936
2441, 149.5816747661056
1103, 149.12819628417284
3446, 149.1218722991236
1053, 149.08866357114482
2539, 148.79614980026827
1118, 148.38658347116984
517, 147.20719666739316
2596, 147.11505725232232
2709, 147.00608867761744
3343, 146.07667258721438
2647, 146.0408872257717
2066, 145.21753282682363
3238, 145.00552394581103
2615, 144.9521697577866
2579, 144.6872265386734
2060, 144.6441000143099
1558, 143.90748236609787
22, 143.8437833725157
2038, 143.78801796985638
2471, 143.60963275959833
2517, 143.21516136325175
3359, 142.53991607065333
2594, 142.0268019705384
2500, 141.7351107573538
86, 141.3082942889065
465, 141.15200584068376
3438, 141.05156317598554
2040, 140.55101804900949
2916, 140.5004118597149
500, 140.23650102015196
3085, 139.95194537399246
3237, 139.44782689463722
2503, 139.41232959203055
1878, 138.97492686932958
2064, 138.51533229855096
2046, 137.9300574107875
2732, 137.7561505245888
2515, 137.70763658273566
59, 137.6600815449176
2058, 137.10206285125963
3346, 136.9728666427589
2036, 136.67074803949214
2682, 136.63524187960613
1164, 136.47427570139956
2470, 134.9666069384537
2578, 134.17948131154407
2043, 133.99164026864142
3363, 133.8511830020635
507, 133.81863079062967
461, 132.4548258807147
3240, 132.20152511382457
459, 132.16011923775977
2063, 131.99552894212957
3242, 131.4492619827967
2725, 131.43270995424135
2085, 131.40713484409105
63, 131.1492551501178
2569, 130.26043088188564
2718, 130.22179528110686
484, 129.68179114882614
3256, 129.64349023191326
2672, 128.24675189113464
2910, 127.58003295410735
111, 127.07385182269537
477, 127.02698447435023
273, 126.13540805170265
2518, 125.68137835651959
3257, 125.2808996363367
184, 124.8159054300962
292, 124.66658442928232
2532, 122.92447711765543
1535, 122.79928916507252
2556, 120.90521690674947
1051, 120.67055104391284
2868, 120.66488287164368
33, 120.24494627656364
387, 119.82459897346676
442, 119.46010106389795
1165, 119.38390988491352
185, 119.28239066423062
1093, 118.71584037149717
490, 118.05273169631903
60, 117.43124777517401
2054, 117.32316862878685
3282, 117.00948275318798
305, 116.73965101849855
1092, 116.26631324722068
590, 115.42437353700326
1972, 114.76455879174463
2035, 114.31798040121826
1054, 113.7777552443513
223, 113.10160341032359
2049, 111.39274356630946
187, 111.37821274644809
2711, 110.98260218969938
2924, 110.94180900535703
3309, 110.6619027762351
49, 109.91430584298426
2062, 108.89322937260758
224, 108.72925655970536
2042, 108.25301480821834
286, 107.85100189487332
1861, 107.66878003932952
489, 107.17714508384445
2051, 106.57701400048022
2107, 106.35973970492589
2912, 106.21444381249586
2067, 105.75435837435597
226, 105.67052493759327
1536, 103.30962311114357
2925, 103.16862086032779
2923, 102.80582103106934
1048, 102.184965883091
301, 100.58330045727455
2072, 99.77476117586856
1049, 98.81554407293643
285, 98.5948674016736
2931, 98.55711193046889
1925, 97.77309130408949
393, 97.55850526586025
2871, 97.38011529759714
2084, 96.22513581371673
1863, 95.46148525943775
2940, 95.41857185138977
1050, 95.12513643315735
2929, 95.10504665824519
2922, 94.83499015188687
2928, 94.72568045152927
795, 93.59862154126868
1158, 93.31358621464955
2926, 92.75832593189786
2937, 92.19247390472424
2952, 91.84340588560956
2872, 91.58434861288715
2921, 91.49549860751331
2927, 91.31418722939867
2911, 91.19029687176094
2938, 90.34150224217689
2933, 89.50479084455493
2939, 88.57238241254603
2941, 87.14356019525214
2934, 86.7335027674636
390, 86.32988251042997
384, 86.13765236905208
2954, 85.96717301090077
1534, 85.0801406096405
2957, 84.94528985229749
2073, 84.15031319230881
3412, 82.82860495107052
2943, 82.44610602060934
2955, 82.3397136923047
486, 81.20958213908357
2930, 80.93569458195061
2870, 80.92769080603492
391, 80.66606652969756
2873, 80.2220425094846
403, 79.81213969150949
2942, 78.57067518465288
2865, 78.47108967255275
1064, 76.96752863221452
516, 76.50867265228496
1468, 76.483304587489
3145, 74.62910017448525
2867, 73.92283551583232
3411, 73.81608950648838
1862, 73.57180009709907
1264, 73.41571049459559
2012, 73.1008693886271
2739, 72.76956178431514
1157, 69.76058997104538
519, 69.69963146816181
493, 69.3684204680122
3121, 67.8814937594205
183, 65.50876082842878
3161, 64.14720969132615
1612, 61.64508208665444
