3049, 7077.227058615542
3070, 5596.349365956315
146, 5039.96668095738
1437, 4740.053280708216
159, 4517.045861762399
1117, 4216.17054838549
3107, 4188.912376284112
3064, 4130.753354954409
2818, 4123.256191939041
3058, 4112.249860679365
3385, 4092.0724636561554
1027, 4044.275828922039
3118, 3950.568729229345
3108, 3944.164602871255
1030, 3877.8276139187356
227, 3875.704898005329
3381, 3835.073113622644
3072, 3830.502685254842
1584, 3775.619517793462
912, 3653.5821183158764
481, 3637.681629450032
3077, 3632.712976522315
505, 3607.4027543569828
2777, 3599.405689313561
3382, 3590.2509629203278
448, 3581.8813462121407
3155, 3579.1984483084725
1074, 3541.609331014555
207, 3527.998864698429
2100, 3524.1664170122026
3046, 3522.8705898688727
736, 3494.0698931220536
1230, 3488.6772879901137
174, 3399.6681358935125
1865, 3395.927412370841
3148, 3393.4154516586323
2792, 3364.275881596792
554, 3314.0820196271716
296, 3309.5098970232802
1218, 3295.2244202893075
1040, 3287.577589186149
2754, 3269.1745347301926
1590, 3265.046142474625
820, 3261.2506065388707
1973, 3226.5535942191595
2022, 3211.09738508943
1448, 3181.707965305509
3277, 3162.7032383548913
2783, 3154.9500863437206
1964, 3148.0399564853074
3353, 3072.255049160748
1811, 3067.3602535643804
3135, 3064.53183870927
3408, 3041.3858741284575
469, 3041.0048410705776
2990, 3000.989103539877
1247, 2999.0092234777044
170, 2995.4372730549785
1234, 2977.408233125183
487, 2972.971622100201
3303, 2970.170535831569
3114, 2969.284701428492
3378, 2956.1326746980735
1091, 2953.990355346739
153, 2937.608996826682
289, 2934.9126497918924
532, 2925.3638035927474
2973, 2917.167019368812
1072, 2895.599018701148
164, 2895.1599013975574
550, 2885.403309451838
2791, 2880.761148806542
373, 2875.4998950844433
171, 2873.2946294234566
3331, 2839.6041163282307
557, 2827.6556519488595
3054, 2819.333630093339
3181, 2772.9131560220912
132, 2766.2489999800805
2969, 2745.2232151661406
3089, 2744.0506596866353
1444, 2735.9708322712972
334, 2727.1388392650188
1094, 2719.412172102741
2388, 2706.51398552914
41, 2705.432247408292
161, 2699.067734346473
2099, 2694.594848186178
1219, 2668.632432572384
180, 2668.464738239894
1060, 2665.8656930985467
1128, 2658.4334105537228
2110, 2646.0765629504385
128, 2628.0175074711433
3166, 2627.1263012800837
3247, 2624.0471510513275
2394, 2612.311101760715
443, 2610.0710332353374
2968, 2606.0729022385567
3196, 2604.1706606012176
3407, 2602.8144479098146
3227, 2599.883460530349
462, 2592.91791855448
504, 2588.732969451555
2015, 2583.7526078966803
202, 2583.7105425520335
446, 2578.225062233734
1089, 2575.965469089541
3069, 2574.0557745108777
200, 2557.590883625747
3429, 2553.607103020253
221, 2545.203110016838
2265, 2538.506459408144
264, 2523.9184395683474
169, 2520.3026064327446
3061, 2499.839710181543
501, 2478.822186300417
456, 2450.0047156570786
556, 2443.1593844902195
1075, 2428.748310125063
1086, 2428.430872091728
582, 2427.858352018669
175, 2422.556534479504
1119, 2420.03364355193
3142, 2418.3264667686385
40, 2414.3941004372987
2964, 2410.465994505895
181, 2404.3084178797117
1241, 2400.1136768890938
1126, 2386.6390015246016
1994, 2377.7787805614516
336, 2368.736451112582
2056, 2366.3782126076107
3167, 2355.899461530769
2009, 2342.962288523651
1215, 2338.3438978279323
3106, 2337.3583490464353
1583, 2336.4470549993025
155, 2331.9767178761513
1445, 2327.0777120925395
45, 2321.045118851327
458, 2318.4989364104126
1911, 2317.184383937112
3086, 2315.0845218304808
3291, 2313.1032369730015
502, 2309.5663226701963
2735, 2309.165224107685
2069, 2307.247411694835
3401, 2306.313721642999
2819, 2300.4243255167357
503, 2283.588027638825
430, 2278.542431429222
3379, 2275.978005387239
220, 2272.9802183499187
284, 2271.2594535572757
53, 2263.909679884981
1115, 2260.7148666995117
329, 2255.733696445046
3370, 2254.8054279431803
263, 2251.328768321385
1450, 2250.909570558344
1585, 2250.5440085417026
2737, 2241.1999451213837
2398, 2235.837276003072
494, 2232.3580806233726
454, 2231.918545794369
262, 2229.910963486994
2105, 2227.1623960264196
530, 2225.4796698285563
3055, 2208.9843284634803
2958, 2203.680988256401
542, 2191.5062669213967
3073, 2180.6903514865803
2763, 2177.704697120066
437, 2167.549931021823
2753, 2163.956354610612
3286, 2162.0687725445823
1113, 2159.745461542304
3191, 2152.762596246503
450, 2149.049201549131
3280, 2146.2336059903496
3373, 2141.815021399393
157, 2138.0635062296915
3416, 2130.421415795255
3339, 2127.2051049488477
3389, 2124.214680358073
1876, 2116.077813735577
176, 2110.1736088765088
2807, 2103.9761375653043
213, 2103.175408113481
3275, 2100.2519689058163
295, 2100.049774948025
3302, 2094.0080237791335
1851, 2093.517885079196
1248, 2081.5667401233513
1975, 2078.602831334542
537, 2076.0057901335226
3317, 2074.547926793654
368, 2065.5430777251727
71, 2053.507059927191
3388, 2051.747472113661
457, 2044.053424199446
39, 2043.883226430471
2740, 2042.8380530068148
1035, 2038.8273477621815
136, 2031.8878492135022
158, 2024.6345360356565
2963, 2023.8644909192672
2862, 2018.9980320792743
303, 2018.740655705404
151, 2013.6359900081463
1239, 2007.7870636370671
163, 2002.2188398219278
3341, 1995.1578858298988
3153, 1992.5954632055466
423, 1988.0484025345434
3125, 1978.7962783258163
1236, 1977.9956887239503
2803, 1977.7280073949375
3369, 1972.5011477892622
1233, 1967.9758391595199
1852, 1963.3402386937844
737, 1955.502371874969
476, 1945.6599163334054
3405, 1943.4612051859456
482, 1929.6338816836394
1173, 1926.0315161423694
3210, 1923.6974576611422
514, 1920.1345542064337
383, 1919.3486453445964
382, 1915.1401719711341
283, 1911.2204589239998
3119, 1910.4121805280347
3203, 1901.8720197299947
1032, 1901.8523310212413
154, 1899.510554900967
1848, 1889.2527657534229
3437, 1878.8538363151788
1228, 1872.8006420034988
2033, 1865.1559281057794
139, 1854.5487616615317
1110, 1853.5423898958088
429, 1842.044705340094
3371, 1841.7658950442062
211, 1838.9593806514338
1076, 1834.1305568235377
2764, 1830.3311293236447
3436, 1829.7615403080372
152, 1827.5635115131129
1603, 1824.0925311457313
1071, 1821.7073573217085
1912, 1820.06517478957
3189, 1813.4112563024048
3169, 1804.980010860753
2071, 1802.2848846687148
3048, 1799.3102950971643
669, 1796.8937085892985
552, 1795.284180190777
3172, 1783.1917021017389
3047, 1782.492510864172
483, 1782.4749353828515
539, 1780.3821439570984
3340, 1770.9793865494064
3065, 1765.2071604803018
3078, 1761.8968612303863
1025, 1759.539729292075
2050, 1754.9715186001736
380, 1752.68818056749
1624, 1749.3686241341557
642, 1746.2870195766177
1997, 1743.6483044534423
3334, 1740.95056829612
197, 1739.1870237438611
453, 1738.1355129831009
1676, 1735.8848984523493
2059, 1729.5095390822794
549, 1716.3301143181716
201, 1716.1632233266128
2011, 1714.7754698591555
2068, 1711.4655375714517
3403, 1705.538119057529
142, 1704.334839797762
3445, 1696.4612087825594
1449, 1695.0788504230784
444, 1692.6944594834292
1090, 1690.1189713358651
2986, 1689.3418196906773
1042, 1688.2970380457216
2790, 1686.930737625112
119, 1686.1632542381576
546, 1682.6608862401056
3425, 1682.4150731216937
1533, 1681.8834268215332
1429, 1680.5516652270403
3404, 1679.0797423386746
377, 1676.276883361868
432, 1671.5384148922064
3212, 1671.073983102099
547, 1667.1118316143325
3419, 1664.5952277206
279, 1653.255995819402
3423, 1649.4947009210382
535, 1647.5260666044826
506, 1644.4074395904797
2075, 1643.488368720516
3205, 1636.7761746615902
3028, 1627.6138725247076
378, 1625.866213311558
2772, 1624.4439201244572
3409, 1622.2612085600344
3139, 1613.2550321740764
1872, 1610.7448041505504
543, 1609.3731260750271
478, 1607.0432595810657
3182, 1605.332111781132
333, 1604.201969799127
1589, 1600.6493170815809
332, 1595.876575530009
471, 1595.675485242279
1856, 1594.057221820663
1083, 1594.0537424476834
1026, 1589.88451861302
3003, 1589.191040031647
1979, 1586.1187598084473
1978, 1585.9299639815763
2274, 1581.6354610669014
1088, 1579.0856525615386
2053, 1575.845561126706
536, 1569.9489059531456
2813, 1569.1761340482303
2975, 1569.0816351092822
2974, 1569.0816351092822
428, 1568.8654307526494
3010, 1567.307509334997
619, 1566.80311736726
1980, 1565.7565675452172
1849, 1564.9956950910134
2006, 1564.3581116349103
1253, 1560.6506979184435
2978, 1556.511227526574
2765, 1554.3736277964933
1145, 1551.328689255397
331, 1542.9604057185427
463, 1540.1450245233173
1586, 1537.142902257646
3418, 1532.505140897982
1041, 1529.1478311043272
1031, 1524.6003797825385
1245, 1521.2698235206817
2103, 1520.0009676011516
1995, 1518.301620705925
3132, 1516.5349500896737
2919, 1515.7159173018001
3149, 1515.655128329398
392, 1513.806104401076
2989, 1510.7548353988125
3032, 1510.2437359584037
3410, 1506.2600464701309
2798, 1501.8340597999443
3434, 1497.802806068489
832, 1497.3964978850784
2769, 1494.446679374526
188, 1491.4904935682907
3333, 1487.832648157386
1531, 1486.9729432004665
330, 1485.2939354049117
1857, 1480.4769899343046
467, 1466.1808069055046
297, 1463.111412560177
677, 1462.3417011521717
3285, 1460.1186914495706
1259, 1459.8162775335602
773, 1456.2076902540066
1101, 1448.8131129461854
1212, 1444.8711165649963
2302, 1443.2677926160563
3281, 1440.4213585169084
37, 1433.6826996988518
3402, 1431.3169494872611
2766, 1431.249248466332
1607, 1429.4013359143016
1442, 1426.9103340369736
3128, 1425.6794821304425
172, 1422.2190452642305
2026, 1416.7425107536835
1252, 1413.6818278072888
860, 1413.3793282456672
2786, 1412.3167014585185
3174, 1411.1295180790753
2382, 1406.8429868909893
124, 1405.186076581104
671, 1405.1398568727002
2016, 1404.045603745794
441, 1401.3905695707601
3447, 1397.210273666916
2752, 1396.8623947904346
293, 1394.6620027555728
1855, 1393.725339577956
3131, 1393.269716871094
1229, 1391.2656929780615
1214, 1390.3712459332967
3372, 1390.0172275973837
1066, 1389.9222176981957
1099, 1389.7765236477983
3424, 1389.2026340306093
1111, 1382.4299014808007
864, 1381.1958886777372
2746, 1377.4992302501887
3332, 1374.7555246984925
1432, 1374.3923126833226
1991, 1374.2084237917277
1961, 1369.952395006955
426, 1369.6827702857818
3298, 1361.3015490264088
464, 1361.1304800995551
131, 1358.6172155255963
2774, 1356.10180547269
451, 1353.147124120777
130, 1351.1069071632062
2979, 1348.3283861070609
3056, 1338.981755086117
2389, 1335.3529042370667
2070, 1332.7208471520837
129, 1332.1725309141425
3202, 1329.0870597402024
1974, 1325.8402713642784
852, 1323.0541327150513
2018, 1321.9472393785557
475, 1320.1024857425423
3179, 1318.1867554561095
1753, 1318.131057919294
1651, 1316.0146137910006
1096, 1314.0105502845352
210, 1312.4766158561222
2424, 1311.6610081477047
208, 1309.8265740586596
2309, 1309.7977804951572
2, 1303.4094895542712
2548, 1302.6904415307024
3214, 1302.330699501079
79, 1298.0882330316326
3190, 1291.4186779980744
1098, 1290.453139880553
272, 1289.9483540581757
3426, 1287.6803942007236
3342, 1287.2986714980325
365, 1286.062574764994
2392, 1285.912377023747
2296, 1284.7497032671972
3386, 1283.2529613958302
3185, 1280.035198458477
2297, 1279.0155410985815
1690, 1278.808985984837
2863, 1278.7596931644384
3173, 1266.6383718118911
3393, 1266.5136797725518
251, 1264.1222461279342
1174, 1264.0093545601296
2029, 1263.7665894700112
1095, 1263.765771674232
466, 1262.8830102270383
431, 1260.8179253620222
1689, 1259.387404411776
449, 1259.3665845435694
3421, 1257.853364208525
1867, 1245.7368693695828
414, 1242.2623801380305
3198, 1241.968124319944
2396, 1241.3435577614393
496, 1240.097176134084
3300, 1239.317534173172
2817, 1237.6902054810232
1077, 1235.1924541617939
488, 1235.1756462631174
3175, 1233.4371755063507
2961, 1233.3564715443342
328, 1229.7064604538712
3208, 1228.955091052939
1112, 1228.354065982371
731, 1228.3299596677539
204, 1226.7033184854
2767, 1226.3630988515285
2918, 1225.1447984150893
2757, 1222.5973110564978
3098, 1222.0743958077105
2960, 1221.1173835140892
1085, 1220.4048720512098
534, 1219.710506628988
2263, 1218.5928453408114
1200, 1217.9287291289904
2759, 1214.2920506879682
299, 1213.2862543759818
2088, 1211.9529340597912
2308, 1211.3934425442098
583, 1204.9271199503894
3375, 1196.2034984039838
3244, 1195.9244290173563
1447, 1193.8600857647498
1161, 1189.698259002482
2348, 1188.0427762240618
3057, 1187.773168860718
1179, 1186.1395123141094
173, 1184.7018639107293
1770, 1184.168616998775
147, 1183.5494986243355
1761, 1181.38177224685
2715, 1179.8178032882097
2744, 1179.0706332402956
538, 1178.873751924659
1610, 1178.1544556562174
2417, 1176.5818939058215
3115, 1175.3257077153103
2734, 1171.0123091683588
1125, 1170.26942531812
335, 1168.8165345518498
123, 1167.696309895288
1260, 1165.8779610263177
1070, 1164.2999327510597
1124, 1162.3552984539533
1217, 1161.7435492901752
2337, 1161.032568844591
1069, 1160.8359991821283
1963, 1159.6730216040455
125, 1156.544149775704
523, 1150.9855468239223
3420, 1147.3476873904576
61, 1147.2911455266103
1132, 1146.3771742920444
3367, 1146.1979256572838
1166, 1146.1184782042747
3110, 1143.347226516361
1760, 1142.2606181717056
1893, 1141.9932292623378
410, 1141.79515998201
3441, 1140.0804895129859
3283, 1139.874395638678
3292, 1136.9344106075537
2730, 1136.3635858589107
1148, 1136.3573217132118
203, 1132.5883248211394
2055, 1130.2766676397916
1438, 1128.4626778294132
2109, 1125.0043040559117
3396, 1123.6288748199859
3226, 1123.067101656018
3245, 1120.6871646041795
738, 1120.4698011780042
3117, 1116.8864309556434
480, 1116.3522476073379
2086, 1115.3875139387715
2083, 1113.9099489447044
1043, 1110.6504129258103
3395, 1110.576230949362
1436, 1108.3040106982478
2300, 1107.5889316627126
499, 1107.2920298604135
168, 1106.45518455681
3093, 1105.8412987606018
2027, 1103.2537630892994
1662, 1102.5407770557572
3440, 1101.2530840758423
2080, 1098.8791629048321
1059, 1098.4106585000811
1850, 1097.8015644901234
531, 1096.6799926855936
76, 1095.5652223618345
3042, 1092.7509270754845
2717, 1088.9418677807607
401, 1085.0936199645105
1443, 1084.7829427275828
2306, 1083.797570680768
3141, 1081.7927751170391
2013, 1080.875415175247
3276, 1079.3585630568298
2076, 1079.308273956379
75, 1079.0542112408548
3351, 1077.4524316996913
2987, 1077.27947106937
3348, 1075.1984559064308
2722, 1074.3241832626347
2966, 1073.6112424549306
479, 1072.474262021193
2421, 1071.978225632262
2032, 1069.7264531244357
485, 1068.705010797305
2748, 1068.5698661833085
1256, 1067.8186666046668
650, 1063.2826435249092
91, 1062.9620812374958
3414, 1062.1965193990736
1029, 1061.2356512192732
2820, 1059.629253129823
1105, 1059.4821200158515
1880, 1058.1718245331542
3154, 1057.5621627247494
1299, 1056.7736471852927
3366, 1054.2899253679207
209, 1053.4362654289125
906, 1053.0682396470688
540, 1051.5024922390967
1773, 1051.3843809392806
545, 1050.5755234171395
135, 1047.2325326024359
2078, 1046.5556630230358
415, 1044.79518399735
1587, 1044.6241832327205
1466, 1044.5365559243962
1456, 1044.3176298937508
3158, 1042.282744248899
3159, 1041.6701522517442
2985, 1039.9346368811612
2776, 1037.8991925898372
2303, 1034.9500591144874
1446, 1033.3912671347834
1067, 1030.4089426905546
2298, 1027.9082840352514
435, 1027.7255165628678
3293, 1023.2391627496347
1678, 1022.9159983090007
1254, 1022.393493561746
1257, 1020.0622105834404
1688, 1019.4399552233828
2028, 1018.4794527515561
1870, 1016.8804731033122
1183, 1016.753946400168
470, 1016.4040195347335
3297, 1015.5449229883428
588, 1014.3742235497944
193, 1014.2227673742353
1459, 1013.2705127451399
1100, 1013.1612147304422
2224, 1012.6583819319749
913, 1012.3294154654553
2751, 1011.5854465173416
2976, 1011.5444198800517
608, 1011.4633072274682
1675, 1011.2764501489636
1853, 1010.6926284401599
1465, 1010.0181322023678
2045, 1008.5167956643737
2920, 1007.4552414185872
433, 1007.2635973123
2014, 1006.6422748878637
553, 1004.2274058806804
98, 1003.7712040961355
1139, 1002.1040690144707
2773, 1001.9198352115912
1169, 1001.028180374571
1881, 998.1689220748101
1144, 996.5172620105164
1910, 995.5067053403618
1298, 995.2944934534257
372, 993.4557926722447
178, 992.4399354482318
2277, 992.1437017283051
1226, 989.7563214949371
1227, 988.845497766668
1683, 987.9275361449558
2312, 985.0991260360261
1097, 985.0208986385511
2815, 979.8941942955411
3103, 979.8299956606457
2065, 979.0741046700376
48, 978.7990508558121
440, 978.6735507220387
3399, 978.4679869076077
3102, 978.2684749481656
1143, 977.9158736095918
1193, 977.4412722011995
3430, 977.1200480486726
2507, 976.8077700098712
2794, 976.4778245170278
2771, 976.0335933583551
177, 974.9566796135977
2797, 974.6244955014575
468, 974.2413995084362
914, 972.4669504379887
191, 972.3505731389133
2091, 971.8927537361191
1087, 970.4663997722134
3209, 969.5285205952191
2024, 968.8230657302583
495, 963.2882791960511
676, 962.8185666534674
3335, 962.2873502982426
2269, 960.6516557866748
217, 957.7608125235655
2301, 954.064747792964
3176, 953.697130833052
2387, 953.0293288385014
34, 950.8169043408237
397, 950.2855170835071
2315, 950.2009837734391
3081, 947.8651812451463
1431, 946.1384830016577
2733, 944.9107938335567
1058, 943.5038923556085
148, 943.1272136829101
1434, 942.3851896233052
1433, 942.3851896233052
2279, 941.8700045727973
1187, 940.9446106908534
498, 940.6667359191175
1116, 939.46986564465
1993, 937.2909692140742
52, 937.1781468852622
215, 934.6231605317527
2412, 932.7067670763699
425, 932.3420770807037
2304, 931.7793607373918
2723, 931.1915580656888
288, 931.141196326471
1517, 930.8387934230391
2622, 930.8171276898559
126, 929.7711250715619
2271, 928.8761619916457
861, 928.3848795358039
1660, 927.9840211395581
1235, 925.4060837275645
3377, 925.054130602858
2260, 923.7708284537675
3083, 923.6496120814992
3053, 921.3040521841403
2267, 920.2534425425355
492, 919.1997440654709
816, 918.9422288263194
2020, 917.8857834898179
1242, 916.0227003186444
1435, 913.7301170013525
851, 913.0279374562094
3076, 910.7974598182069
3435, 910.74246569055
3079, 908.1271256269407
452, 906.5308007528366
533, 905.9748689268343
205, 905.5607270599802
2967, 905.4440118982556
2381, 905.2241612416648
369, 905.184958507565
222, 903.8073206594577
3213, 902.120775995671
2796, 899.736713062557
1130, 897.2272128641812
206, 896.6340572176098
862, 896.3174852633762
1147, 895.826181876706
3397, 895.7954974523772
189, 895.6425658282338
3287, 895.3187473124107
2768, 895.0815500484233
3124, 892.9604754425818
2825, 892.8715634249143
3071, 891.1619605689637
562, 890.7205180032244
1611, 890.6063630429302
2719, 890.4960001710068
2762, 888.3985597738745
3052, 888.2220699700478
1251, 887.1212926599849
56, 886.5164238947384
1137, 886.2320244968006
3157, 885.453266019812
1581, 885.2330448163524
2290, 884.7906966215872
1129, 884.5855736684357
1301, 884.5193594812733
1998, 881.7961211354811
548, 881.4726241259551
3151, 881.0059741273161
2413, 880.5764303139044
1213, 878.8446741955138
3074, 878.1895950921981
192, 878.135267874583
3087, 877.560026571977
3109, 876.5216190942239
1680, 876.4519336624712
3398, 876.1748035282887
1140, 875.6161648404383
3152, 873.9769864666396
3067, 873.772169686441
2747, 873.6904066225678
2007, 872.1229606186595
3156, 871.448642577052
3084, 871.1016476360724
3390, 867.8251568142039
1160, 864.6673199596889
607, 864.5583864815882
133, 863.085456118091
2386, 862.6886528030374
105, 861.9046541411551
89, 861.6510144599099
2962, 860.3010994510996
1913, 860.2876948201967
274, 860.2029284829428
3259, 858.7582784322175
3088, 857.7288962329068
3104, 856.7486588045157
2977, 854.9772983827827
881, 854.4008618078639
2981, 854.3061286644454
261, 853.2655422781012
1464, 851.6195237909901
1141, 851.1052949902198
3075, 850.4691053037543
3096, 849.0174526591287
3322, 848.4125858033469
1159, 846.4309405799363
2965, 845.9119148910432
3338, 843.7816302174778
120, 843.613423743049
2261, 842.5182884513144
3050, 841.0713335777276
1860, 840.9049721113015
338, 838.4684168672544
2988, 838.3209897133261
1246, 837.4656584158745
1172, 835.1240229285667
2761, 834.811274696898
2025, 832.5614291595617
1859, 832.2116679987645
1596, 831.2886533817589
160, 831.1493154573526
1462, 830.7688192934904
92, 830.5606422922007
3116, 828.715397632457
1188, 828.2891904656328
198, 828.0919050952004
2716, 827.8637395050492
670, 827.1142704729376
1222, 826.7008698157692
3199, 826.2251754110162
2291, 825.2184422478821
2770, 824.8289184059563
2380, 824.6121573989426
3051, 822.8034112573465
389, 822.4597117988999
1452, 822.3290216054198
1608, 821.7459428776971
1686, 821.729706824051
1914, 821.7187212263115
44, 821.5983022759497
1237, 821.499804769691
2810, 820.9515438594267
2391, 820.6159547157667
3127, 820.5078083040478
1221, 819.3439051424481
1666, 818.8130132044191
1593, 818.541000276042
99, 817.2664426640816
3330, 814.3137430392187
511, 814.2059415799852
406, 814.0183768486426
1102, 813.8401562563238
46, 813.6455227339785
2354, 813.0597775615627
1209, 812.6534799770402
66, 812.109045145796
611, 811.80819267835
544, 810.9113809098378
2272, 810.6891474025919
194, 807.6874259504449
685, 807.0624373493193
1244, 806.7417456554928
51, 806.7122262727353
190, 805.8546049708426
140, 805.7902541016547
381, 805.6616659355176
1667, 804.4268861350835
1707, 803.4635468693806
1202, 802.5285184953153
1033, 802.1625657712651
1175, 801.5729653286478
1078, 800.3429306786229
1225, 799.5201131821833
3246, 799.226349291443
424, 799.1214220918329
3274, 799.1076987423174
1199, 798.1318976704657
541, 797.956970445098
1203, 797.4896983817493
1732, 797.0480632216965
2800, 796.5046373644377
2983, 795.929978981286
3328, 795.5065797541184
1142, 794.7769077787926
3355, 794.5117673928859
1866, 793.0222797985926
2310, 792.8604647015538
100, 791.6233774390831
3060, 791.6109861199727
3138, 790.9979047117399
186, 790.671114273529
3192, 790.5574470731
3337, 787.7878075798418
1108, 787.3267186725894
522, 786.4314302768686
103, 785.1313743104995
3400, 784.5964374448542
3315, 784.3159164550515
2802, 784.1705561057793
1250, 783.703472468859
1262, 783.4015694022424
2741, 783.3848166104971
2005, 783.3633322495895
2795, 783.2660343970942
1604, 783.2610448857076
447, 780.5590286278835
3171, 780.1445894459273
2252, 778.8760029218614
1177, 778.8273510570696
2344, 778.8156902990645
1107, 777.7369803719199
3178, 777.5092602648126
1441, 777.473293985133
2811, 776.5505021770579
2292, 776.4976835535315
1002, 775.9973835854504
165, 775.8389859326529
3394, 775.310406112348
1261, 772.3558396443881
1381, 771.5054841071742
3439, 771.0032891773511
2023, 770.8192053154478
1149, 769.9617730275371
1263, 769.7964698998628
3427, 769.4181194880827
2343, 768.5592900534018
555, 767.9213956334702
2238, 767.4886482107239
1154, 766.8389033696526
1176, 765.6851633719094
1184, 764.9438983920134
110, 764.7203326912652
515, 763.3058518977384
1195, 762.605395848831
266, 761.285054840701
2108, 760.4974072373373
1243, 759.8692634993567
1430, 758.3763628191135
228, 757.9658232231982
2278, 757.6218129064064
3137, 755.8871711737211
1127, 755.657167216052
304, 753.6380349205
275, 753.6065316321822
1063, 753.0910145750329
3413, 751.9817122452472
895, 751.9334351161322
3241, 749.9916731371334
1201, 749.11696179485
1249, 748.918081239583
1223, 747.8240771112361
2951, 744.9879908445149
2106, 743.3087283046657
1224, 742.8136367489171
3133, 742.5611007874871
1204, 742.2789542759912
1167, 741.5224270254062
2268, 740.89848740206
3406, 740.1937920175149
179, 739.1360274940303
3092, 738.7350509997435
2041, 737.5875295585054
3336, 736.210031585604
520, 736.1403951399989
1182, 735.1577970008404
1742, 733.4515150057917
434, 733.4268424820535
376, 733.2098943593525
2736, 732.520595008491
2808, 732.3706396057152
651, 732.2817266880645
3278, 731.1311932825145
654, 729.9180909747101
379, 729.3942827916753
3126, 728.8061807725002
1123, 728.5655455231748
134, 728.024289318827
1197, 727.9744478657594
1600, 727.7772891175804
2775, 727.7427244202225
82, 727.2050624353624
162, 726.3493292542042
1656, 725.5925699193622
3349, 724.7899142061973
1084, 724.0990926801072
580, 723.399474136744
1502, 723.335811324881
3140, 723.2708403588081
1677, 723.2280336074682
3144, 722.9809292610496
678, 721.4858927162996
3384, 718.1509406965213
1738, 717.9316721857582
2019, 717.8442028876852
445, 717.4460881837404
57, 716.372229305441
1208, 715.8178578338644
3432, 715.777637389745
85, 715.7404344745328
1120, 715.3782008387694
62, 714.560818125614
3204, 714.2302002430562
2409, 714.0020793863536
563, 713.9109248575019
1024, 713.8516259786458
1122, 712.9471927030839
1514, 712.5302913888451
143, 711.5363427071188
2352, 710.9902061601529
113, 710.0411135627381
294, 709.3415768771815
3122, 707.6293866844729
3062, 704.5557963598617
1711, 703.8058060019507
1181, 703.7763168335485
3170, 703.3682482833448
3101, 701.7736625627197
2257, 701.3168122273191
106, 701.1047763280187
2630, 701.0365262277139
2749, 700.9384590240142
2347, 700.5465572430415
1687, 700.1757472626068
1877, 699.7686209586559
2982, 699.683666084686
1451, 699.2000079233759
1720, 697.3809197723948
3059, 697.2906322687301
1121, 696.2631864091989
2411, 696.0579138438328
3095, 696.0227614495877
3143, 695.082716541879
2793, 694.9018800199876
1196, 694.4107129384761
1513, 694.2356349155036
2787, 693.7651148116663
1155, 691.820104168354
2407, 691.4602842493424
74, 691.0713647701073
1713, 690.336622871608
2034, 689.5108912744674
2483, 688.9212640432802
3305, 688.8093862014123
3433, 688.3481711892556
3380, 687.9708705863574
3194, 687.0097308366176
2003, 686.9175264899654
2799, 686.0004714142542
2549, 685.464632799408
3206, 685.4046598256325
2984, 685.0885295143346
613, 684.6007626132329
3211, 684.3077530213948
3368, 684.2895658970253
1138, 683.947622993575
2307, 683.8247622751466
1725, 683.4907569162992
1996, 682.9119345131807
1439, 682.751808530372
1854, 682.5810270055262
2399, 681.3486143509949
1131, 680.7951736748109
3186, 680.4933549682244
680, 678.988337419994
2789, 678.6117060142037
3197, 676.3434732747347
1207, 676.1463922710867
2651, 674.3091700452668
3356, 673.8304238277631
2546, 673.680723401229
47, 673.5267054804435
885, 673.2778620822479
3163, 671.6190064877574
2972, 669.579508934719
1461, 669.4442329840302
1428, 669.4389270821093
141, 668.0182314323513
3006, 667.8138347099817
2286, 667.5091682267855
3304, 667.3722689499415
3039, 666.9438174786233
2408, 665.6654174395424
649, 664.0678455537605
2419, 663.9897363044312
1240, 663.451573961685
1238, 662.8324416736037
1597, 661.6011546382618
300, 661.1464422880864
2285, 660.6680300781621
326, 660.5420699793457
407, 660.457124557689
2356, 660.1003930430885
1136, 659.9836407945564
298, 659.8015163471134
1061, 659.6760909166031
2666, 659.4668425094642
3312, 659.3583621880077
1220, 659.1755252661529
2513, 659.0936756394044
1722, 658.7812646713649
1627, 658.3934413079271
95, 658.1020888534428
473, 657.9766135252742
655, 657.7235648431996
1133, 657.1148052398673
2454, 657.0577922699904
237, 657.0008531655124
35, 656.4550714392548
2294, 653.5310573442578
3327, 652.7596558142942
427, 651.5040063226511
2240, 651.465487787207
510, 650.7840216577474
3284, 650.4773493419026
3374, 650.4154690540197
2384, 650.4092524890434
2218, 649.6578584958258
1082, 649.3592547249989
521, 648.6785293849356
1729, 648.3466747906173
748, 648.0681090119773
121, 647.717893929659
1658, 647.4426677179073
3443, 646.6624981775369
2505, 645.863828770299
3289, 645.0900741128374
1758, 644.0483646109493
114, 643.8592494853086
3294, 641.8172433036372
2048, 641.4676253496175
1194, 640.9109705204853
3428, 640.2227491887186
663, 639.7309457768953
90, 638.9118411315133
1515, 638.5381714018043
3004, 637.9476587159006
2314, 637.878611324639
2414, 637.2819756192358
2104, 636.9050374836846
2913, 636.2540256946558
1068, 635.5934290526353
2002, 635.575252893103
408, 635.262942576941
2551, 634.474217771828
3350, 634.2577642185937
1231, 633.9654601304256
2288, 633.3627995673723
3147, 633.2432285299085
1879, 632.9611833953866
2550, 632.6775998372384
1874, 632.6220127398152
2093, 631.8083061353155
1646, 631.5300856258654
3200, 631.1218815463337
1718, 629.9999327936343
3134, 629.8062931415235
1685, 629.3350426016144
1460, 629.2817235864579
104, 627.2601635053128
3422, 626.4710934935705
1669, 625.2166346375249
267, 624.6000057040294
2406, 624.2442427617372
1771, 624.171914966142
2203, 623.981596633497
643, 622.6215943119433
1521, 622.3804067091148
2508, 621.6872226340093
1695, 621.1236788039959
280, 621.094983251444
42, 620.048215487647
2491, 619.7226202307836
3040, 619.3184201366134
102, 619.2415981123313
77, 619.1495259049359
2273, 618.1329799875082
3354, 617.4903024271487
3243, 617.1540205811525
2378, 616.6904509782444
2948, 614.629454349883
281, 614.6229217050767
101, 613.8528292921667
1163, 613.6393529390394
2280, 613.390451946319
1205, 613.0214973877612
956, 612.9357692949807
679, 612.0719214476353
2404, 610.6926469917809
73, 609.1376890135732
1625, 608.1137375360996
1746, 607.2156469415349
966, 606.485852698212
2583, 606.2505942147725
3376, 605.6109325914915
1477, 605.3310686533441
439, 604.4417945413635
491, 604.3142110503956
1168, 603.6245145659321
1232, 602.9271085005489
1875, 602.7966736866377
65, 602.5602480424834
3120, 602.4112478119391
402, 601.9361870014285
2721, 601.7896027237981
1206, 601.118119040519
67, 600.6583480078496
1708, 598.6245765054457
2266, 598.3912160935298
2742, 598.1727907016358
2442, 597.6292260193392
2097, 596.9780497300135
1034, 596.7690066457932
1588, 594.7087341069397
1135, 594.510555231857
2008, 594.2050916712869
2824, 593.730655357313
2566, 593.2425163365237
84, 592.3115956643264
733, 591.9474753982562
2385, 591.1512946096245
72, 590.4159718900269
2915, 590.0046751352205
2395, 589.6916056812443
1104, 589.25455674894
1198, 587.270461493346
2671, 587.1222656822385
2259, 587.0845895195879
1970, 587.0599772718972
3417, 586.7290749277829
2276, 585.6278951308318
732, 584.4883812091151
1162, 584.4093048697167
455, 584.3011948516171
509, 583.4507074804275
166, 582.8200778814754
859, 580.5310180311209
3082, 579.3525794673545
634, 579.1372196861674
2021, 577.7363162859501
1747, 577.434865296812
1756, 576.9389027302766
3314, 576.0611138001956
282, 575.807131410061
3387, 575.5281283162618
2393, 575.1466642992007
64, 574.1092906309206
3184, 573.8212832902054
1146, 573.7986697517413
88, 573.7261798780692
1868, 573.6564423828005
1258, 573.0735962194078
2415, 572.8921145361403
1971, 572.7766165445046
1698, 571.2810960998947
2210, 571.1768177649648
219, 571.0560340994991
302, 570.9589759480743
3392, 570.5650718694391
2784, 570.4802925512671
460, 570.2035352667372
2780, 569.0234139278361
150, 568.8536562551325
58, 568.5206562793632
863, 568.5120945144215
1894, 568.3674715120208
358, 568.220121503445
70, 568.0160876621763
69, 568.0160876621763
838, 567.8795163816537
2223, 567.7750226299922
2353, 566.4470618934228
2917, 566.1293573353234
699, 564.5987915087853
1641, 563.5177813320781
2823, 563.3619796237061
93, 563.0605577092298
2816, 562.1276128641581
2258, 561.9976310947601
1186, 561.8560811905032
2587, 561.2801451074228
2688, 559.9450506978926
2755, 559.0551787130167
1170, 558.9674389252543
3150, 557.1941361090188
2696, 557.000061563181
512, 556.9980037518751
513, 555.7959252890996
3146, 555.5759199729082
2788, 554.4148384120814
1644, 554.3841917322828
2098, 552.3003474766533
1962, 551.8909026138807
265, 551.7273920640698
2553, 551.4512706369862
1968, 550.6037864405263
2562, 550.0609456626086
2524, 550.0277774047801
2338, 549.7497096134082
2782, 549.5235594372514
1065, 549.2287066351573
1106, 548.8492753632102
1717, 548.7065830563524
1740, 547.9750638670723
2705, 547.138860544964
1871, 547.1028793004081
3264, 547.0827158164827
734, 546.9169675447163
2400, 546.5040990553828
2039, 545.6507476276613
145, 545.4906481055065
1406, 544.1602276700584
1813, 543.6902726972551
144, 543.3235531015878
3352, 543.313562339844
1647, 543.2878246700191
2812, 543.2329659862106
518, 542.9085497735729
2416, 542.5209807278146
1440, 542.0508763347055
260, 541.3888955170436
2645, 541.2808865349242
2350, 540.8434206385343
3248, 540.7828163774132
2758, 540.5649986170145
167, 540.210905984302
3187, 540.0085890080715
2379, 539.8668209101918
1663, 539.8487782493204
122, 539.6876949360171
1731, 539.5931616189538
1216, 539.3948300911446
3444, 539.3525410881468
1073, 539.1306477098778
3239, 538.9066290753864
1714, 538.3041166326109
1682, 537.1384756407066
3324, 536.2320531603391
551, 535.8151715346021
3183, 535.6625994498975
398, 535.2330599782568
1858, 534.9915566854621
3105, 534.3545104873856
1739, 534.2625621889587
2558, 533.8562523190719
3123, 533.7452898520374
3168, 530.5280118396993
757, 530.4912143963547
2864, 530.2410678552512
1081, 528.0646430436007
3162, 527.8694143540038
2559, 526.3568345286529
1864, 526.3433041057212
412, 525.5177945368465
1057, 525.0804683468891
2017, 524.6938015079407
1079, 524.6418956233646
1626, 523.8631420395639
1726, 523.69505315959
2287, 523.5323212866687
3290, 523.3668830654307
2610, 523.2387805838082
1643, 522.1802051189916
2514, 522.0279928705977
1693, 522.017112327882
115, 521.7038580943008
1642, 521.4500715441067
2607, 520.7508099621763
268, 520.6557688204794
3063, 520.4290725759645
2101, 520.0809385330892
957, 518.849342091291
2004, 518.2599225715053
108, 518.0592902862678
2295, 517.6693147362811
1516, 517.145353536681
3255, 516.2589041530858
3415, 515.8972695889723
3090, 515.6629930707295
291, 515.3410596572934
3225, 515.2668336799
87, 515.2121654412738
561, 515.1437590484828
2536, 514.9054683708029
1703, 514.4159546509183
156, 513.9851264410341
214, 513.9190112576284
2244, 513.9098760086559
2694, 513.0168229997028
1180, 512.3876089109183
1134, 511.9818058574601
2781, 511.68001469282007
3129, 509.97943170236283
965, 509.77171436524225
1719, 509.42830888045444
97, 508.7209057341071
1715, 507.79351347434175
1185, 506.9673967493803
3041, 506.7575073914357
1705, 506.6408790991438
1892, 506.62182143797116
1171, 506.16433635883556
626, 505.9726325223424
2710, 505.67025830147645
409, 505.6677976754294
1189, 504.6227710148208
2620, 504.28110843960155
2640, 502.8978392428028
278, 502.71630149171807
2971, 502.33050526915713
68, 501.53773978184825
2305, 501.10158034355175
32, 499.5009063753785
3279, 499.44851031289835
232, 498.89250819131325
2677, 498.69463225036236
1869, 498.3806570663233
3318, 498.02473255194604
250, 497.8019781255554
2690, 497.6008608945646
1721, 497.54549012619407
2311, 497.1681413057198
3066, 496.91569567384875
2686, 496.3130563909183
2390, 495.18557045964997
1755, 495.1453231616646
1150, 494.8401452623343
3080, 494.8136007899732
2473, 494.28660157892796
3299, 493.82527097038104
1605, 493.65964791049964
199, 493.53667449804817
1752, 493.39377493215324
2574, 493.1829483418594
3130, 492.83756632850395
276, 492.61753743252433
2030, 491.8368093161273
399, 491.7186917729505
2102, 491.3013164022666
2571, 491.2478327925679
1397, 491.0324712924951
1712, 490.88653583047187
225, 490.85247642982887
681, 490.4265087317818
1630, 489.9486988205461
385, 488.2160230450165
2217, 487.9059711650359
2657, 487.6859026299697
96, 487.0166221515497
2779, 486.8203926133572
2152, 486.54465467196275
2814, 486.1521025100071
3207, 485.1577219928778
1692, 484.5894242483842
1733, 484.0952613628882
395, 483.53168120465585
12, 483.08498742816965
1152, 482.9483667596765
2650, 481.76670959331847
19, 481.6714537372797
3347, 480.9238025421914
2653, 480.914465684391
216, 480.7869485602144
54, 480.71018571950384
1178, 480.688622026675
2756, 479.68443190907493
3111, 478.27385583618116
1701, 478.14674499603774
1634, 477.6227024742388
2785, 476.24513933381496
411, 475.8858076079943
2703, 475.43985514234356
3188, 475.0803878978518
2497, 475.011096034891
1632, 474.62007559931413
3306, 474.4945335540409
3164, 474.3607490187436
1156, 472.50136973902414
1710, 471.6569998449975
2624, 470.7252539268284
2010, 470.34978372907386
1028, 469.251309454221
1191, 468.9391008658228
1966, 468.8144144755882
1467, 468.5599635435385
1302, 468.4881501338183
1151, 468.2892211668099
2561, 468.1840908280554
3099, 467.9971517160244
21, 467.9076429071551
3020, 466.991711276823
2111, 466.5281897647486
2096, 466.5281897647486
404, 465.9874831698783
647, 465.17656167661926
254, 464.2739303135532
2649, 462.7408505184449
400, 462.2356991873103
386, 462.1214785037127
2520, 461.7851246693657
1631, 461.41768582531796
2572, 461.2418859314518
1735, 460.3307381846878
2745, 459.6550023296869
1744, 459.22462222028554
1716, 459.0031598550837
3316, 457.65399910566475
2525, 457.61099232100804
2621, 456.9249354563646
1748, 456.7753385782196
255, 455.6760088044332
1873, 455.32916863033165
2683, 455.2048655378685
1628, 453.61524847466154
2652, 452.8523027462669
3383, 452.5607621984797
1891, 452.12811898310747
2355, 452.10046790467555
1463, 451.833684764174
13, 451.74481043060933
2720, 451.13473458782903
2712, 450.65371823015306
1684, 450.19240223954455
1659, 449.9722362319279
2527, 449.70108606874953
1694, 449.498681018638
3097, 449.37006206065075
3323, 449.243951331312
3265, 448.95869169519034
2738, 448.46458437590786
2601, 447.8782850536458
1670, 447.5213074981609
2641, 446.7268011928199
20, 446.653218900335
3112, 445.48878463835763
2293, 445.4760995910147
109, 445.4060458223445
3201, 445.08761538754294
50, 444.65576006678197
1672, 443.4741775438152
1047, 443.05549027543805
2900, 441.98538266530613
137, 441.46482717336403
2959, 441.2888019847982
287, 440.95167482586345
1645, 440.8721857713678
2568, 440.682099816895
127, 440.2241463954462
1730, 440.07441462386913
2656, 439.8781935645048
1633, 439.35783760454706
1958, 438.9798812620979
3362, 438.2360241014512
1518, 437.86027355067256
2289, 437.79361886025214
2646, 437.66160441470316
1700, 437.55154676044674
396, 437.3433706002469
1741, 437.0237585989409
3295, 437.00025583314135
1668, 436.2765850614857
3288, 436.1862106022025
2681, 436.0943757757546
3442, 435.4492864182367
3136, 435.4125439964565
2580, 435.1482933787396
1838, 434.53568220993606
2668, 433.94171571973993
1743, 433.37473614444366
2351, 433.35286308099916
1699, 432.4952758599427
2270, 431.995152259924
1657, 431.9020277879372
2608, 431.14893462540584
1671, 430.6918623341069
2861, 430.53113250216336
1724, 430.1576171565586
218, 429.6890652409144
2340, 429.6122026114399
2635, 429.32630187078064
2853, 428.14609619548935
2212, 427.93010677105246
1754, 426.39394877380533
1941, 425.6847328646545
2485, 425.10345327561515
1316, 425.0044674432085
2801, 424.296106272361
2726, 423.673422938079
3431, 423.2029549534821
3311, 423.12434450075847
1457, 421.4503249688913
2563, 421.0297775042348
36, 420.1613271757191
916, 420.1414637694348
508, 419.87952090019365
2383, 419.7456980002123
1153, 419.73328925526687
1709, 419.5095991976334
1706, 419.03555491590913
1665, 418.93942325254693
2533, 418.7820198220661
1745, 417.95466522330975
1967, 417.40426059335795
2493, 417.33421869564086
2451, 415.7843934668488
2449, 415.47734251840916
2592, 414.590096163672
1728, 413.8850078693847
2597, 413.77913409625916
1650, 413.507013131424
3254, 413.4730761177805
375, 413.07419846868515
1637, 412.96366168627145
2283, 412.1585521125964
2275, 411.8840381627009
1734, 410.85148560244613
1629, 410.78419137452664
2397, 409.2971121950165
2466, 408.983568547111
43, 408.5935204749811
1649, 407.9410596992734
2456, 407.4065911562951
3094, 406.1175749717033
2697, 406.08008423236345
3005, 406.04253402921506
2179, 405.86522442061033
388, 405.8641048656891
2611, 405.7244016875445
1114, 405.54636133712233
3232, 405.39555845640126
1639, 405.3288116551642
2486, 405.0254516288597
1704, 404.46977961137145
1681, 404.12073232166614
1727, 403.2292459687027
1679, 403.03350323265715
2204, 402.68056426184216
1648, 402.049501754608
1697, 400.9460165803874
149, 400.0181009393807
637, 399.97265217733036
768, 399.64915430919183
2575, 399.1531846592464
195, 398.82951763748656
2860, 398.61990252740645
497, 396.5641894833364
2658, 396.004282225009
2339, 395.9315473608251
1691, 395.61344215024025
1800, 395.21312727788273
1, 395.1040309479851
80, 394.0682606129983
252, 394.04409804983
4, 392.74427407574325
474, 392.0345802247712
1661, 391.8800290534065
212, 391.2861481313715
2528, 390.83112069961373
1749, 390.7574353194635
182, 390.32922043117924
2239, 390.21932581495184
2604, 389.5084165195253
10, 389.2286285267619
1638, 388.9568389274698
3236, 387.58686663361186
2655, 387.0142362602004
2475, 386.6425586004603
2461, 386.5442854501142
3231, 386.37225644486966
2433, 386.3411402443514
2235, 386.1324052593657
3007, 386.10626898329286
3310, 385.8978936139953
117, 384.65051008342044
3234, 384.0484848849475
2453, 383.414175524161
1702, 382.9477989866144
2192, 382.7485815434578
405, 381.0501457112128
2167, 380.85946522410444
2185, 380.58165638086524
2589, 380.46457206572614
2648, 380.2114962012834
1751, 379.622024283902
2087, 379.6212781980848
2282, 379.4989241371455
2778, 378.3333071060565
2980, 377.644088810969
138, 377.63589073240774
1674, 377.48970772836157
2543, 376.8386141849844
1062, 376.18112664959153
2612, 375.0028944618374
1696, 374.65211208597896
3195, 374.51308663131954
1255, 374.3143362393457
1636, 373.049371662842
196, 372.19039587365035
3258, 371.85400682775094
2484, 371.8420918629824
1635, 371.70273880972564
2616, 371.1227012904294
2673, 370.34359604467033
2693, 369.7403744437943
2226, 369.6943904905514
2139, 369.5611760969963
2623, 369.2239217314872
2184, 368.8745778389874
2809, 368.5512517915927
1759, 366.4985810436933
337, 366.41968214835174
2564, 366.1422693631455
2857, 365.53988001555587
3296, 364.4711758680151
3313, 364.37083023368564
2605, 364.3234433773024
2299, 363.9205406271571
1737, 363.77213866440053
1750, 363.27788164910106
2679, 362.9705155819977
472, 362.36121186363334
2713, 361.9308192675197
2531, 361.56847507781305
2498, 361.0287407036967
2731, 360.9718985938213
2249, 360.87141838686654
2177, 359.74312416077106
2821, 359.70333893642385
2264, 359.674213586575
15, 359.27170086430584
55, 359.1755578215653
394, 358.53308216962444
3160, 358.30617845603433
1454, 357.85087167857284
2626, 357.14147526898336
2462, 355.1833465472146
7, 354.2837967739503
2687, 354.12884456150385
1785, 353.9140049537053
1814, 353.89058740357797
2490, 353.022527316435
2345, 352.6809387728919
2586, 352.6286970997813
2094, 352.1883131155434
3091, 351.9087876050504
3262, 351.4690828051024
38, 351.4673891425293
2492, 351.42702888459183
2570, 351.0060245073301
2349, 350.89292103845077
2346, 350.85263168934773
3021, 350.22810978362685
3113, 350.2045557138963
1045, 350.159758186971
2519, 349.58063157023014
1652, 349.5373850657635
641, 349.1189415693593
2496, 348.9703342940779
2341, 348.87638549908297
2695, 348.5525890634134
2464, 348.50222244103026
2342, 348.36867482609136
2629, 348.07951750700244
2822, 347.8259932633355
2538, 347.32216378379667
2455, 347.2924931487681
2692, 347.222082006074
2654, 347.1854600143857
1530, 347.12745534276183
953, 347.03260723397153
2603, 346.9907705704414
2704, 346.8579442076542
78, 346.55918965896757
2534, 346.0756834920959
3261, 345.75345415573764
116, 345.6484402320162
2511, 345.5483094098044
3193, 345.5444340339674
1574, 345.33924476212843
2707, 345.33441882077926
112, 345.10415925777795
2606, 344.47029339076084
1324, 343.5906669290931
2869, 343.4889200840493
2320, 342.95755662551903
1960, 342.2580636827162
2832, 342.2489162158688
2675, 341.55954891916514
1788, 341.54467456359646
3180, 341.4534969724201
2805, 341.34241322720845
3009, 340.5165108870009
2313, 340.3071036158926
3344, 340.220600447132
107, 338.81774900856476
2700, 338.5071505945833
3235, 338.30714075145903
2522, 338.24923884418297
1557, 338.04841552484226
28, 337.9689469320422
3251, 337.9062751799875
2506, 336.9384859646884
2638, 336.39038569672397
16, 335.5950949050928
2284, 335.4834875664806
2581, 335.4528602241125
2600, 335.3632389399928
3329, 335.12220555661526
1655, 333.6618217346455
2499, 333.2682127573705
823, 333.0130254724757
1794, 332.4564626678228
0, 332.09799890930424
2727, 331.9654848623901
118, 331.6336820643884
3260, 331.5538151516121
1818, 330.54340339201684
3361, 330.1500002952901
826, 330.0616243281097
2509, 329.830384851929
2495, 329.6659138902732
2452, 329.65665276609747
2999, 328.94396045418256
1562, 328.5252542042536
3364, 328.1568369946693
2488, 328.06745308672816
2662, 328.0176996703981
2191, 327.95362451971215
814, 327.86011054148764
2665, 327.78781493625917
6, 327.73411435837653
3165, 327.7292159454998
2479, 327.66741976330127
2460, 327.2288483272149
2760, 326.84900621478783
2644, 326.6239244455714
3, 326.45493305977175
3019, 326.2507227967454
2044, 324.7323284355305
2079, 324.6194515412079
2632, 324.462095309487
9, 323.9821155091808
11, 323.8767346848297
1572, 323.54857455191274
1309, 323.5424810198685
3100, 322.3575447293157
1723, 321.9550822401683
1559, 321.71785313001294
30, 321.4332525500141
2037, 321.2034643724657
2440, 321.05144165035796
83, 320.37833796078843
1484, 320.13489449692764
2698, 320.10112389875974
1509, 317.86662927293133
524, 317.5443496769222
2530, 316.7195573645947
2153, 316.657502009738
3301, 315.86796445180045
2714, 315.32243018031085
1410, 314.8401445175576
3017, 314.7679922413159
2743, 314.6544336391119
413, 313.96411172745076
745, 313.6967723492979
1576, 313.679736753472
1847, 313.0480864015459
2092, 312.7727782964049
2401, 311.8653010521865
2535, 311.7321096080538
2565, 311.5692743139118
2477, 311.2942466241441
2134, 311.2128130298216
2970, 311.1378061339892
848, 310.86133187232184
2208, 310.8502208758766
1573, 310.45295275490236
1004, 310.02796765725327
3266, 309.685634440791
2625, 308.6682217138636
1664, 307.9423699399464
5, 307.2921898760572
2684, 307.25877871060567
1882, 306.51508853062586
2444, 306.056130130138
2670, 306.0085471529673
2211, 305.7378556696966
735, 305.4904943565294
2537, 304.67644797084546
2598, 304.47689728650107
94, 304.3665082619527
8, 303.54283144431383
1543, 302.6865228660179
2061, 302.38629215717293
3357, 302.2826617495848
2889, 302.03411710085624
2158, 301.5244131575864
2591, 301.27390044040783
2878, 301.0881663259055
1824, 300.33640647366053
259, 300.3361291312696
2664, 299.6666364225216
2472, 298.9865747623587
2634, 297.7859341529401
1806, 297.5637498238276
2660, 297.43508317762837
2242, 297.38771990322186
2552, 297.3031632307314
3215, 297.15328490399935
2699, 296.8336642343555
2667, 296.58833325839663
1940, 296.1512430860769
1939, 296.0608600281752
1418, 296.03257280875124
2576, 295.4775210715327
788, 294.8227491136886
2659, 293.94023517773684
2474, 293.9223780435155
2669, 293.8469581987765
2193, 293.56976093935253
2661, 293.3837164399995
923, 293.35190195756684
2494, 293.108530596556
2691, 292.9967055907554
2674, 292.97927029703703
2502, 292.6156261086545
2501, 292.6156261086545
3008, 292.528139299964
2457, 292.5177878682085
1567, 292.2858739725678
3000, 292.279040585128
2631, 291.9156949303493
2469, 291.86305955815874
2617, 291.54349001960776
2856, 291.5103349294695
3033, 291.39903212357297
2510, 291.2848930202459
438, 291.16257719995957
1951, 290.39990332329756
2405, 290.0590734508895
682, 289.9715732075276
2614, 289.17511849804436
3249, 288.09617667702565
2859, 287.9870938530348
2627, 287.84134821146984
2542, 287.7010514980773
2541, 287.6826811170619
2609, 287.00217355058777
2521, 286.64394724714367
421, 286.58383253001654
2170, 286.3821694700213
3253, 285.9981972607994
2637, 285.80404940670996
2448, 285.6120830276886
1269, 285.5856146085226
2476, 285.0047986077489
1003, 284.7424726502815
2806, 284.58132616505185
2207, 284.1162402775525
917, 283.69029969348475
1109, 283.67411104057834
2504, 283.3975225851477
3025, 282.820182856716
2724, 282.76123803846986
786, 282.723259000672
2702, 282.12743974114466
2089, 281.7740669931019
2956, 281.26792291493774
3325, 280.9540320788104
803, 280.38650826824664
3263, 280.2823126941225
2135, 280.0611913714285
2678, 279.6551729262384
29, 279.55891469860467
1907, 279.34417312983487
2180, 279.23224956179274
1300, 278.9793718734006
1575, 278.85277247852
2478, 278.84687561916706
744, 278.64639897610175
2124, 278.43929611332385
81, 278.4354176815046
2567, 278.2822191186157
1810, 278.041122440203
1210, 277.8602526990576
1780, 277.77561353241293
1571, 277.69716292016153
1884, 277.53840831338397
353, 277.31844557627755
2205, 277.2036160534016
2619, 277.1174739834708
526, 276.8106111013459
791, 276.6523828670208
2706, 276.6181333887655
1640, 276.5673303858894
2429, 275.90801430755135
2074, 275.81101276313757
2585, 275.63859061985386
2676, 275.6246958716462
2866, 275.5323446324206
2557, 275.4230512742074
1776, 275.3541440920516
234, 275.1640455739895
857, 275.1055242185693
2529, 275.08385414696966
615, 274.97080613665895
2467, 274.43069185431654
17, 274.3193278582277
727, 274.25699331892173
3269, 274.1762676296593
2991, 273.9737231794248
2560, 273.83089546495836
2459, 273.8287123785316
2435, 273.82774871320174
2428, 273.82774871320174
2554, 272.9618550812436
2082, 272.7477082622665
1039, 272.404596375992
746, 272.3340732050561
248, 271.53063053892475
2236, 271.16276362545784
3029, 271.0445329012361
277, 270.8867929072404
2544, 270.8628967800744
3018, 270.3299340999505
3016, 270.13509638385335
2577, 270.0170343821688
2663, 269.7349509864646
2633, 269.7213704441791
1306, 269.7067506527942
3250, 269.6652924821467
2595, 269.481583348601
686, 269.3045028749088
1560, 269.2686736333413
1525, 269.21377634763627
2685, 268.6701590111404
2628, 268.44823345119477
2318, 268.0073050355108
2482, 267.87805703602163
2642, 267.7932519719209
2194, 267.61327508049624
2157, 267.57943559438127
2262, 267.42772399299486
2573, 267.03007829150715
945, 266.5484078159592
2243, 266.47128125107037
1356, 266.01472022917244
579, 265.7154682576037
1885, 265.6113950463986
2936, 265.5908250460261
2523, 265.37429113839687
716, 265.0709075947449
2689, 264.8245449556406
1617, 264.56057389587295
1969, 264.5130377640975
781, 264.32122895139304
2953, 264.0679394083164
1807, 264.02072371208675
2195, 263.9816936920839
2997, 263.9530546262702
3365, 263.91902039522796
1052, 263.85062429525647
3326, 263.8151042777701
2196, 263.5426868342935
2545, 263.26468655632056
3358, 263.1377114517974
2443, 263.04728385069546
1822, 262.92327797035676
2680, 262.8999305840654
249, 262.8115251560647
1889, 262.76859164655866
290, 262.6826143837218
2618, 262.56415562489127
2480, 262.353122380849
2701, 261.6975754061169
321, 261.3569860097407
1336, 261.3110339551825
980, 261.0448757013822
575, 261.02367545618546
2909, 260.8786308678656
14, 260.6021156485048
2481, 260.5314870472183
1999, 260.42954314259305
2588, 260.05294031550267
2447, 259.93858296391005
2188, 259.7311893619555
778, 259.68869379137993
936, 259.65839652983215
2445, 259.6346410152544
844, 259.60369971844443
2438, 259.5721941796774
612, 259.55367585382766
2187, 259.36631462542107
527, 259.34694864717625
2047, 259.28879974068866
981, 259.2713661636432
1653, 259.15965651672013
762, 259.08797377334423
2458, 258.8341873486652
920, 258.8083192995432
3233, 258.80130119101733
2465, 258.7605941674498
1943, 258.6141898631466
2602, 258.3764425191619
2613, 258.1821927369843
2463, 258.05851537985455
1623, 258.05134219537825
3307, 257.9438082823959
1023, 257.43516483959843
825, 256.8523943289133
2160, 256.7178846552971
1615, 256.6070753674021
961, 256.5750967547997
2489, 256.527939678656
581, 256.3565923709389
3345, 256.2934486159788
2993, 256.1609936827764
23, 256.11305775406953
1965, 256.0976806499837
2643, 255.9869216262713
1279, 255.8813972311118
717, 255.74676952819993
1985, 255.61384873350553
1424, 255.44491162288392
3319, 255.36559423038116
698, 255.22301065851423
417, 255.200614136162
3228, 254.83888923709688
243, 254.7506622768877
2487, 254.67457487603238
2599, 254.47936900895849
3360, 254.4235077072409
2189, 254.2855894655909
1046, 254.1042180839101
817, 254.0053089850807
2512, 253.90874122431023
1487, 253.51203290059476
955, 253.3797627207114
2949, 253.12994233545092
436, 253.05136112416727
2728, 252.81678515192957
1037, 252.6459124230229
27, 252.6452307479353
2434, 252.2925143788947
24, 252.2793768650213
2584, 252.12803581201334
416, 252.04346293620367
2145, 251.89481393616776
743, 251.8368113017594
600, 251.6056344946335
2095, 251.45284639003862
2360, 251.15882529790227
2365, 251.152635214865
2081, 251.142233391609
2142, 251.05531383437332
2516, 251.02922404427528
2593, 250.9068758758302
2431, 250.67570220744003
2446, 250.67116230434286
2708, 250.61553615443773
3320, 250.38651521672168
1803, 250.34607916692292
815, 249.88474750689645
2362, 249.77885433288813
922, 249.5876022854386
2540, 249.3424430058585
319, 249.28377713345733
1520, 249.04084164946923
960, 249.00559118941823
3252, 248.8116774850681
2636, 248.80597740072935
2639, 248.60208504994358
1577, 248.572397285417
247, 248.43814973189447
2220, 248.0783307502877
969, 247.94829181164715
1423, 247.63260198890615
1566, 247.5949507433677
2879, 247.57356957177214
1038, 247.54057540418862
1895, 247.5110572049571
808, 247.44253249130134
3391, 247.4367782714754
1331, 247.0514695480928
560, 246.56735454362138
2845, 246.4086054779094
1412, 246.40455168806864
2214, 246.40001985084953
3308, 246.39278596124817
2555, 246.1092924059906
787, 246.08480336621307
709, 246.03850245107336
2057, 245.68388283988514
2052, 245.53949132460878
2077, 245.44733353529753
2582, 245.06768567608307
1580, 245.05406558756982
2829, 244.95198623729186
2590, 244.88123760619072
2181, 244.71775160758193
1977, 244.6571339597658
1473, 244.42374251469968
999, 244.3870666910145
528, 244.31554125904304
1579, 243.80234638699613
370, 243.67680768434397
1308, 243.5475367068236
2122, 243.48287779982363
574, 243.4276283419903
2031, 243.29527997230494
18, 243.29498036283104
1523, 243.03553467223387
2846, 242.76685313878852
2219, 242.72645324471222
2828, 242.66767754408644
2090, 242.52479041871993
1840, 242.44646160845093
2907, 242.43155775518503
1266, 242.42052176244286
691, 241.81692435736386
1371, 241.80557104110815
1599, 241.78036392372738
1490, 241.73276572882585
585, 241.28427064503757
1404, 241.270876404398
601, 241.17018311213917
3177, 240.7641424522723
2526, 240.6880011478033
804, 240.4391188486962
420, 240.30594736107616
964, 240.23540295038322
1495, 240.15026126386027
2427, 239.82578908008227
1314, 239.74315867275308
2858, 239.73750138838977
594, 239.6968977131213
856, 239.53063000342433
2468, 239.43647487552994
1425, 239.34327986663777
2992, 239.2455100413191
2422, 239.20901672469648
242, 238.87541930542326
1408, 238.87105538978585
2441, 238.65904241782326
903, 238.3657883020809
2450, 238.16573358917404
2173, 237.93899726464468
1823, 237.8104906867032
2231, 237.78748899493533
2209, 237.4328321026723
1890, 237.3965955478504
1839, 237.28443293255015
2171, 237.17936637173972
1537, 237.17826651498305
1594, 237.0416724655053
2914, 236.88252364073992
313, 236.8138302612603
789, 236.71681074689104
2228, 236.5462815137948
2905, 236.5425111730445
2168, 236.32252001183713
2539, 236.0735122285803
907, 235.99483229108043
1510, 235.83541437239842
1103, 235.82564400736328
1315, 235.82465862941618
1887, 235.80464751801057
1053, 235.79002790839647
529, 235.77319587495677
2996, 235.63356337272654
3446, 235.5954420894708
1321, 235.5314097843948
2206, 235.50644568365414
1942, 235.47093943978243
3026, 235.3832045035724
2877, 235.28753816916156
1790, 235.14316611612114
3229, 235.0398967591169
1289, 234.72766786993353
1508, 234.6735291949816
780, 234.5782486824825
2165, 234.50476570592159
2200, 234.26191336013224
586, 234.20749689354736
1118, 233.96926360363503
972, 233.95036462935158
837, 233.8339557219004
1501, 233.8169186568593
1984, 233.4250119352265
1527, 233.37693242982425
1505, 233.16549350406098
845, 232.98311257742918
1478, 232.9825099333261
1519, 232.78934261155607
1976, 232.7690472609184
872, 232.66138062495867
1846, 232.63363068622363
1369, 232.5394765693147
846, 232.35791722681807
3031, 232.24001565116467
1348, 232.15011936142662
2596, 232.0371275035539
517, 231.94838368876572
419, 231.83328263838885
558, 231.5385594470833
2190, 231.50322697070794
2804, 231.26787791648485
683, 231.1996611568013
593, 230.967214513687
1211, 230.94026215471538
2837, 230.79661774643893
2709, 230.55619228658034
2113, 230.40144065186317
2850, 230.30874769866816
2150, 230.17841219000837
696, 230.09466964874628
1957, 229.537236019694
418, 229.38356453348217
1512, 229.35742020348957
2164, 229.3313920987021
1421, 229.17396762215466
2256, 229.11018276912105
3270, 229.10077578223098
2334, 228.8070658411276
1361, 228.7528289538297
1488, 228.54314680692323
2647, 228.4684752828644
657, 228.43435374254366
919, 228.1766913340524
371, 228.1450551752787
3267, 228.13292784607916
638, 228.02158320378564
3343, 227.96663806459748
1380, 227.8708697226046
2998, 227.71853399537184
839, 227.6523058303857
2852, 227.64064165325732
2841, 227.53281971378877
1494, 227.4892740351234
1001, 227.4665448012285
1983, 227.2556651955507
928, 227.25383557517551
1390, 227.16683042398245
886, 227.12240841252074
2115, 227.08040026671642
307, 226.9161984838679
1481, 226.7334903490181
2615, 226.6436478815394
821, 226.5129270652908
1322, 226.43923038545046
2066, 226.42124018353368
2321, 226.23805177484778
1389, 226.2309798591561
26, 226.15150530594383
1792, 226.04609888889547
661, 225.88279066784585
1828, 225.84068667627298
2324, 225.46391545643363
987, 225.40330900830315
599, 225.2636033164967
1268, 225.24083737203654
2060, 225.0995918851955
993, 224.93513248124236
3238, 224.89913800037104
2579, 224.81376600138825
1427, 224.771010161213
1986, 224.71684251581868
1549, 224.55069095786754
1820, 224.4461349594311
2839, 224.43356518932563
2125, 224.30284191518325
2117, 224.09430356032186
2229, 224.06001492615013
2120, 224.0401239258145
602, 224.00027758508003
708, 223.8796727305179
784, 223.84142481567224
902, 223.8194022433626
659, 223.44567758159369
584, 223.32763822588927
639, 223.2037968071318
1558, 223.13647912933303
1883, 223.09627696292839
2038, 223.03470495915002
3014, 222.94959483399015
2439, 222.91007823932543
1455, 222.84921124770457
718, 222.8006051950856
22, 222.7786104024075
3321, 222.74069525663884
2471, 222.58251934220624
2372, 222.5710416406994
775, 222.32000007364329
2230, 222.2474490200648
2359, 222.17910475657675
3002, 222.10112783826312
2831, 222.08228727643802
1396, 222.01239153755523
606, 221.72662542966017
730, 221.63368440938888
1493, 221.5280309956621
938, 221.47946275459944
1345, 221.42335181630298
2517, 221.3849690569747
690, 221.19492664924414
1886, 221.0166307934496
1614, 220.84073508539998
665, 220.7369724951915
840, 220.72113934054502
989, 220.7028271778173
1377, 220.6842019881828
849, 220.58886177380575
882, 220.55208380253214
790, 220.54194623378362
798, 220.51445825079736
2994, 220.45425933845527
1908, 220.41712687175934
1339, 220.3625726154378
230, 220.33127709807317
3268, 220.2750519295105
1578, 220.0726436863643
777, 220.01819214883542
664, 219.93005382710328
1622, 219.8885239768156
2255, 219.87149522250593
2750, 219.8135362266598
1312, 219.7691952204019
235, 219.75559497254463
2162, 219.69159011866208
1295, 219.57182572558366
2844, 219.5391159821368
1601, 219.52268878213636
927, 219.52201112104106
855, 219.47353011710163
971, 219.4331167004882
2594, 219.4067349309802
3359, 219.4034088570177
867, 219.3700440314818
2851, 219.31943456994833
1271, 219.26674041656108
752, 219.13006283590056
2237, 219.10230357054272
2116, 218.9227535625201
970, 218.77708963286545
853, 218.70936891727612
1413, 218.65319237484633
1014, 218.419197177474
1330, 218.38607242402338
1474, 218.3533887197637
2500, 218.34880836968415
776, 218.33734417731773
315, 218.31087074289786
306, 218.31087074289786
892, 218.1683878188659
564, 217.97995580502138
711, 217.88966589785815
1343, 217.82007083932163
256, 217.8117341080769
1398, 217.7862284667546
572, 217.5463067247128
1426, 217.5334043294699
1550, 217.5234012204922
559, 217.41950860919772
525, 217.0852891774194
1555, 216.81513148733433
2908, 216.6339880170085
1511, 216.54984639498738
3438, 216.50272950474465
2888, 216.136733821947
3272, 215.86837597416223
465, 215.85134279871994
847, 215.80388104418094
1273, 215.77883815055714
723, 215.59278180857834
1902, 215.55191321307566
1561, 215.3981887642522
785, 215.30595890365396
2040, 215.30039133634583
2898, 215.25007377166057
850, 215.2215772665611
1829, 215.07515539355842
1368, 215.0243676917857
2376, 214.9713153781368
2361, 214.89626960772284
797, 214.75362157923962
3045, 214.7400854702058
2213, 214.7218936731044
1815, 214.71632851998746
1278, 214.70429715838446
1544, 214.64959142229839
577, 214.49354755651504
770, 214.43751462906198
573, 214.43092407627952
500, 214.3020819293915
2366, 214.25178934992584
713, 214.1746293919354
2916, 214.1358347983163
1378, 214.08056829035758
1920, 214.06360815847606
1422, 214.00381857653696
2141, 214.00025848417036
1825, 213.97777929801796
1006, 213.92185381038908
689, 213.88084492197038
1420, 213.87284110109462
1352, 213.82186760078957
1392, 213.67254556290482
3085, 213.6372222747112
774, 213.57658085711543
1393, 213.56165649392182
2254, 213.51869346876575
1539, 213.49261362860983
636, 213.42632045887933
822, 213.37132721361186
1926, 213.24746966244777
1417, 213.24141261768074
1500, 213.2276753722988
1804, 213.14849285196192
569, 213.13086304282575
779, 212.84417778621372
2245, 212.67962956727894
918, 212.6095058814195
3237, 212.5668290901114
992, 212.56379636328057
2903, 212.50331372755323
1285, 212.41306944849185
86, 212.3831696883638
635, 212.36791717449566
871, 212.19851752231523
231, 212.1952126322471
2899, 212.18562041857626
879, 212.16522383673566
1959, 212.05011582986788
2503, 212.00745856284863
1480, 211.96220290210059
1400, 211.89970182720694
2830, 211.89661237187227
2227, 211.88499660660798
2131, 211.87612197606194
694, 211.85357310049727
240, 211.57682656775296
1878, 211.29375619306887
2121, 211.20695060150504
1293, 211.19958187015612
364, 211.1399522818241
2166, 211.13865875889954
2369, 211.1266415411515
1989, 210.98880827374384
983, 210.97635374390595
868, 210.94359764854096
2064, 210.88774602876794
1409, 210.7704956377915
876, 210.5719349525253
3044, 210.47762505373998
2881, 210.37917188430913
1280, 210.3463053683678
2884, 210.2436233638493
3030, 210.07676498006984
673, 210.04682522668267
1475, 209.88504696710933
854, 209.8378503903659
1370, 209.82447321339598
2154, 209.30773617147514
1411, 209.25816284092005
693, 209.2341835863909
2198, 209.15939010734513
1830, 209.0983954666108
2046, 209.09526034388074
3043, 208.96270987549102
1909, 208.9485896202635
1817, 208.92815867523404
2547, 208.76712262095097
900, 208.70795904518513
2515, 208.70063160770908
1491, 208.15559355312885
741, 208.09285644466559
2199, 208.0066865452042
2163, 207.82498319563774
937, 207.79962643156196
896, 207.75554662558798
672, 207.68562181983927
1419, 207.46008447582284
59, 207.39562979747143
948, 207.39500610292652
1367, 207.3722872396489
2058, 207.35350405937598
883, 207.34369348411118
725, 207.21101479143294
2732, 207.1936731026141
3271, 207.1785991128863
755, 207.03606567816425
614, 206.99776047631704
257, 206.98495684923355
887, 206.94570934084982
759, 206.9158486012215
3346, 206.89133190647692
656, 206.66756794271643
597, 206.65625674828905
935, 206.58741910055548
933, 206.53834222614066
1915, 206.50545123438107
2114, 206.41060387318905
1841, 206.39071384562385
1403, 206.3896296037211
675, 206.31730512279674
2882, 206.2801194098289
2036, 206.27502204258434
2897, 206.23997811309627
1835, 206.0805827922247
2682, 205.93193046545755
946, 205.92100398051744
763, 205.7731931059874
2246, 205.76323985312064
1372, 205.74802756456305
2432, 205.70109348784408
323, 205.64928627100474
311, 205.64928627100474
924, 205.6353010273334
1498, 205.6102427299222
764, 205.60058326489337
2148, 205.5337393752959
985, 205.52562343982956
1346, 205.5243022337474
2319, 205.48704844636194
2423, 205.42821823440067
1831, 205.40492848353387
1904, 205.38471778427012
2875, 205.36195329955058
1036, 205.27554264649834
1906, 205.21705073419426
2138, 205.1978377478403
253, 205.08738031591085
1791, 205.0235899524743
782, 204.96948094519962
714, 204.91745522908585
645, 204.91327473944406
963, 204.8606511607913
1981, 204.83286490262992
567, 204.82571318907594
1618, 204.73557906337462
1382, 204.65915227942995
1328, 204.27849903186473
766, 204.24447304507748
565, 204.21334678761474
346, 204.15705692070355
236, 204.09126581622684
1277, 204.04846113147565
3068, 203.81558906781254
870, 203.7679832828777
2323, 203.7389023930595
942, 203.70686104226914
1292, 203.70527933015492
2123, 203.6797839693156
1164, 203.65235678251113
932, 203.65057848012904
1387, 203.57034505672507
351, 203.5402830723549
2842, 203.53941170511294
704, 203.51772630983504
2216, 203.50453951903887
1595, 203.36814186148115
1801, 203.30629158921758
312, 203.20203112617034
1458, 203.19395077892673
1888, 203.14435341456021
1486, 203.09301377085023
984, 202.79931018318277
646, 202.7739233146216
800, 202.7736437114925
2146, 202.69942080214074
674, 202.5274010639886
2891, 202.4807834940872
2470, 202.40035080291116
3037, 202.37223767612375
2854, 202.26607143828966
2331, 202.21915205594698
1405, 202.20364200395713
603, 202.15167418104366
742, 202.14218807104635
728, 202.11584840504668
1288, 202.0946895165808
1018, 202.08112427453628
836, 202.06907722158635
697, 202.05818838147312
1415, 201.95627785252003
1374, 201.9373204809959
1772, 201.8875228163407
897, 201.7083943972771
1327, 201.6790262105791
3027, 201.67495132500613
1944, 201.64187451154783
1291, 201.57869698155503
31, 201.49763737038106
1353, 201.45836143850008
1357, 201.44884679658728
761, 201.42599894540942
1388, 201.39483163471604
568, 201.3553660877029
2430, 201.3161834309397
347, 201.15232375427618
720, 201.13885666174124
701, 201.02114520026737
1563, 200.92716806389726
813, 200.8859041604294
1021, 200.8308647218781
1992, 200.82374897435434
959, 200.76565645180327
324, 200.74680423374318
2202, 200.65123409080542
2578, 200.64799077105792
1554, 200.60725575175502
1934, 200.5294125467038
2833, 200.51632333225163
640, 200.51175147469908
2169, 200.504488266649
1982, 200.45120166587333
1272, 200.40693184564176
3038, 200.40523353058364
1323, 200.29093899238288
1391, 200.24423215671516
783, 200.2395282185745
1548, 200.22427273655723
1275, 200.18950893142545
2043, 200.06299294228975
3363, 200.05475804115744
2840, 200.01238556601027
2119, 199.98461578014624
1782, 199.9404237702121
986, 199.8806867331504
1340, 199.8596904494841
2136, 199.80136259927494
705, 199.80089940546517
1927, 199.5572304764042
374, 199.5486549764102
828, 199.5107780633404
623, 199.49772275685368
1499, 199.48187374653048
1905, 199.4653271365361
740, 199.37864086640877
750, 199.31522950024262
507, 199.24889410648026
1524, 199.23548402495683
925, 199.15408154362615
1789, 199.06123367933068
616, 199.01602402744035
2849, 199.0072542269808
660, 198.9711718357418
796, 198.96596398310726
792, 198.8908040744607
2410, 198.8877051355253
1270, 198.88331770013764
1297, 198.87354324030662
2233, 198.8686769820964
1020, 198.8079758391535
2183, 198.584454841718
962, 198.54303228303738
2130, 198.45250855830358
246, 198.45186035692115
827, 198.3379810057201
2847, 198.29662177052194
1506, 198.27888490498196
799, 198.128359829904
843, 198.05202302895336
934, 198.02435218726197
908, 197.84869365372884
2175, 197.82504163973138
258, 197.74777085439104
1294, 197.64812162274956
2946, 197.5142044593045
3448, 197.48476728957596
1009, 197.40520133914094
692, 197.3718247705606
1809, 197.35781525059107
1265, 197.3079510136042
2140, 197.18801858526376
930, 197.0448894227348
2129, 197.0336703990957
707, 196.60844926186087
2947, 196.53639089860587
801, 196.5208153223198
1453, 196.33401424848955
1318, 196.29685191644035
1598, 196.26172157468648
350, 196.23315583943662
422, 196.09058337506073
3240, 195.99896412625714
710, 195.97138716322127
2063, 195.64283428068129
1819, 195.6165297351092
363, 195.58278466795448
461, 195.56621223146948
2232, 195.55481598600406
2375, 195.43160973002216
1329, 195.24917105287264
2725, 195.20939256662533
2373, 195.17393422601822
2377, 195.1606008520784
1469, 195.10298787802057
722, 195.08751651494023
1354, 195.07875321525225
905, 195.02280788399366
967, 195.01762642706214
1786, 194.95910469934623
893, 194.73645601828298
904, 194.69743892125481
1779, 194.64199752419094
834, 194.63333053302605
238, 194.60803455993627
1673, 194.37750105332762
459, 194.37289150005583
1479, 194.31640083553947
2085, 194.2948430327328
566, 194.2897858293827
2176, 194.23872373612397
3242, 194.23420345154256
1836, 194.0968406599045
977, 193.94610558704065
2336, 193.8570889862976
973, 193.84944415427756
3034, 193.7201495841792
824, 193.69643483142528
1921, 193.65056200030529
754, 193.64703002538303
926, 193.61579361843482
2222, 193.53437698351408
1365, 193.50094198060833
576, 193.44200940138583
952, 193.31242814853854
314, 193.267070757534
1022, 193.18394876949696
1492, 193.16275792813502
3230, 193.09926764540958
352, 192.93869477217257
658, 192.81161268611166
1949, 192.73699720547998
596, 192.7318287645821
1808, 192.60695148513008
1930, 192.44658864626174
241, 192.2055790271315
2133, 192.1872793847617
2403, 192.13759714280764
2247, 192.10272771711007
2826, 192.04927375530397
2569, 192.00647674264718
1935, 191.8873028882078
2950, 191.81179952246794
1620, 191.65222957650934
2718, 191.5383123637633
1504, 191.25199600714166
1928, 191.24474266629983
63, 191.06410185923997
931, 190.81979837675092
976, 190.75018147792957
1954, 190.70287456733988
2876, 190.64222852027854
342, 190.6355986832795
1485, 190.57004405633506
765, 190.56430877519924
1900, 190.4324152880783
1950, 190.42300574141137
929, 190.34500631890458
831, 190.2896360080375
1320, 190.25786988073548
1582, 190.2252953874649
1837, 190.21745077720493
1414, 190.17685944664362
618, 190.1664371017539
1898, 190.16423975768436
3256, 190.14803128620895
1777, 190.04113938985014
1799, 190.03439543887205
320, 190.0171753112945
1007, 189.97009614231817
810, 189.8980299759524
2144, 189.85625050222203
484, 189.77521963910047
667, 189.7703903336164
706, 189.75123662579261
729, 189.72708664576018
898, 189.7094175195191
911, 189.5927871083947
2325, 189.57442614342702
880, 189.44287399731684
1010, 189.20202073508798
2902, 189.1308389778066
873, 189.12819575033083
1319, 189.12452293508608
1017, 189.11900709973872
2322, 189.09807929213568
1282, 188.96877053891657
910, 188.9473809944039
1591, 188.89795291237274
994, 188.78285240150248
1778, 188.69127780488947
2327, 188.67344511518078
702, 188.4023230333749
703, 188.32085678099676
899, 188.29623424647536
1326, 188.2721137004295
979, 188.2524769255974
644, 188.21090649269598
609, 188.18547454747377
865, 188.1250704468735
1470, 188.0843615184904
354, 188.08297682834257
2672, 188.06200375401724
1953, 188.05080234628892
2367, 187.97542056280736
2426, 187.95273385052667
632, 187.90405464224182
325, 187.80846593014928
270, 187.79301507290418
633, 187.77781845931392
1351, 187.6647673939785
724, 187.58637833967293
239, 187.5815673575856
943, 187.57828066101055
1332, 187.55668344635632
830, 187.5086617776717
944, 187.34887610260506
866, 187.31057413008494
1394, 187.16720337770568
1540, 187.10695441339962
2126, 187.00179983328115
982, 186.92950960820485
631, 186.89341424669655
1832, 186.7676049583131
269, 186.76679440968607
2370, 186.7542270535637
1569, 186.72249968783038
712, 186.66698275944728
1385, 186.6153503680073
2425, 186.5699485661004
875, 186.56842829169958
1476, 186.4876282688445
2880, 186.45210902352355
1402, 186.3723412600715
1827, 186.294605590012
604, 186.27260604523354
1080, 186.1546694542662
2436, 186.11396229458168
858, 186.091866368316
1483, 185.97384309286824
2330, 185.97259434548735
2910, 185.93591426503542
891, 185.83633325306346
1335, 185.69211068206593
958, 185.64388190016825
1551, 185.62327049087597
1416, 185.61687773763282
807, 185.569636130365
2156, 185.55963839995147
1362, 185.52404957954735
1568, 185.51923097969032
1311, 185.45845341334984
1401, 185.4334167204069
1304, 185.32412049037984
2186, 185.24570924986048
3012, 185.2407919109406
3015, 185.18161376785946
990, 185.16262933210814
1834, 185.13695334978098
2000, 185.1279255361112
1932, 185.11454427014715
1359, 185.1037095381343
666, 185.0956509689505
949, 185.00900869834936
1286, 184.9895906012338
1011, 184.96292697128345
2874, 184.8585153625928
996, 184.77751297865248
1366, 184.7660333619805
668, 184.735371254958
1769, 184.63713955239297
3024, 184.6117972713306
974, 184.60508115776648
653, 184.5947366997099
477, 184.4580743339527
684, 184.40346830996305
624, 184.40346830996305
1489, 184.3008970526016
2172, 184.28265570427925
687, 184.27117182025702
954, 184.24046572925474
2317, 184.23013078299056
2251, 184.16186078271107
1303, 183.92529227314478
111, 183.84366681884393
1325, 183.81851212680354
2149, 183.66845721745318
1307, 183.5763629788083
1619, 183.5028486487302
595, 183.37995782845385
1529, 183.308181922673
1383, 183.26785402887023
1281, 183.0218799393743
1008, 183.00137703055807
598, 182.89472419327163
1016, 182.84439570880906
2201, 182.65364994445156
3022, 182.6286436083081
998, 182.6214836209011
648, 182.6214836209011
620, 182.42562089574986
2518, 182.39585751641155
273, 182.24830510387295
829, 182.22559354079863
1342, 182.177451439058
721, 182.16772001020476
1522, 181.9559250178576
1276, 181.9162243907321
1946, 181.89711578827848
2197, 181.82454715504613
819, 181.82127411131927
2151, 181.70391114762603
1528, 181.68812205521547
1774, 181.65628729917137
245, 181.65420440557014
1341, 181.60717711763553
1015, 181.5798503501592
1305, 181.49705477391493
2132, 181.4138813911329
1192, 181.40794103564292
1055, 181.37655539476276
1606, 181.3451930268723
2127, 181.31204058323303
229, 181.2749024090285
753, 181.24588403836776
1507, 181.18477658646975
2326, 181.08457683872751
3035, 180.94508822235392
975, 180.94451722986418
1918, 180.9338565006493
3257, 180.93270411579272
688, 180.89848978654788
2159, 180.73812856225877
818, 180.5057319824975
2332, 180.48213709322866
805, 180.4104712520215
292, 180.27879451107495
327, 180.18389568738277
271, 180.10637719383553
1956, 179.91872522795964
1376, 179.90487735697224
1903, 179.87821172868507
1787, 179.8722459812568
2834, 179.87013602324294
184, 179.86993436464996
1317, 179.86094195915092
2906, 179.77349903869768
726, 179.75700758282386
1948, 179.64970308275403
1344, 179.62542196026118
339, 179.47691718567967
662, 179.42599395685974
1284, 179.4000960563441
1482, 179.3973668757454
1916, 179.2776451443173
1496, 179.098363410458
1654, 179.04827099240543
2281, 178.99776008094636
2147, 178.99308203334587
888, 178.97580802596966
1937, 178.95868279685226
340, 178.92895577348932
756, 178.84188487339708
1833, 178.79172438912977
2437, 178.7822315381078
361, 178.61631658780712
1296, 178.54932109153546
3450, 178.54689836069193
1497, 178.54182149150108
700, 178.46174829063756
1503, 178.42132417511021
1990, 178.15450919509712
1783, 178.06828321850213
2225, 178.02314839319283
2895, 178.01259972929105
751, 177.8192773988416
1952, 177.6500464756251
367, 177.63476837407984
1333, 177.6081545364782
1407, 177.51115337278543
1896, 177.50844521887004
1621, 177.43941566989685
1922, 177.43704754860164
806, 177.2040404776131
2835, 176.97832566231662
1399, 176.95491269702836
771, 176.93335406827427
747, 176.82147517793777
1897, 176.6191043013627
842, 176.60915437299428
2532, 176.5910464296639
3273, 176.51542946068412
571, 176.46030258835717
1386, 176.41903914581118
621, 176.3663614107154
1570, 176.35950628457502
349, 176.17434007577165
2328, 176.17301524860122
605, 176.05185541425692
2221, 175.99309833858482
715, 175.97610633809222
2161, 175.92605156023868
997, 175.8464454425871
1535, 175.70140523780762
1556, 175.6809844916347
968, 175.57224863445842
1472, 175.50130269408413
1793, 175.44447204217116
1019, 175.4412572279645
2112, 175.40874539751906
1767, 175.31945071853016
1044, 175.31563108030628
1553, 175.29169225279287
1565, 174.9491838684641
719, 174.91528337462938
1766, 174.7716153637335
812, 174.75849670366168
2215, 174.74885831060615
2250, 174.644375114662
878, 174.55025003409222
1013, 174.41626335572246
2418, 174.3904196944519
317, 174.38472661818838
309, 174.38472661818838
2178, 174.336650922383
357, 174.33447192706498
1056, 174.32191168717821
695, 174.07750419262547
894, 173.89781850661655
1929, 173.78002073850053
1471, 173.7161605924152
2241, 173.6855130915163
769, 173.62980657293863
2932, 173.4409263074636
2374, 173.38738413327025
890, 173.3606563564255
1375, 173.35716571088957
1538, 173.34703041777527
1349, 173.08463929190722
1796, 172.97690119975883
2329, 172.88288753223395
767, 172.85150523080094
1757, 172.84743117269727
2556, 172.7132509424718
318, 172.69802551491753
3001, 172.6721748169614
1899, 172.6214947370001
947, 172.53031492177792
366, 172.48100895716829
1936, 172.41288784302094
760, 172.26209652087945
360, 172.00668868441628
940, 171.8965198209934
2843, 171.73592110948113
1051, 171.61115319911076
2174, 171.52012397630878
739, 171.46099259848262
1360, 171.17934036721206
2128, 171.08185700969184
2420, 171.01088371252433
1938, 170.97900576795533
2893, 170.9404774634695
1395, 170.8091110839205
345, 170.7009750279016
877, 170.68351011523566
627, 170.62478589095437
2868, 170.5258968192262
3013, 170.19648669941893
2901, 170.18491517993
3224, 170.11587887888592
811, 170.00681669086603
570, 169.98859225455942
1805, 169.88612551270427
244, 169.8793469075002
33, 169.57341892702135
809, 169.5180360575643
1363, 169.283197806538
869, 169.28064550557153
2155, 169.24735352805297
2363, 169.24189100436018
2883, 169.21572018091638
1313, 169.21465485995992
835, 169.17065163756993
1283, 169.12701499870388
978, 169.10324009548864
387, 168.9728225540134
442, 168.87152341619299
2886, 168.7904169464206
2335, 168.7576562980254
185, 168.71030802266168
1165, 168.67600725120013
1797, 168.39343502304703
1917, 168.37640578289987
2253, 168.36937712573476
2137, 168.02402203152366
2234, 167.88382337153533
587, 167.87381222066804
915, 167.8419923772913
2118, 167.78700532921727
1988, 167.7840084865513
348, 167.72405661760016
950, 167.43663221714607
3011, 167.34507004881073
308, 167.34037609412968
995, 167.33350261269464
1592, 167.32863406852968
1093, 167.22740031049898
1334, 167.0855961747515
359, 167.0538491842056
1338, 167.0209922046668
1923, 167.01645675964156
3023, 166.90774699821282
3451, 166.8613884140795
1955, 166.7207198547231
758, 166.6182474569523
1924, 166.59434636224952
2885, 166.4682305506525
2371, 166.35299660527008
592, 166.32473102144354
1546, 166.2968625870613
1609, 166.25760623370428
921, 166.25209203049639
749, 166.1774606377434
1945, 166.07629226384245
1337, 166.0071769232921
2892, 165.99295507485218
322, 165.96379821190723
310, 165.96379821190723
610, 165.94772783788662
3449, 165.9363962400488
2182, 165.9010366030412
490, 165.8837168487368
355, 165.79915373260172
2887, 165.7432830168819
2729, 165.7336504633009
1552, 165.59711338805786
652, 165.5956091395111
833, 165.56574755818633
2368, 165.4582400699833
2848, 165.39176537139977
2838, 165.16430654893148
1816, 164.7391196384819
625, 164.67631849738643
2054, 164.6335510255756
60, 164.51560650140067
1901, 164.4336275658451
589, 164.3957816545448
1987, 164.3766992771187
1933, 164.37269305955215
1812, 164.35502423299954
3282, 164.06263955158394
1545, 164.04424898011806
622, 164.03152680168725
305, 163.717755120973
1802, 163.6098383077503
941, 163.17371767694237
991, 163.1024306801659
578, 163.10008145906855
3218, 162.9738567686671
2827, 162.941640387153
2944, 162.8943299735078
889, 162.89395682811937
630, 162.74692129388984
2836, 162.6585560305593
1092, 162.5579883772882
1798, 162.51516665496973
1947, 162.35502456373342
1845, 162.32045668716123
1000, 162.2671419775692
2001, 162.24666496971815
233, 162.17389158539936
1290, 162.0696244228796
1602, 162.06481260642136
1843, 162.05594091144658
874, 161.9180491504662
2995, 161.875322136069
343, 161.67086792188596
2316, 161.65641321002485
951, 161.65006436112486
1350, 161.33939375491423
590, 161.06887363948385
988, 160.87088481515573
1763, 160.80624380960438
1005, 160.50129114677023
1844, 160.33193251333128
1310, 160.1958667159621
2357, 160.194286103867
362, 160.17084588265334
2896, 160.09687750250984
25, 160.02453614213417
1379, 159.75250039271373
1972, 159.64314730646643
617, 159.60005742978097
909, 159.4882945925902
1547, 159.20685820542403
841, 159.16813282754515
2035, 159.0808753940798
1384, 158.9616968352863
802, 158.8549413266517
1826, 158.62155097218545
2945, 158.48025201641786
1775, 158.25087196901939
2855, 158.2091289498875
1795, 158.08017951783592
1821, 158.05145570374
1054, 157.70686258549793
1541, 157.56799726655706
591, 157.4732349218821
356, 157.3944737794266
2894, 157.16760400332322
341, 157.1371971660011
2402, 156.4656567213823
1526, 156.44652953548018
2890, 156.08834916399655
1842, 155.82146655664903
794, 155.76238053971724
1012, 155.65075879953224
772, 155.5850069123508
1762, 155.07898477626063
1347, 155.00433989910923
223, 154.99826660298535
2248, 154.97102805696122
1373, 154.8448632685238
2358, 154.71276643628283
2333, 154.62257503099758
1355, 154.60986720762406
1784, 154.50081732890263
939, 153.3254175130064
2049, 153.16844975054946
187, 153.0669178973947
1931, 152.94117935572405
2364, 152.8599735138205
2935, 152.82979434743558
1613, 152.79341828713962
1532, 152.4012265675931
2924, 152.21532844709324
1616, 152.19938837372626
2904, 152.10798553429845
1542, 152.06698127234606
2711, 151.92444662805227
629, 151.8993811722926
884, 151.84725753589768
3309, 151.7723138842512
628, 151.55506095567156
2143, 151.46600951002296
3036, 151.39725161818393
1764, 151.31299492428982
1919, 150.95350526084215
344, 150.78869301556767
3220, 150.6600332114955
1768, 150.50733074210345
1274, 150.21454719358144
1781, 150.20391298091806
49, 149.69007641535663
1190, 149.6247570377849
1765, 149.57441543528682
2062, 148.70137408942776
793, 148.03482529371692
2042, 147.44051155391426
224, 147.33758256936014
286, 146.6359023484935
1861, 146.12308576683176
316, 145.26733758891436
489, 144.98530704527195
901, 144.67809259953566
2051, 144.13532588277602
1287, 143.81789369285048
2107, 143.54392384046355
2912, 143.45783613202
2067, 143.09302455766294
226, 142.74967268527462
1564, 142.72179533206972
1267, 142.32942001649846
3219, 141.3223442599749
1364, 140.76856557090875
3216, 140.34465552107937
3223, 139.22214100999383
1536, 138.26240341698147
2925, 138.05830470208343
3221, 137.3885591913805
2923, 137.33294175906434
3222, 136.91671587828372
1048, 135.96899081386002
3217, 135.6829568985336
301, 133.3030197431636
1358, 132.14513868501467
2072, 132.07717271185334
1049, 130.22950820120727
285, 130.11701254394745
2931, 129.82305628168305
1925, 128.39323174059905
393, 127.94482576315403
2871, 127.40281839341986
2084, 125.93775197540072
1863, 124.43815420791367
2940, 124.41899671284823
1050, 123.83876104611683
2929, 123.83687912413065
2922, 123.36696815219534
2928, 123.24856994823892
795, 121.23434492500493
1158, 120.79123612794105
2926, 119.8475621502993
2937, 118.85193670052479
2952, 118.32118109455733
2872, 117.922662171577
2921, 117.74927746739314
2927, 117.4658098819782
2911, 117.24434897053546
2938, 115.85634573624223
2933, 114.4900371503513
2939, 112.92023564367994
2941, 110.60754494136935
2934, 109.94546460791213
384, 109.1099119466084
390, 109.10349985058579
2954, 108.6809201898177
2957, 107.09131244914525
1534, 106.92029918875302
2073, 105.64118461131538
3412, 103.75999014440602
2943, 103.15029524110126
2955, 102.9523973611494
486, 101.18013465363333
2930, 100.86186388879072
2870, 100.75599754246264
391, 100.3396006937855
2873, 99.61021054156035
403, 99.02727035305605
2942, 97.09909689748491
2865, 96.8142060967268
1064, 94.66252348947526
516, 94.00233332213558
1468, 93.9539462324362
3145, 91.13039420726507
2867, 90.08610327598132
3411, 89.92057580242309
1862, 89.56291286425821
1264, 89.21866123851883
2012, 88.86093110189277
2739, 88.36995192903966
519, 83.86686991346807
1157, 83.85717350075551
493, 83.29653379245833
3121, 81.26023042179884
183, 77.78349629759134
3161, 75.94594360177032
1612, 72.4422070923314
