1043, 3093.606818360794
215, 3018.7958531890285
2747, 2963.5147180420668
1866, 2948.0305198316973
1867, 2892.151643682318
1183, 2787.817150291523
1085, 2653.802600769557
1174, 2599.5047099407084
2794, 2279.9412741532574
1978, 2270.5078207796414
1124, 2182.0028320101105
619, 2181.3534508659322
397, 2176.394517977787
1200, 2098.801774206494
1144, 2065.7228194212375
76, 2025.6963382246224
2983, 2001.7579913350824
1141, 1936.5737588603886
1979, 1908.1989299562845
1226, 1904.7932440926902
1083, 1902.886993968283
1214, 1886.736826956119
1031, 1860.1396033522462
1139, 1852.3269400262377
1041, 1825.3292361734664
1202, 1783.2011623454855
1212, 1736.6545483522743
1860, 1705.838930018812
186, 1690.0631638810548
1248, 1688.3019450734591
1179, 1673.3488473746474
251, 1654.0644179461924
1154, 1651.8968410172954
3395, 1650.0528481702781
1069, 1612.1123488869966
1066, 1607.12432117215
139, 1600.3031980153462
377, 1592.1579392023616
2803, 1591.5560856133204
1430, 1577.8493396645845
1042, 1562.8306575708013
1166, 1561.2316138472963
3396, 1560.1037554379661
1145, 1553.9005959450158
538, 1548.2679754699489
1112, 1531.1042366259378
523, 1518.5748877263795
1175, 1509.391626321589
3421, 1494.0150228528132
3402, 1493.2667202204752
1147, 1492.0268792158884
1161, 1482.572866834411
3436, 1475.6988245341415
157, 1473.8211380639602
99, 1473.7405862922724
1245, 1470.38077799969
3410, 1462.3340640274985
1301, 1457.270114397044
2961, 1454.186403288118
3322, 1447.5458436141055
423, 1443.0783337893324
1148, 1436.204359719038
176, 1434.4399485040387
283, 1431.3336020299791
124, 1430.2172567162486
2966, 1429.2865215393253
1203, 1429.1044600783193
3418, 1428.8128615377548
3425, 1421.980977903033
3393, 1420.0593991560788
3227, 1415.7739673422354
556, 1413.0648701951413
1193, 1411.8078379640292
1129, 1410.532515398565
163, 1398.4847557929627
2979, 1397.2286943582556
1262, 1396.6671861192003
531, 1396.3037814951088
547, 1392.4671198807584
1444, 1379.0662541666347
1096, 1372.0145007733518
1199, 1365.4524995587526
1130, 1364.9561993480659
2382, 1355.2534696905584
1113, 1354.230296239966
2985, 1354.0758740046056
3166, 1350.873097579738
582, 1347.729014126022
671, 1338.2093694021046
53, 1336.2186162913756
1974, 1335.299461681763
1263, 1332.558863646152
3198, 1330.8028754019401
2303, 1329.1513940317525
2290, 1319.8687868843629
1213, 1312.9259427527152
3441, 1311.3760404078605
520, 1307.1302354511292
1187, 1298.0148862162205
3196, 1294.307671318671
3378, 1287.262971188329
1060, 1285.6191610956453
1088, 1284.9985265024322
181, 1284.8434162485753
1149, 1279.24825891398
1209, 1278.1990701817592
3179, 1271.6512654680664
2297, 1271.4972561985915
737, 1270.8187118625624
1160, 1266.7843001335384
1188, 1259.9151170877008
1254, 1258.4908348211607
3420, 1256.0201056811684
2962, 1255.3854160066214
535, 1254.0509356766988
1450, 1247.688483293401
851, 1245.1946196171318
1865, 1243.88126751682
1260, 1243.5060181542392
1961, 1241.7472244065941
1849, 1240.5723102794582
1067, 1235.845899793812
1196, 1235.3367147600623
1218, 1230.214058728109
1239, 1227.7552013439258
3332, 1227.247927691036
820, 1218.3603671436542
197, 1217.4372006740846
169, 1212.7749082614284
2069, 1207.5929213478062
2271, 1205.4789622079138
2315, 1199.4581494099698
1035, 1197.9530671267448
171, 1194.4088050909004
1811, 1192.9832085137375
2260, 1188.5553126988434
860, 1187.8522709461677
1143, 1185.6531167804778
736, 1183.2409335216644
3419, 1183.0447370676054
2388, 1180.8812221224266
210, 1179.8956757959256
3382, 1177.5163930308092
514, 1171.1266592429333
3351, 1170.6044789996356
3139, 1170.5330862400954
1025, 1167.4893439512616
2408, 1166.8320784483005
532, 1166.7425804581162
1181, 1166.0750438683376
3339, 1165.228068192926
476, 1164.116240425726
3334, 1158.3432098622263
382, 1157.4444713413016
3061, 1156.702316216949
188, 1153.5106480423633
3405, 1151.1414642880432
279, 1149.914857864099
3333, 1148.3139464916248
1246, 1147.681883561436
1201, 1136.807681369377
131, 1134.3577986682026
1250, 1130.6040495680802
1137, 1129.062846264002
1208, 1127.683788476754
1206, 1127.405032462307
912, 1127.0868341601504
3372, 1126.957128780712
3073, 1126.340169019226
550, 1125.0717501928912
3102, 1124.759736156996
3125, 1124.3142725701825
3317, 1122.828068694982
3078, 1121.4326019038265
3072, 1120.11576610515
2065, 1118.9576254155565
1585, 1118.9037242120519
100, 1113.1688335957742
2746, 1112.6687615410297
3373, 1110.8598340033125
1132, 1109.4120849491437
1197, 1108.7181172305027
1167, 1104.4926894626542
1099, 1103.9383116624085
3366, 1101.2070470889428
1176, 1096.6133077313664
211, 1095.5929945892963
1973, 1092.6781790807588
541, 1090.4615953338543
3086, 1089.2483848398563
506, 1088.3395626517506
1241, 1088.3099648587518
2009, 1086.0241947578838
3047, 1085.5602503918897
128, 1084.8612764915958
1651, 1084.8485179023423
2277, 1079.1353400101032
1107, 1078.7222572943833
3369, 1078.3066717123302
1182, 1077.0628424049942
2754, 1075.633213701041
539, 1075.2329470297334
3331, 1071.0373321078096
3403, 1069.7109343955592
537, 1069.628242133971
368, 1068.4706372400028
3277, 1065.544815409291
426, 1062.0380604618178
3370, 1059.1171968582912
533, 1058.5120716041097
3114, 1055.2287251393825
2, 1054.2492712762764
1586, 1051.6752827287075
1173, 1050.377198165713
1438, 1050.2092346678994
1127, 1048.5229437048251
3058, 1045.1396458145732
1223, 1044.6114714006821
1089, 1043.7350138944012
2348, 1043.3626837446823
3423, 1043.2418648049893
170, 1038.9249228315348
3153, 1038.4216767695461
2982, 1037.8760092631082
3371, 1035.9911394226133
3286, 1034.0230550347987
3077, 1030.6636024852055
201, 1029.413889018483
2984, 1026.8703783950264
3341, 1026.182014741364
3118, 1021.8451995103942
549, 1020.3842505766061
3280, 1016.8062692996709
2919, 1016.5388552053423
192, 1015.641521516708
200, 1014.1579417621683
155, 1012.551632907523
557, 1012.5069970234969
3049, 1012.0922355710672
1133, 1010.4700388634227
1247, 1010.0557856763743
482, 1009.3109289383685
3367, 1007.9462468761785
3353, 1007.5684414134532
3155, 1007.2311295354883
2819, 1003.8915014738666
1170, 1002.7659504445053
2424, 1001.4804658522163
1242, 1000.3324256351158
3381, 1000.0431543077556
3191, 999.6008053148353
207, 999.4774669028849
552, 999.2877351881065
3407, 997.3408401979748
1169, 996.092067867427
1736, 992.4399354482318
3303, 992.4290586815928
1445, 992.3915024092173
1963, 991.7664640122614
3342, 991.7030653611008
2023, 991.2297332083876
2978, 990.6711205166467
2100, 990.6326458908252
174, 989.805174133893
46, 989.6508419694645
2862, 989.461578018701
2989, 987.4219936032375
1449, 987.1031665335643
430, 986.4209598645303
1168, 986.0698279714939
1115, 985.6957059346328
3399, 983.0162267997365
642, 981.2688502227147
378, 979.1031049806933
2958, 977.6906579515578
3330, 977.5020720636792
164, 977.2175029787691
3401, 976.784215042424
1229, 976.4794591784346
3335, 976.090426548073
3394, 975.6626785694167
120, 974.1902128101129
2969, 973.7531786705495
1131, 973.5711400099547
205, 969.9086155232673
1117, 969.6982224824828
2292, 965.3994416427801
1195, 963.9390866408493
3385, 962.8243774413191
227, 962.257166803207
2753, 960.1307449789603
1217, 958.7558632807823
172, 956.3063923565406
2022, 955.7862623111392
3131, 952.3727015592186
1437, 951.1091223580773
3064, 951.0201287790602
1030, 948.282805984374
3070, 946.6757505009872
1447, 946.4336875413553
123, 946.2405554504114
431, 945.9776104901892
2818, 945.3250168712433
2764, 944.5777946071232
1177, 942.873694207632
669, 942.0948850601975
2733, 939.8549760235169
2407, 939.3094992949804
1027, 937.9603892386
3340, 937.9551685552655
450, 936.2829957966699
1964, 935.9882929562847
1163, 935.4895800162352
1584, 934.6505390252327
3247, 931.7118856197375
3141, 931.5521338174524
3291, 930.0566422809596
1429, 929.8496809412808
432, 928.0358296146819
2267, 927.7257689658223
2777, 927.6003096211476
3154, 927.0259148690346
1590, 926.7171963990085
3089, 926.6645881823972
3028, 924.9379668469502
1086, 922.2922607208667
2014, 922.2055820610649
3003, 921.7833517943974
2963, 920.6972730277295
289, 920.2553500722125
1236, 918.8847071362101
3107, 918.0351775029363
2990, 917.8699890164014
1240, 917.2007663125379
2265, 916.3121028860542
1097, 915.2329674958269
2986, 915.1005969659394
3375, 912.2127205158378
383, 911.4448268204378
864, 909.3393049787825
1074, 909.0398277554361
542, 908.4946202899591
3117, 906.5136273613462
3148, 905.5817004300828
1026, 904.9283846546232
1688, 904.799521288178
1995, 904.3260802936009
3338, 901.9447946076144
3429, 901.7093516800742
487, 899.787503479285
1252, 899.6863685912634
2312, 897.5670346938967
92, 897.0611624005443
3053, 896.2552022567679
202, 896.0456027641984
2792, 896.0011329704142
2769, 894.8533954369216
3069, 894.7768701490734
3377, 894.3974839808903
3142, 893.547802354165
448, 893.5411718075246
1184, 892.8591475386319
832, 892.5589741869104
3132, 891.228644466896
536, 890.9900866984194
1583, 890.0348354723504
3115, 888.6489059615722
208, 888.1717974381214
1431, 887.2673560590327
469, 886.6700085937129
1624, 886.3442923545749
773, 885.3306370781636
3046, 884.5827755721089
3210, 884.0118103953321
37, 883.5352766956805
45, 883.2017983552716
554, 882.7375661141308
543, 881.3781992390607
264, 880.4823586531211
3158, 879.5802139086201
1194, 879.5515100084992
3205, 877.083901898848
177, 877.0227363069085
1128, 874.3353347021546
3103, 874.1515592573712
1091, 873.7579816880086
2266, 873.6128759440141
1040, 873.1495651798564
3426, 873.1494417880886
1146, 873.0363175603875
175, 872.7343436033699
1101, 872.4357504970542
3400, 871.9885110620071
1075, 871.4453303923797
152, 869.7344192172926
2059, 869.1450005788795
2028, 868.6649889372611
2053, 868.508770611525
1135, 868.2311491631308
146, 867.4419536990758
2024, 866.9364418457044
1432, 866.5178612021546
2813, 866.4041762541767
1589, 865.3413986328653
180, 864.6376959252412
1852, 864.3548629282474
3076, 863.6873642907732
1219, 863.1654895173006
2099, 862.8707119205142
125, 862.8279188094235
2347, 862.4821137211571
1136, 862.4376288863695
2268, 861.9068200559183
1230, 861.8065676187307
2968, 860.2644381762567
2752, 859.8785034343756
2791, 859.4109825471633
553, 858.8630603748579
1186, 858.7625493715171
132, 858.2241839119605
502, 856.7518371187032
2973, 856.6869957760533
296, 855.4489964652491
2071, 854.5790520022761
2783, 854.5641872842924
3167, 853.7092082029102
2304, 853.0729794126786
3397, 852.6173017085308
2309, 852.5555686406605
1257, 852.3964692375091
209, 852.1314319991903
3430, 851.981137583861
3109, 850.8338595753245
1095, 849.8152028938848
2015, 848.7396744132428
61, 848.2182765703736
914, 846.9882861119927
548, 846.9134951047248
2737, 846.421994212403
3081, 845.6655968590743
1251, 845.158566249996
3175, 845.0233104842039
3169, 844.9077592820712
1253, 844.8344285783501
2965, 844.5700998338765
1090, 844.3191852405251
3108, 842.0695095346899
1997, 840.979013312925
2110, 840.8728009570267
2075, 840.2786586784505
3074, 839.765162539231
159, 839.6651400926139
329, 839.6134042096163
414, 839.4120803547352
3181, 838.5752362330023
1994, 838.5411844446614
2302, 837.6641519929472
1138, 836.5946487951153
2103, 836.5442637844927
3203, 836.4854394837786
545, 836.3732711269705
1063, 835.9172136542104
2252, 835.201822747479
3048, 834.9266005676845
530, 834.3047884779168
1215, 834.2785841613862
3202, 834.0970130908069
3106, 833.634381472729
462, 833.6073336395286
1998, 832.2163946780303
481, 831.5070613044205
1155, 831.2685838824201
1094, 830.9565530830606
1228, 830.9277886696544
1072, 830.1727709697468
1261, 829.8831396612068
1078, 829.6732830254488
2975, 829.1283077848855
2974, 829.1283077848855
2381, 828.7853848328539
1198, 827.5730122124452
3135, 827.1808527387533
3124, 826.2009988130842
2295, 826.1171811401392
463, 825.0620108850724
3389, 823.5780355185805
1298, 823.3501012393846
410, 822.5286703177372
429, 821.5548486609247
2825, 821.4725944047584
380, 821.3740260341677
2016, 820.8640130610322
505, 820.6298614970261
2070, 820.452783323857
3379, 819.7889762040489
1533, 818.8603660093262
1227, 818.6705777879957
677, 817.4113535504421
499, 815.7772351694628
3416, 815.2156168195269
1234, 814.6875851905492
334, 813.8806103444979
1851, 813.2501971891714
2386, 813.1810404832916
1773, 813.1120993569185
1678, 813.0181298596334
504, 812.9158273123926
1761, 812.7255375523796
3054, 812.5233780467912
3172, 812.2141925940899
1911, 811.8919897097796
3067, 811.6712686764836
3390, 811.5853628754818
1125, 810.7368089214852
105, 810.3892122253516
1448, 810.1376961958762
3445, 809.6572114042842
1436, 809.6165333650006
3189, 808.8324068961024
3214, 808.3476881791179
2056, 808.2093234442252
262, 808.1936069555127
3427, 807.0481437416832
1142, 805.7606835641765
546, 805.0445909513817
2807, 804.0682148770998
3174, 803.9904090565004
437, 803.6599307846774
1446, 802.8223958012894
443, 802.6492547718561
41, 801.2081412457976
1855, 801.1751044610805
2762, 801.1004606810341
3275, 801.0966961559144
221, 800.8007299644186
446, 800.6188517427863
2421, 799.9005111566062
2007, 799.4099956171548
106, 799.3969723930924
458, 798.9592675139047
204, 798.8290329277436
1531, 797.7144365146979
3087, 797.3265138138493
440, 796.9772350841405
161, 796.5381323627632
220, 796.1166348051571
153, 795.9145894650258
583, 795.8846666825613
1299, 795.8250053002822
483, 795.6973142216269
336, 795.3651345306647
2352, 794.4500907349335
2987, 793.8847646936784
1059, 793.8056001468299
1603, 793.540976499726
91, 793.2369035565965
3096, 792.8095876372972
3398, 791.2508574916251
154, 790.583326781297
3285, 790.1973363189177
303, 790.1812729481749
213, 789.4931493088674
2387, 788.5184323987366
2964, 788.4385846985804
2976, 787.7564913779283
456, 787.3657846118208
3127, 787.0533495610832
2392, 786.1552271970513
2396, 785.8097763010616
1711, 784.4254792313978
373, 783.7796602154092
2960, 782.572950591145
1991, 782.4638586572955
2269, 781.9721179491552
1111, 781.7131780050374
1119, 781.4361972840777
3404, 780.8271202042561
3226, 780.0667669581534
3152, 779.3205910648057
501, 779.0722356672687
3355, 778.7415619860652
2730, 778.7242497404501
534, 778.4623341919303
3408, 777.6233802797515
3424, 777.0142313668288
3302, 776.6567352107261
1058, 775.5648003876805
2019, 775.5061829604407
3281, 775.4915887371094
2735, 775.0831724895357
3414, 775.0113276241259
2913, 774.8056047677666
40, 773.5261187525971
162, 772.0270085317992
2306, 771.7102359364352
3434, 771.6240698381279
3052, 771.5881523612278
2394, 770.3217145156424
2310, 770.0798873047144
2398, 769.467073610012
1123, 769.3718292713613
2765, 768.7705638823381
1070, 768.6172149835189
3298, 768.2672164098898
2757, 767.2235973695214
3119, 765.6032714452411
3447, 764.8933872491392
2776, 764.6039291900145
503, 764.4965011264743
1857, 764.0948271810975
1256, 763.883031428677
2967, 763.7640763205667
2263, 762.7100166925089
1876, 761.9200378236195
1032, 761.8111029914198
1676, 761.1371387433788
3337, 760.9072506229659
1856, 760.1076021506311
2790, 760.0480204153447
2273, 759.7434786070438
71, 759.2721836986432
135, 758.9489969691898
1126, 758.8872170335177
454, 758.8703421739336
3004, 758.8115745547708
3060, 758.5569379055543
3065, 757.3868666471475
2719, 757.3688126540728
3110, 756.2416385447767
133, 756.2397666426051
2033, 755.4817194812856
3422, 755.1375136456385
151, 755.0807810982066
2786, 754.8899799842252
392, 754.7722349207967
3212, 754.7615084788949
119, 754.6784943905417
1172, 753.9316505225958
193, 753.9256317620884
1435, 753.9045063290021
2761, 753.8789875428618
1881, 753.714770816633
3116, 753.1236935408167
1607, 752.757676469639
1760, 752.2157062710852
492, 752.1746886791816
295, 752.1294834265989
1140, 752.0788260455294
2029, 750.999213164069
1662, 750.6088077912125
160, 750.1929324258441
1233, 749.6981625102761
142, 749.543426984369
1848, 748.6380806081548
2918, 748.3372235332823
1587, 747.2353699378347
2301, 746.6765291202686
3157, 746.1393121107108
1597, 745.1119726262782
51, 744.8821981149434
1120, 744.6392243454328
434, 744.522683544318
3182, 743.1304361896401
1872, 742.0435756202047
1975, 742.0354259645519
2300, 741.9702693770694
1068, 741.7243952659252
3088, 741.6504916006114
3104, 741.5673285048388
2337, 741.3753692244549
263, 741.3231106579746
1259, 740.3143794111168
3368, 739.9215233077593
1912, 739.3360648165386
2224, 738.595029626696
464, 738.2009899718773
428, 738.0435344260898
2798, 737.2878546284169
2276, 736.4003611187345
906, 736.1771186594073
2977, 735.2771133236041
2820, 734.1640721057599
3388, 733.3761768427145
731, 733.233124350693
1134, 732.8421978324461
3055, 732.7111992693959
3244, 732.6455834881505
130, 732.3712931343405
494, 731.6560758684694
852, 731.254660363512
3437, 730.3299878910852
3128, 729.5451199272711
284, 729.5291945734051
1690, 728.8514499162095
2817, 728.322857969241
3185, 727.2292686920462
3138, 726.9926647251864
2105, 726.7723901533884
3032, 724.6573709359711
103, 723.8290851444914
540, 723.3145809365413
3075, 721.4164341126059
2068, 720.6866539967598
3374, 720.1139932424514
3406, 719.9628394093916
3440, 719.741191533101
261, 718.6763093449358
2298, 718.2903525188307
2740, 717.8863201193112
3156, 717.7396570850972
2278, 717.648032400206
2771, 717.6289909073233
1150, 717.5358198673263
2763, 717.1631245173041
158, 717.0600895756806
1029, 715.6782063057641
415, 715.5416022742918
738, 715.4671944461005
3056, 715.15245040665
457, 714.8584867803654
2109, 714.5919624524952
3208, 714.1742263017301
166, 714.1221112126138
2018, 713.9786249012737
521, 713.7058691072411
425, 712.3268442323127
39, 712.254593767593
2815, 711.5833797061568
1859, 710.9136944142299
3328, 710.8987611352441
1076, 710.2960020000432
2026, 709.8979436411412
2920, 709.752253200024
650, 709.3748669541651
1207, 709.1233930613142
1225, 709.0896998899566
862, 708.8959974300952
2766, 708.1570289210755
401, 707.4331513350626
588, 707.1960765093612
2350, 706.836794583218
467, 706.505594460396
861, 705.4848191410143
1667, 705.4628415150507
1061, 704.4791819877944
136, 704.2893558540113
2011, 704.1392460350503
3173, 702.8084640051084
333, 702.691521882406
75, 702.1015156205914
126, 702.0749645051109
2548, 701.0811729384259
1110, 701.0105661376039
2080, 700.1824510584709
3300, 699.7270957474703
1116, 699.2262801434416
338, 699.0750739032142
1514, 698.8276424225305
2274, 698.7727090854776
190, 697.7132849425208
3093, 697.4683344232079
2988, 697.2849958769899
2380, 697.0277879667176
2507, 696.6968786737345
1077, 696.2207547839364
2773, 695.4003273903056
2050, 694.9744941093952
498, 693.5212067045795
331, 693.2564438292695
2013, 692.964038169504
451, 692.8999217197286
1443, 692.8393603854677
1222, 692.6213751652601
369, 691.8284737227552
2417, 691.3994545785096
2796, 691.019474935805
2311, 689.9268136711975
293, 689.5204813589934
1442, 689.1883543641293
2285, 689.1229847433333
1204, 688.9664037699803
3190, 687.4318432046255
478, 687.1138168448488
2088, 687.0042416656328
676, 686.1892044109611
1108, 685.9883810231016
522, 685.3973815419421
173, 685.0621618834235
3356, 684.9619331463653
471, 683.6577764241097
3140, 683.6113708283216
121, 683.4306175455804
2272, 683.3479358122883
2413, 681.9236538235739
1770, 681.7366320446098
113, 679.7924392242787
89, 679.3022205416042
608, 679.2548506975132
1221, 679.1617850958197
3245, 678.3660318203764
1071, 677.6238586077184
3098, 676.8249259530043
453, 676.4862361525733
1980, 675.6660411407676
304, 674.4883317074906
168, 674.4845991475079
288, 674.3276659924068
3010, 674.018266179204
3042, 673.9805467656519
1159, 673.2755079004069
2291, 672.7982442228426
3137, 672.1887440068754
147, 672.0144882936777
1753, 670.2919935581241
2006, 670.003067873425
441, 669.9896433377997
3149, 669.0952908569327
2770, 668.948716864007
2076, 668.7329063334249
1224, 668.1507127027063
297, 667.9198549078736
444, 667.6868373833672
407, 667.1144815037057
3122, 665.9336895924343
2279, 664.6974501512498
3126, 662.8432076802544
2772, 662.4081630631306
1065, 661.3442119763793
1870, 659.8337559304267
332, 659.2226903404182
2775, 658.4478537570681
79, 656.5430930213224
607, 656.3397119004447
2915, 653.9715302756506
167, 653.8400909485373
1593, 653.5822549845992
1098, 652.7160186425172
1434, 651.887577152999
1433, 651.887577152999
144, 651.4028319040862
335, 650.4667689594017
2296, 650.3090905561621
110, 649.9154802508303
1102, 647.843774389214
2715, 647.8021668742153
2399, 647.5713275088209
3348, 647.4288091278918
1243, 646.4331455705849
1880, 645.2693239104476
1441, 645.2546298954319
1656, 644.9494057207603
3386, 644.5740352867476
3409, 644.1076951219102
3292, 643.8384142021021
217, 643.6152861642717
206, 643.3767737591409
2027, 642.1276627594116
1854, 641.5415208462007
2308, 640.4225100029485
3159, 640.3198167247467
2086, 640.1860469275451
2400, 640.1093569263485
1100, 640.0994699735616
1105, 639.9112608508121
3057, 639.5820849047977
1689, 639.3310909820954
179, 638.9541742881465
511, 638.9284982931786
2774, 638.2147667678362
2045, 638.0289249875648
2223, 637.9770469804577
3376, 637.7439812109756
1180, 637.2355000481015
1893, 637.0171722276855
480, 635.1498712421908
2025, 634.4716965340616
1914, 633.4767013973317
466, 633.3549101183131
1732, 632.5999435021527
2412, 632.4377315087019
2751, 631.9972706499293
449, 631.9048663110558
2717, 631.1236431311122
1381, 630.6530387659727
3259, 630.5013212424424
3213, 630.2889126504081
496, 630.2349537239442
2972, 628.8976712983532
1600, 628.72551872659
3297, 628.6482319829623
2550, 628.3861135588637
1596, 628.3786889773339
1686, 628.2048822133656
1610, 628.0935413849522
2863, 628.0475228424209
435, 627.6936794645712
2389, 627.5969292901528
330, 626.6631798940149
1237, 626.5189573295893
402, 626.0895571075697
328, 626.0883476377478
3287, 624.8061847788227
143, 624.3170342008693
1996, 624.2169817455928
129, 624.0486038525187
1082, 623.3951718435331
3349, 623.2640710889664
2294, 623.2182016636233
1517, 623.1282191073213
2797, 623.0129905246185
2384, 622.4567789880276
816, 621.7628524206609
203, 621.722973901707
365, 621.5355093283052
3176, 621.3530803295587
2787, 621.3230764823414
2032, 619.1274383555921
2722, 617.9638509769335
3293, 617.8752241545614
3283, 617.7736564586436
1680, 617.62600535238
2419, 617.08056494264
1850, 616.7114339618144
2767, 616.5068675967412
1220, 616.399345759974
272, 616.1741528448275
108, 615.6988685891798
74, 615.6151235360228
2759, 615.5403696579177
82, 614.9673067781097
3083, 614.4212677916124
488, 614.4180081229649
189, 613.9815291601635
424, 613.3093067052979
510, 612.8429689427284
2261, 612.736706656764
2716, 612.5215739905732
2083, 612.5023571569105
3428, 611.9814922564092
881, 611.7482227720101
3151, 611.7418134619162
52, 611.4671945481548
475, 611.0568080405725
47, 610.7536443491731
913, 610.5947786382891
2734, 609.2194841020718
1465, 608.7977489192056
34, 608.6277983192714
2055, 607.4246158972376
1087, 607.2670458813544
2723, 607.0445648097037
1466, 606.2967248504535
1771, 606.2430400282124
3315, 605.6940115284318
3276, 605.6266313072703
2744, 605.1633911855174
3006, 604.492154738979
2238, 604.1940725036663
3079, 603.7583327627239
485, 603.4659292439727
1428, 602.9951037539813
1707, 602.2282978146881
1152, 601.4654026695473
1611, 600.3385433625523
2078, 600.0773538885446
1604, 600.0033931996301
1456, 599.2872116276673
670, 599.0606150913942
3417, 598.8192621515805
433, 598.5790319805673
1993, 597.4143556123846
3051, 596.6253100552628
2020, 596.0670294105275
98, 595.2933882509234
101, 594.3535246679816
479, 594.1152230607706
376, 594.0473486016741
372, 593.4541524083662
3435, 593.0140446214797
1581, 592.9842798978707
267, 592.3234349163974
1666, 592.189387774655
299, 591.6630258708755
1608, 591.3881143253856
194, 590.55149291125
447, 590.424419458361
1235, 589.9856103836651
1675, 589.9308055713423
562, 589.8645839735517
56, 589.8387125424576
1178, 588.6853486408341
12, 588.3162736668406
3209, 587.3411688278673
1249, 587.2180617452362
77, 587.175586241671
222, 586.643123065698
1205, 585.5688582163442
3071, 583.9117612577409
3387, 583.771565116093
1853, 583.7224960872576
885, 582.731532017808
1683, 582.7289186874389
191, 582.3845397302421
2344, 582.1581911606575
611, 580.6434398654252
1713, 580.5380785126052
685, 580.3524738982765
3084, 577.5374015246337
1084, 577.3189790162025
1720, 577.1330127405428
2286, 577.0261268420741
495, 575.9053552501758
2343, 575.6235630343186
2748, 575.6033862589443
1962, 575.2257717887697
148, 574.893340896295
1162, 574.7550524657025
544, 574.2043439754633
1910, 573.5353374717167
1156, 573.1183943502166
1913, 572.9965584808887
2414, 572.2857364224441
1151, 572.1269186511354
95, 571.5403267158483
470, 569.652715141491
515, 568.991103351053
1081, 568.0648065533828
406, 567.9378258997484
1451, 567.0970851944758
3274, 566.4099179457589
680, 566.2296886458512
3199, 564.9324099203002
2307, 564.1092200103881
468, 563.9509878003038
1024, 563.6850570200013
1521, 563.2001761856927
2741, 563.1831192777659
2091, 562.7549218824821
3439, 562.1831128392781
2411, 560.5570909619506
2630, 560.2672198237282
1002, 559.3098969631417
48, 558.9902707692863
1034, 558.541785526964
3246, 557.1378594811697
2799, 556.3615516787934
651, 554.9962751570865
3171, 554.8698630215716
1738, 554.609271475481
895, 554.5345656088275
1660, 554.4146268501917
3336, 554.1690374842623
1742, 553.0239529549541
62, 552.5659649564386
115, 552.1657840489061
3178, 551.8069894268883
3278, 551.6628554444857
358, 551.0680581163662
956, 550.4858078983204
300, 549.6567666403377
1687, 549.3169016871874
678, 548.6369581788274
326, 548.1864804000319
1864, 547.7376898136815
85, 547.7352826026226
198, 547.3023414817435
1459, 546.9796750932546
555, 546.9350174107992
2097, 546.5724139446618
3350, 546.552093582625
1970, 546.300304582748
1440, 546.2993551175522
90, 545.3069284302178
122, 545.0637900355346
65, 544.8076006157809
1669, 544.5382847848714
3050, 544.5210908968489
3194, 544.4531679415559
44, 544.3136177310007
1663, 544.2341091011723
2395, 543.9865470147901
1813, 543.0805801404337
1121, 542.7731939317072
2314, 542.2728340932837
3040, 541.805514374143
2259, 541.2997659818866
1244, 540.2396783502767
2800, 539.9589343513916
268, 539.7141357534939
3433, 539.2813428361198
2749, 538.817615797296
580, 538.4099521212364
1033, 538.2338858079311
2981, 536.7238252650387
3241, 536.60811200227
3432, 536.5646329013928
1677, 536.5504504239487
654, 536.4756055955398
274, 536.3832176518903
2005, 536.159043124799
66, 535.9997937632932
2795, 534.3184824716587
3305, 534.2284845130532
1073, 534.0246168796348
452, 533.7727600908128
2257, 533.6846635442351
3211, 533.5359702869957
2483, 533.2670829371921
2768, 533.227386001787
1588, 533.1637564808683
165, 532.4916804603126
1746, 531.8449960919698
1958, 531.8344129400459
67, 531.3020096279496
2454, 531.1372522942299
3039, 530.0216332107259
260, 529.1978552629246
1718, 528.8526781840804
2951, 528.718525081656
2385, 528.5839419370911
2034, 528.4786786318828
2622, 528.462210685347
93, 528.0140276576673
294, 527.9195930085775
2003, 527.1095608950659
2391, 526.3744827544939
1685, 526.3536202716895
13, 525.8526267621195
509, 525.5826194177249
1238, 525.3047380913827
563, 525.2459137163189
2288, 525.1966554584583
3204, 525.0885851397236
1725, 524.9610928913434
104, 524.267050764202
613, 524.0222059058214
2810, 523.2793271127325
1722, 522.7054247970245
282, 522.6586310480362
2549, 522.3386491879737
3092, 522.0089925738957
3192, 521.9807937775473
3133, 521.9524203518217
2513, 521.6549247649556
3304, 521.6361619337298
381, 521.421938417049
379, 521.1117952170906
3243, 520.8143392573609
134, 520.5884472929633
3197, 520.4208283132715
64, 519.8113430393299
3392, 519.4147682855322
2808, 519.3977433954287
2736, 518.9269322308909
389, 518.716198429973
1462, 518.6436350983632
97, 518.4506404216316
2106, 518.4390752823654
1216, 517.1507713189396
1464, 517.133858271756
3380, 517.0949978600446
72, 516.4660021628669
1646, 516.332297152336
2811, 514.0560812168673
140, 513.6083626328436
2793, 513.6067222352876
655, 513.4211237754702
3170, 513.3199202322656
35, 511.677065806813
1658, 511.63465862142135
1460, 511.29638251707144
102, 511.10987196626735
2104, 511.0208899195503
2971, 510.7749080092338
2108, 510.18518302493175
114, 510.0290363320142
2378, 509.59531023372796
1879, 509.57555756654887
3206, 508.4524441310846
2651, 508.024077811124
3312, 507.75753930344234
3095, 507.39003261331465
2666, 507.2983958530699
1627, 507.0213370578597
679, 506.204900334221
3200, 506.1803755940418
2280, 505.3663722057743
1302, 505.28389268915754
2404, 504.9285063143603
3059, 504.3011449774472
1439, 503.98309224926874
2218, 503.8756992209374
1467, 503.44032438355634
3144, 503.3471632749655
2491, 502.98423927768886
1625, 502.211454161573
3062, 501.58845489794174
1877, 501.2802697892553
1258, 501.0608858173864
2354, 500.9919565720917
3384, 500.0953985046398
3186, 499.89760685019456
3289, 499.0560054286085
228, 498.9347946635892
70, 498.77149470069673
69, 498.77149470069673
3413, 498.76935951591463
649, 498.73348104034676
2351, 498.0881824389677
663, 497.906159340662
2048, 497.5788699363368
275, 497.3713279672082
1452, 497.1238442697445
408, 496.9860141986622
1153, 496.9310912557386
57, 496.8198401682719
3164, 495.7790952845519
109, 495.32540888826213
3284, 494.3173561207546
1708, 493.8984139901786
3101, 493.7484594249728
298, 492.617924331398
748, 492.5958263630941
2721, 491.9079206098221
1729, 491.45179190274644
2203, 491.38200343573703
2551, 490.7879282885226
2789, 490.42080488885074
1695, 488.6018978551098
3294, 487.6170074113284
838, 487.4318303696796
2508, 487.24663376542907
1874, 486.92540304688157
1513, 485.15972015005514
1756, 484.28035932192677
2505, 484.26891331763306
859, 483.51043801747073
1122, 482.8805387951187
2823, 482.64348252877403
3143, 482.26903693512105
280, 482.233142291225
3163, 482.2192347451457
3443, 480.80888357300836
266, 480.6619148342976
473, 480.64587260165314
2864, 479.0896397616606
445, 478.98810716718276
2948, 478.53943536804513
2566, 478.1075218247066
2338, 478.0712121197522
2802, 478.0680051930707
2010, 477.4467944854309
2742, 476.8113118061598
1232, 476.0823817857418
237, 475.2656986889809
219, 475.224462257527
643, 475.1319611127355
3147, 475.1095932628507
733, 474.63438713977934
141, 474.5747716787012
1106, 473.9217499536347
3188, 473.41376129576884
2442, 473.0792133893563
2041, 472.99136809407713
427, 472.11683254340085
2917, 471.91356845147226
2356, 470.2741564763407
3134, 470.0761929310102
916, 469.78033983835
3354, 469.5345213402184
1971, 468.89351205781423
2021, 468.82647254294625
1477, 468.4878539500811
1171, 468.3273350843959
1231, 468.1931203431385
96, 467.77227965913966
2039, 467.3646174132969
1838, 467.205130794805
2240, 466.9402630406624
3314, 466.1018807168368
1758, 465.48714583334197
512, 464.9570354784167
32, 464.84607179675396
1698, 464.6606623472881
637, 464.6461006212043
2900, 464.45260428577717
2645, 464.130084684828
966, 464.0350690146365
439, 463.4352443625008
1740, 463.1153578388807
2433, 463.0388506491195
2258, 462.84199038457916
1461, 462.7730098526195
2287, 462.5026245680419
2002, 462.46273192684686
3184, 462.4319267800956
2275, 461.4105663777625
1717, 460.91546722475255
2784, 460.79153974376817
302, 460.6663107336164
1647, 460.28842532328986
732, 460.1295435714468
551, 458.6310964635614
1502, 458.40901786579695
2801, 458.39109895230314
3120, 458.07671201728164
1185, 457.82971864120805
1, 457.81477776225597
2546, 457.54168717619086
2688, 457.160486854569
2409, 456.681992723146
87, 455.7767790327812
2788, 455.5033849977349
699, 454.8560921288964
1515, 454.8132543297963
84, 454.75748259709803
281, 454.6394541388596
1189, 453.8814384458553
265, 452.73179901126355
757, 452.1596043153878
1642, 451.8580256629507
1457, 451.6814261930656
2610, 451.4162079741972
1968, 451.29971370686536
1858, 450.83367568800514
68, 450.82617815987385
3352, 450.80993954541987
1682, 450.3543682935143
2524, 450.3111622760939
734, 450.28902087005986
2755, 450.1541978156374
634, 449.7389919721333
42, 449.602728834633
1875, 447.1751979765248
1894, 446.991476622472
2093, 446.7607781869581
1714, 446.5562555697147
3162, 446.4773681776047
2671, 446.2345607173363
1406, 446.0264338513655
1726, 445.8101795627785
2406, 445.4356255389114
3327, 445.1434422499536
3431, 444.4075411701426
863, 443.8850113591587
2705, 443.6895855529783
2559, 442.14402016442426
1079, 441.72402065777067
2758, 441.53591045404926
2861, 440.7503199159469
455, 440.5128681978131
150, 440.04129863249204
2244, 439.5097808865203
513, 439.17904591627354
3082, 438.7141334098472
3168, 437.36435979695835
2353, 437.0647169720977
3239, 436.79721328065057
2217, 436.7807834830318
2696, 436.64003248909313
58, 436.63521484406994
1057, 436.42575811932323
1719, 436.30521027306446
3041, 436.007922853047
518, 435.96354757066996
2152, 435.8701885425933
2816, 435.60835219805824
2008, 435.20409462328854
1705, 434.9453839908173
2030, 434.9057726215761
2607, 434.71022233120465
1644, 434.0293577746449
3264, 433.7435857222029
214, 433.4109300022505
1715, 432.7048152246926
2004, 432.59990011835987
2587, 432.2676043410992
88, 432.13256236636886
1641, 431.80088156044235
2553, 431.7997896919384
1739, 431.768211883942
2562, 431.3838568272888
3187, 431.27559633144
3150, 430.5952485274648
2305, 430.3320669960044
2824, 430.17313295416324
460, 429.642267488338
1630, 429.3787427486293
1755, 429.1268146340776
2558, 428.8718524503267
491, 428.83442793999654
1516, 428.6906741946071
398, 427.6645214941047
1632, 426.9045885018264
1731, 426.8499393074259
409, 426.50474807223117
2393, 425.9931898597593
3324, 425.7725027062361
1693, 425.39627759114495
3290, 424.6894537235859
965, 424.6693566545689
2780, 423.9692746315678
1752, 423.96889474925507
2379, 423.95890790256203
145, 423.94075240712306
3146, 423.93197202401853
4, 423.75960062182315
2782, 423.5148615510162
1634, 423.2208939417879
2583, 423.1695486712247
1104, 422.94941962484944
2355, 422.91795805083495
1871, 422.6128228832139
1868, 422.5713951740628
73, 422.1446122928893
1626, 421.84459742743024
2473, 421.83730080455524
3444, 421.67732323494585
1703, 421.640380352994
2098, 421.39623189021864
404, 421.29483864538656
1397, 420.8619598440471
412, 420.7357145034268
1747, 419.6303616373527
768, 418.89822516424186
561, 417.5664474521313
3248, 417.02355009503276
2690, 416.45140851119567
2781, 416.30223041274826
1966, 416.1824285520743
3123, 416.05789357595347
626, 415.8811560432405
957, 415.750729693773
216, 415.03457012854165
399, 414.53268232220535
3063, 414.3279361207334
291, 414.1245928885588
2653, 413.60008703092075
2017, 413.0067787585826
2779, 412.5313787035476
2101, 412.0067259351473
3090, 411.1822193701045
2710, 411.1538784616701
2514, 411.1139721773559
1721, 410.80367582028924
1692, 410.7859132259694
3279, 410.7421963579303
3105, 410.6824330472566
2694, 410.0928309368742
3183, 409.9992995158691
2812, 409.91040566502306
3129, 409.8198206275558
1191, 409.7581220603031
2624, 409.40067319731946
3066, 409.06332143172835
1605, 408.7782126424746
1709, 408.07888011532066
2102, 407.94668258310065
385, 407.76541888729685
199, 407.3649268724683
2860, 407.31832803211864
1710, 406.9831000186419
10, 406.4912286556358
3225, 406.3936703497809
2497, 406.14616983891347
3255, 405.85597667285043
2650, 405.7709357008714
250, 405.41307203205986
2571, 405.03234739279003
182, 403.3848528113301
681, 403.37738199263936
2210, 403.20844136653363
1744, 402.92652208590584
2720, 402.8893706394576
2745, 402.1142908743894
156, 402.08119680889894
3306, 401.6567875230808
254, 401.2252056855145
1643, 400.1245396532049
1712, 400.10487704751984
232, 399.9900559408664
2785, 399.78995985096583
2270, 399.1089330805756
2652, 398.8324190994234
1800, 398.6459627115201
1892, 398.2621735390928
3080, 398.12671902458663
2536, 397.94522195675444
7, 396.95188244662376
1694, 396.8838318834221
3207, 396.81791531915803
3234, 396.72116808403086
3130, 396.5241805379164
1631, 396.41767299923305
1748, 395.6019766333519
2756, 395.4117449705514
400, 393.4962083314828
2853, 392.8239476117034
3415, 392.80814909375994
2641, 392.7275416438461
3347, 392.62531102845094
1028, 392.319905658709
1735, 392.1540364390426
1255, 391.9132826906849
1716, 391.74886330140095
3111, 391.7078678905817
1661, 391.5382749387558
2657, 391.5108562445633
21, 391.4223277311787
1733, 391.25639558256756
3299, 391.0306442847334
1672, 390.88198116597727
1659, 390.69059579251547
2525, 390.27508654741484
1062, 389.4297167104572
3383, 389.3493973622284
3318, 388.9320861755106
2289, 388.7981978453952
2574, 387.93419366951275
2640, 387.926904595701
2192, 387.8951272534553
117, 387.5618180567161
2561, 387.554715483865
395, 386.38461714431656
647, 386.33848947435354
2731, 385.9331247840966
1785, 385.907884179191
2293, 385.8862541444593
1869, 385.6994677330446
2649, 385.5671113780081
276, 385.3706001180592
50, 384.71456920030556
2340, 384.08495917977115
3099, 383.424134543845
1701, 383.3451402790996
1316, 383.1452367233363
127, 383.12820376848896
2656, 383.1207342799099
2390, 383.01676811293686
2686, 382.89106105753024
2712, 382.4967113542698
1463, 382.1269591191899
1684, 382.11602217261907
2814, 381.858464720085
1670, 381.795525503889
36, 381.75949645997645
6, 381.55652653629943
1743, 381.50574514485817
2646, 381.0960204815563
375, 380.9814829307677
386, 380.8083734972802
1730, 380.34748755524487
2620, 380.1508116265812
54, 379.9594923643071
278, 379.68696775410825
1788, 379.6272081050891
3316, 379.2127221145105
826, 378.54723465786464
2572, 378.3171884669936
1700, 378.20423057118273
2677, 376.7161836217175
1665, 376.5500361357552
1699, 375.79697618172895
19, 375.6538335825308
2415, 375.4810236080414
1741, 375.2688021023866
3310, 375.1690119377444
2520, 373.929170190877
1633, 373.7642842659373
2111, 373.49821705196155
2096, 373.49821705196155
1668, 373.4225692659918
225, 373.35595440081846
2383, 373.2760852123832
2608, 373.15877723985983
2527, 372.9837326744036
3323, 372.629832367515
3362, 371.9425134617728
3097, 371.5430244705206
2738, 371.5073354250934
2601, 371.1612817072667
255, 370.9365682372488
1891, 370.93419635412386
1754, 370.7049039518421
1671, 370.47388940901885
2668, 370.42376450981106
2212, 370.3815765580795
3020, 369.5868958605646
1814, 368.88212630764536
3201, 368.7109888492321
1724, 368.62901421902217
1873, 367.9363635027541
411, 367.79347027870574
0, 367.47984190770035
2283, 366.96546702370415
3265, 366.7700820122315
2683, 366.59743028313625
3, 366.4195735726406
1629, 366.3058094580724
1454, 366.2098319336603
1645, 366.1291092025534
20, 365.540770785828
3442, 365.18102776407414
137, 365.0709553886819
1745, 364.75972900769926
1628, 364.35587719138675
3136, 364.11461740913114
2179, 364.0923043635579
1706, 364.00690305547454
287, 363.1231653193857
2568, 362.98849481516913
43, 362.83694416051793
2416, 362.6501723585282
2658, 362.6076136522754
1650, 362.1466784285209
3112, 361.8802970290636
2451, 361.8784647404134
28, 361.078723550805
9, 361.03725105235196
2592, 360.0205217966693
107, 359.962598033636
1657, 359.7130889757937
2959, 359.7020131453888
1518, 359.50385488570276
2580, 359.3308853735404
2703, 358.96106608195726
1941, 358.6204217421822
3288, 358.4902067993414
1637, 358.4721084610855
1967, 358.4718765617868
1734, 358.40615712491103
218, 357.7227334961005
1728, 357.64707729478795
1047, 357.490981831483
1794, 357.2847496278219
3232, 357.1478217420722
3295, 357.1291637305091
1681, 357.0297289174992
2533, 356.83231482933866
2635, 356.51240442433283
1679, 355.3467021221034
2805, 355.09705283221047
2832, 354.60461122440785
396, 354.234048618341
1638, 354.126880227315
2466, 353.73604626004806
2621, 353.6552444947628
2726, 353.42032380189187
3311, 353.2693202208268
2485, 353.0704550113401
1639, 353.060263525963
1704, 352.3276690850738
2857, 352.1637601544849
1727, 351.5802720303131
2697, 351.31448401680757
1114, 351.0690363018009
953, 350.8765713118826
2563, 350.62218289499765
1691, 349.89979712256536
1697, 349.70298680253177
1649, 349.5988768453897
2339, 349.1299827257095
2575, 348.42427701949384
2239, 347.79270867462674
2486, 347.21453004396426
112, 347.0566707907561
212, 345.7723433953591
2597, 345.722469187037
11, 345.6090212361546
3215, 345.5395975218007
1324, 345.4455365669423
2604, 345.3919655440777
2493, 344.8643879379958
3005, 344.84136048783694
2397, 344.8141018216431
2204, 344.7695617084912
1648, 344.13805711595734
3254, 344.13702647602145
508, 343.80518063951655
2999, 343.7878501202103
3231, 343.7405691401264
2681, 343.6462610136319
30, 343.38286927968954
2456, 343.14283475629463
2449, 342.6104434516701
1749, 342.43837911898197
2589, 341.8243185346496
195, 341.7679402626826
524, 341.6302778205096
3236, 341.56878162202963
641, 340.8095286936477
2235, 340.37864337667213
814, 340.19112689200745
823, 339.71027709968166
80, 339.32341080589333
388, 339.2638078469453
2191, 339.0639506583359
2167, 338.7501349008213
2461, 338.11465767638776
116, 337.3617368576232
2185, 337.1225543337463
252, 336.70688878746796
2087, 336.47639561152005
1818, 336.4514028635411
3017, 335.6371023607985
3094, 335.54588441901655
735, 335.44925113128323
1674, 335.3308646541108
2528, 335.24631845024885
497, 334.72421516829706
2282, 333.8055854059336
2778, 333.5660168483162
2475, 333.4168930686371
1702, 332.7365669910268
2453, 332.37361155666264
2139, 331.9854214822842
474, 331.7476164340826
2184, 331.49434200204456
1636, 331.29323163965626
2655, 331.20629324224024
1751, 331.16771681342414
1696, 330.4625581578589
2226, 330.3470372264424
1723, 330.2777044813276
2889, 330.06279270563317
2648, 329.99789228146494
149, 329.67453774437234
259, 329.66938219770714
2611, 329.14291520911365
2612, 328.08878357527703
2616, 327.36785614294456
138, 327.24711474146704
8, 327.08636542175776
2177, 326.2735169411888
2249, 325.98793365275117
3195, 325.97593605315836
1635, 325.72450532530723
2299, 325.12247346186336
3235, 324.3264837365206
1939, 323.93508467054505
1940, 323.9209783741396
2564, 323.86171205772877
1309, 323.3176537317745
118, 323.2283931187144
1750, 323.1878340826654
5, 322.67359180959204
2208, 322.3634020247215
2320, 322.16093153420195
3009, 321.77243256397907
3258, 321.37923714999573
2264, 321.2897916012834
2484, 321.1247830032748
3007, 320.59932644669493
1824, 320.4893808239742
1004, 320.19459655013026
848, 319.4745270450295
2543, 319.17116155786
2623, 319.1316401588501
337, 318.9807561243357
2345, 318.77793309228747
1737, 318.6116623862129
2346, 318.36945602728144
745, 317.5759525511685
405, 317.17794502103857
196, 316.97303245871626
2429, 316.0821417616063
788, 315.9046840187872
2809, 315.3648262035036
2211, 315.197599560945
2603, 315.12370409321505
2673, 315.0538383647759
3313, 314.9709679185852
2605, 314.8909761267206
1806, 314.86445591683594
2342, 314.7904872899059
2531, 314.11514639167706
2341, 313.7590456941774
2094, 313.74486862739093
2349, 313.68675051353233
2821, 313.2818275645827
2492, 313.14784186632636
38, 312.9803438922782
2586, 312.3866126579757
1574, 312.3341940137656
2980, 312.15435098106167
3021, 312.0555653653506
2626, 311.92248118506774
2878, 311.54571201523936
2695, 311.38671321400597
1509, 310.91316045745367
1410, 310.7874221241039
2570, 310.52488265513034
3160, 309.99464277011833
3296, 309.9050116827359
2654, 309.7756887884389
472, 309.4903357474584
55, 309.3294984031671
2498, 309.32619899962395
3000, 308.7851571240473
1484, 308.320346850427
2462, 308.21070636062956
2134, 307.69050830290917
1759, 307.41146303821665
2692, 307.3894285844309
2606, 307.3062904024507
2534, 307.2203142664198
2153, 307.04014698888045
2313, 306.7350754378951
2679, 306.6041673166548
2496, 306.26779097287147
94, 306.0051665123254
2490, 305.5939426750067
2693, 305.57785191917554
1530, 305.4887635877218
1652, 305.4817288125156
15, 305.3809063330235
2193, 305.1070744143307
1562, 304.9729999239923
2284, 304.68064666739684
1951, 304.630729380196
2687, 303.9222939831044
1882, 303.7375111968119
1003, 303.63102151583576
2464, 303.290376775793
394, 303.1629483329366
2455, 302.94836780311505
1907, 302.9226739135428
682, 302.91953345292524
2242, 302.91287700079675
917, 302.6084319569353
3262, 302.5554149702385
2538, 302.3953650784161
2713, 302.35229055231537
2822, 302.3005141583376
2600, 302.2317952851475
2519, 301.95776469066203
3180, 301.46034832358583
1576, 301.45261387973034
2158, 301.4281721382935
3113, 301.29706940710406
2806, 300.98501926102136
3091, 300.4532543374079
1045, 300.39886058586535
2180, 300.34605003495386
1572, 299.9393873238448
1655, 299.84982662667494
2629, 299.7121386709104
2452, 299.1831749970126
1960, 299.1306626024362
923, 299.03440399570815
3193, 299.0081775572151
2638, 298.8148052786573
2704, 298.6367165997496
2644, 298.31233441519123
3261, 297.9082383276968
2707, 297.8322394882214
2522, 296.64772099158097
3251, 296.36899918240266
78, 295.8402275134839
2856, 295.77120954290297
744, 295.7538930540934
29, 295.3948569957745
2991, 295.2316679700612
2581, 295.2151517513818
2506, 295.12788386674737
2511, 295.02852906940916
3344, 294.91037442372834
2869, 294.54230312438085
2479, 294.2416809609821
2205, 293.7962152443468
1810, 293.72167863121825
2207, 293.07227830794255
2662, 292.76890901202876
2859, 292.30951654352634
2700, 291.80998709722934
1557, 291.686622411027
786, 291.67188587040437
2632, 291.61931070467006
2079, 291.2465482338599
2675, 291.0751384944171
2495, 290.8468063961559
3260, 290.55755196798134
3025, 290.5056374036178
2460, 290.45303402904915
2499, 290.3859212142884
803, 290.3131909541929
3361, 290.2697130708195
2124, 290.1504484033594
2760, 290.0535680764484
2262, 290.042714329449
3329, 290.0274693158424
526, 289.81578941104254
16, 289.79827543946584
791, 289.72505492952996
353, 289.44351924845347
2044, 289.107896366856
2727, 288.977550183575
2170, 288.75079659559356
3019, 288.6618945728803
1269, 288.6203145982042
686, 288.17451101424524
3364, 287.6307603516591
615, 287.57949077401486
1418, 287.4290453331967
2135, 287.36366023845073
727, 286.62970073183504
1653, 286.51072364455774
421, 286.4230562901347
1210, 286.25115784802404
1573, 286.105735923364
2440, 286.0760319910794
2665, 286.03635574985657
2037, 285.8491624556937
1780, 285.5522945076354
2530, 285.4561576414882
2488, 285.3252285292812
1847, 285.1473758774305
3016, 284.9333531679603
234, 284.81329835491454
1884, 284.67891260204067
2698, 284.10188839161435
1640, 283.83239377530094
2092, 283.6310366689696
1943, 283.53048870520956
857, 283.3906501922871
3269, 283.3688906753972
3165, 283.07941988171245
1559, 283.07190022987305
1543, 282.93392902527785
2236, 282.84798683318627
1776, 282.31699827562346
2477, 282.13052433082163
2714, 281.84041561271573
3018, 281.3906147263318
3100, 280.76421233038855
1567, 279.64004170826564
2195, 279.3443218278969
1039, 278.7973427575249
1885, 278.4673977562227
3301, 278.33709025605515
746, 278.33619463781065
2625, 278.26439368292813
527, 278.23445776848365
3029, 278.1439607462142
2435, 277.8898839029084
2428, 277.8898839029084
2187, 277.6814967524206
2670, 277.4771960675673
2634, 277.10974874207164
579, 276.9376452852461
2936, 276.80328022231726
83, 276.50124106369174
1664, 276.43789405224726
2743, 276.43201901188706
2537, 276.233499756316
762, 275.4827068817872
2318, 274.9042146144686
2509, 274.7870258983308
2535, 274.27123342695296
781, 274.1483331595782
2598, 273.61235709924927
413, 273.58669575069763
2684, 273.05375314060217
2188, 272.58786598096464
1023, 272.5855250111016
612, 272.4111510694975
936, 272.3725533957017
2438, 272.2926403954229
2061, 272.171794578844
3266, 272.16944596814284
2196, 272.0774297830041
248, 271.794852772093
1822, 271.69526528842516
716, 271.3907879576521
2142, 271.3750795809027
1807, 270.8322901456304
2194, 270.7648809381659
945, 270.59341701823604
2970, 270.3435781309642
2157, 269.81963542313747
2997, 269.4538275398921
717, 269.42710734881234
249, 269.37499105956164
743, 269.30494422588976
27, 269.1383093128177
2552, 269.0432196538055
844, 269.01939902307913
1803, 268.96955458252927
2669, 268.93468876985463
321, 268.8170944143458
981, 268.81488837057566
980, 268.7040746777927
1306, 268.6610827194221
1985, 268.5503050060094
2565, 268.47489496832486
2660, 268.0294716500226
1356, 267.8288329873343
1525, 267.726751398402
1999, 267.25134715063496
2953, 267.247342580862
575, 266.98747506090353
3357, 266.8975441415817
698, 266.78529996975846
1615, 266.733316270975
2243, 266.4002169048507
1336, 265.78290853117386
2659, 265.4878162402007
2472, 265.4874343790011
2444, 265.4843175018184
24, 265.3026726648531
2502, 265.2420660448079
2501, 265.2420660448079
1617, 265.1234828757358
3233, 265.06645188217135
778, 264.93995206087163
2189, 264.9031448947909
817, 264.82296066532444
2691, 264.79741448626453
2614, 264.75789465581835
825, 264.7267998445499
2576, 264.62309830659325
2667, 264.6017060438995
2401, 264.58004572838826
2699, 264.55834708533393
1575, 264.52776145335156
787, 264.1793935369824
2365, 263.5669636918457
969, 263.54984852745827
1571, 263.4815934225106
961, 263.39625039322897
3319, 263.39103070197774
2993, 263.3841753037197
2591, 263.09352822638385
2360, 263.0455814413493
1424, 263.03288321892626
2949, 262.7835587435068
2405, 262.72199018483036
243, 262.69773913721104
2160, 262.67634012851784
2879, 262.54776665645335
815, 262.34363711031136
581, 262.09160065425
920, 262.00478920233303
2494, 261.85077165619043
808, 260.89144850281116
2661, 260.8009695661956
2474, 260.69090416718535
247, 260.4105203798439
23, 260.3462756804175
2617, 260.3283336779074
2469, 260.3225250571158
2631, 260.0848979388431
960, 260.0673752707311
2609, 259.96387292011417
417, 259.8298419173033
600, 259.6871483450698
370, 259.37826930674896
528, 259.20886236001155
2664, 258.8720428453752
2362, 258.52631698474755
2145, 258.4230858827656
709, 258.25359119470295
2828, 257.7522499853821
2521, 257.2317913280777
3249, 257.1990180099445
2627, 257.14678473197586
2829, 256.94120400186245
2678, 256.647063707345
1211, 256.6021483020346
242, 256.55004187072285
2095, 256.41245247142626
438, 256.39662056060837
1889, 256.3458604096148
2427, 256.34437109976005
1623, 256.26447684929263
2220, 256.2615951787756
594, 256.14364713074116
3253, 256.1416310307508
2510, 256.05797860584994
1037, 256.0317246731226
2567, 255.63045295925124
3008, 255.54116721690215
2845, 255.52591960220153
2476, 255.27203158684907
1279, 255.04622174743193
1300, 254.9707399476359
1977, 254.81010466065234
2907, 254.72215839510412
2214, 254.69393340107302
2619, 254.54291327023395
1331, 254.49340466751326
955, 254.43901594420677
2457, 254.33701877985484
81, 254.2986269129184
2557, 254.1689532448157
560, 254.07908078833324
2637, 253.9836888223968
964, 253.84077403700846
2089, 253.76779885207907
2724, 253.65486598591374
2541, 253.3666618820371
2674, 253.30612825372108
3033, 253.29410572291715
2504, 253.0157140528983
1109, 252.7368151444732
691, 252.69997641079604
3325, 252.59891505509782
1038, 252.5271256984786
319, 252.42625553440175
2877, 252.4227450515598
3320, 252.4051901305619
2181, 252.38569772932763
3026, 252.3019125654249
2542, 252.19383116630382
2431, 252.1392151596784
2676, 251.9799267167916
2122, 251.87033513196798
2956, 251.83748867768546
922, 251.70660524000883
2074, 251.26012705626025
907, 251.25814898055518
1412, 250.97560013987993
2478, 250.90450686574124
313, 250.81590687813974
1790, 250.726375759529
3263, 250.63457107765146
2804, 250.47292549479332
1957, 250.39041164193142
601, 250.01209346437201
2706, 249.8809840829682
804, 249.86729458225005
2448, 249.74640231344804
1840, 249.68389105503533
1423, 249.66889187966274
2996, 249.6448926849192
1473, 249.26271396205846
972, 249.2476046358656
903, 249.24594185377165
2905, 249.14296685937197
1490, 249.1420765936616
1839, 249.03827212702745
1315, 248.8642134524959
2231, 248.79423406819544
585, 248.75481946155818
789, 248.72184621791112
2219, 248.54392108804666
2702, 248.30132003131584
2209, 247.79514004572584
2846, 247.7360471854767
999, 247.71219894331705
574, 247.54267498597838
1887, 247.4574260021083
2560, 247.41281729112734
1599, 247.33830270131511
1890, 247.15599750632583
1266, 247.0763228557564
2837, 246.892166518371
1371, 246.8841955434768
2467, 246.79993779536665
2082, 246.7981539874489
2642, 246.79054305785044
416, 246.43861195834472
2422, 246.39756930876197
2434, 246.26443114704796
2228, 246.1227526966792
1566, 246.05915546348925
2168, 246.04852364686812
2866, 246.02544599837788
371, 246.02516378113
1314, 245.92820882689318
1846, 245.8945394876124
3229, 245.78085839016498
2585, 245.66818763439554
780, 245.64219723575567
2200, 245.54106131631377
593, 245.52372229011922
837, 245.40760611471163
2577, 245.27915168904292
3228, 245.17750259127914
2595, 245.01139450226103
928, 244.95354252282095
2992, 244.9340007957659
872, 244.86228842006997
2459, 244.77494595443153
2334, 244.7438842783414
2858, 244.74165201837303
2628, 244.67398223420082
3326, 244.66272085845236
2544, 244.6014845845504
856, 244.59016477265607
2206, 244.51588458259812
1523, 244.4305425939414
1942, 244.4087565801499
1308, 244.26357917734896
17, 244.16592081671564
1986, 243.87459025391644
529, 243.87347703338511
3270, 243.8231419144872
2554, 243.75378276451318
1594, 243.7346064425769
1408, 243.4766315104285
2482, 243.1984749806392
2529, 242.99696728381144
1984, 242.98530875330113
1560, 242.8213426416994
2165, 242.76842389083538
1369, 242.761505502484
3267, 242.5688966539267
3250, 242.56668476587996
2173, 242.51139058143085
2663, 242.49139781398165
277, 242.1415855148372
846, 242.09456421163486
586, 242.07730672536303
1487, 242.0478677288672
1983, 241.89213010915248
2190, 241.85931593202815
775, 241.41803834347087
1579, 241.27591281455474
2618, 241.21846886219623
2685, 241.1133552744215
1001, 241.01415029923757
1577, 240.896965116077
1495, 240.87555438959484
2256, 240.8541085525825
683, 240.850374116099
2998, 240.72380049244552
1823, 240.7225635791544
1828, 240.67472968430852
558, 240.29946738240074
845, 240.27750026385377
784, 240.19204175007576
2164, 240.18219543468257
2573, 240.1644139273029
2633, 240.13247456822606
711, 240.1032139711679
638, 240.06703995602584
1505, 239.96154329937875
902, 239.67739498281466
1321, 239.618272774554
2523, 239.5578556080363
2701, 239.4221411287385
2841, 239.3989465033289
2171, 239.2220272040899
2480, 238.7651631893996
1969, 238.3931750842696
2481, 238.35147713724348
419, 238.22975755074592
2439, 237.94446351795912
2689, 237.89227305566442
1052, 237.88843164378972
2909, 237.81475156760905
2372, 237.77791112424615
3365, 237.76050965144728
2839, 237.74938614239102
1348, 237.68066666005595
1792, 237.61279822839214
696, 237.6035793890649
1508, 237.59313556886136
886, 237.54827530405825
290, 237.45289087029417
661, 237.26225125174082
1895, 237.15993871956604
657, 236.8824490003093
2047, 236.87672547284674
2463, 236.61465979635176
3358, 236.58888314963548
1527, 236.5851179747799
2229, 236.58459577461602
602, 236.47886022258965
2113, 236.3945143341472
2443, 236.2786434288703
2545, 236.196602540174
307, 236.14200376886478
420, 236.1305439390686
821, 236.06229144358372
639, 235.85797296544962
1289, 235.60968548748005
2324, 235.53375594854253
708, 235.52359888681713
659, 235.4769930993414
853, 235.34957025354194
855, 235.32337064331585
2445, 235.30630090987273
3002, 235.2934267259335
777, 235.20130816843812
2458, 235.05291545657903
1494, 234.95507425584677
606, 234.94138207919912
2680, 234.922303470755
2851, 234.8070051836622
919, 234.7748557501745
1488, 234.60972177718583
2321, 234.45648810750657
2150, 234.44751053516245
599, 234.071198799942
2850, 234.05829306623275
2230, 233.9642100680413
2489, 233.8897403006016
1883, 233.84998781773555
938, 233.82671934267296
14, 233.75983222964467
1580, 233.65918920747654
3031, 233.57970329257586
1396, 233.54796876994274
1455, 233.54765163674597
2447, 233.41932591429818
2115, 233.34095621180663
3307, 233.3268628610771
790, 233.31239876506078
1908, 233.30615866210846
1390, 233.07942731470806
1425, 232.96317975520765
2602, 232.7808358309482
839, 232.70692832655922
1501, 232.59849804791546
256, 232.59437848470083
718, 232.526130836731
2117, 232.4837269596757
2831, 232.4653081593608
1478, 232.413192642465
1510, 232.36575908891132
1886, 232.30155945187826
2584, 232.2880461852387
3321, 232.28764303596606
1481, 232.2207229188913
987, 232.15457883984848
2487, 232.14127687847164
2898, 232.13272465688715
3014, 232.12341025060394
3360, 232.0481517343977
2255, 231.98383999831438
1820, 231.96035785297283
1965, 231.8937372427421
2852, 231.88157329434236
1322, 231.86119029979918
2588, 231.84602019648435
2599, 231.80704086265513
1404, 231.80564323110943
776, 231.80557200351194
1271, 231.80004826974934
26, 231.76547082257756
1421, 231.62175746171795
2465, 231.56915698921148
2994, 231.49922643072264
1380, 231.42294232812486
690, 231.30982877968344
1926, 231.27042523585496
584, 231.20951908888367
2125, 230.9255388022293
2643, 230.86467589825506
798, 230.84240329073333
2359, 230.7795489691927
2141, 230.76689275354596
3345, 230.70460559739743
2516, 230.36881258655657
1549, 230.31213014717278
1920, 230.24657339294464
1614, 230.09740706619743
1959, 230.04600780716189
1989, 229.87106095572494
1046, 229.7932274164206
1512, 229.72374866195577
2593, 229.5884585722459
2613, 229.58117581467437
892, 229.458881899366
2908, 229.43873591076135
2081, 229.26055719521776
525, 229.24928246422982
1361, 229.24653196699416
2540, 229.2427261234429
730, 229.15573608861354
665, 229.09904621869364
664, 228.99821569937643
418, 228.9886629144999
2728, 228.8742430572122
1268, 228.7689940090989
3272, 228.73830627033368
1339, 228.5890974180263
993, 228.50650364065945
1829, 228.47326962036183
970, 228.4632687809888
1389, 228.3819574447604
2884, 228.2787852853544
235, 228.25113429670552
569, 228.20612210800948
723, 228.1164516802552
2227, 228.07736699295296
2750, 228.06717713704512
2446, 227.9648121772447
2639, 227.74151472550625
436, 227.67081280401797
752, 227.60472538114604
2512, 227.59501050640378
577, 227.5514624533778
2432, 227.54969047008834
2844, 227.54783776906908
689, 227.48887996292302
849, 227.4740997065485
1544, 227.42198213402312
1493, 227.16416481246773
971, 227.1503022293647
1825, 227.0800982230629
1902, 226.98985655063
2237, 226.94225600096613
559, 226.8769669488057
927, 226.82033729565006
230, 226.73610241160975
2120, 226.6292215073807
564, 226.5825187976542
1550, 226.5633519268635
2888, 226.53249681692836
867, 226.41607787756072
1345, 226.37635589995995
1511, 226.07407938565237
1622, 225.94561351560833
673, 225.91052913152774
1804, 225.8626974934706
1398, 225.78190952577827
3043, 225.73258755562088
2636, 225.70684795732723
1555, 225.48802379058824
1343, 225.35491274447415
2590, 225.34783351067412
1601, 225.14586061516172
1815, 225.1061724609379
785, 224.97762524288862
850, 224.97495181057212
1330, 224.91131460937373
3391, 224.8580469985813
2830, 224.7458553470455
900, 224.69954354681684
2052, 224.6917990719121
882, 224.6259322600158
2708, 224.6229965370435
315, 224.57805261282536
306, 224.57805261282536
2077, 224.47539242103528
2369, 224.3399063953997
2376, 224.30949631867878
3252, 224.26985912678472
989, 224.23422767318363
2057, 224.20480998225815
1014, 224.1880206436426
1377, 224.06547009295292
933, 224.05831203186366
2361, 223.9330135614548
1273, 223.91373252860961
1539, 223.9107112237951
2131, 223.65623707773344
2899, 223.64571007951096
2031, 223.59887967258697
797, 223.39912891717267
1312, 223.36633576726723
847, 223.36354037628269
2555, 223.33313127813423
3268, 223.24401104708838
2254, 223.147951198221
2903, 223.12996599380625
840, 223.05206144697408
573, 222.97503793553167
572, 222.96448919109142
774, 222.9034201681053
2366, 222.83591505550962
2162, 222.8310465176793
3308, 222.7914683968723
2882, 222.66876136205738
18, 222.66869495567005
2213, 222.48371288476372
231, 222.3565537798567
1006, 222.3378220105722
983, 222.22553920551272
2090, 222.104341548568
822, 222.1004214383723
635, 222.09637446110008
713, 222.08994136013698
2245, 222.0503346127941
1791, 221.99161428915582
1915, 221.74877745120074
1427, 221.59915979885093
1830, 221.55291856624623
1578, 221.55014474164687
1909, 221.53003437207403
1520, 221.51350456467287
694, 221.4730774215416
1368, 221.44880396730844
854, 221.44504210680813
1378, 221.3023428532175
2526, 221.2648485853818
1285, 221.1908381644025
779, 221.18669988928661
876, 221.1793555543002
3271, 220.9968718135224
741, 220.951971858062
2582, 220.9513910192779
1976, 220.91979044145268
1561, 220.84821382171967
1888, 220.5571397872205
871, 220.54955720193377
2116, 220.08553402949826
2441, 220.07453655808112
3045, 219.91648151256996
3044, 219.87096993366308
770, 219.853492422262
879, 219.8283956210017
2875, 219.7712288573705
1295, 219.70728443276394
896, 219.59116117619666
1835, 219.53662310719696
1413, 219.3868716951747
2450, 219.3590397709768
3177, 219.32167475720468
636, 219.20152134400433
1393, 219.13622220496035
918, 218.95566911791317
1906, 218.94123504869935
240, 218.84319562811322
992, 218.78842480303075
2198, 218.55959951330564
1475, 218.5343688531741
2881, 218.39646144626315
2166, 218.32762682765895
948, 218.32715638079097
1904, 218.23151988098996
567, 218.20727112600943
759, 218.20452513742032
2468, 218.20429523103897
1474, 218.13816225824868
1817, 218.068979766707
766, 218.06163320020536
675, 218.0532366678154
656, 217.95092367056554
2199, 217.81722546870006
946, 217.78857121931557
1370, 217.7022462667715
2138, 217.5499529099662
1831, 217.32036606452732
763, 217.29159106722955
2897, 217.23179832520375
597, 217.0885987437907
1103, 216.96072467812934
2914, 216.89178804990104
1782, 216.82175523318625
1927, 216.74743635971774
1500, 216.7162190600585
2547, 216.70982408669016
963, 216.63868723999593
1036, 216.5043861179302
1293, 216.50276505357797
1480, 216.37996957744858
728, 216.37388487293939
1118, 216.3708667612741
1801, 216.36790903757148
924, 216.30229654578258
3030, 216.27264428203105
2842, 216.19925428934565
2423, 216.16342559683028
2539, 216.0821746841775
764, 215.94494031488372
937, 215.9268355503628
742, 215.91052102397967
2163, 215.8760010961983
985, 215.87379156734897
1278, 215.87209648322434
1537, 215.85444069225787
2246, 215.84000006911978
1400, 215.81002144355887
323, 215.7932202212367
311, 215.7932202212367
868, 215.68082599140735
697, 215.6524770580601
312, 215.5181100357663
1944, 215.4233735338025
984, 215.38242313058979
1841, 215.3528775184155
672, 215.3357471086312
565, 215.286058092481
1934, 215.24861178839646
1426, 215.238490513405
257, 215.18029306121497
1422, 215.17624289991406
1280, 215.11530158771953
374, 214.9382143033523
935, 214.89330827829602
755, 214.87810441930492
1053, 214.79370438486535
870, 214.7382700972787
1382, 214.73250109147494
2121, 214.57743781717778
2154, 214.5329173226914
2123, 214.51710423210602
1392, 214.48793433320287
883, 214.45411637685046
925, 214.4288016397644
783, 214.37511423797005
3027, 214.2321098419673
364, 214.13213805794425
1352, 214.12671685243504
3446, 214.04913223793056
2596, 213.94951011537137
517, 213.922903310336
2891, 213.87846932903383
2709, 213.87432505362153
646, 213.83107000664597
2331, 213.7947079887736
2216, 213.72003386571947
887, 213.68780155328147
1420, 213.67637571307066
693, 213.65884401307127
674, 213.50811147616056
603, 213.49355461940544
1417, 213.3586904801962
714, 213.30781410347078
351, 213.29719172576333
660, 213.1978511640971
1403, 213.05703642797232
836, 212.9827873342162
1367, 212.80918201235554
2323, 212.79058257047623
1905, 212.72353988523997
1981, 212.69489696430512
701, 212.60249453324892
761, 212.57663086768014
932, 212.55814421889673
1491, 212.3479174702366
1563, 212.30917479599785
725, 212.15466453058733
986, 212.12085047850704
1809, 211.81777692587488
704, 211.78483023293705
2430, 211.64425861366922
640, 211.63180112147174
1411, 211.4546871710141
2136, 211.42013090191375
1409, 211.38828857477347
31, 211.38799207035927
1372, 211.3068497088421
1346, 211.20898269075522
959, 211.17629433041236
346, 211.13804847243756
2319, 211.0487433469109
1789, 210.9535962965067
800, 210.95057646910146
2148, 210.94873113885697
1458, 210.8233026827827
2854, 210.78483668877942
796, 210.75266580292424
1992, 210.57212660686724
568, 210.52654009551023
258, 210.47169986866814
3068, 210.35440719542996
614, 210.32957446027973
2840, 210.31080910969428
1453, 210.27614735104942
1297, 210.2427015248649
2140, 210.16512986846533
253, 210.14241279944147
1618, 210.0983006500549
645, 210.0678361908214
2647, 210.059718822352
1291, 210.02142056576852
1419, 210.01214936620968
2146, 209.95715335963334
908, 209.91225983917911
1288, 209.89642615173057
705, 209.80571206685576
324, 209.7335070781825
1328, 209.71040255094866
782, 209.5901293390524
1498, 209.5480293960967
2169, 209.49299104873407
1353, 209.48163592604246
2233, 209.4794408889499
2615, 209.40498994752662
1323, 209.3513792386851
236, 209.3369449550227
897, 209.32718657201113
942, 209.3265057146552
1327, 209.2059338444805
843, 209.18361850576585
1021, 209.1121891094146
813, 209.09685565679428
1772, 209.0647596204776
1018, 208.8810219078517
246, 208.88093105292364
2114, 208.86692953925638
792, 208.49313696816324
2202, 208.44827517008287
3343, 208.44803166477345
1982, 208.4331960158713
3037, 208.33789463601894
347, 208.32713842649565
1277, 208.2946433355402
720, 208.23353439313814
827, 208.20308810092425
2377, 208.19521039490448
750, 208.06153276712692
2579, 208.03978989218768
1595, 208.0322694894581
1486, 207.98123840995473
828, 207.6803959604261
2066, 207.56706660959483
926, 207.5543614342482
2833, 207.46087088483688
2373, 207.41054820292968
3038, 207.27171592704053
2060, 207.26459636699755
1554, 207.2318005968378
2183, 207.1656672906947
1020, 207.0035513377445
2119, 206.99015894998317
2849, 206.9659857031641
2375, 206.957638863455
2946, 206.8656902715854
962, 206.83373700272952
1499, 206.82758269688242
740, 206.71647862612878
2336, 206.68767672067864
2130, 206.5761278306948
710, 206.55725623994533
1921, 206.48236255983477
1357, 206.4547942920627
1405, 206.41505204108879
3238, 206.40563870768855
1270, 206.29960423054916
799, 206.25760739029272
1469, 206.17488188952493
566, 206.01989339549812
911, 205.8815656729084
2826, 205.6143286122838
1391, 205.60826968539797
934, 205.54142983680816
2847, 205.40633040435313
1275, 205.37803545123802
1387, 205.3739637252764
1388, 205.37347062443908
1292, 205.26163126610032
623, 205.2294830918986
422, 205.2129029432926
3448, 204.91766901978133
2038, 204.89723519124428
722, 204.8213267563133
350, 204.74931041714362
977, 204.73900358063858
801, 204.71547120702155
1415, 204.6938616596379
2175, 204.56758456121094
1558, 204.56669168465632
2947, 204.53672599266406
22, 204.5101941522934
2471, 204.46931751760985
692, 204.37051095613322
1374, 204.3136032949191
1928, 204.2691169959894
1519, 204.23667957854954
1930, 204.18160542747665
2876, 204.17333688760377
363, 203.96088012419483
1779, 203.8190729588298
1949, 203.71159725749305
241, 203.6987851059193
1524, 203.67636582259988
616, 203.57768639656933
1272, 203.47019274305438
1598, 203.4580809418349
2232, 203.38404612310921
1935, 203.33980296531524
352, 203.3214178529001
707, 203.30982596058297
2222, 203.22010878119548
1506, 203.2118257841294
1340, 203.18616584448975
2129, 203.17675220629096
2517, 202.93146271901605
2594, 202.8808648999173
1786, 202.83850227198582
967, 202.61586819505578
1318, 202.58878623419653
1265, 202.54307575604497
1954, 202.4350196355636
1548, 202.42142048606934
1294, 202.38896909214398
754, 202.3790946804271
893, 202.28229663522674
576, 202.22999331675965
1836, 202.1985081341447
2410, 202.1638643737183
2950, 201.94046162791503
1365, 201.82442042394197
238, 201.63574034679039
930, 201.6213060419762
810, 201.62124751100185
1673, 201.57393203945557
2133, 201.54364581898332
834, 201.34825919644246
899, 201.28157809331375
1950, 201.20716402656836
2176, 201.1293500479496
314, 201.01939801430254
3230, 200.98701267362188
1808, 200.94103379216526
952, 200.91294801010935
3359, 200.74301229792155
1900, 200.50954339929126
1354, 200.4576457829812
1819, 200.38233947278897
1620, 200.29605584115959
905, 200.2601273533383
2500, 200.25923465548135
2916, 200.21348682120686
994, 200.16517002506328
765, 200.11299045346328
1022, 200.09314844486678
1009, 200.04860895725136
3438, 200.04478361777436
824, 200.03378688202372
1799, 199.8175044298259
973, 199.72525498195697
976, 199.6536780802201
904, 199.6390097594604
1329, 199.63050377682814
2902, 199.61577364458302
342, 199.59481467033999
1778, 199.52463682880182
2144, 199.52201224664105
865, 199.29169852847087
2247, 199.23545479814956
807, 199.2116747534261
910, 199.20805097021062
2403, 199.12732493372263
979, 198.97613152777853
2040, 198.9554499330935
1777, 198.94847611551842
873, 198.9472799699817
931, 198.92454996022053
658, 198.8715901938655
706, 198.5206015865285
1953, 198.48354441858257
3034, 198.45591948644523
2874, 198.44818193557796
929, 198.43233148309898
702, 198.33473010764203
898, 198.28365165826435
2370, 198.24231398241577
1479, 198.234978262213
1504, 198.21717884487782
1898, 198.14735166157757
320, 198.14304088803226
729, 198.13054181362506
1017, 198.11274413690845
644, 198.0699307695317
1932, 198.05618973918413
2425, 198.03072093964903
2322, 197.93352502416798
1492, 197.8719940431875
465, 197.79453704254615
830, 197.7618775486315
1282, 197.72153218070832
1837, 197.63912611489883
1834, 197.5455544143191
703, 197.52099877628268
2325, 197.51055393349475
1827, 197.46509918823222
500, 197.40790004595192
325, 197.3572600153273
831, 197.34620194050328
1476, 197.3341130644154
880, 197.302895069778
1591, 197.20018769236572
667, 197.16716704820547
724, 197.15894088153178
3015, 197.09457318746632
609, 196.91276976083094
3085, 196.89039021584426
1320, 196.75744053820003
596, 196.62921593569092
2503, 196.41510282990203
875, 196.38194334852594
684, 196.37700120544696
624, 196.37700120544696
633, 196.32894079092156
3237, 196.30117918994807
2327, 196.25809667139322
2330, 196.23030920518633
631, 196.19244595411286
2426, 195.92038231432173
1569, 195.8613862347911
1007, 195.8135260408529
2367, 195.73006564246074
3024, 195.72646606196713
1010, 195.68682139408594
1582, 195.65018462672015
239, 195.6403795818055
1385, 195.60399086657046
1946, 195.5679320377325
2064, 195.5491138872311
1540, 195.38430251913815
618, 195.3556450445401
687, 195.31201365449164
354, 195.20555684991606
270, 195.187658973404
1832, 194.957962336346
954, 194.73810328538136
632, 194.71853880227027
86, 194.70555632000745
1878, 194.5621270590832
1311, 194.4861615865561
1332, 194.36963842388795
1319, 194.19362958080518
1918, 194.16350582945577
269, 194.06793455552645
1937, 193.91614423419634
2046, 193.8652490584048
996, 193.81551450851072
598, 193.78571271885582
1394, 193.76588235681535
819, 193.7625440220091
1568, 193.61668488053928
712, 193.5859447742802
990, 193.56457907258178
1956, 193.35553498238926
949, 193.3254138415366
1470, 193.26423818126827
2515, 193.20288841602817
1551, 193.16787536168798
2251, 193.1000271421237
1326, 193.06017525391695
2000, 193.03291977769078
1401, 193.0070498605988
866, 192.92298512342805
1286, 192.7946323944245
2317, 192.79007244361392
2880, 192.7532799625692
1414, 192.71510454246064
1606, 192.70580384747595
1351, 192.7013749591412
2186, 192.69131956948007
1362, 192.66268202608003
2834, 192.609607563993
666, 192.5786257643808
1903, 192.56900938028164
2732, 192.51392403041493
1008, 192.44131844807973
944, 192.44006916303312
943, 192.35877539748245
1366, 192.27219476956452
974, 191.94260302911388
1359, 191.93249947407344
998, 191.8947918207192
648, 191.8947918207192
3346, 191.87569938096
2201, 191.84948658489174
891, 191.7348204046211
2058, 191.6452785801468
653, 191.54832251150955
1774, 191.51558651900632
1833, 191.47879586996703
2436, 191.45315286380318
595, 191.44240824647923
1080, 191.41838633289922
1416, 191.38162527180185
604, 191.2817254529013
721, 191.25700673028385
1769, 191.22759236704087
1619, 191.138185228301
668, 191.09795973196995
858, 191.0962677055052
1383, 191.08332645043075
982, 191.07808681329288
2036, 191.02858029443922
1783, 191.02700437082856
1325, 191.01852893145642
1164, 190.82236929726082
3012, 190.7483187937016
818, 190.63172206025297
2126, 190.5423639500751
3022, 190.53361234363135
958, 190.51584390565174
1304, 190.4251998623925
1016, 190.35363256469086
2326, 190.26154048439767
59, 190.2593173764343
1485, 190.24873441523857
1483, 190.19492070589814
229, 190.05483642884133
753, 190.02739312982402
2332, 189.8576183595038
1529, 189.83926411345962
688, 189.76872579380975
1787, 189.76170920368057
1015, 189.71404246091492
1296, 189.6589989802932
1303, 189.58118655786856
2149, 189.48424213294916
1402, 189.25245359760774
1948, 189.25051729543046
327, 189.24161830426755
339, 189.23430512576923
2156, 189.09287093369292
1489, 189.08728251141443
2906, 189.04677959102403
1342, 188.93007956621227
756, 188.8671969756775
1307, 188.6179195491004
2682, 188.6148308309954
245, 188.54752582534437
829, 188.5401143427306
888, 188.42256915131847
2835, 188.24763351041503
2172, 188.15230065544728
2470, 188.13608320859322
367, 188.08406114816918
2127, 188.07490930266422
1654, 188.03702412467635
2281, 188.01405815169437
1276, 188.01126199180143
2132, 187.98770722156297
1916, 187.87492626866148
2437, 187.85830422434736
1507, 187.71105959857283
1896, 187.69871717263675
340, 187.6394925767941
2159, 187.58346975946614
271, 187.57038954726332
662, 187.54447023434003
1011, 187.5434973936752
1528, 187.47606424245484
620, 187.465777859362
3450, 187.44207986254318
1055, 187.42673934002235
975, 187.36203650775732
2151, 187.29236114130003
700, 187.208178315065
2895, 187.14336357540887
726, 187.10828315349846
1192, 187.07772958233423
1335, 186.99203193744384
2197, 186.89212899065225
805, 186.86684859486132
1281, 186.69264833153994
1922, 186.646174141787
361, 186.55816601657986
1990, 186.4979266489703
1305, 186.43961759999326
806, 186.4301456586493
3273, 186.3955386074208
1952, 186.22050500740045
3035, 186.2163957683068
1317, 186.1751220906626
3363, 186.17061188185485
1497, 186.12701410485133
1341, 186.03433484808318
1793, 186.02323840995012
2147, 185.96959336617098
1503, 185.66942082042652
1284, 185.62455223303334
2043, 185.43461147828992
605, 185.34977321302054
1522, 185.20205892109968
2225, 185.1508812574999
1565, 185.09414383266534
2578, 185.07302171364805
1897, 184.99808339714352
771, 184.85395959928522
1399, 184.78763038232194
621, 184.6208663100534
1044, 184.57431368737002
715, 184.56619889558695
507, 184.41466034182733
1496, 184.28917768453056
2725, 184.2638794350135
2221, 184.228327943791
1621, 184.16846822312843
760, 184.11391426753357
2374, 184.04628453834056
2328, 184.0106236643161
1766, 183.9372935647394
2418, 183.76075443165428
968, 183.75431601224523
719, 183.57433649090265
1929, 183.5239202109045
1570, 183.5002296213965
1386, 183.41119281113842
1344, 183.3807968794039
1556, 183.34393272421684
894, 183.33119595948045
751, 183.19425143835682
1376, 183.16052224519865
571, 183.00251084055117
997, 182.96155531349368
1333, 182.84494321794625
747, 182.84047220232145
318, 182.65877332441084
2215, 182.5874146051519
878, 182.48867408032277
2329, 182.3230653111057
1482, 182.32023599886634
1936, 182.26041317894794
1767, 182.0712366858068
890, 181.88325433880698
1553, 181.87785796398012
2063, 181.75860296456892
767, 181.68911797048182
947, 181.6700509396316
769, 181.6442144830338
3240, 181.6068437959559
1407, 181.60510021035947
2178, 181.38064564264297
1056, 181.2982643914223
695, 181.28350118223796
1472, 181.18108987615364
1471, 181.15325389851972
3011, 181.11028563796074
360, 181.06658751848317
842, 181.04193411259948
1757, 180.93887707331956
1019, 180.8908621372536
1538, 180.72971366860097
349, 180.6886011930502
812, 180.68684499182095
2843, 180.64281811117357
3242, 180.3688670897314
2883, 180.29170623760166
1938, 180.2411706244708
1349, 180.20532933673994
2085, 180.08980408348248
461, 180.07707767575056
357, 180.04037350014255
2161, 179.90625506115762
2112, 179.8627697294202
3013, 179.73856793872164
1899, 179.39905849888763
940, 179.3732580203139
2250, 179.20124419333447
345, 178.90899584029626
2886, 178.89648192682742
459, 178.87254972345625
627, 178.84058193909337
2893, 178.67594528375184
3224, 178.64605170594552
317, 178.53060180352543
309, 178.53060180352543
1923, 178.40641488050548
1013, 178.28823363782183
869, 178.2557030220391
570, 178.24589660504498
2137, 178.20474366501963
2241, 178.18219819385246
809, 178.1102510750405
2718, 178.05913451593995
3001, 177.9271433368192
1375, 177.88667924815167
2569, 177.7309371771281
1796, 177.5973202827221
2335, 177.40301007603722
2885, 177.39239507002614
2901, 177.3818043838516
2128, 177.15687665438102
366, 177.15205697888626
1955, 177.05581730181964
877, 176.90440861843766
811, 176.77815809498205
2420, 176.76477947416353
244, 176.72818013763094
3256, 176.6385361856426
739, 176.56889234512278
1797, 176.3494252087163
978, 176.2752041075132
1805, 176.1045333322905
1924, 175.95861220810733
1945, 175.95016784726513
950, 175.68759002201895
1363, 175.50805014590406
2672, 175.45799078067733
1395, 175.25961438310856
63, 175.18940804809174
1360, 175.15673870180632
484, 175.1323170711687
2363, 175.10493518343918
1313, 175.06160241324346
835, 175.02089883712378
3451, 174.99836178023077
308, 174.83364511656114
1592, 174.70483133151126
1917, 174.70223103935845
2174, 174.6162367495333
111, 174.39507943908754
2932, 174.22479936329694
2371, 174.16151929246232
322, 174.15315577124372
310, 174.15315577124372
652, 173.99085520135588
587, 173.89005965618867
1988, 173.85653888112054
2234, 173.64959177715662
2253, 173.4566645401636
3449, 173.43427494150862
2910, 173.3910557939055
2887, 173.35749786631112
592, 173.34021852060144
1283, 173.31767942450776
1933, 173.27743833126473
921, 173.23525093314558
1552, 173.1176586203725
2729, 172.99911625162733
1334, 172.88627325680082
1338, 172.88470445981898
359, 172.86765107588437
1546, 172.80025838744203
2827, 172.78441855388425
2836, 172.62548164405797
348, 172.62067593700183
1901, 172.56775106029633
355, 172.52145841612597
2892, 172.48316721713923
625, 172.41980677351418
2155, 172.38264392383354
874, 172.31927125802167
1609, 172.23034506379028
2182, 172.15763383962502
3023, 171.99116493492355
2848, 171.97499632844097
995, 171.87716966452265
1816, 171.78549852866092
915, 171.69335209596548
477, 171.6930879044505
3218, 171.6838857819246
1947, 171.59112848091814
1337, 171.55638016290266
2118, 171.28104948774552
758, 171.13647411103665
749, 171.0849780947339
1545, 171.0121762363231
2518, 170.88277109893
941, 170.63442116026772
622, 170.57161559362072
889, 170.5518943585867
833, 170.51932782886814
1802, 170.48086282488535
610, 170.2914444092145
1763, 170.18305807969125
1987, 170.12915183766646
2944, 169.98170592191897
2838, 169.97478629341384
1812, 169.8693537797807
1843, 169.85043034927594
1845, 169.68823142092694
951, 169.51109842238685
362, 169.47312947513646
578, 169.43094520766476
909, 169.37092837788003
292, 168.84084663582735
3257, 168.7986312888631
1798, 168.79203172219698
233, 168.57580769349207
273, 168.5521403797222
1350, 168.51645792271074
589, 168.51392851729452
1000, 168.4517778917715
2368, 168.36899534232543
991, 168.31850453802244
2995, 168.30261228204247
2316, 168.0918105294669
630, 168.08111205103052
2357, 167.91917383396407
25, 167.59179259007234
617, 167.4937921583613
184, 167.36322449593476
1844, 167.30994444606773
1826, 167.29417084036538
1290, 166.97496398871928
1005, 166.77028893175438
2001, 166.53066311650755
988, 166.39280947532515
1602, 166.2148259597749
2894, 166.01174593127075
2896, 165.930756641808
343, 165.7230860674845
1775, 165.7109476041362
1547, 165.5601339629405
2532, 165.45863631756106
802, 165.32117632352762
1310, 164.9006265784829
1535, 164.69513777352074
1541, 164.6124343512113
2945, 164.49964496699403
1384, 164.4776096168023
2890, 163.4597157441884
1931, 163.05384639507096
1795, 163.01096244932774
356, 162.89961035767303
1762, 162.8718124597069
1842, 162.61943772132565
2556, 162.51825545712586
2358, 162.51295102946492
1821, 162.39052135589708
1012, 162.36310599620668
1379, 162.23535375834751
841, 162.0524907174562
2855, 161.71698542536754
772, 161.2841127836809
341, 161.2555183129503
794, 161.20842776786083
2333, 161.1997023406738
1051, 161.19804215653969
591, 160.5735566595958
1347, 159.9555082126671
1373, 159.85912427336743
1526, 159.63875288419058
1532, 159.6341947607024
2935, 159.55171069341858
2402, 159.4860908611407
2868, 159.454728315785
33, 159.3563796387998
939, 159.34165246763536
2143, 159.05292391305196
1165, 158.94199593004834
1542, 158.91575232134633
442, 158.83362384614955
3220, 158.7353625878996
1355, 158.7253924566047
1784, 158.71775397221592
2248, 158.61244528958923
1616, 158.41784994526574
185, 158.2874408609303
3036, 158.19841299602385
1613, 158.18817349649055
2364, 158.13279056424128
387, 157.87279200037315
2904, 157.70833478526
1919, 157.58166306776448
628, 157.36311229519757
1768, 157.18520981048272
1764, 156.83531887397265
1093, 156.80029027584482
884, 156.5587247347378
1274, 156.06384929830963
1781, 156.01995698786567
629, 155.67014925011964
1190, 155.59030139843813
344, 155.33128234388224
490, 155.0884444550371
1765, 155.0602584115133
2054, 154.66354755467236
60, 154.52351894518506
305, 154.3517097368326
793, 154.31277158446508
3282, 154.2285285956483
1092, 152.83091837663198
590, 151.64308257182105
1972, 150.3025882343955
316, 150.04654365303347
2035, 150.03247381150848
901, 148.81328468161044
1054, 148.11832529095264
3219, 148.06677040150228
1287, 148.05756508395115
1564, 147.2499393576537
1364, 147.0600311042387
1267, 146.801883652879
3223, 145.71072709563413
3216, 145.6781010749305
2049, 144.4822100320268
223, 144.4550808191094
187, 144.23830704521276
2924, 143.58441907292894
3309, 143.34586106270422
3222, 143.18634679439228
3221, 142.96485420180133
49, 142.6317921284954
2711, 142.38354510211823
3217, 140.9400472647654
2062, 140.7134155864258
2042, 139.85710966228868
286, 139.24785493172823
224, 139.0315548428729
1861, 138.9392345133425
489, 137.03374637800889
2051, 136.37947420641427
226, 136.18660219633452
2067, 136.0859891166964
2912, 136.0334886393257
2107, 135.71264725737834
1358, 134.8848038108527
1536, 131.40664448208992
2925, 131.19271952107016
2923, 130.56474681040987
1048, 128.90756644826203
301, 126.61301010628311
2072, 126.31740900911747
285, 124.14593883921894
1049, 124.05303876343544
2931, 123.78781957664798
1925, 122.28938387998164
2871, 121.7085419981436
393, 121.70298204905578
2084, 120.34056524605906
2940, 118.91830556879071
1863, 118.81186903553721
2929, 118.26438517594877
1050, 118.22542441698525
2928, 118.0738938188168
2922, 117.85907893963406
795, 115.69373843667434
1158, 115.44812750345515
2926, 114.60112065539538
2937, 113.55868207336734
2952, 113.27039700045339
2872, 112.92292345315646
2921, 112.70255911988646
2927, 112.4725889704433
2911, 112.01822899625118
2938, 110.98766732145906
2933, 109.68124264773974
2939, 108.26741244752687
2941, 106.16358984720047
2934, 105.55854799641638
384, 104.79334116684655
2954, 104.69111827592258
390, 104.67626129109775
2957, 102.9493361496009
1534, 102.54590825007583
2073, 101.50375547548953
3412, 99.9060803962798
2943, 99.42194593358434
2955, 99.01878043265509
486, 97.4821138498762
2930, 97.47740369956722
2870, 97.10479115965639
391, 96.69060517568862
2873, 95.825109166883
403, 95.48460980913839
2942, 93.54363856074302
2865, 93.36964224410623
1064, 91.47036581671085
516, 91.24838343346944
1468, 90.8381720867834
3145, 88.10162683487319
2867, 87.17416957881106
3411, 86.89905164290099
1862, 86.69740433605008
1264, 86.28105553884087
2012, 86.06980179993555
2739, 85.60557304448442
519, 81.28372344814309
1157, 81.19914864576297
493, 80.7380476652413
3121, 78.92419163814012
183, 75.51377480065386
3161, 73.82331970785327
1612, 70.52825522234626
