1174, 4389.626625585712
1041, 4239.026559248511
1214, 3920.5634509978486
1978, 3416.6556083761325
1083, 3300.6397213279242
1212, 3120.7939323425317
1139, 2954.9813832540826
2794, 2903.4511016909682
178, 2892.151643682318
1043, 2833.8690917250074
1042, 2827.206897939231
1031, 2821.4573455544905
1979, 2686.8191280253086
619, 2637.2806633352666
1112, 2628.913080153946
377, 2616.5752008709296
1069, 2541.9542567773588
139, 2429.9459300377334
1145, 2408.011950533535
3425, 2276.2467685320194
1085, 2271.3730519117894
283, 2257.6611598213167
1148, 2245.769447720272
1226, 2244.179411250945
215, 2238.593235008752
2803, 2234.871153169914
1860, 2166.0255332433835
176, 2152.109489926603
1096, 2121.4975909040786
1974, 2118.517036804916
1141, 2106.8420765213277
3410, 2076.364013199152
1179, 2058.2019406065046
1200, 2053.7723923688886
1248, 2052.6849578346873
1144, 2037.1686244671287
1183, 2034.9749122667404
1088, 2025.4087471413295
523, 2015.5593327821384
1245, 1990.6897996248413
547, 1985.8484476455912
1113, 1973.3384809641889
163, 1952.0740499676722
1254, 1915.9264942363673
397, 1909.1575558418217
3198, 1902.3779821220096
3378, 1901.1255389601579
1124, 1894.5995191081167
538, 1876.6480866971247
1961, 1866.159212382933
3393, 1841.9443806869328
3418, 1834.9350798884702
423, 1826.200218817727
3196, 1817.3479351915885
3396, 1801.6692165471754
3441, 1799.3687277218114
3421, 1796.661560127515
157, 1783.7409457723347
3166, 1769.8295232459595
3139, 1767.8726330874365
1147, 1759.047008667616
1866, 1751.1745989520257
1213, 1750.6032207944902
1025, 1749.4768964151817
53, 1747.0092383646972
3332, 1744.4484439552693
181, 1743.4755752381288
279, 1739.6450112555306
3227, 1732.700207096167
197, 1731.3674403673738
131, 1730.5126001107972
99, 1718.5697495141158
3436, 1718.1404951489735
1444, 1713.8559712302958
3061, 1711.2684982659603
556, 1703.4021426059705
76, 1690.892082814444
210, 1689.5784758070974
3420, 1685.4843472498471
3351, 1683.9767229678237
2388, 1683.0400842070103
3395, 1682.7657478445753
1060, 1681.126849680482
382, 1677.4221207076432
3402, 1676.2674567496354
3322, 1673.9003134538916
3078, 1671.431153417744
1175, 1664.3159397067102
1218, 1664.0262040411958
1188, 1659.041537393579
3333, 1657.0851097718726
1067, 1654.736648085922
1099, 1643.6276107519195
2747, 1642.307161579248
3073, 1636.275439440797
1160, 1620.1686112254465
506, 1617.6055040996725
1865, 1611.9834653101836
171, 1606.1144407776624
2983, 1601.5788397717147
2069, 1601.4213892165635
912, 1597.8394388682145
3102, 1594.9517217381829
820, 1594.648069617825
3125, 1594.1850157356673
1066, 1587.8870409141641
1154, 1587.5447634477118
3047, 1586.2729786956586
2065, 1584.7630067424086
1849, 1581.7142711067638
476, 1573.7311494997964
550, 1573.3678105299198
582, 1572.014120864199
3339, 1570.2696142784914
2979, 1557.2394736944
3372, 1549.0653919951278
2009, 1545.7667023301071
128, 1544.3450485129956
1811, 1535.9324010000391
1246, 1526.7408520824185
1035, 1525.838398840341
3334, 1514.4241114712927
1438, 1512.9780733448117
3153, 1512.2844348644537
1430, 1512.0309774050845
1450, 1503.0821587899113
737, 1492.8859794596049
537, 1483.4012569973956
1301, 1480.3089979889824
1586, 1476.5846447732326
549, 1473.1913805021263
201, 1472.58033292796
3366, 1468.4898511358372
3286, 1460.9108306036105
1209, 1457.1159697689125
1262, 1456.9147080525956
533, 1455.774621396953
426, 1454.0801968625926
2754, 1453.8576294471995
520, 1452.5690164528385
1137, 1450.9010838610477
2966, 1445.6714390542472
1241, 1444.7765892987413
2, 1442.568280555665
1199, 1442.4261889888357
251, 1441.8781002601747
1250, 1441.6952338243334
514, 1439.948379434007
2978, 1437.4842616758583
3086, 1436.7440664430555
736, 1434.2558827116
3382, 1432.0340662225792
124, 1426.5684887144353
2382, 1424.760881382481
535, 1423.2229817044295
532, 1413.6138907829522
3280, 1408.867082416461
1973, 1401.9524175396205
169, 1401.7300300741622
2290, 1400.9352762484218
541, 1400.1434065319702
552, 1394.4955318706272
1229, 1393.3756038105253
2303, 1384.602467675235
1115, 1383.1575735916927
1449, 1379.3393293007148
3405, 1375.022769667175
155, 1373.857577269854
1166, 1373.7715313259084
3072, 1369.4698335260186
3342, 1364.3301995914908
2819, 1361.4799658498264
1107, 1356.0402264756383
1130, 1352.4372802779392
3131, 1351.9341828245133
1445, 1350.4110729793292
1201, 1348.1516330791453
2862, 1342.834542225979
3367, 1340.8599971371573
1217, 1340.0532640435815
1149, 1339.557877428827
2297, 1339.1905226926838
671, 1335.7611112355166
3317, 1333.8762471212024
192, 1333.0919272079943
531, 1332.5267670591372
3373, 1332.282035157007
1239, 1326.9905319909158
2919, 1325.86968905797
2753, 1325.7792645936415
3369, 1323.8482348084535
1089, 1319.3551435403747
1196, 1318.4492635034267
1167, 1316.8847752288682
1161, 1316.4542335790848
172, 1314.8617549953324
1242, 1314.0593287809472
851, 1307.6616535477185
1197, 1306.0211937569347
164, 1305.5953894283641
2961, 1302.9237208374514
2985, 1301.4964246113868
1223, 1298.2023280145497
1127, 1293.410316943973
3141, 1292.178803725379
3154, 1291.643530980443
1176, 1291.3294123639055
450, 1289.4001943965752
3028, 1287.862578213517
3058, 1283.5839970968436
2969, 1282.3505789780395
205, 1282.2146895312367
2958, 1281.4097334352264
3003, 1280.016686427464
431, 1274.2351728242463
3291, 1272.6769913556059
3371, 1271.3847718292748
1208, 1261.4862516266037
3335, 1261.4465951795196
3330, 1260.9764751241748
3331, 1260.1502860965213
3277, 1257.992685510101
1447, 1257.5175058069688
1247, 1255.6009944576303
1097, 1255.5601388732878
1585, 1255.2976559222227
1193, 1254.3243213780527
2100, 1246.4261766039408
1736, 1245.7368693695828
1437, 1244.710155841923
3049, 1242.57244282269
211, 1241.1673503940028
383, 1240.760230950725
3381, 1239.9044634649501
2769, 1238.5315243962614
3132, 1237.0499060381132
1181, 1234.593240252234
3399, 1231.9083095244139
3419, 1229.700409521867
2023, 1229.3836917516164
1236, 1229.2497041235667
3115, 1228.9767313686473
174, 1228.5226671492137
3375, 1228.1205629309168
542, 1227.7785249918147
3118, 1227.0021594182122
3117, 1224.5295409072432
1202, 1223.1102921454822
536, 1221.0228121222303
3407, 1220.919711138506
3077, 1220.2811241764452
3179, 1219.4344348475227
188, 1217.7811558301298
3353, 1215.2923430514477
3064, 1211.126624636794
1117, 1210.356742216643
1030, 1209.567251662273
3303, 1209.4023750298136
368, 1209.3511889155338
2818, 1207.9694792044138
1182, 1202.3331526924571
2982, 1201.7728709096386
1590, 1200.7803890813607
3370, 1198.5369972756214
3429, 1193.9401265961471
543, 1193.5398676821287
3103, 1193.2228937557277
3155, 1192.9969489782318
3053, 1192.616772616677
3114, 1191.7191089713426
3158, 1191.6423194166962
2014, 1190.19123495698
2984, 1188.2268336201362
186, 1186.8844833478695
227, 1182.7515675391028
1431, 1182.274908997855
2990, 1179.1800154806922
1027, 1178.353350130483
487, 1178.317683766736
1429, 1177.4478236018508
2813, 1176.5598727037948
1195, 1172.4170869865845
125, 1172.0965929384538
170, 1171.4468684055225
2315, 1170.5785780519634
553, 1170.4719529077015
1074, 1169.899722865377
1101, 1169.487832750306
3423, 1168.6674154447333
1589, 1168.6381472600726
539, 1166.6643001517164
3338, 1164.8875647232412
2028, 1162.2621408192435
1173, 1161.6009970333687
207, 1161.5898060945683
264, 1159.114923204048
430, 1157.3781867818159
1129, 1157.176359469064
3070, 1153.663762345208
2752, 1151.4162535385717
3385, 1149.5977765672676
860, 1148.0346886470636
209, 1147.7667329996057
177, 1147.6328930784769
1095, 1146.1998572582847
1852, 1144.7518897422487
200, 1140.634404517203
1651, 1139.3605006578869
557, 1137.8689540555347
3076, 1135.9789935776798
1187, 1135.425255678425
502, 1135.019124006971
482, 1132.6256095876963
1091, 1132.4854903121682
469, 1130.164521997945
120, 1129.7157587516065
1260, 1127.563859515786
545, 1124.454271234692
1253, 1124.390258119298
2022, 1120.4843176945228
289, 1120.008012065411
448, 1118.7234056247153
1584, 1117.9227659060416
3247, 1117.8937307650017
1128, 1115.635784209001
3377, 1115.3775847294814
3048, 1110.5079361112514
3109, 1109.8662612703679
3191, 1108.1116311340163
3081, 1106.8494946405942
2975, 1105.5841352085777
2974, 1105.5841352085777
1251, 1102.2129837760074
3430, 1098.9508164798203
3074, 1098.638027640689
3341, 1097.1604258158216
463, 1096.7617622749208
1257, 1096.13046640095
1203, 1094.5269524547455
3394, 1094.4698831424002
499, 1092.9359488172572
3401, 1092.4530145087306
92, 1092.346340281599
1998, 1091.5006925941432
2271, 1090.2057135848363
2777, 1089.7439798444773
1169, 1089.2441247603524
1227, 1088.5902382762024
1298, 1088.4266032039232
3106, 1087.9418347690444
1263, 1087.6090022054177
3403, 1087.198064178755
2973, 1086.3339277764155
2746, 1086.1880296053043
1436, 1085.393533113865
1688, 1084.135777426983
3089, 1083.7021209805337
2260, 1083.2369590855624
1125, 1081.2191632193203
2792, 1076.0380943216055
3107, 1074.5319444411186
1078, 1072.3356702609094
2110, 1069.000619244797
1964, 1068.6138133233087
1240, 1068.5144285010558
1086, 1067.7066021400954
1219, 1067.5435521203462
3124, 1066.1531451977717
462, 1066.0324081993444
3148, 1062.756250572669
2421, 1062.4575597321061
1446, 1062.1150859854097
61, 1061.931947196833
3397, 1061.232477433363
2968, 1059.8402802198348
1131, 1059.364621003215
45, 1059.0618772317384
132, 1058.7848944804748
1133, 1058.014380252314
2962, 1057.6761543931714
2783, 1057.6541461561098
3046, 1054.5251871834448
3390, 1054.0368754153726
3067, 1053.918297583823
1143, 1052.5880718568862
1773, 1051.0009077215302
3340, 1050.7551354606226
432, 1050.3283926977676
1059, 1046.5256034465065
146, 1046.131424458535
1040, 1045.518631058592
2408, 1043.7265801485535
1855, 1042.636709063141
530, 1040.919960637653
1132, 1039.1491697173165
504, 1037.9092180127004
378, 1037.526944157998
3416, 1036.7610298332509
2099, 1033.1255643723139
2762, 1032.5091975508135
1094, 1031.9592484279137
202, 1030.3920989730166
2265, 1030.2418724958582
3108, 1029.594469356298
2007, 1027.9287352625288
2976, 1027.8480767743986
2986, 1026.9794703984478
2392, 1026.175718298364
2960, 1025.943528866181
1624, 1025.498558195909
1230, 1023.8746927566966
642, 1022.841883326447
3087, 1022.6155121902234
2304, 1022.2625594931077
2989, 1021.1202829791811
1075, 1020.8041293967107
554, 1020.6916913811967
3096, 1020.4770101691712
1261, 1020.0504731951125
446, 1019.3458878250796
3152, 1018.7790837523107
1155, 1017.4239493891462
159, 1016.5746813321332
3181, 1016.0616461316166
296, 1015.2991629831258
2056, 1013.369559012737
2268, 1012.4801184688191
3400, 1011.1498654444221
2764, 1009.0630178653892
154, 1008.5006290318939
3414, 1008.1469404577592
414, 1007.9083277741478
3127, 1007.7880460143103
481, 1007.4553816547614
1678, 1007.1007818390683
1761, 1006.8439056890483
2963, 1006.2188973131186
2765, 1005.3160256308859
3069, 1003.9555415516862
2424, 1003.5795439844405
2071, 1003.4953029779488
1583, 1003.3080612769687
1168, 1003.1148415138886
2277, 1002.9418585056897
2396, 1002.708939574835
1206, 1002.6099488061108
3052, 1000.7722617275491
2348, 1000.6131874867683
1070, 1000.4076213649153
1138, 999.2492737645408
1194, 995.799747341397
135, 995.6477425892276
2791, 994.8188038015079
443, 993.6023986102045
180, 990.6101631393565
3142, 989.6774503658711
161, 988.3504200363352
669, 987.7598633743913
1881, 987.1749838478216
2967, 986.6575465726677
91, 984.0929834233467
1026, 983.3374129256675
2312, 982.9987228707961
262, 981.907341317771
505, 980.8310473856513
1856, 977.4331014766099
2015, 977.317216452302
2719, 976.866294733603
175, 973.7632026304734
2053, 973.1702159922114
2347, 972.9906340966538
1435, 972.870829816358
1857, 971.7609604900462
2761, 971.6223862291646
1136, 970.8785334268985
2309, 968.7086621856449
492, 967.5499973166932
3210, 967.1067599581532
1072, 967.0505867521806
3119, 966.0590092104902
123, 965.9341220709753
336, 965.2550525881031
1994, 965.1657169820693
153, 965.1051161584533
3157, 964.655242877548
1234, 962.1146943902334
3060, 961.9643807146538
133, 960.4259523195062
41, 960.3883126609833
1911, 958.9915363247221
1448, 958.8600748062405
3355, 958.340836083308
1963, 957.9577374995463
3427, 955.1998454822517
3135, 954.8754988933938
160, 954.4687642997526
373, 953.5981383492899
1662, 953.573235407547
2387, 952.7968909762919
3104, 952.7699269359553
3116, 952.4714279571368
429, 950.4196448507392
3337, 950.0877437757947
1876, 949.1347893603976
152, 948.5947444557816
1163, 948.3020662001032
2398, 948.1616244616978
1123, 947.5465076617708
105, 947.2046463376475
3167, 945.9413287173185
3088, 944.8936281660283
1215, 943.9746145248046
2733, 942.4777062094976
1995, 940.171300621431
151, 939.9604022954413
3408, 939.7325642143124
2977, 939.5087484169052
329, 939.2792980591975
3054, 938.9259525809987
1119, 938.485569341995
2737, 938.2696605950645
3398, 937.7644583429786
221, 937.4618143917983
1252, 935.8966785893989
1135, 935.7531142931799
2059, 935.6736370005199
2730, 935.6368702075385
334, 934.9761872467941
1872, 934.8090944407371
3379, 934.5806407432077
1228, 934.5340065450304
458, 932.6180389392572
1170, 928.6978710444729
2771, 926.3735558834344
1120, 925.7698541149092
3138, 924.7948758401595
3205, 923.4612334742286
2798, 923.3387188779694
3169, 923.0857609360918
1299, 921.8784380602406
3075, 919.8786040202547
1676, 919.8310408439953
40, 919.1087415424461
1607, 916.9952041121802
37, 916.5264206719141
3156, 915.6248548873145
454, 915.3663740067751
1198, 915.2690284906269
3389, 914.7176635535228
1533, 914.0210294744312
832, 912.9319679138206
103, 911.081405767542
1090, 909.1634868329053
864, 908.5452648477476
3275, 908.4255323722485
1851, 908.4058080705111
434, 908.1004780860222
1531, 907.9592873504896
437, 907.8094619195535
100, 906.7109776208309
2815, 906.6863765334404
1603, 905.039397439209
2075, 904.368309541217
3203, 904.064179015342
773, 903.3945140236489
2269, 903.1382659186522
1146, 902.8669818303226
1432, 902.7618233003748
456, 902.1524327902874
2735, 901.8849738391028
501, 901.6318467918718
2807, 901.5508789905988
2302, 900.9790941705086
2964, 900.8892978655949
3406, 900.7818763341072
2103, 900.4405038207715
2292, 899.251879116014
2913, 896.6121865821926
1126, 896.5714308070147
1997, 896.254541078983
1225, 895.3122884765071
220, 895.2392990016092
1760, 894.690071548904
1186, 894.4044390077653
71, 893.6179080471845
3328, 893.2753588180524
2394, 893.061974935911
2070, 891.8308772925349
208, 891.1365392730349
3302, 889.7832997419551
1116, 889.6550770561607
503, 889.5465449618107
2033, 885.5158542469338
119, 882.1037216637332
498, 881.4121025945836
213, 881.1244198110506
2267, 880.1790941383322
2080, 878.7425299773536
338, 878.6751742324327
380, 878.3324769961281
261, 877.8864666248621
3189, 876.633818075009
1222, 876.3297947333309
3172, 876.2797895297088
263, 875.9692684605294
1711, 875.8777136737654
2068, 875.841948286576
3426, 875.2478890046777
106, 875.1977984815144
2105, 873.9678574961739
483, 872.7799944084263
303, 872.1875835078961
1068, 870.4779981187512
3368, 870.4482466645081
3055, 870.0550891106093
2763, 869.8548092579742
2796, 869.2594142863455
369, 868.2343795582218
2337, 866.1572277157869
190, 865.8704052675183
546, 864.9475778471957
295, 864.8850446270425
1207, 862.6741456504025
2016, 861.5811465334788
3445, 861.2537445412637
3202, 859.7735187712825
2417, 855.7402691951822
3437, 854.7164791958996
1032, 853.5800399990717
1108, 852.7392798237926
3374, 852.5327346247526
522, 852.0242565037956
3422, 851.670738360739
1177, 850.2123449812191
410, 848.8650692974435
1667, 848.5298137912949
1061, 848.5100378850547
677, 848.3351335177097
494, 842.346959094612
2301, 842.1262262212998
3388, 841.6100732353367
2407, 841.2223425809974
46, 840.88207697443
284, 840.2085229544408
1848, 838.8919625542915
3140, 838.7938762578574
3175, 838.6397034544652
3137, 837.7382873789658
2770, 837.021897644329
2918, 836.9634585467984
457, 835.5884307340971
3404, 834.1481850740419
1233, 833.9908889115521
1442, 832.7907300733957
3065, 832.3032285300382
1975, 831.1221935783084
39, 830.8531056807304
3174, 830.7397552711785
3214, 830.541087764124
1224, 828.453117873321
1753, 828.1698271935788
2790, 826.8741162438257
89, 825.8033861359361
2024, 822.6548467787246
2740, 822.1815627316153
3285, 821.4392319036942
3122, 821.3902839391982
3434, 821.2349792380732
1514, 821.0118689754927
1991, 820.0675156530534
392, 819.506553060296
3126, 819.4647579669654
1184, 819.109831989173
158, 818.9369016911977
2413, 818.1047494907607
3356, 816.4953665083893
304, 816.3817754968903
3212, 816.2210275973202
2386, 816.1699919042134
166, 815.782024242313
1912, 815.028748058349
162, 813.6417173718988
914, 813.1889245895592
1110, 812.6639161140013
2295, 812.4873323664938
142, 812.1644674921604
1111, 812.051985203999
3281, 811.8101060120073
204, 811.0136356681919
2775, 810.1950149046606
428, 808.9960024527968
3182, 806.4832971688555
3424, 805.9403294557424
2274, 804.8879680475052
2786, 803.5237806081709
2273, 803.3131065418487
136, 801.3884966355913
852, 801.3697457809099
1259, 799.0397149818746
1076, 797.2066990388297
2548, 797.0780940880634
2987, 796.3529690368437
2757, 796.0931169004024
1441, 796.0688566621668
3032, 795.655615664659
583, 795.6271618357179
2263, 793.7135634719112
3447, 793.7046607575809
3298, 793.232678541191
2050, 791.8706032806944
2306, 790.9032154409391
534, 786.6356104994293
511, 786.2975951724865
333, 786.0414146927719
179, 785.7025221274055
2399, 784.2765754099701
2965, 781.2520305935683
3226, 780.486526020847
2018, 779.7488595727905
548, 779.6365821315292
1593, 777.9609654060317
464, 777.2545138165299
1071, 776.8476905017225
2381, 776.8394705727046
3128, 774.2913937747312
3004, 773.8034912591203
2029, 773.7322316681923
293, 771.118026023687
2011, 771.1007230370188
2310, 770.7914436902971
113, 770.7515150245919
1656, 770.1811461710399
130, 769.8863807789363
2715, 769.8320825889372
2825, 769.765595644595
440, 766.947632009245
2300, 766.2022162189631
1597, 766.0158234593367
2412, 765.2626338668707
467, 764.867508830726
121, 763.7959000966238
1689, 762.7651294852711
2252, 762.3474516068277
2766, 760.7197434981641
478, 760.4863713226115
453, 760.4624893545501
1690, 759.3343457608993
2972, 759.2236363990341
2026, 758.7833454409691
1996, 758.6480277441992
2298, 758.5527413906001
331, 757.5314940182895
444, 757.4016518431744
3349, 757.1168672251339
3110, 755.3126042179669
1256, 755.1994263036316
3185, 754.925380913861
2817, 753.7269825368808
3010, 753.5846058029013
2384, 753.1442288092755
3056, 752.5013400677699
731, 752.1432498258814
2787, 751.6084577235902
471, 750.0219178881384
3244, 749.4201581344964
2915, 749.3442872213432
2776, 748.6997562584759
2088, 748.5123143672613
2717, 748.2017991826142
1065, 746.6676723586496
2006, 746.5793478516084
3376, 746.1376870770679
1587, 746.0465219559561
1058, 745.3658011903964
1140, 744.5921498349978
193, 744.385767699653
2279, 744.2816692813477
451, 742.8914985953545
1220, 742.8594298642751
1063, 741.8487480324117
2772, 740.1693235721009
3173, 739.5649986972805
1980, 739.5225807410413
110, 739.491928019019
144, 738.5160416508475
2820, 737.9111001440356
332, 737.700667190816
167, 737.5237841444322
1150, 737.3557832707019
2109, 736.7031927880256
3208, 736.6105149383125
1134, 735.9969099704798
2224, 734.5224100138229
1142, 733.0095989453785
2716, 732.8945527706525
441, 732.6772083216138
3149, 732.0572903626503
1596, 731.1205235731326
3409, 730.7560880401703
297, 730.120898669464
75, 728.839753934682
2797, 728.5150845456939
510, 728.0552007493922
3190, 727.8937958796631
906, 727.7724290002179
3300, 727.6989453685521
3440, 726.4687166929916
1029, 726.170357982136
401, 726.1516290652758
1077, 724.9777237863797
2266, 723.5789053280271
1172, 723.5069510715903
415, 723.3135560871682
738, 722.8228014556315
1428, 722.204930865789
2550, 721.6500685955859
540, 719.5456786391926
2308, 718.7628511022275
2400, 717.8070663169024
168, 717.3971091657052
173, 714.9584365804795
650, 714.7594753563093
3093, 714.5364866000391
3428, 714.4167632069516
2352, 714.2168171071379
1770, 710.1171949647049
1683, 707.2637868835092
1465, 706.9142868253456
3098, 706.3959283667053
2920, 705.9184101544582
1443, 705.5610996109366
2013, 704.1528643467858
3417, 702.5341690598973
1098, 702.4217168891877
79, 702.18862847528
147, 701.9449568885314
330, 701.4210178475357
588, 701.0829553823181
1610, 700.6774763566552
1713, 700.2020350786672
51, 699.8429842599866
2344, 699.841977789429
2296, 698.4867853150425
2773, 698.4736353972351
2350, 698.1191394982828
2086, 696.8812836552238
2380, 696.2512140711663
2019, 695.4967935079101
2774, 695.3286983563256
126, 694.9841971249124
3245, 694.3487113831931
3386, 692.3471751653516
2507, 692.1942319200215
2076, 690.2546935975746
1608, 689.2312028246083
861, 689.0000166782821
101, 688.8417272104849
1180, 688.2458952505986
2389, 687.7672103553657
425, 687.7333682223448
1600, 687.2774085004755
3042, 687.2212293539151
466, 686.2918450413335
267, 686.0012689793375
335, 685.2687263163564
862, 684.1095704415426
129, 683.8465097139094
608, 681.141205048327
2863, 680.4393017465236
2414, 678.8933461014219
3387, 678.5257894236225
496, 677.7567704570656
449, 677.5651910494724
365, 677.0386865159267
272, 676.9556972117775
676, 676.7415273465559
2988, 675.624938673783
95, 674.5684820800893
288, 674.5074990294825
3057, 674.3402127675533
1870, 673.7955867672937
2278, 672.5919464020333
475, 672.5537680076279
2027, 672.4637968743466
1859, 671.6577630409333
2055, 671.6251045802841
480, 670.3666002359623
328, 669.6757415953521
3292, 667.9375909879892
1893, 667.8043511571946
2759, 666.3293034027735
1434, 666.3025644360754
1433, 666.3025644360754
488, 665.8870803974363
1880, 664.6263113050642
3348, 664.3689139128712
1660, 664.008939752639
1105, 662.0611299498087
2767, 660.734615019713
2799, 660.2103445632831
1962, 659.8237584503637
1100, 659.2018507391098
203, 658.9781183705077
1221, 657.6292215031584
1152, 656.3788618131957
3159, 655.7319338681214
3283, 655.5656074345314
2032, 654.8504711093445
2734, 654.7267010266642
1850, 654.4140396195618
435, 654.3703580282635
2045, 654.3311386936545
1034, 654.2545946055586
1159, 653.0529455697937
2411, 653.028504737683
2083, 652.7099625329307
2272, 652.6280020752454
2751, 650.4482986507695
1456, 649.6075265398255
98, 649.0645745034398
217, 648.4492054457294
2744, 648.2161229209123
2722, 648.0822444902561
2285, 648.0349903186374
2800, 647.1415314301195
1466, 646.9093655353998
2291, 646.2547991086584
1178, 645.5563364050494
2276, 645.3329057262607
206, 645.2908550603017
3297, 644.825765122641
299, 644.7620027491952
2097, 643.5275041171665
3276, 642.8150454146779
1204, 642.7799720569559
66, 642.729675105399
607, 641.4631467838807
65, 640.6211258918879
358, 639.8476694110468
3293, 639.6066140620313
1517, 639.1682207362746
485, 639.0999298446768
108, 638.1928678088326
2395, 636.7947541743399
12, 636.556193340819
2078, 635.1490699828391
90, 633.4511364566298
913, 632.4540652071224
62, 632.1684937292276
521, 631.3029347318411
3213, 630.87719606582
3287, 630.2038162067216
1087, 630.0607974182487
3176, 629.802774649973
1588, 629.728669756947
1440, 629.6098829876918
479, 627.4451314358483
1102, 627.3905015220381
3259, 626.3000981853924
1864, 626.2894708868383
52, 625.8861517184549
816, 625.2491600373183
2025, 625.2412511740341
1914, 625.0502784692202
189, 624.694678749225
433, 623.7244535590709
3083, 623.4261266598832
1663, 623.3858218508409
2261, 622.5404719352296
1581, 622.1668576252582
372, 622.1577886272732
407, 622.1535154870227
2311, 622.0431213793461
1151, 621.1868935565542
1156, 621.1756256091742
67, 621.0378077663855
34, 620.4451379458928
1237, 619.8205533714308
2723, 619.2326336412085
1680, 618.3986209756837
1073, 618.3117442077101
1675, 618.1381123199494
1243, 617.2460558298836
1604, 616.5565408907629
115, 615.6772236991466
1686, 615.4052105949035
1853, 615.3111954996341
268, 614.9874489708495
2748, 614.966902051425
1732, 614.8591971699135
122, 613.3587300459902
2020, 613.057639743151
3079, 612.4427205654855
260, 611.3753816978862
3151, 610.4033160576269
1235, 609.6375270315474
1813, 609.6148711673741
1993, 609.5545061701595
1381, 609.5313174358954
1451, 609.5242509136249
1611, 608.5366668528287
881, 607.822830897847
64, 607.730559506116
191, 607.4848861176774
3392, 606.4380877767186
3209, 605.8662335032277
1658, 605.484963474557
470, 605.3110560204977
72, 605.2313753955942
1910, 604.052550191797
3435, 602.8804382776964
56, 602.444193204092
495, 601.7645559802056
93, 601.2288253853981
424, 600.0046073569074
1459, 599.8638396663207
222, 599.1068439785187
2091, 598.7559616439449
562, 598.6948751668343
1854, 598.5938823538495
3315, 597.0743218272034
1216, 596.9586490155335
3071, 596.6369467264295
104, 596.120537680678
3051, 595.4974409609131
148, 595.104399144804
1707, 594.10030048262
670, 593.8509841688326
1460, 593.6749487976045
48, 593.5490481722783
468, 592.8427076669908
1464, 592.1883319549161
143, 591.3894289067126
82, 591.0039163820937
2378, 589.5366401443106
2238, 589.2144527408853
544, 588.8909896634461
194, 588.2123538645917
3084, 587.6696287468694
447, 587.2848134648191
1666, 587.2845697185983
1082, 586.9072258883334
1913, 585.102716961868
74, 584.1747819235414
2419, 584.1694582430633
2223, 583.181975983384
2971, 581.5936134762753
97, 581.0148888238738
611, 578.7047445705463
70, 578.6878341536209
69, 578.6878341536209
1462, 578.1658220129812
2294, 576.7092352535296
685, 576.503243140027
47, 575.955107856867
1249, 575.5309245173768
102, 575.3399461535065
3006, 575.1575541191561
406, 574.0885427450852
376, 573.1596623779338
114, 573.0882367403364
2551, 572.2150144749116
1958, 570.6016103038953
3274, 569.6614227026903
515, 568.9561764008259
3199, 568.7997633468376
13, 568.6566451079102
402, 567.0208969552203
2343, 566.8693995489054
2741, 566.2038023830339
1302, 566.1928633239754
3439, 563.4546616021859
1084, 563.4399951135338
2622, 562.9608734222334
1452, 562.5541371195536
452, 561.9183314842662
2768, 559.9146429509796
3246, 559.7512351445253
3050, 559.0412714236651
274, 558.9702438978076
2981, 558.594757492281
198, 558.2933411732517
44, 558.0868057995988
3164, 557.5980118417724
1771, 557.5106925152397
1720, 557.2204200540035
1002, 556.6604910961167
3171, 554.9067476481423
2286, 554.2339674555653
885, 554.218741116215
3178, 553.1914236579618
1521, 551.8006838222585
1244, 550.3717838444113
1205, 550.1326422750894
895, 549.4120330145827
1024, 548.9221983837666
555, 548.4982034565683
2630, 548.350004672256
2307, 548.3298458712258
3336, 548.0770866375035
1033, 547.0116936476242
1742, 546.9435390917087
1477, 546.8351119105683
77, 546.5336593280733
2005, 546.5180894998666
3278, 546.2146896051635
651, 546.171069106475
1738, 545.0271048307268
2795, 543.8869648883087
680, 543.8205672354693
2354, 543.7389011645149
678, 541.948418532027
2356, 541.7824648356926
2391, 541.7435927416352
2810, 541.1108850128136
85, 541.0100019242196
165, 540.2958595074587
1687, 539.7070850699091
2010, 539.5166480309762
389, 538.7288398728689
3188, 536.8380161975414
3241, 536.8194795955004
1153, 536.1208974572309
381, 535.1380729365915
3192, 534.9478712849872
1162, 534.9268957335539
1677, 534.8833910443136
2749, 534.8600596818603
1121, 533.7423026279137
3194, 533.7084263440009
580, 533.6607371054683
654, 533.1624566073808
140, 532.9337718566527
2257, 532.6714170940846
3432, 532.2191931596279
326, 532.0934810235508
2951, 532.0917134913436
109, 531.7023429089253
300, 531.1288842742008
2811, 530.6222155063061
1467, 530.6007691862284
2409, 530.2728684723162
2351, 529.8660170645853
3133, 528.9479356176887
2034, 528.9307903975082
32, 528.5814700646965
2106, 527.7409970066936
3433, 527.7220842896081
3211, 526.3387029088676
294, 526.1644855272077
3092, 526.014461627092
3305, 525.8888485205982
379, 525.1632781786964
2314, 525.0715499541061
2483, 524.646026615662
1081, 524.4266098821801
2736, 524.3462309607468
3204, 524.3446545550285
2549, 524.0290211117252
2808, 524.0071592375102
96, 523.7267352419997
134, 523.0341335543294
563, 522.9624024393438
2108, 522.8778339656099
2003, 521.2421147214322
3350, 520.9113539540792
1669, 520.5538111382888
956, 519.8004391963549
3039, 518.901718653355
2454, 518.5065568204162
1725, 517.9856403401178
3040, 517.3681713457565
1238, 516.8857803386892
613, 516.3839899939569
2259, 515.8217775474427
3170, 515.5341420322886
1406, 515.1885141427656
2900, 515.1136193116928
275, 514.5060299303973
68, 514.4492650142454
2513, 514.1190796720284
1970, 514.0470880812823
228, 513.7154529458795
3380, 513.6794244556463
3197, 513.1629623589486
3413, 512.6582077358671
1722, 512.545853093865
2793, 512.3180093652636
3304, 511.8469530004068
1718, 510.9093964385428
916, 510.5159758457399
2288, 510.4725151687048
1746, 509.9860792461148
3144, 509.3305181200506
1685, 509.18788671693954
3384, 508.8861516393816
3095, 507.5599442816326
3206, 507.0270293857246
35, 506.2452905122522
3059, 505.7244627778855
1439, 505.1433525626617
1189, 504.8594967472591
3062, 504.82379995290614
655, 504.70493079816
1838, 504.5286679144161
2651, 504.1920577431922
1877, 504.18940014837045
1513, 504.1629417129029
2802, 504.0713003663225
3243, 504.02288589479593
57, 503.8690300305522
2406, 503.5993574228419
2385, 503.2079800003728
1646, 502.662904160162
2104, 502.00808130564786
3312, 501.62177499268256
266, 501.5724705137579
2218, 500.74661503621076
1627, 500.3310705988157
509, 499.81123193908627
637, 499.5021872894157
2666, 499.45911637160987
3101, 499.4394328383205
3186, 499.42997560380144
1719, 498.50603414886007
1879, 497.9477634383834
1079, 497.06975546640905
649, 495.92126538196027
2048, 495.69736109857246
3289, 495.47079494092293
282, 495.4581120077786
3200, 494.7422190440922
2789, 494.48171935795204
1122, 494.3533619238167
445, 494.13784810686826
2404, 494.1016574961361
2041, 493.6984226156209
408, 493.18755323071656
2280, 492.74211885472045
298, 492.6481216641274
2491, 492.2486048164181
3284, 492.0440755329658
1457, 491.2681925591912
3143, 491.17619521571635
679, 490.7328483725997
2275, 490.68033664127563
1502, 490.67399528386227
2801, 490.5789152501001
663, 490.5678325829423
3431, 490.33771595720935
1729, 489.62672603269374
1693, 489.02624531536935
748, 488.86479166559093
3163, 488.3786724315088
2861, 487.65834077294653
1625, 487.62115376319866
3294, 487.2742474170826
1632, 486.2328406064862
1, 485.4265805140684
473, 484.67406530935386
1874, 483.71474596308855
1758, 482.94310769264723
2203, 482.91213187108315
2505, 481.86902803009434
141, 481.51332364444613
2508, 481.1443588436013
1695, 480.963280150809
3443, 480.8145720997684
1708, 480.5864204230298
1397, 480.49889193315096
2721, 480.37224260752663
1258, 480.17002482959106
2433, 479.51004642245834
280, 479.4880753120741
237, 479.2236642619504
1461, 478.7078131757338
427, 476.7690177656793
2546, 475.80700334993537
1634, 475.3785149846899
2948, 474.4945249881652
3147, 474.2963903358738
2240, 474.2137414751494
643, 471.33885862841026
3134, 471.09111594852766
1756, 470.5104140816146
1232, 470.29276487926586
1231, 469.73489029313606
859, 469.1995511786844
2566, 469.1947544177251
838, 469.12436671830164
2742, 468.38716364893395
2442, 467.9029965143288
3354, 467.59781757486047
2002, 467.5287321279454
1515, 467.306916672907
2823, 467.18922167916907
733, 465.4807338287728
219, 463.72343241396305
439, 463.5132635001738
1605, 462.7533843397125
2093, 461.0412383381074
966, 460.741719942489
2338, 460.62633005424635
2021, 459.93473394959176
1971, 458.6200690224221
281, 458.45548847275
3314, 458.0542958493179
2917, 457.90385795845873
3327, 457.7335224176926
768, 457.6786561014885
1106, 457.14371040684995
2864, 456.45502055037116
2355, 456.41671786640626
3120, 456.0335083877625
1698, 455.9580986240084
1709, 455.7051166506089
4, 455.5845155822211
1191, 455.51639985132516
512, 454.8776754640125
732, 454.2042114851501
42, 454.16876886051165
232, 453.9285469708938
3184, 453.5375128520989
302, 453.39650287051563
2258, 453.3361151062636
2688, 452.9598556482725
84, 452.62857696002436
2784, 452.54028214407924
2039, 452.10050108183844
2645, 450.88948424514945
1694, 450.4817103056451
1875, 449.7674254837892
1740, 448.65939929661914
1647, 448.22696575565834
2860, 448.2078185668273
2270, 447.2928248506131
1717, 447.2746956998209
2671, 446.78245351608007
2788, 446.7667755201468
699, 446.43930386975126
634, 446.0810564776243
551, 445.0321418123411
2287, 444.2312448814709
10, 444.110726772242
265, 443.9180994359048
1894, 443.0379230876512
1171, 442.92998527194914
2755, 442.87254749784563
455, 442.1463191958908
1968, 442.1223629104469
182, 442.0232997271384
2008, 440.8105179626365
2524, 440.6864611496802
1858, 440.2872774563564
734, 439.8509048254496
863, 439.76466596762276
3082, 439.20483351286185
3352, 439.1469390147255
1185, 439.1030409665152
150, 438.944651437613
1682, 438.45089524805803
491, 438.1868715341502
87, 437.982634017383
1800, 437.5770458538658
2705, 437.5766952846939
2353, 437.5294190090628
2824, 437.20914701442473
757, 436.9172118696886
513, 436.71030694952026
2610, 436.4143664220112
58, 436.2933172296772
1714, 435.93011964120694
1642, 435.38288207405054
2583, 435.2081300296685
3234, 434.80959971124264
73, 434.3894038910563
2816, 434.3747891836994
88, 433.75565147408355
2559, 433.7233578325019
2758, 433.45966312619106
2587, 433.1601287344594
2696, 432.8978372645572
1726, 432.7344763629776
1641, 432.5978139149882
3162, 432.3490154412001
1516, 432.264515268105
1644, 431.34445354063814
460, 430.9912921632508
518, 430.6263485646401
1104, 430.4403398709909
2210, 429.9999673014745
1661, 429.74746105137064
2393, 429.63407718363294
3239, 429.61369343666473
1316, 429.29298178839747
3264, 428.77297907386406
3168, 428.6934265683171
3150, 428.6215827331281
2562, 428.49195241573557
1747, 428.31699565798766
2553, 427.92667961797065
1868, 427.60606265014167
1739, 427.54271231357404
2780, 427.0152998857601
1057, 426.99615433847123
2607, 426.4260340700902
3187, 426.36997214461485
1255, 426.1837180085355
2244, 426.04559792508496
117, 424.888476528562
398, 424.77255715389765
2192, 424.1977289587961
2558, 424.14738772506956
2004, 424.1031306930831
1731, 423.8458798840157
2782, 423.684958967702
3146, 423.37604983664113
1871, 423.18857459888005
2098, 422.78513883565114
2379, 422.7645519991407
145, 422.6578111447736
3041, 421.9180835956184
1705, 421.9040505325291
214, 421.5855779401995
7, 421.154152125761
3324, 420.8975642300529
1062, 420.61900266140486
1715, 420.4950942554982
3444, 419.7547040000102
3290, 418.8124333175663
2217, 418.7184285781774
2030, 418.70441499154003
2305, 418.21104141453276
412, 417.9895203951841
3248, 417.3778435756466
409, 417.24339987051
2152, 417.028426011175
2731, 416.28254247016935
3123, 415.77619120961685
1626, 415.6661276992322
1755, 415.4878796496774
1703, 415.46564131520233
965, 415.2294617861337
3310, 414.8447801789694
1630, 414.0029404672496
2812, 412.7127202515529
3183, 412.67693353007695
561, 412.1722796961307
1785, 411.4729442712575
1752, 411.4487688051356
2017, 411.44499888507687
3105, 411.22674588997586
957, 411.1039533274809
2781, 411.0722256952924
291, 411.063923704349
2690, 410.9457359533974
2473, 410.8491130403663
2514, 410.83973716116094
2101, 410.61994597955726
3063, 410.1033366825122
626, 408.3309404230681
3090, 407.9668466821438
2694, 407.5104966542534
2415, 406.80786196536894
399, 406.50276862489324
2710, 406.4263808174386
3129, 405.83666465892213
216, 404.60452793804154
3225, 404.275260073789
3255, 404.1005893746841
404, 404.0775153771872
3279, 403.9582229819345
2653, 403.486964521526
1721, 403.31214629142204
2779, 402.3136251781082
3066, 401.817830439771
1966, 401.6139373091977
156, 401.3878024648264
1692, 401.33445263820425
1643, 401.28075059388806
385, 400.98441969826814
250, 400.91298494162925
199, 400.48462414822137
2102, 400.18964290395326
1788, 399.62160543095627
2536, 399.11387767182555
2650, 398.19569990963055
2571, 397.9851831539375
1518, 397.90812809806334
1892, 397.34265781900325
2624, 396.77236233577105
1814, 396.76184490148825
681, 396.73779704168055
6, 396.66787528304434
2497, 396.50335557856135
826, 396.1299522916942
1712, 395.5881956302593
3415, 395.5512353940125
1710, 394.94620172875767
3080, 394.18135707128545
1638, 393.84748506656643
3130, 393.831549464228
2785, 392.6815030453516
3306, 391.81333436711094
3207, 391.718780981227
2756, 390.7755968352982
2640, 390.7598449319802
3299, 390.345446155396
2745, 390.0010775876586
3318, 389.8654820308261
0, 389.58136489129515
1744, 389.49426848332706
2416, 389.36594876454444
2657, 389.0016771497066
254, 388.8140138946901
2720, 388.32587187736567
1733, 388.11684944814994
1454, 388.0719739195644
1869, 387.43999981734197
3347, 387.3949426826612
2857, 386.9001493664862
2574, 386.7167166740712
400, 386.1960597686549
1631, 385.9925365751904
3111, 385.9427911454458
2652, 385.87602185581966
276, 385.7425573719134
1028, 385.3395457347358
2390, 384.8875541075942
2620, 384.85717598624825
21, 384.825628016746
1748, 384.7606957803913
2686, 384.6934946854349
28, 384.6303181732742
278, 384.5422085503858
3, 384.4593064365716
395, 384.3781949945007
107, 383.62254418126855
2805, 382.9735833216912
1735, 382.8430497664903
2561, 382.52577102855213
1716, 382.5168382093276
2814, 382.24923739966664
2677, 382.18596335643616
2832, 382.1488817633356
2525, 381.0591633464366
1701, 380.68064515531165
2641, 380.3784288545492
54, 379.876940631084
1659, 379.77933522409415
647, 379.54053179574674
2649, 379.47874133207944
3383, 379.3799859595352
953, 379.34753374867984
225, 378.89114669352557
3099, 378.75223662174466
9, 378.7256089685885
3236, 378.5240277270372
1794, 378.31404169570186
1672, 377.9699179612438
19, 376.77794493984806
2289, 376.4727674111551
386, 376.1257415596392
2853, 375.97598043327235
2293, 375.6666038853989
1463, 375.16581114042793
50, 374.868154976174
3316, 374.12746456590537
112, 374.0417132935587
1684, 374.02408448760224
2712, 373.94333837514785
2572, 373.77653261525967
1670, 373.6606579986075
1324, 373.0228261845464
127, 372.3470571495813
2656, 372.2711675042126
2111, 372.2521362243298
2096, 372.2521362243298
2646, 371.64570591109776
411, 371.51280588519296
2520, 371.34918865582654
2340, 371.02053769764046
255, 370.5424471344036
1730, 370.4420495865638
3020, 370.39863455771757
1743, 369.72918338735815
641, 369.49411228063605
11, 369.0644619395899
1700, 368.4342469509942
1891, 368.1293127429337
2527, 368.03668083301784
3323, 367.7238158857954
36, 367.6185000152075
3097, 367.2907640914965
2601, 366.8076820590532
2738, 366.71016189574135
1633, 366.36617336034465
1741, 366.20939626072584
2703, 366.1776673466906
1699, 366.0025081339141
2999, 365.98247593549866
1873, 365.97001287445414
375, 365.7343095128579
1668, 365.244390038715
814, 365.18011594877777
30, 364.91150971491265
2668, 364.7905749749541
823, 364.5773740384488
2608, 364.2457732872776
3362, 364.20544887959875
2683, 364.19530173764593
1665, 363.85811400947983
3201, 363.74993610581373
2191, 363.6473500765024
3265, 363.6238560939152
1628, 363.2331246054354
20, 363.15131635648
116, 362.89966351794095
524, 362.33174179591214
1671, 361.80025140010747
2212, 361.4651987977933
2383, 361.3825630146009
1645, 361.34524994045137
137, 361.23758221507853
1754, 361.0843893195909
1724, 361.0701811324433
1818, 360.0706584233798
3112, 359.66565250280206
3442, 359.59708375140764
287, 359.366376862777
2568, 359.0015804225272
3136, 358.51066323465113
2959, 357.74216446538526
3215, 357.1691036685063
1723, 356.4806422234259
1047, 356.4137637970994
2621, 356.0686391942494
2580, 355.55012842103037
2283, 355.4690365749964
1657, 355.4151347447685
1706, 355.3448397911425
3288, 355.1280971554469
1745, 355.03497389020015
3295, 354.86201729694426
1629, 354.7872085235053
2451, 354.0693281143775
218, 353.70157692745744
2320, 353.6776380028733
2635, 353.53052391796876
396, 353.44180217850544
3235, 353.36658457278577
2592, 353.0435936281483
1941, 352.87765184777584
3017, 352.62322531216194
1650, 352.4578214959602
3009, 352.10511554659774
43, 352.08279405372923
735, 352.04882313915687
2179, 351.82380748555994
118, 350.95685684608253
1967, 350.8548943232633
2533, 350.61291623249036
1637, 350.25365374114216
1309, 350.22253569676815
1728, 350.18879691094105
1734, 349.373406292087
2485, 349.29898313671646
3311, 349.09873677136653
2726, 348.8210796606333
2658, 348.6073497974451
2563, 347.08814217118226
3232, 346.66645681685293
2466, 346.6360076828275
1681, 346.53114059841056
2681, 345.79538730752864
1679, 345.7051334914376
2889, 345.57320707410014
259, 345.54026413758834
8, 345.35170095006634
1639, 344.9010221704621
1704, 343.95328541373283
2208, 343.873085825064
2697, 343.69457246145373
1114, 343.31207279430225
5, 343.23428747788444
1727, 342.92101798537465
1649, 342.70522923502585
1004, 342.5441526832568
2597, 342.15134857513914
508, 341.92452598906095
2493, 341.8935963269345
1697, 341.61571070522643
848, 341.4322906812781
1574, 341.2090785497841
2575, 340.63572624199895
1691, 340.5438094422817
3254, 340.42696811727205
2486, 340.32206977967655
2397, 340.16581122454124
2449, 340.0582580626945
2339, 339.90797852338943
745, 339.44701677392436
2456, 339.4131670441504
3005, 338.96797791429253
2204, 338.7277338123137
1648, 337.79941853054345
2239, 337.7719017364656
212, 337.5132101033719
1940, 337.01664407336204
1939, 336.99563101269234
2604, 336.81449750025706
388, 336.62837153958793
2211, 336.60079332981013
1509, 336.2735647251497
195, 336.14706514429736
1824, 336.0762199527347
1484, 335.4777770274291
1410, 335.43082843077303
1749, 334.1835894424362
1806, 334.0958234547225
80, 333.8958994570364
3231, 333.7066664700919
788, 333.51729262462334
3094, 333.1390381805359
2153, 332.28186575530304
2134, 332.16702739901075
2235, 331.8394548273672
252, 331.2807445398765
2611, 331.1925422182361
2589, 331.02791388441824
497, 330.64775740546185
1562, 330.5298411203934
2461, 330.46996862092436
2878, 329.84121228792094
2528, 329.76338214296766
2167, 329.43915634356426
2185, 328.5278537597002
94, 328.28257031511504
149, 328.1263484974583
474, 327.74608672127084
2087, 327.73149896878607
3000, 327.5465468504576
2475, 327.4353246712278
1882, 327.3212427409065
1674, 326.19286369014645
2655, 326.1463638888137
1702, 326.1337143122688
2282, 325.98303181479565
2453, 325.8357544631003
2778, 325.6894242245715
1572, 325.3059295685476
2193, 324.5219283809083
2158, 324.1079100095811
1751, 323.919704359646
2648, 323.8210992857013
2429, 323.35813175336864
2242, 323.1106874823511
1636, 322.6313832851879
2139, 322.5738292433112
1696, 322.49636895343104
1576, 322.27942534286007
2184, 322.0265286323968
138, 321.3619040169807
2226, 321.3055831748188
2612, 321.1374533909102
682, 320.963022187228
1951, 320.5222760192767
1003, 320.20481376484463
917, 320.1677450281497
2616, 320.12168857502587
3195, 319.6435752450849
923, 319.51854718734404
3007, 319.14887180306357
1635, 318.85690535082705
2806, 318.3457807686223
2564, 317.06261828118386
2856, 316.90673477998683
1907, 316.4893860149209
2299, 316.4133080434428
2177, 316.3505038078008
2249, 316.2130785282942
2543, 315.98019174415634
3258, 315.7124607935301
2484, 315.69431889247403
2180, 315.63726568449033
405, 315.0694182052572
1750, 314.75937406977147
2623, 313.9481471836687
196, 313.1679931970514
337, 312.9542346917112
2264, 312.9255649268084
1737, 312.0790081900257
2673, 311.8700700534999
2809, 311.46206646885383
2980, 311.21343873371666
2859, 311.1024539043055
2207, 311.06828987522164
744, 310.42940602557746
786, 310.2558662924539
3313, 310.1503561986081
1418, 309.9360216797709
2605, 309.8027489618843
29, 309.7657732454023
1573, 309.7591661962194
2345, 309.55094219293846
3025, 309.51026150516003
2346, 309.0189340839241
2531, 308.9675199488849
2205, 308.76039852899606
1269, 308.35867324005136
2170, 308.3585008711435
1810, 308.2342544946616
2821, 307.62637698747415
2626, 307.2531007857569
803, 307.2020653309355
2124, 306.812327172334
2991, 306.4223066196934
3296, 306.41613684550794
2094, 306.27664100002863
353, 306.08949414098265
2603, 306.0409796943767
1759, 306.006480488303
2349, 305.99584310968305
2342, 305.84797871327186
2135, 305.8437097028664
38, 305.7810345654064
791, 305.7668693405408
472, 305.74470089971834
526, 305.72188740622505
2492, 305.6389168477384
2693, 305.53234620851504
2586, 305.4492692753394
2341, 305.37948606665384
1543, 305.26527422291065
55, 305.0617950627336
2498, 304.8564424748972
421, 304.85131296632005
615, 304.8000366707059
3160, 304.7129177098522
3021, 304.4392972767123
2695, 304.1210209382327
2679, 304.1140311980849
2570, 303.7704520017859
1210, 303.0144658435734
2462, 302.7460676403504
15, 302.7058164730203
2654, 302.66921855981826
1884, 302.4483455354783
2490, 301.8428355274101
1780, 301.83781084549304
2262, 301.6375274879876
234, 301.51682369885225
394, 301.3821127337413
727, 301.3406738372289
2606, 301.25049489870776
2713, 301.0573444264838
2692, 300.9511525295825
686, 300.91399135713743
2534, 300.8864875879001
857, 300.60893119325226
2496, 300.56427264471637
1640, 300.4104954233237
2687, 300.2909319957918
1652, 300.20091657167507
1567, 299.9885407665102
1530, 299.9179800504751
3016, 299.7655470086659
2313, 298.9341220702871
1776, 298.91620908956736
3269, 298.9082067944166
2464, 298.65054477203483
3262, 298.56356521976437
2538, 298.1916181013217
2519, 297.9898187643422
2236, 297.9178785890524
2455, 297.8733782419582
2822, 297.45203468074476
3113, 297.4223272121631
3091, 297.38582684299905
1045, 297.07307357517357
3018, 296.9543178112855
2284, 296.2311149459905
2629, 295.91896292179706
1653, 295.81732647484034
746, 295.6623946669264
1039, 295.5776445081966
3029, 295.5082994857827
3180, 295.3948325273037
2704, 295.0475843732675
3193, 294.8632504059889
2195, 294.8030745764452
2600, 294.7311551834768
2707, 294.5501485888007
3261, 294.3552907816012
2435, 294.0727874677947
2428, 294.0727874677947
1960, 294.04302385823615
1943, 293.3415372658933
78, 293.3029012486763
1885, 293.277743243205
2511, 292.5993917533344
1655, 292.5625514313581
2638, 292.5064924117747
2522, 291.9499864618506
2869, 291.6244959486011
2936, 291.58757372268883
3251, 291.5500438649646
2452, 291.44786287093086
579, 291.25396260458945
3344, 290.7614390558622
2318, 290.67183104331133
527, 290.3290738165253
2644, 290.2767319150366
2581, 290.22967604200875
2506, 290.16273222202756
2187, 289.9876350687109
248, 289.45652515269563
781, 289.10534054261365
2675, 288.8375267047564
2700, 288.7054837439768
1557, 288.6212727547288
2194, 288.00405217204894
1822, 287.6134580044518
2479, 287.42931345302435
945, 287.3559426157572
2196, 287.10667041278083
2188, 286.9355398941368
2662, 286.8136485532005
762, 286.7920160321061
16, 286.78216488723154
936, 286.76361936179194
3329, 286.37038874965225
716, 286.3380327625617
1306, 286.3140853897377
1023, 286.29782067335555
1807, 286.2724386003962
2499, 286.21360049667067
2157, 285.99094123711393
612, 285.8813372429861
2495, 285.8552638188845
2438, 285.65628748681786
3260, 285.6235893019085
2632, 285.4386235320688
3361, 285.33210382646064
2997, 285.16632322318367
2727, 285.0066492707375
2460, 284.82038228137554
1525, 284.64739036010536
2079, 284.59236632397733
2760, 284.56850508813733
1356, 284.55678166580043
249, 284.4006708522751
844, 283.909831371984
980, 283.84095828295085
2243, 283.6608447426263
2044, 283.4864084669981
321, 283.4278555025725
981, 283.40468749313976
1575, 283.2007389875876
3364, 283.0801787732583
1571, 282.9870006965755
3019, 282.870478276243
2953, 282.8644040357481
2142, 282.55105914481277
575, 282.3963111691372
2665, 282.09472893588173
2488, 281.97586473438
717, 281.3893435419789
1336, 281.24204705340014
27, 281.0429643406837
1999, 281.03375668579605
1985, 281.02800430757736
778, 280.9469934272841
1617, 280.5415094397472
3165, 280.18984357291185
2440, 280.1618052194657
743, 280.1397287813332
2037, 280.12603097980144
3233, 279.8894780362941
698, 279.8437147039308
2530, 279.3929049004722
1559, 279.2292639665598
1803, 279.12957521673053
825, 278.99900257920933
2189, 278.7526790073119
2698, 278.6348261279205
1615, 278.5933835366373
2993, 278.1698650094928
24, 277.8078262543185
920, 277.74230074944103
1847, 277.681592418104
817, 277.62230216120787
2160, 277.5086007629842
961, 277.24107752536423
581, 277.19693865643745
3100, 277.16028228262303
2365, 277.0291611848842
3319, 276.95315911708343
2092, 276.75193589139474
2714, 276.68005994830514
243, 276.6746116723732
2949, 276.4891153291995
2477, 275.6443826463813
23, 275.56374475005475
2360, 275.4803486697179
2509, 275.4040246089955
815, 274.685409070494
1889, 274.2389532244098
83, 274.1171911958717
3301, 273.93996747269296
969, 273.8449668611906
787, 273.72152446725715
1424, 273.51718766355776
2879, 273.33993644382423
600, 273.2231508967942
1623, 273.16439512302657
417, 273.0427131508392
808, 272.679345018234
2743, 272.6667937195124
2145, 272.5261478559191
2625, 272.2723637490215
247, 272.2062041270305
960, 272.0582119672065
2362, 271.36820384165
2670, 271.09444162900013
1037, 270.88865913217103
1279, 270.71646887143623
1664, 270.7021941761634
2095, 270.40150593227503
413, 270.37330429104946
2537, 270.3243443268495
709, 270.23774709915
2535, 270.1608997553083
528, 269.9526012514324
955, 269.5232560907761
2829, 269.30003529589055
2220, 269.08216475060516
370, 268.81365553166086
2634, 268.7257051374543
2828, 268.6997260288945
2845, 268.46209267801106
3266, 268.33495346676403
2684, 268.2432833507266
2598, 268.1956383141173
1331, 267.9366979384496
1977, 267.66684683898507
2970, 267.60810462669184
2214, 267.1728204866268
2431, 267.0384583162815
319, 266.93845732984323
560, 266.7420679058387
2907, 266.6687204955268
2061, 266.63267951894346
2565, 266.5468730747675
922, 266.4750776082007
2427, 266.1429089207852
594, 265.9413494755054
3320, 265.85970047655513
242, 265.5714570368757
1038, 265.4140064374869
2181, 265.2761715151915
2401, 264.90238632922757
691, 264.4149257168712
964, 264.407977041235
2122, 264.1918401004964
1412, 263.6164285876971
1211, 263.47677918211684
2444, 263.4002970380036
2552, 263.07504371115607
3357, 263.01019599146275
2660, 262.551420055305
1840, 262.3187592081039
3026, 262.3073294949535
1490, 262.27001573817506
1473, 262.11056491885637
2669, 262.1010829962685
601, 262.06080301817974
2434, 261.95793431177117
1423, 261.8045899290431
804, 261.7198863817507
999, 261.66708205500987
2219, 261.6119769393639
2472, 261.48905342063995
2846, 261.123219704427
585, 261.0725916608399
416, 261.05821090762726
2591, 260.99145314195425
2877, 260.93762037836706
313, 260.89651476717665
574, 260.5061603720227
2699, 260.38217477564496
3228, 260.32720409096004
903, 260.3259649876105
2659, 260.28982902262163
2667, 260.2587994877122
1790, 260.1548151996189
1839, 260.13201751243054
1266, 260.12936009182613
907, 260.0272493372486
2905, 259.7615560754456
2576, 259.76030339802975
2231, 259.7149574067476
1599, 259.6700978932166
1566, 259.5079583786371
1315, 259.4782950908555
2691, 259.43232515896665
2502, 259.41362176265403
2501, 259.41362176265403
2804, 259.3049181378783
1890, 259.17309172822024
1371, 259.11900584328737
2209, 259.0019864719011
1487, 258.89246527817676
972, 258.6822651527527
2614, 258.6211441343692
1314, 258.6125553457909
1308, 258.5577016445852
2422, 258.5175794161921
789, 258.4459817892112
1523, 258.3686342155687
1887, 258.27951294011655
2996, 258.10525881402117
2228, 257.6960830490224
2992, 257.6657121695685
2405, 257.5539085673386
2858, 257.5067773510429
856, 257.42243427186264
2664, 257.38773655379885
2494, 257.2120727414145
2661, 256.97031280266077
2474, 256.93210759098474
2168, 256.89257745145954
3229, 256.80535954247244
1957, 256.6669061526364
2631, 256.4238925959343
1408, 256.3769330193077
2469, 256.37686040301054
780, 256.2565362196907
2206, 256.2216374795132
2837, 256.0882814900165
2617, 256.07622302465137
1577, 255.8292207870238
1594, 255.73233397037976
529, 255.66061137712467
2200, 255.60159126876695
872, 255.58660203568976
1579, 255.5624624759296
837, 255.49358157892317
1942, 255.1055706773457
2609, 255.0093833273978
2173, 254.95101248674592
2165, 254.50096692533793
1495, 254.37947504690308
1984, 253.99720084989403
593, 253.8233051601133
1846, 253.80108411761816
371, 253.50305418041134
438, 253.44951390610862
1823, 253.4387468852588
3008, 253.34636373296297
2627, 253.3343755811318
3249, 253.32452704397156
1895, 253.2736367329651
2510, 253.21655599581436
586, 253.17061150636945
846, 253.13649226660095
2521, 252.8509619943584
1369, 252.77243980489007
928, 252.74675109815055
2457, 252.71562731697676
1321, 252.50174468028223
2171, 252.5012908666861
2190, 252.3701040622996
2674, 252.16697325336702
2334, 252.086309564862
3253, 251.94934503466564
3270, 251.78639412108015
683, 251.7631241784482
845, 251.75205970002656
1505, 251.37795633962716
3033, 251.33511152572135
558, 251.3250015250556
2476, 251.16676487880562
2256, 251.12312108395736
2541, 251.07776318764635
2164, 250.87125146939877
3267, 250.81554264973346
2678, 250.65484684867297
2637, 250.51175011232058
1986, 250.16861887307059
1508, 250.16319728106043
1001, 250.1071465920087
1983, 250.005342514822
1300, 249.91196727551326
2567, 249.87366125557665
2542, 249.85827929889444
2998, 249.78945725848592
638, 249.65971216002563
2724, 249.61226866546545
2504, 249.4827677624096
420, 249.42372506313254
2841, 249.36559482397237
1348, 249.2923095572344
1109, 249.2585519692557
2089, 249.1995073638586
696, 248.87459254654118
1289, 248.86491316276917
81, 248.82036313052043
1828, 248.7672357592711
2619, 248.72181337289157
1527, 248.57283564160647
1580, 248.44933628896112
3325, 248.32507211337747
419, 248.2344100270838
775, 248.06888690751626
2557, 247.9839174972996
2448, 247.80823480998973
2956, 247.7837403226388
2113, 247.7277678064679
657, 247.59876188562865
886, 247.45284914970867
902, 247.33299236661114
784, 247.0817914457751
2839, 247.07663447791677
1792, 247.01997095830825
2372, 246.97931189988867
661, 246.90217427770023
3263, 246.8534851918717
2676, 246.72915461427473
2478, 246.70191264944225
2850, 246.37905323740142
1404, 246.35085747255624
1510, 246.343756548399
821, 246.31709514808725
3031, 246.31322451179176
919, 246.26760655981528
2150, 246.19152887450792
2074, 246.10689147571483
1425, 246.019127124615
602, 245.9552319001093
307, 245.8959723617409
2702, 245.89134745620305
2229, 245.83952538080155
1501, 245.80498172970022
2324, 245.79257363149753
1488, 245.77138553145244
2439, 245.76096686923572
2706, 245.6971691531226
711, 245.54533382389735
1478, 245.52006760825387
1494, 245.45941264598855
708, 245.29272929196435
2321, 244.88116377704463
659, 244.7740477845546
2115, 244.57855356632783
599, 244.4647557070957
839, 244.3795279548187
639, 244.30267414719356
1390, 244.0347186674278
1421, 243.76354688857984
1883, 243.75276465737542
3002, 243.55326459357804
2117, 243.32071006301302
1481, 243.2189275495675
987, 243.0976666805021
2852, 243.09640478651826
2560, 243.05246648218767
1380, 242.9956813563337
2230, 242.8884999883957
938, 242.87376680898242
2467, 242.86495527539748
26, 242.7948348956571
2851, 242.68809779103788
2866, 242.67131743045488
2585, 242.583753273474
718, 242.5030718372721
2082, 242.45029903323103
606, 242.35573878475915
3014, 242.26738354032972
1322, 242.23251658188516
1820, 242.17073422136906
2831, 242.00094551530847
3321, 241.9456353625997
2125, 241.92033709469194
1396, 241.91229732983098
1908, 241.9021250031531
1512, 241.88611944545679
790, 241.87957118446752
777, 241.862369756884
853, 241.82604580109498
855, 241.7649015859461
1361, 241.57816696828075
1886, 241.5377721639141
2459, 241.4931777610072
2642, 241.3410344178456
1549, 241.2668505682787
584, 241.25616447781601
17, 241.12312126300705
1455, 241.0379554840371
2577, 241.01151129674955
256, 240.924398858686
2255, 240.84619422951948
2359, 240.82007952139608
690, 240.79313671583148
2544, 240.50138665380572
2554, 240.4605557275247
2529, 240.44856728418873
2595, 240.39944298005943
2994, 240.38566589052837
1268, 240.2881050049403
1271, 240.15522638443358
418, 240.1442524817203
798, 240.0814731498271
993, 240.02649771439235
2628, 239.92986520059196
1389, 239.72597801192663
730, 239.16154019376174
2482, 239.09889709133066
1614, 239.0352316592776
776, 238.95149428074342
1560, 238.9244465832915
277, 238.90180700534788
2663, 238.84102156657926
3250, 238.81488197887145
664, 238.64339973936683
665, 238.4538265091876
3326, 238.40905844779337
2898, 238.37166854491022
892, 238.30268153132806
235, 237.98720952788233
2750, 237.89278751458158
525, 237.8000420525187
1339, 237.770790896809
2120, 237.74375571020025
2908, 237.71060184014019
2685, 237.67542910828124
2141, 237.67150689507687
752, 237.49019410121966
849, 237.48462280208898
2633, 237.4669426757365
2844, 237.45291658652943
1493, 237.39983100148848
970, 237.28175076897637
1926, 237.1868754205079
230, 237.0434951030831
927, 236.9649673786585
1829, 236.94079014880379
1920, 236.84348950726752
1345, 236.78334220362095
3272, 236.57332621906772
2237, 236.4774358920858
2573, 236.45708933581702
867, 236.43464907038333
971, 236.28760447665522
1550, 236.2301804422038
2523, 236.19922024950836
559, 236.1363590096293
2618, 236.0503210977613
723, 235.958052622432
564, 235.73122441007234
1959, 235.6546809518071
1622, 235.5260377308779
1601, 235.38205045518956
577, 235.37489660357562
882, 235.2978623383161
1902, 235.17439848888583
1989, 235.10847114988917
989, 235.0152024053369
2888, 234.95527300697069
1976, 234.8701853818245
1555, 234.85649005106816
1511, 234.81121404189085
1377, 234.80989340611194
1969, 234.80644496307622
2701, 234.8052360329342
1330, 234.72018708659277
1014, 234.71741048760765
689, 234.6605971999701
1343, 234.63295166455254
1544, 234.58737634490635
569, 234.5456876355635
2480, 234.40844466433285
2689, 234.3914684220497
315, 234.31048869886027
306, 234.31048869886027
1825, 234.26870784676234
1398, 234.26061660213873
1052, 234.241434010806
3365, 234.214896793998
785, 234.12156185109228
840, 234.1044598583284
1804, 234.0288743701677
2227, 234.012857627142
2481, 233.89139457547702
3268, 233.77812236525446
2162, 233.73556079482532
2909, 233.66535096747248
290, 233.62240847750016
1312, 233.4217468455216
850, 233.28719099436995
1273, 233.2747823101563
2443, 233.25525841529324
2884, 233.23759678474588
1815, 233.2190028146002
3358, 233.18359638883823
797, 233.0050203548566
2830, 232.97528709618308
847, 232.9465122366163
572, 232.92838048011316
2545, 232.85040872495995
2376, 232.84388701097242
1427, 232.83230169279875
1578, 232.5676606248989
774, 232.49552111143393
2361, 232.4512232954442
2047, 232.38211957443212
2366, 232.34215643820195
673, 232.25304874087334
2254, 232.21963764978028
573, 232.13939579815695
2680, 232.07769704200123
2131, 231.92090642273254
2463, 231.84581170776326
713, 231.75165486725876
2903, 231.67660392896127
1006, 231.51439363602847
2445, 231.4953054131834
2213, 231.45369486881796
2369, 231.42617302658303
2899, 231.4149555293152
1539, 231.33196855238776
2432, 231.3255746325884
822, 231.26390312098957
231, 231.25382612615678
2458, 231.09366594559208
1295, 231.0545887239166
2116, 230.94838709908754
2245, 230.81846157202128
1368, 230.6918363190713
635, 230.64492223155986
14, 230.59737089352444
3043, 230.50214684146664
1413, 230.4314698754096
779, 230.15858489721714
983, 230.14065059516687
2447, 230.08745514520595
2489, 230.03018041251624
1561, 230.0005935562312
770, 229.95996263315732
3045, 229.9114810295589
694, 229.86454517899975
1378, 229.85764470738064
900, 229.8527167059287
3307, 229.8410359689154
871, 229.76257541187317
2602, 229.67917248993402
1285, 229.61971423914753
2588, 229.51063127414645
1474, 229.22069184899266
1909, 229.00541539684298
2465, 228.88468032238157
879, 228.85374083441295
1830, 228.79850525479884
933, 228.71001718916713
636, 228.66056300663158
1393, 228.5763836770496
992, 228.53578045598186
1965, 228.50957115541746
876, 228.42978096051857
918, 228.3711399759684
3271, 228.25145458635876
854, 228.23575090870833
3044, 228.20282627425132
2487, 228.02163672198338
1915, 228.00333098237087
240, 227.9827872168108
3360, 227.95052220350985
2599, 227.88085179818933
2643, 227.83461280026478
741, 227.77085426246182
2584, 227.70176483333267
1791, 227.69337172836575
2882, 227.66728660744252
2613, 227.6279504249701
3345, 227.54013724940657
2166, 227.2594566684872
2198, 226.96478062574215
1370, 226.7287698421621
1278, 226.70643214344733
1500, 226.7008911657199
1475, 226.68305996093565
2881, 226.6799346142497
1046, 226.40642499475757
1480, 226.40238222063786
1835, 226.3119088242456
896, 226.17800937527937
3030, 226.102654405397
948, 225.8577192167363
2875, 225.81791355595223
2516, 225.80304086176704
1422, 225.79986133800745
1400, 225.74139048815834
759, 225.70138150752652
1817, 225.63087409605103
1293, 225.60041621006079
656, 225.53676043617924
2593, 225.51610177199555
675, 225.39143965893226
2728, 225.35668853335386
2081, 225.2990677834774
567, 225.2225572412743
2199, 225.22008990759784
1906, 225.21570616297151
1888, 225.15601165081296
868, 225.09350475216965
2512, 225.09113825990883
1426, 225.07509318370182
1392, 224.95747214524428
2540, 224.88990032626938
436, 224.88550282845299
1904, 224.86849729361091
2897, 224.78175600687604
1352, 224.71068749516567
2138, 224.63761945067822
937, 224.5761685710705
1280, 224.56417253985066
2446, 224.4617535657748
1420, 224.3682084557168
2121, 224.36705465761474
766, 224.31074515020381
763, 224.28666334567936
2163, 224.2699951104836
597, 224.1335695382216
1417, 224.11838959201205
946, 224.0808638272044
2547, 224.073798637024
924, 223.9608170981583
672, 223.89005378452708
1831, 223.82062313311332
963, 223.7850586953178
2639, 223.77029743675612
364, 223.75761258507598
2154, 223.70747985514737
257, 223.60512126201266
1036, 223.59976463700318
755, 223.2556084353841
2423, 223.17801120141897
728, 223.1201702870368
693, 223.09179381561216
985, 223.0820540648087
1841, 223.0747602797492
2246, 223.04514850451832
323, 222.95893311976468
311, 222.95893311976468
2842, 222.86970011277745
1801, 222.8488912429917
764, 222.76087938057043
565, 222.75745887574175
312, 222.7389518669441
935, 222.63104642901476
883, 222.59824859549005
2636, 222.46837970848065
2708, 222.32133817782557
1382, 222.15938970362257
887, 222.06459401985768
697, 221.97055564250246
2123, 221.82658126133552
714, 221.73148688732587
1782, 221.7028460524273
984, 221.6914451613138
1491, 221.6218346778607
742, 221.50600816862516
1403, 221.48734730559374
725, 221.45669900910542
3252, 221.4116622845755
646, 221.3503895267482
3391, 221.320618631087
1944, 221.31611268276956
1367, 221.2628565704735
1927, 221.25972707594312
1411, 221.24665184088065
870, 221.23762544584352
2590, 221.2182473377765
1409, 221.2153390582537
374, 221.1945487525804
2216, 221.09703693806952
1981, 220.9829786241832
2052, 220.9190863301473
3027, 220.82505845718117
351, 220.80114150205844
2077, 220.70842412907663
2323, 220.60126852681464
2331, 220.5546083343113
2057, 220.5444977405308
603, 220.46599302958307
2891, 220.44400299502664
1934, 220.4286255711531
932, 220.2773562948055
2555, 220.14588774345373
2319, 220.13854075742086
836, 219.94454295043911
783, 219.89776346001284
1346, 219.8658272496631
614, 219.86120298637712
3308, 219.84050458497725
1372, 219.80779648634623
1419, 219.7503469103284
704, 219.69550362680337
2148, 219.65959740210292
346, 219.5719261251261
1520, 219.56479842166294
674, 219.5555220310559
2031, 219.52304416759756
701, 219.4713936627359
925, 219.38529707097354
645, 219.08046698490125
18, 219.04300709436552
800, 219.0184059801363
1458, 219.0087980956525
1563, 218.9943629025446
2854, 218.92106795377126
761, 218.91684378000446
660, 218.87279458131002
253, 218.85374593382858
1618, 218.84957881994853
3068, 218.83061786006445
31, 218.66100901886176
782, 218.65481409275998
1498, 218.49655047411352
2430, 218.3862852934805
640, 218.37431193796613
2136, 218.3654476499122
1905, 218.3350208211211
986, 218.331936837334
2090, 218.31556086703495
236, 218.31164309789256
2582, 218.29165690343223
942, 218.23554542756526
2114, 218.0968440502332
2146, 218.04480478689325
959, 218.00000772753384
1288, 217.98535670656148
1291, 217.91485951871667
324, 217.89811684700078
568, 217.84784035395344
1328, 217.62287897532931
2840, 217.56735265066095
1277, 217.33186363471074
2526, 217.31103781590784
796, 217.29224501689887
1486, 217.24276922041878
1992, 217.23055226524818
897, 217.2051667484974
1353, 217.14239975379004
1789, 217.0879254813789
705, 216.98235307403692
1772, 216.9730485344387
2169, 216.91813065180466
1327, 216.89600239639378
3037, 216.81635828782112
1595, 216.81471337232517
1018, 216.76523418449023
258, 216.69646220969213
1021, 216.60455796201987
1809, 216.5404103584412
813, 216.49749485973135
720, 216.46214494912638
1323, 216.397502999441
2233, 216.38540963504934
1982, 216.26703688974797
2140, 216.13185786838613
1297, 216.08888434775636
2202, 216.07423611475969
2441, 216.03373888295692
3177, 216.02371825100658
908, 216.01533851666946
347, 215.9083456185457
246, 215.76087592730914
843, 215.69812702841966
792, 215.54383439533717
2450, 215.458655707172
3038, 215.41913103099117
828, 215.38460405215307
750, 215.34088299771923
2833, 215.33801766582374
1554, 215.15145235874766
1453, 215.07984616632652
2468, 215.0663899120561
827, 214.94601150930026
2119, 214.88729280097144
1387, 214.80855611021002
2183, 214.7221549608421
1357, 214.6847389516338
1292, 214.63969548115298
1020, 214.57966622633
1405, 214.29566352982548
740, 214.2534173896557
962, 214.24211654173442
1499, 214.13637619601099
1415, 214.05604606326216
2849, 214.0251715103451
2130, 214.00624121637549
799, 213.89427434247563
1388, 213.84704584350962
1270, 213.84639443555216
2377, 213.80288616077692
2946, 213.70841282258365
2914, 213.4915908954236
1391, 213.42313853731815
1275, 213.2820950733485
2373, 213.256689090546
2375, 213.19870994194184
1103, 213.15720433388637
2847, 213.14033156822993
1374, 213.11959641019882
934, 213.10493057185883
1537, 212.91860247562798
710, 212.86247127827977
623, 212.82204289932895
2539, 212.80654031637383
3448, 212.52991591752036
1118, 212.4900219012584
1272, 212.2825058686259
616, 212.25611341300566
2175, 212.2377675145488
1469, 212.01785897709763
1921, 211.96075713790174
422, 211.91612152195864
350, 211.8922479250567
926, 211.88228673258303
801, 211.82524598720582
1053, 211.7954300713166
1340, 211.75831540979433
2336, 211.7304318525506
692, 211.72419851211353
1524, 211.6991770537972
566, 211.64245094076446
2947, 211.4951369466968
1548, 211.35287599549744
1506, 211.19555293004814
3446, 211.11827393733972
722, 211.01164832584095
363, 210.99826733334916
2826, 210.99444619431407
2410, 210.93620246367905
707, 210.85761171834952
2129, 210.81069565394498
977, 210.7860748811563
1294, 210.69253559050685
1265, 210.59886141179288
1779, 210.57283796950404
2232, 210.54742460473028
1786, 210.30240605985534
517, 210.19868237377153
2596, 210.16371535684826
1318, 210.03626114080558
1598, 210.00708150780417
1930, 209.86808985772927
352, 209.8481546878722
2222, 209.8050836786765
2709, 209.77621476125876
911, 209.77295249285928
930, 209.76759128697063
241, 209.73133776537264
967, 209.57982136161047
893, 209.5549719954504
1949, 209.4109248125251
1673, 209.03394112178572
754, 209.02936230493287
834, 209.02817755662443
1928, 208.98418463371794
238, 208.93930965621166
2876, 208.91757043096445
1836, 208.88198530512653
1009, 208.75055480244885
1935, 208.529031177309
2176, 208.52503920285034
576, 208.3802769235775
1365, 208.2836367895708
905, 208.22843428485393
1354, 208.20602299374903
2950, 208.16617877473416
3230, 208.16367543386548
952, 208.00807805391065
1954, 207.9403131721252
314, 207.92007645653118
904, 207.79864906607816
1819, 207.7936132715432
1808, 207.6030603571942
2133, 207.4682328532566
1022, 207.42886022148164
824, 207.396045972103
1329, 207.32446733778522
973, 207.27757237867664
1620, 207.07329490678956
2647, 206.95869134922455
1950, 206.94935856348283
810, 206.81722900231063
658, 206.5440516701704
765, 206.46479349701332
1479, 206.44597640406266
1900, 206.355409061857
976, 206.29844604175602
2247, 206.25675159454707
3034, 206.24924634819087
2403, 206.24013416635094
1799, 205.99690818100834
342, 205.97914614038774
994, 205.89639896594858
2615, 205.78223472893512
899, 205.60506125180865
3343, 205.51103322932542
2144, 205.50095729602694
1492, 205.47566397094235
931, 205.43469251601528
873, 205.26104618138248
1504, 205.16393434422906
1777, 205.1577526038485
1778, 205.13422258792875
898, 205.043381748936
929, 204.9414468389904
706, 204.90859581149508
2902, 204.86758668462647
596, 204.74944491607624
1519, 204.72781723467622
729, 204.6539887296841
910, 204.60299727479563
2579, 204.5978029151728
1898, 204.57168795768922
320, 204.47647706334556
2066, 204.47583897024242
979, 204.4691744339273
2325, 204.38829841750547
2322, 204.33088247294603
865, 204.3081131611426
1837, 204.27569607537416
831, 204.17696801887288
1017, 204.0816863095487
702, 204.04629059642895
2060, 203.98117973126836
1282, 203.97114664393794
644, 203.93551509985272
1953, 203.9067304502683
667, 203.82640144609184
1320, 203.7692881589702
880, 203.71097274060418
724, 203.6405964327985
703, 203.62512582309404
2370, 203.55466195989374
3238, 203.5067664055681
830, 203.4987301255687
1007, 203.21446089603023
2327, 203.0644874259874
807, 203.01385232622593
609, 203.0092368071053
325, 202.88898236048965
2425, 202.88773601421983
1591, 202.8774509807389
618, 202.83602599952135
1582, 202.82059762182416
1476, 202.64848924515945
1010, 202.62103722670795
2874, 202.51925624476334
1827, 202.5179825927917
633, 202.45881172621682
1932, 202.3485818249331
2426, 202.31627051717467
1834, 202.310620399531
239, 202.14051002665022
354, 201.93171507458382
3015, 201.91803777361997
1569, 201.91084347695997
631, 201.90103988069055
875, 201.89225045862375
2038, 201.80424160047397
2367, 201.73193967931564
1558, 201.65644996603376
22, 201.54475883895074
2471, 201.4754254911719
270, 201.4713494417541
1319, 201.46107259487357
632, 201.42069533964994
2330, 201.36769957635036
1385, 201.35278875514132
1832, 201.24524433388544
1540, 201.13318852373334
684, 200.98298781360828
624, 200.98298781360828
687, 200.8026420726532
3024, 200.75116213671566
1332, 200.71162389297803
269, 200.67755903313082
1414, 200.45695232610234
1394, 200.4390517465273
712, 200.3486369874132
1311, 200.31750346321445
1470, 200.19082846427457
1326, 200.12322889320748
954, 200.00462599251085
2517, 200.00368741935316
866, 199.98117309941733
990, 199.79708947444863
943, 199.71848053126698
1351, 199.67630627410597
949, 199.6727309195162
2594, 199.6227345677659
1946, 199.59718258925727
996, 199.59710222686306
1551, 199.56639446334412
944, 199.5383883104725
1568, 199.5322179960931
2880, 199.00309098934036
2186, 198.92635315698345
1286, 198.86105063640173
891, 198.84844480913458
1485, 198.8434112475522
666, 198.75456390233032
1362, 198.70278989173616
1401, 198.67564691293458
2317, 198.52033366626517
1080, 198.4629998770051
2251, 198.44512016096402
974, 198.44245380122626
604, 198.36324217175857
1366, 198.35775032381935
2436, 198.3228487088162
2000, 198.32061989862598
1918, 198.14797136688802
3359, 198.13920741892113
653, 198.10135338086772
982, 198.071269387096
598, 198.06209263617865
2126, 198.05166349248842
1416, 198.05086518343379
858, 198.04098329258605
1008, 197.9737364130185
1359, 197.86146465926436
958, 197.65095963043223
819, 197.6029488248263
2500, 197.5826733013471
3012, 197.48932128105358
1483, 197.33577095828701
595, 197.3299466710063
1769, 197.24112281586343
1606, 197.2344532477828
1619, 197.20937693892014
2201, 197.1581883193622
668, 197.09836343451258
1956, 197.05708063779238
1304, 197.03288143894548
998, 196.99789610782415
648, 196.99789610782415
3438, 196.92181162680612
1325, 196.90158781357184
2834, 196.8646666811163
1937, 196.84905959550758
1383, 196.7148096025887
1402, 196.67651390560505
1774, 196.58970505938657
1016, 196.48849151687637
2156, 196.43806651823294
721, 196.42778638884647
2916, 196.3853598257947
3022, 196.30237307024726
1903, 196.22565716677556
1529, 196.14258964449388
2149, 196.03672527608242
2326, 195.89638234307756
1489, 195.85445722934466
2040, 195.85048430600023
1303, 195.76466566932592
1015, 195.5388604195274
1307, 195.42385570081137
753, 195.38858051793986
1833, 195.32302114032188
465, 195.32060927004895
2172, 195.30718086389527
1011, 195.23276516031356
1342, 195.18238139846065
229, 195.17330606505863
688, 195.0979602987766
829, 195.04605794928082
818, 195.03607261335648
1783, 194.8190474807006
1787, 194.8158447113591
2332, 194.71235296036647
1335, 194.5932760887574
500, 194.57602253416243
1276, 194.4613658568159
2906, 194.34720010696492
339, 194.31703218002522
245, 194.304454634876
327, 194.29127505280135
1948, 194.22113971428706
2132, 194.14348838695977
2127, 194.11278756858212
3085, 194.0594671244725
756, 193.97878451610785
620, 193.91465629500067
888, 193.89238868529034
1296, 193.79652822902082
1281, 193.78102254616613
975, 193.7460929353679
1507, 193.74411344209884
2151, 193.6768102762618
1528, 193.62274270979296
1654, 193.50749947669544
2159, 193.4968126326843
2503, 193.46371217717862
3237, 193.4333655239345
2281, 193.35561337335173
1916, 193.35172002546165
2197, 193.275403958707
271, 193.24317523399588
1055, 193.22473898249157
726, 193.10291307278013
2437, 193.1027757608139
1192, 193.09343977152025
1305, 193.04957614479076
367, 192.9812308814793
805, 192.97687241218486
340, 192.83011300885164
3035, 192.81854180295386
1341, 192.7727218063788
662, 192.73638484373595
2835, 192.63827602932028
86, 192.57522958156508
2064, 192.4585983010927
700, 192.44825655805155
1317, 192.3834622944363
3450, 192.322481154019
1896, 192.2833152842385
361, 192.2609802841266
2895, 192.18484441996267
1878, 192.03073371026485
1522, 191.89547190028546
1497, 191.72862393046327
1990, 191.69776245778132
2147, 191.58316043247487
1284, 191.48812671668608
1922, 191.40159827652525
806, 191.3426319776477
1952, 191.29801315521416
1503, 191.26860412209115
3273, 191.02221418126985
2225, 190.92356197193374
2046, 190.89232792801565
1793, 190.48971861741762
1496, 190.40266471861662
1897, 190.36246805557514
2515, 190.31360088342456
771, 190.19738787860342
621, 190.09336238320972
1399, 190.0702561484192
1376, 189.99740692631292
605, 189.99309225567015
1344, 189.97084435230397
715, 189.65532121512197
1482, 189.63115425754992
1621, 189.60468949566345
2221, 189.50421725676838
2732, 189.3766564791912
751, 189.32267761778306
1044, 189.2995081353742
2328, 189.25313721671074
968, 189.14292357058127
1565, 189.03939301674802
571, 189.03115708337458
1333, 188.99957229002473
3346, 188.99191109465443
2058, 188.931377651818
1766, 188.81534204012823
1556, 188.79995869077146
719, 188.72355972463956
1386, 188.65746028545536
2418, 188.63624482550586
1570, 188.61432385213848
747, 188.59075453328154
2374, 188.51195540071916
2036, 188.16828749728504
997, 188.11906261588447
59, 188.02901058912997
1407, 188.0172478379498
1929, 187.98579702331983
894, 187.51300452381375
842, 187.43859942716355
760, 187.3952034227664
1767, 187.35988604775798
1164, 187.3522151848783
2215, 187.34768617068758
1553, 187.3165357881152
878, 187.23990489268854
1472, 187.02793959244946
318, 186.97839037346125
349, 186.97001668541057
769, 186.74275221218093
890, 186.70521501870698
2329, 186.62985109491547
695, 186.6132235588756
2178, 186.59114663109375
1056, 186.55015276258626
767, 186.54933587322162
812, 186.53375130297604
1019, 186.5314622094643
2682, 186.48136334698972
2161, 186.28547714531584
1471, 186.2509119401649
1936, 186.21160642480413
947, 186.1367797128997
357, 185.927963601354
2112, 185.9240411354891
1757, 185.8516924686139
1538, 185.57168139395878
1349, 185.4754711219699
2843, 185.32446261884635
2470, 185.26082696550841
360, 185.20527935033007
2250, 185.18829066601162
1013, 184.72405064199245
317, 184.6811517483864
309, 184.6811517483864
1899, 184.55370432302044
940, 184.50270872528648
1938, 184.24213699265368
2241, 184.03483404688524
1375, 183.85601127694173
627, 183.8207058011317
3013, 183.8088743384346
3011, 183.76859927508255
2893, 183.72043798953067
2883, 183.70096394804128
3001, 183.6717433969096
345, 183.64294410812397
3363, 183.40408952538002
1796, 183.3710725411089
3224, 183.21359568240814
366, 182.92736330704594
2886, 182.83762549556477
2043, 182.83256606714892
570, 182.82242679037614
2578, 182.67957793899527
869, 182.5037751681975
809, 182.47271753445543
2901, 182.43403492859994
739, 182.39122405148868
2128, 182.29233713409968
2420, 182.0983761486971
877, 182.08607614247055
2137, 182.0721238765526
507, 181.95410763583985
811, 181.89602551214438
1923, 181.73384076368347
244, 181.6734339193859
2335, 181.37301347040082
1805, 181.1767108702886
1360, 181.12335232884064
978, 181.1125591350648
2932, 181.05490403211832
1797, 180.99940782127857
2725, 180.6947271993874
2174, 180.68128910567273
1395, 180.66699116707312
2885, 180.63448230000353
1955, 180.524482018571
1363, 180.38852468317748
950, 180.32167848737006
1313, 180.2871354101676
835, 180.23532525185504
2363, 180.21105959351954
1917, 179.8802978233629
1924, 179.6926976873464
308, 179.48875729026406
3451, 179.4511166169707
1945, 179.43943756952189
3240, 179.25020138001932
2063, 179.22477918775797
1592, 179.2226494374277
587, 178.99635307466082
1283, 178.8891674749565
2234, 178.88599035020312
1988, 178.83662622026375
2253, 178.75857228687417
322, 178.52381895739342
310, 178.52381895739342
2371, 178.4581244331153
652, 178.4257703349095
2155, 178.29051795736706
348, 178.1951790135891
461, 178.18071820075502
921, 178.18059050809717
1338, 177.99917107417656
359, 177.96039499565836
592, 177.9373663359705
3242, 177.91964811842757
1334, 177.807995526984
3449, 177.77822008722273
2887, 177.77306058363118
2085, 177.735118834733
2729, 177.70515059659564
1552, 177.58784737787087
1546, 177.52298043860685
995, 177.4245158098358
2892, 177.2724473542012
355, 177.2693443040519
2182, 177.1814389828047
915, 177.15913330273796
3023, 177.1370867609455
2118, 177.1331156234205
1609, 177.10603027791242
459, 177.0724467936311
1933, 177.05089365659992
1901, 176.8679997960135
625, 176.7739741027051
758, 176.72949698212952
2848, 176.72888932437237
1337, 176.60503201533967
2827, 176.3659305524087
2836, 176.2004823414321
1816, 176.1665527325185
749, 176.13525140730164
610, 175.8060490842594
2718, 175.64061474719549
3218, 175.581699745848
2569, 175.53713040696928
833, 175.48961254502566
622, 175.43653566026987
1545, 175.2644353907123
2838, 175.24374211062027
874, 175.23811953592102
1802, 175.18699997901348
1987, 175.17312502449582
1947, 174.97912950152758
941, 174.87418088928615
1812, 174.84724835053015
889, 174.78811175487886
3256, 174.24741494416983
2944, 174.1410250853645
578, 174.1074209653984
2368, 174.0023484266781
63, 173.77476766922607
1843, 173.7547592586
589, 173.73308125742824
951, 173.64590681562967
1763, 173.63904663885978
1845, 173.6171619021752
484, 173.2571210382774
991, 173.2408462453657
1798, 173.21616181058755
1000, 173.07889275801895
233, 173.01541278746313
2672, 173.00342226494917
630, 172.88158671789023
1350, 172.76411647645685
362, 172.74709098020017
2316, 172.39690590610022
2995, 172.31963038784568
909, 172.21901713252794
1290, 171.9880276388651
2001, 171.82224638649186
25, 171.8093401415964
2357, 171.7790186286869
1602, 171.40532282310917
1005, 171.29967963665564
1844, 171.2251421118146
111, 171.1683875718213
617, 171.10625352923498
2910, 171.08295726011906
988, 171.03084543366492
343, 171.0127083311193
1826, 170.89060532933107
2896, 170.49601823489488
1547, 169.74044327298955
1310, 169.69682204987194
1775, 169.58033984477973
477, 169.57151834485126
802, 169.4576551587671
2894, 169.28743068402935
1384, 168.88786568004844
2945, 168.60675717046357
2518, 168.46695141345597
1541, 168.12116020576343
1795, 167.64932548468508
1379, 167.5377960927131
2890, 167.48173902560063
356, 167.26064075622028
841, 167.05664461855946
273, 167.048668599238
1821, 166.7769447439007
2855, 166.76439155795575
3257, 166.63868987939787
292, 166.50722758949578
1842, 166.37000459142448
1762, 166.31758836731862
1012, 166.19439500506016
341, 166.12752737189015
2358, 165.87137385126368
1931, 165.7922565155756
772, 165.55374056342714
591, 165.38795736010542
184, 165.3806722758019
794, 165.36746439979456
2333, 164.70917682630778
1526, 164.5416077442095
1347, 164.4168712456462
2402, 164.3691601961989
1373, 164.21991747788297
1355, 163.30511986177092
2248, 163.29681249459992
2532, 163.29392983880592
939, 163.23684611797754
1784, 163.19515416665647
2935, 163.16197421986
1532, 162.75310580918918
1535, 162.52802112607495
2143, 162.37144963937493
1542, 162.17474256744634
1613, 162.15607206838143
1616, 162.10460068434338
2364, 162.09682695300998
3220, 161.84843784888747
2904, 161.6780505733957
3036, 161.49934422430198
628, 161.3683509083882
1919, 160.96530688527196
884, 160.80287494708858
1764, 160.68251591546894
1768, 160.65019371557227
2556, 160.2327315794447
629, 160.10289964108506
1781, 159.9257352986591
1274, 159.9088412637519
344, 159.45117614332793
1051, 159.06115892038514
1190, 159.04688285846152
1765, 158.76813461941055
793, 157.69786489719053
2868, 157.6155101631608
33, 157.26274675226054
442, 156.72717592826126
1165, 156.68209106883552
185, 156.30274141919597
387, 156.1015395181823
1093, 154.91044049668537
316, 153.516380716353
490, 153.42438491204288
2054, 152.79093737649399
60, 152.69630540768847
901, 152.55522066016752
3282, 152.34221374495266
305, 152.33549124600475
1287, 151.79635798229467
1092, 151.00786741380128
3219, 150.8605447370814
1564, 150.59604742344794
1267, 150.37936365861032
1364, 149.9415528415526
590, 149.77386227155426
3216, 148.7513448446117
1972, 148.5011114276314
3223, 148.421021034224
2035, 148.1802135660754
1054, 146.51031236943444
3222, 145.8396061800575
3221, 145.79340323219708
3217, 143.73572927061238
223, 143.35079189259605
2049, 142.82362722642017
187, 142.61321508083697
2924, 141.98393303720604
3309, 141.68180317912226
2711, 141.1109771653992
49, 140.5777886154516
2062, 139.0668631904627
1358, 138.24229789073962
2042, 138.16907419168456
224, 137.59377349006778
286, 137.5236253655574
1861, 137.1976212086682
489, 135.6274020776327
2051, 134.8994043050872
2912, 134.46993721485
2067, 134.4087454786443
226, 134.37082030047873
2107, 134.28299240337847
1536, 129.9192500921709
2925, 129.7385997020323
2923, 129.1100213147057
1048, 127.61557389780181
301, 125.3356637259051
2072, 124.77772996950006
285, 122.77557229608854
1049, 122.75749046182028
2931, 122.4873361635472
1925, 121.04267680527337
393, 120.53119303545613
2871, 120.43536433585548
2084, 119.01497843018846
2940, 117.67781671040403
1863, 117.60978624621511
2929, 117.0674612977498
1050, 117.03688854271721
2928, 116.7840421493862
2922, 116.66920074837296
795, 114.59814479245875
1158, 114.31797947216394
2926, 113.48312541478874
2937, 112.48966114469059
2952, 112.14752693249565
2872, 111.80845510276477
2921, 111.6125894598103
2927, 111.37784574526124
2911, 110.99653547867563
2938, 109.91391019035675
2933, 108.65031380206278
2939, 107.25832384098833
2941, 105.18399329723636
2934, 104.58780625109644
384, 103.80904902937496
390, 103.76106955858275
2954, 103.62772130089479
2957, 102.01548232356323
1534, 101.72354828065639
2073, 100.63447881629561
3412, 98.99107392745327
2943, 98.5144810877916
2955, 98.17299135998785
486, 96.63679388737629
2930, 96.54927215228146
2870, 96.26300931969514
391, 95.86359365348726
2873, 95.06421005842677
403, 94.67270269499689
2942, 92.80139562333994
2865, 92.61661654403115
1064, 90.70940460888829
516, 90.35951078827283
1468, 90.0756622177827
3145, 87.41257247571858
2867, 86.48436585187775
3411, 86.2404784846137
1862, 86.01160348242135
1264, 85.63320682391326
2012, 85.38417921723587
2739, 84.92809644913774
519, 80.69805309672567
1157, 80.63939935183087
493, 80.16465144083516
3121, 78.34341721507202
183, 75.01413930496003
3161, 73.33074373777063
1612, 70.06785708090074
