2098, 5017.084598327553
2101, 4940.291849976708
3248, 4795.846163775752
2782, 4578.921977527595
145, 4426.547038261926
291, 4342.958598645641
3183, 4308.095066455331
1892, 4137.591608070181
2694, 4058.4797860447984
398, 3943.375608497108
156, 3903.472048214853
58, 3856.8860085779024
455, 3826.380097990719
2816, 3824.333169141929
150, 3704.3849114675654
3123, 3610.4034740632646
1894, 3486.7733598582945
3134, 3432.207830469775
513, 3341.7147862512916
2008, 3332.0471529381134
412, 3243.096759415112
276, 3223.4468424448446
460, 3220.909912551988
3090, 3173.757951593123
3318, 3154.7551818104453
395, 3119.30676297807
88, 3053.2577577681323
3105, 3035.9874504912013
3082, 2963.2335500664963
1869, 2943.9519878146307
3255, 2939.919928376066
3130, 2936.067054670806
1875, 2905.481242294288
2812, 2896.6162343861174
2814, 2890.4363294710492
2780, 2797.891640716789
3299, 2787.488604594822
518, 2778.3396937897296
1874, 2761.3043623620865
2393, 2750.902823082596
3129, 2742.1606945305743
3063, 2733.051836901021
3150, 2711.3857523759593
298, 2689.853872902837
2824, 2683.9393004160825
1868, 2680.0032739973594
2657, 2678.398954796711
2781, 2641.0836920089628
2002, 2633.233833692203
3020, 2614.1267400563534
302, 2610.786952905627
2755, 2599.332822615662
3239, 2578.446045780239
3147, 2577.1212901711974
3354, 2567.133291086868
3415, 2566.9529445478756
2758, 2559.572703247826
281, 2519.1541692542055
54, 2513.653362658091
3225, 2496.0672963321595
3284, 2479.496321999204
250, 2463.731909169824
2017, 2455.5596575404356
957, 2445.564666238926
3294, 2422.1183380889547
439, 2408.8838272602184
386, 2406.2307632351353
2640, 2398.6051891880666
3290, 2371.228150384111
280, 2362.027609570487
561, 2357.4445258198703
141, 2343.4120481372247
2004, 2336.848955470837
2111, 2329.8873448673
2096, 2329.8873448673
2558, 2329.826868964272
473, 2325.80499573686
265, 2311.8945240065746
1439, 2300.0453741860874
3080, 2255.1567168736174
2686, 2249.3818516154347
2756, 2234.140746167456
1968, 2227.6292839538955
3289, 2223.412801242841
863, 2223.050430547803
2390, 2200.2013137648973
634, 2200.010165397842
278, 2199.0915054022084
2788, 2197.4736285501203
3187, 2196.9437098573812
3066, 2195.217280860889
3347, 2194.3783171692726
2742, 2189.971666224695
2690, 2185.0609540253563
3316, 2179.863927733451
3264, 2178.597082790374
1891, 2170.1849779831423
3443, 2161.3831354440817
199, 2155.6482780123806
3444, 2154.3712938812696
3279, 2153.4850997658573
2784, 2147.1213635476597
1873, 2117.4143557591815
42, 2114.6749484897464
2793, 2112.9905504795393
1971, 2093.4092028719842
699, 2092.529776207206
2102, 2090.7143357303066
2959, 2087.6486548328057
3207, 2078.384327695959
2688, 2074.3911177969167
219, 2071.862542273773
385, 2063.5414409686887
3101, 2063.225957775607
2021, 2058.644683484833
2240, 2056.793937545835
643, 2055.501725194167
84, 2055.3883681965303
681, 2047.554311228502
733, 2046.6068750232848
408, 2046.420671685799
2705, 2038.5606149956743
2677, 2038.0734896408985
3097, 2029.3276217774385
3312, 2015.7864485696532
3314, 2012.1898645062731
3168, 2011.5483881760695
1858, 2011.5450676257894
491, 2009.431130860681
2514, 2008.1879841820517
3163, 2000.3644779448625
732, 1998.0038153656556
2789, 1996.2090562363314
2785, 1986.1713531517635
2779, 1979.891776400073
411, 1967.6814805772449
396, 1966.2858612813698
134, 1965.2100717127964
427, 1964.3699149075558
626, 1964.0185538364854
379, 1956.872648208273
2671, 1949.5661957078712
2736, 1948.8025045657425
3186, 1946.8598800400596
3324, 1940.9689789483118
3206, 1940.4397454564632
2574, 1937.1596278067193
2620, 1919.8546938647646
409, 1908.8581148264846
1232, 1906.1781158740876
294, 1900.1688488194277
3144, 1889.738072243544
399, 1889.2982756136464
3111, 1877.7820140869799
3295, 1871.7172994993036
1028, 1871.6707794354404
966, 1871.1245135372183
3112, 1868.6990700185875
2048, 1868.3368527607338
3184, 1861.7540573696353
1877, 1859.75978188766
3327, 1858.1432943215702
287, 1856.343653375647
21, 1854.6265255860103
137, 1850.6363443667528
965, 1847.9549488273292
734, 1844.9602697719722
2559, 1844.165325128401
3380, 1843.523979141721
2561, 1837.3564838488232
1104, 1835.4117707419002
2104, 1831.9474110991985
400, 1830.2011311402234
1122, 1818.192348312251
1231, 1817.0705361405373
57, 1814.857724825129
2738, 1814.8148098681418
3143, 1810.8697764663787
663, 1808.142751167785
2710, 1807.2619023120267
3146, 1787.812832970033
3099, 1784.910631900067
2106, 1784.6767176284902
3304, 1772.535477173283
3384, 1763.5538205756432
3265, 1763.3915848765232
2808, 1761.9790017862204
73, 1755.5887266024351
2568, 1749.975842380878
3288, 1744.231706227172
3323, 1744.1586996314331
3170, 1738.9986320219462
3352, 1731.503838179442
216, 1727.7673782316688
2587, 1720.591185855035
3305, 1709.0030805260978
2536, 1708.4473812127326
512, 1707.819714908081
218, 1700.2504659076728
3197, 1699.7607393946932
2572, 1699.7063007021009
3092, 1697.0443932883056
3062, 1689.5367483879063
20, 1686.790652102818
3041, 1685.686262480879
3133, 1679.4231413405937
2003, 1678.8744475533533
2635, 1674.6263235022052
35, 1673.2005606541697
649, 1662.2799816891197
3095, 1660.6331061562184
3442, 1656.111965412206
2696, 1648.2158252238896
1733, 1646.0210738072692
2485, 1645.994841464039
3201, 1644.8909205006971
613, 1643.3917322472325
3120, 1640.6510489598202
647, 1639.188004478221
3211, 1638.8108849128416
2681, 1638.1236972311624
2005, 1637.7578279765073
1626, 1634.6419466822156
3432, 1634.4450416924644
859, 1633.2636784877893
2795, 1625.49910088161
655, 1622.909643240577
508, 1619.6155241141712
3200, 1619.157585764217
2562, 1613.321885937176
2653, 1612.7607726351393
3039, 1612.0292547367008
2442, 1611.8301996235812
2721, 1601.1485437052802
3059, 1598.6194286790426
2353, 1595.3589289405784
3194, 1595.326179475615
2039, 1595.069850549376
3306, 1591.131940949499
228, 1582.0118946612345
1701, 1579.6319254874243
165, 1577.297286983503
1879, 1577.257058880355
1644, 1571.7681915755354
2666, 1571.736063747515
1238, 1570.938604834345
1729, 1566.4131729140256
214, 1565.7422749108694
3204, 1565.4832945891612
19, 1561.0826740164475
563, 1556.7016763206998
2563, 1555.6482380505631
1047, 1555.198393735008
2607, 1550.5985194457999
2566, 1547.4185860055688
748, 1547.384088603059
3278, 1547.272826554664
2527, 1543.1344837910908
2571, 1539.717455364864
50, 1539.5465707727546
3178, 1538.839790527551
2917, 1538.3289518302124
3241, 1536.7744457847955
2668, 1535.1117625105287
2823, 1531.871377763992
2473, 1529.2995441391865
551, 1526.3121381061715
3136, 1518.9920185764697
2497, 1514.7367534950731
678, 1511.809398780656
2951, 1511.6190522376091
3311, 1510.4152856602955
838, 1510.1005273048204
2553, 1508.0581525338291
1121, 1505.1318071102705
3243, 1501.3627703110985
275, 1501.0843482223922
3362, 1500.275104376956
3383, 1498.3686142147792
1463, 1498.0762579208147
2508, 1495.1649645052198
2811, 1494.5509691066454
2397, 1488.6127998065501
3336, 1483.697699402341
381, 1483.0470684142101
2745, 1482.7807070068957
1756, 1482.3280599173759
1703, 1477.7087938801083
2741, 1477.6996454910843
1106, 1477.3932980043028
654, 1475.5950157306168
140, 1471.1151344386085
2601, 1471.051197542692
3413, 1468.4214261360958
1033, 1466.0781308373757
2520, 1464.1825023406925
445, 1463.7507792114982
1941, 1461.294271547423
2749, 1460.0345600879505
580, 1459.4626926150759
3246, 1455.2629295224076
3274, 1451.5557909271067
3254, 1450.9638770993008
2583, 1443.326639211994
406, 1442.475356675493
3439, 1442.1235857771444
2726, 1439.4051393599157
2524, 1438.4808654107828
389, 1437.1735652463515
2034, 1436.9872295817634
2491, 1432.7126314345494
1695, 1428.5264988500826
300, 1426.7303278467825
2108, 1424.120957829054
679, 1423.4258906420412
2621, 1422.3558216512322
3192, 1420.4352013629702
2505, 1419.4516235071833
44, 1411.9275744265933
2030, 1410.6274138366596
1966, 1408.5721997303262
757, 1403.6006269635477
2608, 1401.2513189978847
2650, 1400.9942137868918
3050, 1399.9539557549447
127, 1397.9898909795133
1967, 1395.2657468669897
2810, 1393.2074195832447
1084, 1389.7851742716684
149, 1389.035676031335
388, 1387.5255467236918
1244, 1385.8879976197102
1682, 1381.1502695982583
194, 1379.1380772915136
2703, 1377.8375895815423
3433, 1374.8551954627649
1739, 1373.9990834092941
2611, 1372.988650022875
3162, 1372.9415731400982
447, 1372.2951354719582
2683, 1367.561831059187
1721, 1359.645145920371
1002, 1358.8105401191199
2093, 1358.3440009802707
2580, 1356.5322119511245
2513, 1346.667586451641
3084, 1346.219509960249
2041, 1346.1781814971484
515, 1345.498091168077
1643, 1341.821946196574
2391, 1341.689514146075
1712, 1338.4963256649553
1715, 1336.5897281971636
2597, 1335.7704106179142
2651, 1334.1261759583601
651, 1330.8337737690747
254, 1328.5817737343568
2649, 1325.0513898448414
497, 1324.8067635510583
895, 1324.223717072502
2454, 1322.9152176289067
2404, 1322.124653938407
195, 1322.0462890894353
3051, 1317.5550024172458
198, 1311.6731343066422
2630, 1309.578476334134
85, 1307.7970342971469
2712, 1306.3646346682867
2645, 1300.0055609604224
2641, 1299.8741416419775
2720, 1298.8802323602174
2948, 1294.6938866952767
611, 1294.6637706546358
474, 1294.4704278239308
2525, 1293.7801980937365
2456, 1290.8216897049729
1258, 1290.302179682379
87, 1288.7833998238664
1647, 1284.7354833494176
1913, 1283.227054823462
3094, 1283.0550812026534
1633, 1282.9059306369788
1627, 1281.0115999279672
3171, 1280.8037968038877
555, 1275.630439797084
3315, 1271.343519997194
1024, 1271.3396480670397
1698, 1269.8464981970915
1725, 1268.4495392238832
3007, 1259.7049716302552
3435, 1255.7100516704943
2624, 1252.043713124691
1677, 1249.7187513896852
1687, 1249.509345339564
1714, 1247.7851511458082
3005, 1245.3211421142596
1114, 1244.9831467075287
2697, 1235.7569697668318
2288, 1235.130904823734
148, 1232.6780308480018
404, 1232.432100437463
2981, 1230.8464640271563
3071, 1228.3697695381677
222, 1227.4016588580616
266, 1226.4432636971503
1659, 1225.7501573146508
3199, 1222.025704139353
3259, 1221.9969283718133
1731, 1221.8482817484844
670, 1221.4451024202342
2646, 1220.3583887037164
1235, 1217.836054465068
3083, 1217.8055224473248
2652, 1216.309963666388
1657, 1214.4950467116564
1738, 1214.211004593156
2486, 1212.0198919027284
34, 1209.9173010344848
252, 1209.1303750458553
1722, 1208.0642443392508
3040, 1202.8342024804922
1087, 1193.9334700483066
3151, 1192.980830356308
80, 1192.7746925140943
3176, 1192.73154449454
237, 1189.5705773828292
2768, 1189.063583053787
3079, 1187.7985702028823
3287, 1187.431902999709
1993, 1186.9651600935504
2864, 1181.5276659322535
1744, 1180.788585869796
1755, 1180.5783447553551
1710, 1177.2076130954931
881, 1175.433905295403
274, 1174.7704388964723
1726, 1171.7894072328306
2020, 1170.5796942857323
1740, 1170.4538878008877
2451, 1168.313107051267
282, 1167.7500405845774
1249, 1167.3552474349694
2528, 1160.4526938229567
1684, 1155.0815781000988
2656, 1153.8360962791353
1692, 1153.6109633258573
2493, 1152.772056954181
2025, 1152.4714452889941
468, 1151.2710690861454
3293, 1150.3433711661787
1642, 1150.105484165334
2610, 1149.0304406667888
680, 1146.2235892250699
1742, 1143.621497640248
217, 1143.1921561372314
1735, 1143.0572001243686
2449, 1141.990301077591
1748, 1141.7942372121454
1668, 1141.1684486575068
2543, 1138.3371897703212
2723, 1138.0994133451488
376, 1136.5043669733634
3213, 1136.2888695237218
1743, 1135.917900385789
43, 1135.880258643797
1752, 1134.3854254807611
1700, 1133.7250132885183
56, 1130.4697467187475
52, 1129.5810422065147
1699, 1128.2213816496055
424, 1127.762677650118
1631, 1126.2937535531346
1724, 1125.3468136016406
1670, 1123.3222896917928
1718, 1122.3181433163259
1730, 1121.8155268648109
1717, 1121.4896579412418
1910, 1119.737763198635
2751, 1119.680298660133
452, 1118.325866998727
212, 1118.2786309194375
816, 1117.1756923712271
1853, 1116.1609232510448
2533, 1116.116774948637
562, 1115.2677557716884
2980, 1114.3492841006182
138, 1113.472315409312
1649, 1111.9746428971937
1728, 1111.7302737980685
1645, 1111.1507597418179
1630, 1109.1395278576488
1641, 1108.5804307437925
3297, 1099.048599520938
3209, 1096.0757700378194
191, 1095.241687028322
2045, 1094.4136068081846
36, 1090.4540759431875
1666, 1089.637539879792
1625, 1088.2556585083278
1672, 1086.3814682405296
2466, 1083.8984509133456
1102, 1083.3688788085842
509, 1082.7170045977741
1745, 1080.6340950681235
3350, 1078.1806614604825
288, 1077.6759562612635
1716, 1077.5897677018788
607, 1076.235478219112
885, 1075.2609550153486
189, 1074.2591744000306
2343, 1072.6924000904908
1870, 1069.527941581328
206, 1069.5111990539638
196, 1068.3116306470984
2693, 1064.34031912434
1671, 1064.2912791785052
1100, 1061.7991022020274
1105, 1061.4693232573686
372, 1058.7502295676618
1680, 1055.9058110749627
1704, 1054.5725307498224
1237, 1054.1741139642886
1741, 1050.6823549644537
1185, 1050.5361663614717
2238, 1049.3720414426798
1914, 1047.4134273482782
2592, 1047.1088905549868
2203, 1046.9776020493807
2809, 1044.7867665918711
1685, 1044.1532586707613
1880, 1044.144492653301
405, 1043.843363992601
1646, 1043.7077380681926
495, 1042.0402710907617
1727, 1040.7344918216577
2575, 1039.533058185347
2244, 1038.5336165087988
3195, 1035.056841755211
1705, 1034.701359926821
1679, 1034.497705186957
479, 1030.1724790027006
3258, 1027.3426421763204
2673, 1026.3054128589654
1650, 1025.1305328895662
2778, 1024.9735099385518
1243, 1024.1975261346756
485, 1022.4869356026995
2604, 1022.3968269034413
433, 1015.8879048470646
1708, 1015.0428314328344
337, 1014.1086295571048
1057, 1014.0873112704915
1648, 1013.2900624627522
143, 1011.3243936437678
47, 1008.5147773747276
470, 1007.9484375474034
1669, 1006.2826579061391
1746, 1005.2712090245569
2076, 1005.2178012205402
2027, 1004.9968169709297
2475, 1004.504820767565
2483, 1003.6674358724997
1970, 1003.4924689319175
1707, 1002.6653084352988
1706, 1001.8853462393191
1720, 1001.788630394394
1893, 999.7641177388161
2013, 999.3324791728214
126, 998.2082025827544
2722, 998.0534615827253
394, 997.9197245057636
3296, 997.6141576345292
1754, 997.2316002424196
2623, 997.166943944205
650, 995.4764642908974
956, 992.3873346196187
608, 992.2758917090376
3313, 990.1173195454157
3093, 989.260378332572
480, 988.3079414895442
1443, 985.8287865771347
2622, 985.7917715531067
2078, 985.4725353696546
74, 985.3483327144103
2679, 984.3785804734091
335, 982.8565944148232
2605, 981.6235085193595
1747, 981.2449990089
2713, 979.9671649934538
2821, 976.5798343778984
1675, 974.2729492207558
2748, 973.6839142117666
3440, 972.8042043793289
2655, 972.0177504472748
2453, 971.4528909038902
3292, 969.9278723993611
1628, 968.9434111202243
48, 966.8926154675493
676, 966.7263930548805
2152, 966.4592219399242
82, 966.2520448500718
203, 965.9240153722936
540, 965.6102393041909
3276, 964.8953531650968
2087, 962.703504243761
1734, 962.4494556766537
2616, 962.4110985217405
415, 962.4040249077931
2988, 960.6109907701476
472, 959.2374667127409
401, 958.8701786730826
2773, 958.3200795284405
1221, 957.914870085097
2338, 955.8353199194192
3159, 955.5675013926364
588, 954.8587970511027
2461, 954.1346981085192
55, 952.1136200039398
2212, 952.0067013748063
3057, 950.8894567526318
1691, 950.1586117387101
435, 950.0447502521382
1702, 949.8868310989252
2612, 948.6695835503792
173, 948.0589607383388
2032, 947.3846527885986
1759, 947.0653431381107
1434, 945.9383475092338
1433, 945.9383475092338
3283, 945.7317892567863
1732, 944.1504423079381
2484, 943.7566233069631
1850, 943.4048566996283
15, 942.9870725541408
1639, 941.8151902079851
1751, 941.7408156446235
685, 941.5709079107469
862, 941.3626676550443
1637, 937.2110018634216
3208, 936.155132774333
2305, 935.6215475260757
2549, 935.2493947250741
3348, 934.9006964551675
2272, 934.5324834794524
3245, 933.4569968857288
3098, 933.4147475409023
1770, 931.7800568393203
1381, 927.8658971005146
3244, 924.9047477288394
193, 924.7192033330614
78, 920.0551990112688
1077, 918.4048675726389
2280, 918.0597405128274
906, 916.6469753640855
77, 916.5373897600316
3113, 916.4689813687364
3160, 915.9493579111487
1159, 915.6862751591905
3091, 913.5579602623792
1854, 910.5842699330478
1681, 910.0888756861624
3262, 909.6841783731859
913, 907.9043776372392
2687, 907.2678180586581
496, 906.3397950449456
1859, 903.7109889318596
147, 903.2725274338147
2920, 902.0490905242937
1171, 901.0775381862443
2817, 900.9023372444872
2820, 900.6580666789989
2744, 900.4141885764394
2314, 898.4092832832284
2626, 897.8756304602679
2734, 896.4324844579958
2564, 895.8011419839778
2759, 895.758930438915
738, 895.7257973224671
1029, 895.2643460694801
1697, 894.5049008566854
2648, 893.9750713936921
449, 893.718191189541
1205, 893.2418248825836
2704, 893.2267348554738
2109, 893.1526145721663
3110, 892.9407921114505
1256, 891.8795578692467
2293, 891.420051656009
2091, 891.4012065490641
2289, 888.4201357965779
2589, 885.9590924711657
1629, 885.5727817631887
2029, 885.1839407333609
2869, 884.799669607095
3261, 884.3520658764597
328, 884.3033049662859
2586, 883.1187054296894
3185, 882.9460745474386
3173, 882.7312952225493
1045, 881.865052577771
1530, 881.3834288253715
2822, 880.8161808014609
1749, 880.3060869086818
2531, 878.7044958073121
1665, 878.2419692272714
1686, 876.8650008702457
38, 876.638373686881
2496, 873.7814306636631
2538, 873.6357892639237
2519, 873.415111032173
861, 873.100081068577
2498, 873.0909230817142
2455, 872.4798222246483
2490, 872.263763321015
2083, 871.5401443744388
425, 871.4091025837255
534, 871.1891437051036
488, 870.9749180911965
2287, 870.5905218446904
3226, 869.1495021447814
2258, 868.9384649338966
2296, 868.7467058592484
2695, 868.2405718106043
3193, 867.7961467647915
3056, 864.3800399837689
2767, 864.2427841868382
204, 864.2243031692108
464, 864.1079373617205
1058, 862.1425230500779
2283, 861.7001086393551
1587, 860.6069948390254
2658, 860.555210861121
2383, 859.9612012661638
3042, 859.6622797331275
75, 859.0255060670529
2776, 858.9305618434181
79, 858.851938053117
130, 858.77030141646
2094, 858.3624134648614
2863, 856.0571259766762
3300, 855.650183795202
1635, 855.6128565543174
2802, 855.2952202211819
1674, 853.8718250381626
1636, 852.6811027057404
2692, 850.9716705805056
2606, 850.1089835385859
440, 850.0884802569241
2026, 849.713199691285
2707, 849.1773471570674
1111, 848.3625341432887
2675, 848.256220051827
451, 847.9481884369002
225, 847.0857701407689
2340, 846.3017740232341
3021, 845.5240450279294
2757, 844.7795273983189
3281, 844.3368341351738
2464, 843.4972853369019
2546, 842.9037769151614
2462, 842.5902233130032
2339, 842.5061920257116
2282, 842.006476428524
2204, 841.0791660875045
3190, 840.0787442169799
466, 839.055230377841
1960, 837.6127195094484
3251, 837.1748516709504
3214, 836.855795854584
1098, 836.5156595626505
3344, 836.1692025202276
583, 834.3336290818246
2766, 834.2783341217136
299, 834.019185279789
3386, 831.6324839677353
1750, 829.6187343279066
2700, 828.607512646211
3232, 827.9677433748553
2511, 827.371179681091
2492, 826.287591137212
16, 826.10249161486
365, 821.895869156723
2224, 821.2734664962038
2654, 821.2563501272751
1737, 820.7969761348847
297, 820.378803545639
2522, 819.9354757562222
51, 819.9307677470371
2507, 819.9065805825757
326, 819.8810453809763
1259, 818.7212475873232
2385, 817.9216518653243
467, 817.8610336633733
3231, 817.6872491011263
3285, 817.0078005455789
2774, 816.9581392738781
2629, 816.3645221000774
1557, 815.6422191376295
1082, 815.5546709259838
3180, 814.5149732435573
2239, 813.392939826734
168, 813.3444837724189
331, 812.1931352797965
2534, 807.0385964233184
2786, 805.7844924750918
2235, 805.6409791744214
1696, 802.5996449421265
2379, 801.1770636988125
1652, 800.5238487770123
475, 800.4628487318687
2825, 799.9748356525602
2307, 799.8123679358546
1771, 799.385472224991
2294, 798.2610357298394
2581, 798.0277372299335
1162, 797.1118810968018
3424, 796.9373317143336
3128, 795.9053058262339
3329, 795.2438121015525
3447, 794.0253553888975
3298, 793.8404781829366
1758, 792.6644951214918
2727, 791.4199786641226
2185, 791.2645255295057
272, 790.150045279118
2291, 790.0353591160167
2987, 789.7884995010991
3165, 788.1041085862754
2167, 787.2857703541525
3260, 786.2834975342835
2570, 786.2159351668438
471, 785.2723556923534
3182, 784.7758272597131
2506, 784.4715159673162
731, 783.8833106827972
2488, 782.5429394720625
677, 779.9944389485031
3434, 778.4495368166704
546, 777.4157971925538
441, 777.0007362259149
392, 776.4956767345486
3175, 776.2533376111028
2179, 775.4375061768129
129, 775.2661630387344
2218, 774.846756053405
3361, 774.7444367497629
2016, 774.6026958842301
1611, 774.5574375884005
1515, 771.5805426305204
2790, 771.3818920411039
2263, 768.2846386001653
3149, 767.5048981938003
3174, 767.0090965584006
142, 765.8210660194986
380, 765.4233491340519
2509, 765.3320881928737
2760, 765.2883792819114
2419, 764.147873825492
3212, 764.0541828593248
548, 763.2547303775536
2286, 762.857740409635
208, 762.8124204676583
1461, 762.0849304091157
3032, 762.0423422604143
402, 760.6550488465754
1997, 760.633035341283
407, 759.8031451033373
3364, 759.7523066689831
2011, 759.5817214946359
3172, 758.0021231486514
478, 757.5977042775969
37, 757.0007165277889
2299, 756.2084144247954
2603, 755.6377101779137
3404, 754.4903473490426
3065, 754.1469899935988
1912, 754.0877394596328
1517, 752.3989422050047
2103, 752.0507371385655
3445, 751.7595487854509
2665, 751.111481950902
2226, 749.39495707167
2075, 748.5377913899538
2853, 747.2606083518928
2139, 746.8805079878288
3202, 745.425511302598
2600, 744.7488025262757
2662, 744.2299067605474
2499, 742.2766765674698
3203, 741.3349438710181
3100, 741.1516540707366
2264, 740.3006711406255
2044, 739.4160771711163
83, 738.6838274846672
2184, 738.6604974732918
2300, 738.0370933893902
2965, 737.7501079053407
2495, 737.3788760074904
2389, 736.3719374861752
1559, 736.0321475554679
2059, 734.977665655239
1690, 734.7570269404629
2257, 734.3059012597874
2460, 733.7386360953726
3019, 733.0518105308527
1995, 731.291850139268
1140, 731.1131406862853
303, 730.9614096070574
3189, 730.6022221854273
2632, 729.0457613769971
2345, 729.0171300055835
2217, 728.8497518910397
483, 728.1378893718646
1980, 726.5463317800408
1459, 724.9948585327911
3010, 724.2043025709388
410, 723.1964491206764
3210, 722.0377010025617
152, 722.019990969585
2743, 721.9363154974653
2079, 721.1529583078581
2024, 720.2065341642161
3169, 719.0500738841098
2249, 718.898243562677
1655, 718.6988399021108
2346, 717.8367854507032
2086, 717.1669295790623
2349, 716.4633514693462
1432, 715.5151662488091
852, 713.8113944829456
330, 713.3442536516817
332, 713.300193811991
2452, 712.6765945615131
2037, 711.8351902281695
2341, 711.7274589902527
914, 711.3601718892173
1076, 710.8123296104094
1090, 710.6033203227574
2714, 710.4298324644122
1991, 710.228292947718
2177, 710.2134897527567
2342, 708.3855675298174
2088, 708.2877597850871
1851, 707.8357122240224
1233, 707.6664449678995
2772, 706.5740700657377
864, 706.4384467920156
773, 704.7846332027018
2018, 704.1404069636909
1172, 704.0856177512098
3205, 703.8099794579035
2479, 703.7328921988998
2019, 703.4434371906558
3301, 702.330768060155
2638, 701.7403667091497
329, 701.3823587515001
2313, 700.3664143787827
2440, 700.0175252693217
2963, 697.5828231934468
1604, 696.3836582311928
453, 695.1943949055642
1513, 695.078155301453
2764, 694.506166948569
1963, 694.2253411873049
1975, 693.9647021934522
413, 692.9934375650552
428, 692.3903327446034
220, 691.4885675953273
2070, 691.3346197786092
3167, 689.7402572587737
2970, 689.6135542716617
1252, 689.4428606588581
2989, 689.050716034432
2401, 684.7949861420105
2006, 683.7544458053798
832, 683.715839872023
3266, 683.3251817309502
1204, 682.0429938715886
1063, 681.8106885313573
378, 678.7357233325001
669, 678.103473195016
642, 677.2058479551999
1032, 677.0542534344577
3389, 675.902227410155
1466, 675.4180202404764
2964, 675.1970453918242
2737, 674.5083074867664
521, 674.1879086294803
3379, 674.1042701748325
1215, 672.1023491853593
2807, 672.0124882409983
175, 671.9174447074546
2050, 669.6911914491852
3142, 668.7675519555529
2055, 668.3508345688759
437, 667.4532529357762
2535, 665.9894655281836
333, 665.4770913986147
2644, 665.2009400264901
2746, 664.5988791230453
1848, 664.1459553202037
2530, 663.7712678188183
2284, 661.5556990682903
293, 660.5975121799212
213, 660.1907486231245
1142, 659.5129384772969
494, 659.481232820361
2591, 658.8016320933361
3409, 658.7676396187121
2092, 658.3911447581662
2565, 657.578590927212
1516, 657.4434712635234
375, 656.3811618880154
2698, 655.9795449243727
456, 655.794419572057
3275, 655.65053778107
2444, 654.8289277148295
334, 654.7430321869749
3426, 654.6332823549131
2381, 653.855045537212
1026, 652.9991621560222
3191, 652.4628762506891
255, 649.9826204735581
3403, 649.843673952224
180, 649.0063672412384
1533, 648.6509203775859
295, 648.0762466818722
3357, 648.0187628230246
2791, 647.7317479758375
2670, 647.186125927438
1228, 647.0316947863474
501, 647.0169628873376
1502, 646.9587127182917
2015, 645.823752843529
1071, 645.3924175994653
2625, 645.2555093835987
136, 641.7110278601496
1847, 641.4007303124642
2684, 640.5598797888456
2664, 640.4242443858038
2274, 640.0279514371059
202, 639.9595106497806
482, 639.9440139830159
1664, 638.8392321937733
2740, 638.7115020632057
3069, 638.4807957128197
3054, 637.8743050806827
1994, 637.400020551088
544, 637.395871587758
2477, 635.5948323023626
2061, 634.8039368072912
3341, 634.6191351775038
158, 633.7419265348925
557, 633.6357421166459
3401, 632.6752756362267
2537, 632.163364212239
3302, 631.4996847458546
539, 631.0813484143454
2598, 630.957861195204
2278, 630.3007855568311
284, 630.0340150280053
2354, 629.9989973043556
200, 629.4700366133852
1964, 628.0387789512009
2053, 627.8746818621166
2394, 625.5036183061303
444, 625.1275977345155
1072, 624.4073835313229
2667, 624.2233253535192
1075, 623.5644794396909
2699, 623.0885078219545
2022, 622.311794710451
860, 622.2024528018258
123, 621.901740882514
2306, 621.7979889058804
1583, 620.8819820771505
2986, 620.6153236439281
46, 619.3487727779811
2298, 617.6038970621211
1581, 617.3791722507199
2265, 616.3916941315068
2261, 616.1721941040885
3107, 614.6326202643323
3114, 614.3750923225997
2631, 613.7769165004354
207, 612.8516764105258
2777, 612.585040101783
1260, 612.5378400475416
2735, 612.0025652236891
1239, 611.9458983106904
1585, 611.930153814796
2659, 611.3378033639059
170, 611.1826146690138
458, 610.9919671779006
1234, 610.0305852750549
221, 609.471982992829
554, 609.0961060505645
2660, 609.0884154757509
1110, 608.9561412389637
3008, 608.745564625004
3135, 608.1857793340587
1086, 606.2111985532387
2469, 606.1906199430048
3388, 606.188659522642
2472, 606.1647907573142
1456, 605.944523619764
2661, 605.1353692003294
2259, 605.0590769702518
3437, 604.4905283502684
1173, 602.930276776271
1448, 602.5163906629888
2674, 602.456735072806
3179, 598.7197653977479
3118, 597.8473209601991
438, 597.6624851217252
2576, 597.5490960687856
3247, 597.3487162137593
3148, 597.2413748462137
3385, 597.0178499412515
3033, 596.6652895331638
2308, 596.6257803558949
2457, 596.5874578561994
2510, 596.2230717181529
2474, 596.1760427243003
457, 595.7335552084899
2405, 593.2175679157772
98, 592.8974360994248
1040, 592.391070323751
2691, 591.5461170216541
3046, 590.5186233362506
368, 589.4849892451068
671, 588.7731197359334
2541, 588.674197090789
2416, 588.6264353470694
1126, 588.5090486334286
1230, 588.3073389532907
2502, 588.2752415735592
2501, 588.2752415735592
3249, 587.6221939415467
2627, 587.4441484088856
2669, 587.365994757522
2617, 586.3500345525168
1603, 586.2726633293411
3055, 584.9029403857726
2210, 584.6823743046317
3006, 584.4758827765751
2609, 584.4106069643582
211, 584.1904762281061
188, 583.8062629667905
2552, 583.4958833185912
1584, 583.4936178636731
296, 583.1985956722833
1624, 580.8864478173431
40, 580.468031613125
2099, 580.227692251757
503, 579.6485474774217
169, 579.2526285855226
71, 578.9672429600105
2614, 576.741115079341
146, 576.3482075428241
3419, 575.5972187594137
39, 575.5800088602349
2348, 575.5193768369923
3070, 575.4162941241494
263, 575.2979174959875
3155, 575.1223455917756
3077, 575.0706257292943
1177, 574.9686603627097
2424, 574.2727768139433
2476, 573.3511582730591
1184, 573.3205212071399
2494, 573.1681440543442
3253, 572.6383942744808
2033, 571.99705886909
2285, 571.4136607076165
2792, 571.210929994383
2702, 570.9903553059374
3303, 570.0953635555566
289, 570.0590209199439
2542, 569.9125719891366
2448, 569.8783741260693
432, 569.5599847075515
2504, 568.6179595333556
3089, 568.5680476775781
2961, 568.2079231318127
2634, 567.9817775932219
429, 567.7837925151088
2521, 566.9404673913757
1109, 566.6724171816517
159, 565.9793813668349
2724, 565.9746248589327
3072, 565.8281803296131
1676, 565.5974893056203
2637, 563.9552605599681
505, 563.1083253753526
3108, 562.6816625639043
1911, 561.869281432912
1132, 561.3938701978383
1521, 560.1792953598933
153, 559.7092985268062
1119, 559.2940339529117
45, 559.2907515337596
41, 558.9826488253893
1610, 558.1629923201551
3263, 557.6936344697492
535, 557.4852466770407
3317, 557.0160717078697
124, 556.4196392071018
3181, 556.349731697726
481, 556.3111690292327
2956, 555.9000684133701
3382, 555.6028327245356
3325, 555.5723074565383
1161, 555.5464013514254
174, 553.7252361783559
2089, 553.2513442527585
2071, 553.0423885991853
2302, 552.6859860731207
3049, 552.652439981199
1143, 552.1984994338792
3370, 552.1631781254467
1651, 551.6279622261139
2415, 551.0120177500639
1450, 549.9624316169073
227, 549.7486423107924
448, 547.8664431957687
3408, 547.5379136898764
532, 547.1901225221209
1736, 547.1028793004081
3277, 547.0992086150895
373, 547.031050708665
736, 546.9111421936128
1300, 546.5038142722121
454, 544.7924332509274
2105, 544.4636203468854
1027, 544.4469863776309
2866, 543.1971935037952
2548, 543.1818555122151
2277, 541.734638339715
2783, 540.5093454535591
81, 539.4380264754043
251, 538.1517183213105
2678, 537.76996307479
3331, 536.8470752073224
2567, 536.7042208120097
2529, 536.1667776999893
1117, 535.7473240672047
2267, 535.7198067554814
2459, 535.4784076032038
336, 535.0850922411267
1247, 534.9086800960459
2478, 534.7882618216012
2676, 534.445029617829
1066, 534.2801077969116
262, 534.1616619867594
3058, 534.1028013052816
17, 533.9036624687227
3353, 533.10699159794
2100, 532.8738780041429
132, 532.7195488433348
2962, 531.5523370247151
2585, 530.2680107118684
3227, 529.5259886045764
3340, 528.917466552696
119, 528.4726851350089
582, 528.3780931607466
3381, 528.2794473955072
157, 528.222873048373
1089, 527.1107425057053
556, 526.6945117457427
2706, 526.2906349041286
100, 526.223404790167
820, 526.2166522363652
1166, 525.4065271749984
2074, 525.3363232035231
2554, 524.6911868000745
430, 524.6259273056555
2763, 524.2965048874623
1865, 524.0749129794178
277, 522.9878699892764
1030, 522.5083987312139
2352, 522.4048176447087
2082, 521.4451142616748
443, 520.9815663796134
1060, 520.8136593511913
1081, 520.2131204431673
3407, 520.1108552403126
2968, 519.6082995224938
2619, 518.5993439382754
514, 517.9692531943101
2663, 517.8835849973916
2633, 517.7701341196105
1444, 517.6666987788569
3250, 517.5668315415886
2818, 516.7783374019485
1248, 516.6092379918606
2382, 516.3615339450465
1590, 516.0219545893068
3166, 515.3748397160407
1187, 514.5818076050675
2557, 512.8391771559019
2310, 512.8207713959966
2560, 512.5400398915784
3064, 512.5070544168854
1442, 512.2332868498881
161, 512.1922538600913
1035, 511.49607868184836
1437, 511.2645427463937
1094, 510.8063378677966
1074, 510.72041050862856
2056, 510.6467940842642
1560, 510.46846223457175
2685, 509.12922723779786
2754, 508.6601086105867
2467, 508.58001700929213
1218, 508.3120205657672
2312, 508.01336563079434
531, 507.98934901845973
530, 507.4617760916728
2544, 507.3792841419707
2301, 507.33001802241364
2069, 507.1133005129829
171, 506.4034811939383
3436, 506.18027299446004
2577, 506.0588809212406
1219, 505.67697033365107
1531, 504.50032503015245
2595, 504.4148948777252
469, 504.2062397565074
2969, 503.9830919796891
3405, 503.62203650786495
2628, 503.29975164352624
2523, 503.1358743393167
2973, 502.01064181055796
3423, 501.0591566213855
2398, 500.5408562647378
1969, 500.41137242835475
2482, 499.93328804316263
1811, 499.88805033625374
414, 499.5991025570388
1973, 499.3719474106436
504, 499.2810150990684
2979, 499.09838441837064
1689, 498.6282043037417
181, 497.8774475829013
53, 497.8663514900556
2068, 497.85816058920597
2252, 497.2891817228958
1052, 496.94229897709755
2573, 495.9426544736846
2990, 495.66116429713026
1091, 494.45305933283714
737, 494.3587511031954
3119, 494.32145719996566
3358, 493.8568867909562
1452, 493.7619938183069
3365, 493.70996434625795
2680, 493.69134031073133
3373, 493.64788762917374
446, 492.8307272972963
2642, 492.43096137747636
2689, 491.9114372935786
912, 491.90502058925534
550, 491.4385940278133
2297, 490.8533233054011
462, 490.60388946684833
2443, 490.18730945503216
2110, 489.21759661309454
2407, 488.49256172662365
2380, 486.55429031965286
3378, 486.50424824829474
163, 486.4494824927098
1876, 486.003590262081
2958, 485.6533855955601
423, 485.37062165937147
2388, 484.5369479377529
2545, 484.3966293329372
2480, 484.09034068743705
14, 483.708075251968
3369, 483.6570913149929
1129, 483.57797912499075
290, 483.2585743589081
2909, 483.2364508468425
151, 482.69918188124
1445, 482.6046284971125
1128, 482.3463665573121
1203, 482.271177326685
487, 482.16455017813996
164, 482.01484778232964
2260, 481.80887163013887
2803, 481.6268811103703
2618, 480.8616297989484
3416, 480.4437345600237
2309, 480.0891715566587
2613, 479.23831125761893
1200, 478.2374519068765
2481, 477.8669500142438
2588, 477.8667581833132
1849, 477.81815190500794
176, 476.9905010296854
1113, 476.8532726223575
537, 476.7947261559572
2701, 476.40756322460277
2445, 476.21489503208505
3196, 475.78673157266417
619, 475.16445785486303
1241, 475.151682866192
2918, 475.0415946709028
2465, 474.86728525458255
1085, 474.19021706391123
2047, 474.1457997289271
3307, 474.13582638472855
2447, 473.83088382671883
264, 473.47390165213795
2966, 472.7678685570097
3106, 471.70137856697454
2276, 471.6539415872843
2602, 471.43971063731556
3345, 470.617469517921
1965, 470.4187337101889
139, 469.50983344070187
1978, 469.40868707671774
128, 468.5122596568924
3073, 467.9934185400858
1429, 467.9697640290029
155, 466.74704489670665
542, 465.96953975457143
76, 465.0321403083458
2643, 464.7474571552821
1607, 464.5153264311689
3061, 464.35152342577885
3326, 464.20684431711857
3429, 464.10040013759624
2512, 463.93278418931686
2458, 463.7891210536935
283, 463.57367165654944
547, 463.4723190515086
2292, 463.34056439292306
3086, 463.29630723354177
1169, 462.87896895554536
436, 462.72951788243046
2489, 462.2796186142802
186, 462.11286303903125
1245, 461.6925350035552
3286, 461.6316048096666
1046, 461.527378896558
3371, 461.0738549446807
1263, 460.72836947420905
3360, 459.97996806432957
2386, 458.88366027437723
3339, 458.1647136825022
502, 458.1109125906466
3402, 458.00840729342195
3291, 456.9354842976223
2728, 456.5793485723081
2315, 456.3654514374941
1462, 456.120755861946
197, 455.71277483457527
2599, 455.48996387433044
1979, 455.42288303195846
1299, 455.0722215054946
1124, 454.59441207720727
2463, 454.32816025821325
2279, 454.2069938031277
1115, 454.0142485193438
2487, 453.8924333128726
2753, 453.3145248770379
1236, 453.0203125840497
1031, 452.8937623273551
154, 452.59921200302875
2819, 451.22627062065675
1183, 451.201107360699
2271, 451.19024070201664
2009, 451.0568866144223
2708, 450.84582183007456
1193, 450.44994570438996
1464, 449.99914593969856
1872, 449.8642478487192
2584, 449.8260198244836
3280, 449.8103233184737
450, 449.6855682829591
2337, 449.40345849425773
2446, 449.31865763442505
2733, 448.76103756362266
2081, 448.68617575446586
3048, 448.66690334798926
382, 448.580046520891
1753, 447.79511581087587
476, 447.0133870819996
3252, 446.9782535335399
538, 446.2366217724577
377, 445.5975295829779
2636, 445.4510955680503
2985, 443.9343151301192
3418, 443.69070026207964
3334, 443.4969463354115
1083, 443.00288723938513
1145, 442.0878509114028
2540, 441.5779762545129
1852, 441.0962934608223
3391, 440.5520863645873
3125, 440.3495318219743
2715, 439.79848385243446
1025, 439.7682213587134
2516, 439.5561734648186
1520, 439.02690861413305
2639, 439.00927753023853
383, 438.94334315794345
162, 438.69312662347255
3153, 438.38410015174924
2593, 438.32083584197545
3308, 438.12448397500617
1202, 438.04316569139456
2862, 437.4499979630927
1856, 437.1392122656977
2747, 437.06066712414156
1179, 435.7983214433478
2582, 435.1299117142
2057, 435.07207347243013
2555, 434.8412305361691
1043, 432.81304835565504
426, 432.4927494389995
1041, 432.15217756757136
2052, 431.83571817699067
397, 431.65954634524877
2077, 431.2607158790582
2765, 430.38389800826775
1042, 430.1976641632448
1857, 429.4873247978901
1212, 428.60097915529053
3425, 428.2887489147852
18, 427.94693974214925
552, 427.65265642281264
2798, 427.57428034971747
1449, 427.2670518132969
201, 427.10089778314534
549, 426.87131486529785
279, 426.8479125842664
3028, 426.6033682179765
2266, 426.5119533451872
1174, 425.74977846703626
2417, 425.5892715759698
543, 424.7795196739684
2590, 424.7211332310656
3047, 424.5771448119908
3421, 424.4400220921969
2031, 423.4955883813094
1867, 423.18857459888005
2090, 422.89695313176776
178, 422.6128228832139
2223, 422.4255279038527
3078, 422.4117672444522
1214, 422.23872293401485
2717, 421.521973798327
3177, 420.94726505404304
506, 420.9315484238613
2813, 420.91746516712476
463, 420.861085990652
2919, 420.5307948781557
3410, 420.43600167898705
1608, 420.4031641112089
1589, 420.35340323682965
1683, 420.02327119919914
210, 419.44705861313315
523, 419.0987626921674
2526, 419.04480951307386
1088, 418.9870175591538
2468, 418.91838907166834
2975, 418.0891850312455
2974, 418.0891850312455
3139, 417.5613860746487
3395, 417.20281740530015
1253, 415.87959630142507
536, 415.6631430491473
851, 415.6446229271523
2303, 415.06380195357974
1586, 414.4385834934761
1465, 413.4761323359239
3132, 413.4736017160756
2978, 413.05404921197595
1537, 413.05387003498686
3393, 413.0464734337301
1761, 411.8769238295088
1301, 411.59272751013106
3003, 411.2590809270086
3333, 411.06351925966493
2914, 410.69899080843715
215, 410.4281813841877
1688, 409.30222451072905
1855, 407.8854635131749
2769, 407.83433596619756
1760, 407.5723073530748
1662, 407.514877843454
2441, 407.3417625904301
172, 407.07939812765864
1226, 406.8077918411044
2450, 406.755958287545
3198, 406.71393562548053
1144, 406.50949003253874
3332, 406.1761984041721
1053, 406.1512864883914
2797, 405.9636182328485
1101, 405.76402862603544
2269, 405.6281362507383
1451, 404.63195360781225
3396, 404.6103656718334
3446, 404.4053618054079
1099, 404.26198840397717
3372, 404.24001427822304
1103, 404.1701433597375
1600, 402.8955981805936
1096, 402.85474866462505
2752, 402.81492042295605
2539, 402.58318061781284
1229, 401.91751620921883
2080, 401.8003715220769
1118, 401.12258518453905
131, 400.9912519282363
1961, 400.5193090661667
2730, 400.1206208113748
1069, 399.7038031000032
1660, 399.56184099664944
2, 399.5134736452788
1974, 398.96318316851875
2396, 398.76649219142837
431, 398.6069746873185
1866, 398.12296696365996
2392, 397.3711419042654
3131, 396.4125775658455
1678, 395.89778583574457
1095, 395.7740974778085
1447, 395.17025409450133
1112, 393.57263698507467
3441, 392.63778846441573
517, 392.52226834135956
2596, 390.5125940428743
2960, 388.6282028609809
61, 388.6098418858025
3420, 388.43068990932403
2014, 387.9835602220151
3342, 387.85758948531407
2387, 387.1681025538883
1130, 387.1434297785121
2794, 387.033099717608
91, 386.9749320398466
1067, 386.6433596401588
1519, 386.301355460456
1125, 385.433030380824
2647, 385.11198724947775
2408, 384.5246271308658
3343, 384.16145042702556
1148, 383.5071206970809
2709, 382.91386565810075
1070, 382.18670528174704
2413, 381.9254171274261
1773, 381.4367422203027
3375, 381.0007575607837
2983, 380.4126862792209
1139, 380.1781843912332
125, 380.11213611488364
3367, 379.9901104543501
3115, 379.785180038222
1147, 379.5510098073821
2290, 379.3484279090537
2066, 378.1624827009937
2311, 378.0139815386259
3238, 377.5780666984384
2409, 376.365631767492
2615, 376.1711864990829
1217, 376.1699716622006
2579, 375.7236817431618
1254, 375.39791183796405
1436, 374.50491632462325
2412, 374.20668847816836
1199, 374.0315366316983
2060, 373.87820462411145
1438, 373.0134829981703
1596, 372.941201547559
3366, 372.73470245169216
3414, 372.24042300691247
1141, 372.1755406160436
499, 371.7047817305294
2421, 371.47397090550635
3117, 371.4017149864462
3351, 370.24957806164707
1059, 370.09114150217954
3141, 369.55740661661173
2038, 369.51589332952005
22, 369.301066907036
545, 368.53439935736014
2471, 368.3518936272919
1262, 368.1564095958287
62, 367.76968537573157
135, 367.3362720412738
3154, 367.313241249806
1558, 366.85735547859963
1667, 366.4027786315335
261, 366.16268558711096
1257, 366.12326691555506
177, 366.1200818078208
2304, 364.901257960408
2065, 364.8477640893149
209, 363.81869443818255
1446, 363.3575808648342
1430, 362.2104725177093
3004, 362.2020332610548
3399, 362.1094436009802
1881, 361.88243296040895
2517, 361.86145252906937
2815, 361.34776439569447
2771, 361.32947797375243
1137, 361.1140813882924
3158, 361.07699642454827
1860, 360.4688221195353
2976, 360.3321844884736
1593, 360.18793315376445
553, 360.04180197584463
66, 359.95524936932907
3359, 359.31962557184784
1242, 359.1834890891193
2028, 358.28715870419836
2594, 358.2164302085557
105, 358.0399297448847
1160, 357.83979570472
3102, 357.7120729301265
3430, 357.5596962430988
3335, 357.2183008099903
498, 356.8754388237416
1298, 356.8473153238935
1097, 356.80079516962024
1227, 356.69067837221843
3398, 355.55069353381197
2500, 355.2025029891461
1209, 355.1095501487181
89, 354.76753158337334
3103, 354.7046221512261
1116, 354.25779116320615
1431, 353.658711883945
3377, 353.5108782109366
2716, 353.4670082602807
2356, 353.3743090114275
1154, 353.11306759593623
2344, 353.05933906620515
533, 352.3267363494659
3322, 352.14077021320253
3438, 351.830164423543
110, 351.5493938696065
3081, 351.3279509268951
92, 350.6791775238523
465, 350.39328375082454
2800, 350.38226405730046
1175, 350.34152029272497
1213, 349.79495489703226
369, 348.9344053502055
120, 348.53940840226375
2040, 348.41652180793125
492, 348.36251676685197
1597, 348.0500862889096
2796, 347.8730250113143
3053, 347.49085735106144
1251, 347.383962937764
99, 347.20476499461614
1182, 346.41470754530405
1435, 346.3439887614778
500, 346.295902148339
3076, 345.98139682488545
1188, 345.8841675095629
192, 345.37179370241836
114, 345.36971338283695
205, 345.3539804463886
3397, 345.26399654212065
2967, 344.66531885233684
3085, 344.5815450334386
1998, 343.9946920373944
2719, 343.57676214053055
86, 343.356090465772
3157, 343.29541115217796
1246, 343.01463387667377
1149, 342.929318845225
1711, 342.689002018478
3152, 342.41872185594366
3124, 342.4176406532189
2916, 342.3463903038458
3237, 342.10701819516544
3156, 341.93379653075465
2503, 341.754794855708
1208, 341.7333676888789
3052, 341.6492511168421
1261, 341.5867698299044
1201, 341.1552259965144
2762, 340.9516647995442
3394, 340.9281193047164
3109, 340.6516171360507
3067, 340.4610600083637
3087, 340.35014336694906
1878, 339.7677646051238
338, 339.4604089310523
2007, 339.30026639242925
3074, 339.2846672498123
2406, 339.2738123472054
511, 338.98440786422844
2268, 338.83180105606124
3390, 338.68159302563055
3400, 338.3690299774999
3104, 338.21689504355635
133, 338.1357975410261
1176, 337.74374868414236
3330, 337.5821088428828
1514, 337.27509190413497
3088, 337.2564598079854
2977, 337.2288222218218
3075, 337.16280164826907
1656, 336.9459012265706
3338, 336.74924914203757
2064, 336.4740488296225
541, 336.3509243324741
3096, 335.94110770928904
520, 335.6460773014292
2770, 335.54759623423195
2761, 335.5356906232742
2023, 335.3953379667309
1197, 334.7260698602958
3116, 334.6616926223306
1222, 334.5381155961004
1181, 334.42302177449045
1250, 334.32233080093806
160, 334.2823219605047
1078, 333.9086611930732
106, 333.4616429984519
2347, 333.0169052008128
2046, 332.8148683453851
104, 331.82817578581455
2515, 331.6758130105849
1107, 331.61095266124966
304, 331.50979258643883
522, 331.1954631484673
2411, 331.08836906346295
3127, 330.93295776142946
1206, 330.83459009207826
1127, 330.4608375150764
1195, 330.3377740089012
190, 330.06492152390695
59, 329.27348914246824
1225, 329.1416430522193
3060, 328.97064497882917
1167, 328.8782822559437
3355, 328.8677821920616
1196, 328.5884141372227
3138, 328.44302075212926
1223, 328.2921961095839
2058, 328.1563165316174
3328, 327.97388873223525
3346, 327.7429600507535
1136, 327.72117720777857
2732, 327.4796546588877
1441, 327.1000069332306
3337, 326.6537588846202
3427, 326.56762545408384
103, 326.2515860745891
1108, 326.24702786891135
113, 326.1752568344763
2036, 324.8925433975619
2982, 324.8578542583769
102, 324.6482090686011
2682, 323.6856530305488
3137, 323.4378003042807
1460, 321.83431935499516
1713, 321.3511711672239
2984, 321.19191394357506
1224, 320.21075215971103
434, 320.1519327346745
2551, 320.10290780393336
1658, 320.0048806811078
179, 319.81694943811675
3406, 319.3840595724137
1133, 318.81597494951995
1138, 318.5300813824335
1131, 317.9026989578566
2378, 317.4461516918588
1123, 317.3750868577903
3349, 317.1670564274914
1164, 316.86006039458107
2775, 316.48523964811767
3126, 316.21225618846415
2470, 315.50827592127246
2273, 315.1478574185195
1120, 315.10146377035795
1155, 314.9430847903494
2799, 314.8249010583749
3140, 314.1792504496868
1170, 313.6399720728691
1207, 313.57265992883555
3122, 312.8525308346325
95, 311.29141659863257
2550, 311.28497555357626
2043, 310.86992509629414
2787, 310.7751714301885
121, 310.7727804021683
3363, 310.5015644375241
2414, 310.3807325925237
1163, 310.3579131095953
507, 309.2986117957767
1240, 309.21957585222077
1168, 309.04357687970816
3368, 308.68562196684167
2578, 308.6361537775509
1428, 308.5939208956423
1477, 308.25265689241354
267, 308.1622298389233
1996, 307.4938303974113
90, 307.4867403969413
1194, 307.0924062051881
2384, 306.86027404296203
2399, 306.8004519845799
3356, 304.771394278236
2972, 304.4634087720853
1719, 304.148440463652
1220, 304.0329776177992
510, 303.67019693372174
1061, 302.34836432755463
1186, 302.0739245798108
461, 301.8415972762736
2913, 301.8125495617521
3240, 301.215974881956
2350, 300.9008479057228
1146, 300.6506341444825
3374, 300.42177199103577
2063, 300.1454937362345
1135, 299.7136722644894
3422, 298.95775950668235
459, 298.65455070217996
3428, 298.45278785931873
1068, 297.3398967467258
3242, 297.0560616307322
2085, 296.4798037582824
101, 296.1911940636406
2355, 295.0754089075895
2725, 294.2618270230468
67, 294.0020573848159
1198, 292.9183489550094
65, 292.7100627310909
232, 292.3124222056121
1079, 291.58023035307554
2097, 291.3226716997309
2569, 291.31236139882753
1588, 291.05649771526714
63, 291.0066149165268
72, 290.85878893367754
2718, 290.6528079640656
3376, 290.2801744242906
1663, 290.19748047350834
2295, 289.2942274256934
1034, 288.79064939842283
1406, 288.23455417822754
2395, 288.10817108325
70, 287.7281170156713
69, 287.7281170156713
3256, 286.61523465725503
2915, 286.5981579067464
166, 286.3809550009823
484, 286.374816728898
3417, 285.9113223273599
93, 285.1391792590338
64, 284.83508692189685
3392, 283.50213716052787
1693, 282.9674038678947
358, 282.5058655405972
3387, 282.39316872570464
108, 281.90905709297795
2672, 281.8992559306295
1189, 280.3921175289689
1134, 280.15520734456436
1813, 279.21167336420166
1065, 279.0824689497313
2910, 278.1083765785757
122, 277.9217702794877
1962, 277.3915410472225
1150, 277.3172040201162
1518, 276.73019236025414
2400, 276.66810327919666
260, 276.32092624152955
144, 276.3138353338731
167, 275.79155052522975
477, 275.4361540501976
115, 275.01599727726307
1605, 274.9897435407041
1440, 274.4642178060198
1216, 274.4195322888591
1073, 274.37170620925565
1467, 274.3416430446295
1180, 273.6334568288124
111, 272.27602467363107
273, 271.22576561649265
1397, 270.6695492736128
1864, 270.0805704749258
2518, 269.748075017862
1191, 269.3907623012629
1634, 268.82690685938235
268, 268.3492322715411
97, 267.9135920926504
68, 267.5983122996579
3257, 267.2419921260111
32, 265.6207195372677
292, 265.4081300606328
184, 264.7873706098823
1152, 264.16577809968857
2971, 264.06245215586887
1632, 263.7034611042656
96, 263.6036830465325
1178, 262.31484274937696
12, 260.77745600457615
2270, 259.4745637195409
1694, 259.3544131404852
1156, 257.4596098399121
2532, 257.43535614674965
3188, 257.05858582394745
1535, 256.73993576925875
3164, 256.4060646673975
1151, 255.94865917200065
1302, 255.5736258017938
2010, 255.47987513947442
109, 251.51672360231728
2801, 251.45162036543707
1838, 250.20122874405544
13, 250.0498929232123
2351, 249.17360725039296
1316, 248.59506242829303
2556, 248.57808332798362
2861, 248.11061796851203
1051, 247.50725743400346
1958, 246.9768277395035
1709, 246.01087377302844
2868, 245.91382047553225
2900, 245.83131307781605
1638, 244.62088231501596
33, 243.54754409723847
1457, 243.49862068651186
387, 242.50274354292705
442, 241.86901212913418
185, 241.58539782427567
1165, 241.04409006508254
916, 241.0001661569195
1153, 240.78506504827072
637, 240.5881564460894
3431, 240.11535238318882
2275, 240.0088138598807
3236, 238.87922534479054
1093, 238.69549058659157
1800, 238.19233360633743
490, 236.02304143392166
2433, 235.48368119485076
1574, 235.01923839927366
1661, 233.71321901613666
2860, 233.69087349800753
60, 233.2363553783578
2054, 233.17086387697128
768, 232.35234081219872
1, 232.18568384281406
3282, 231.91834595243338
305, 231.538929948383
4, 231.00318821662694
3310, 230.3416762204939
182, 229.4306222329543
1092, 229.16507891909856
10, 228.85312892253043
2192, 228.2926053926059
117, 228.25834336885458
1062, 227.9817919065299
3234, 227.8101016123674
590, 226.41807557100321
1454, 224.40774381603626
1255, 223.68960359127692
1972, 223.45001094867385
2857, 223.4284766519442
1562, 222.86763803716298
116, 222.69170774698352
1572, 222.34176364209816
2035, 222.19292459688182
1785, 220.50559529094147
1054, 219.59607085218084
2731, 219.37994177092423
1576, 217.97092816283978
641, 217.9166080282644
2320, 217.88397300974754
1814, 216.44457284403146
7, 216.13350274587347
1788, 215.25799712459786
3009, 214.85652427044988
953, 214.6965192232377
1324, 214.67607372526385
1573, 214.55699938470423
223, 214.4148926416061
3235, 214.01100333433692
112, 213.76304712523833
1543, 213.21894747599544
1794, 212.23584478356852
2832, 211.5246953378725
107, 211.28386894481915
2805, 211.27022337887038
2049, 210.95478673756116
187, 210.7746053589055
28, 210.11991522603208
118, 209.42009358415848
2924, 209.14005173465824
2711, 209.02070561709084
823, 208.87039164453606
826, 208.83105952512284
2191, 208.44501275876067
1818, 208.435606824238
3309, 208.38785837580522
1723, 208.2006960064041
0, 208.0208851630945
2999, 207.66138979281928
6, 207.19596993844718
1484, 206.90323194475033
1309, 206.5734023420097
814, 206.36660854301144
3, 205.82776736644263
1509, 205.55888283006396
9, 205.04368295376204
2153, 205.0264645685414
1567, 204.56057627252864
11, 204.52601529592894
49, 204.26252315439413
30, 203.4902483816486
1410, 203.03669930118812
3017, 202.6577534395607
524, 202.5799949909362
2062, 202.39365074344687
2134, 201.7085028698733
2208, 201.46076411387725
745, 201.40457988991776
1882, 201.17829731619653
224, 200.64220634892337
421, 200.23104506591667
2042, 200.2210219488281
1004, 199.75555628333063
848, 199.7178169817504
2211, 199.4963539316144
1824, 199.44822301912365
1575, 199.29013502460145
286, 198.72921434272817
1861, 197.90387833855507
5, 197.44674850065928
94, 197.32080586656213
735, 197.2211888080582
2158, 197.1639887667403
2889, 197.02758455930228
1571, 196.99988005940088
2878, 196.50144441823903
1806, 196.39301774821703
1418, 196.272265691823
259, 196.1924839658999
2242, 196.0849443665471
489, 196.0479963602271
8, 195.92815351721177
1940, 195.19423216157261
1939, 195.13882473628422
3215, 195.05595148215284
2051, 194.30499334259233
2193, 193.85999969240896
2107, 193.2695267486462
2856, 193.0797698021738
788, 193.01490188761002
2912, 192.95216484440243
923, 192.89546480777278
1951, 192.2569861565451
2170, 192.25330592162013
3000, 192.23255737713492
2067, 192.05170080612217
2859, 191.98504367219323
226, 191.31664214579726
682, 191.16728718670484
1269, 190.41010917390847
2207, 189.97064811438534
526, 189.5486163316699
3025, 189.05718911129918
917, 188.8557980054848
786, 188.6839196581598
1003, 188.63523123650123
1424, 188.48550131757776
2806, 188.2950796428079
1907, 187.49669679790077
1889, 187.4649978260866
3228, 187.44005541218752
2429, 187.33811132294616
2435, 187.25513509130494
2428, 187.25513509130494
1810, 187.15855515139677
2135, 187.03459147774922
29, 186.96581068933025
2124, 186.95497588168388
803, 186.88059112617688
2180, 186.58224580360613
1776, 186.5161302762999
1884, 186.25676344420077
248, 186.25476260341736
744, 186.0713494243759
2991, 185.96019658854416
1780, 185.84239293590727
1640, 185.79138387231842
1210, 185.770286273736
615, 185.6170840084215
2205, 185.3035241547804
3269, 185.24961969352748
417, 185.2062497358805
353, 184.94642327753576
857, 184.8200260463386
791, 184.7888101450118
234, 184.54912661071648
727, 184.34546557327374
1536, 183.51339156086263
1525, 183.4752151746493
1039, 183.42752892641354
2925, 183.40193356758994
1306, 183.39916634859364
2236, 183.3919465754794
1423, 183.16954991787657
2157, 183.1177235644204
746, 183.09675574361643
3029, 183.04391880770086
3018, 182.79264437735756
3016, 182.7301964661264
416, 182.6097848326995
2194, 182.57426914232607
2243, 182.29712448986277
2923, 182.08651255884556
1566, 182.0835826808843
2318, 182.01922766920444
1487, 181.93158759951476
2262, 181.2939300425907
686, 181.25108767206117
2936, 181.22829259437316
1895, 181.2042324157191
2195, 181.02916251903733
1356, 180.93396634110064
945, 180.82040282599155
1617, 180.63482331053194
936, 180.58470184812202
1807, 180.58293615017303
249, 180.5280055123562
1577, 180.49804689279208
1580, 180.36161126336518
579, 180.33343341921054
2196, 180.10638330692848
716, 180.0537760365598
1048, 179.88157911977945
2953, 179.85803749145873
527, 179.8337715996054
2997, 179.80127826253974
1822, 179.75594066534578
781, 179.71913159129215
1885, 179.51901620367178
1623, 179.2690771436127
1336, 178.92307281479665
321, 178.66840206731865
1653, 178.54052358069228
575, 178.44631051027508
980, 178.29860162435924
1425, 178.20338862230008
2438, 178.20237807836432
1943, 178.19033179775494
1999, 178.0798537414001
920, 177.962308788436
2188, 177.70114907238778
778, 177.60320699239347
3319, 177.57940272309062
1976, 177.5514592316773
981, 177.43813683725708
612, 177.21458624432753
2434, 177.188976856378
3320, 177.1833126731822
1615, 177.16019310882487
844, 177.12279917127097
420, 177.11562900530606
1279, 177.10447037602611
762, 176.96036195027628
2187, 176.8451382790463
3233, 176.7963126067874
2160, 176.7519536600461
2993, 176.60727023568424
1037, 176.39568660010252
581, 176.21196995199776
1023, 176.16788698212767
1579, 175.85078531876826
961, 175.84854426037634
243, 175.83518259062248
23, 175.82964036052638
825, 175.79988007980677
2431, 175.68175029915534
717, 175.66874846134095
698, 175.44991809446392
2145, 175.2358303751069
2189, 175.201826937501
1977, 175.09728273949517
817, 175.0808421951037
301, 175.06150269556548
2365, 175.05418976198627
1985, 174.9964518376358
955, 174.91689570796805
1803, 174.67069064074116
24, 174.6134974370074
743, 173.94764243926917
2949, 173.84454649274568
600, 173.73870770281144
2362, 173.6604236260856
2360, 173.60713672300616
27, 173.59706592678708
319, 173.50719643720035
419, 173.47768510536258
2095, 173.42413075328895
2220, 173.3876906669149
922, 173.27583400314953
247, 173.25682509528593
2142, 173.25550811694183
2072, 172.6186697123351
960, 172.399906211008
2214, 172.39646081750638
815, 172.2202330242492
2879, 172.2056888258221
1038, 172.19964674002813
1331, 171.9052235056214
1412, 171.82418074534888
2181, 171.68282406127318
1404, 171.62581372927076
808, 171.58279642434775
969, 171.58206558872504
1473, 171.50901369273979
709, 171.30541925229923
560, 171.13880899253644
528, 171.0972401228713
1890, 171.09094855686882
787, 170.98619299569833
1308, 170.85726719043845
2845, 170.79764561235885
999, 170.78253843441456
418, 170.69550539389226
2219, 170.6882659096962
1371, 170.54783709596657
1523, 170.49034819916912
370, 170.28677461971262
2122, 170.25456626325095
1840, 170.08755959392232
2829, 169.9679208564908
1427, 169.92375342521996
1049, 169.90335470425336
574, 169.7103104965046
1599, 169.57356955683812
1490, 169.53616663971192
1266, 169.5074750839092
285, 169.49931296147975
2846, 169.36525101473413
2931, 169.16469682062012
1495, 169.01847920629515
2907, 169.00290669653376
2828, 168.68352072115096
601, 168.66976739787884
585, 168.66905894074216
2422, 168.64234348493093
242, 168.58631660597052
1408, 168.5469664691243
691, 168.5103186305246
856, 168.38220092808785
1314, 168.23256816570856
1510, 168.0672707218818
804, 168.05142647964192
1321, 167.9431074908626
964, 167.8642950323089
2427, 167.81302550732076
2858, 167.808882902709
2992, 167.78274469519863
529, 167.74213159515944
2173, 167.7213741704404
594, 167.68374212463507
1823, 167.6233218790956
1839, 167.50026804480785
1289, 167.43652984782833
2171, 167.39033617609746
313, 167.34046830278413
2231, 167.33708844269995
2209, 167.3021965685697
903, 167.07521829519155
1594, 166.95150345489532
1925, 166.788601336116
1508, 166.69004526612505
907, 166.66490139302783
2996, 166.6495207161767
1942, 166.61313643673722
1790, 166.59824492024796
789, 166.41259479439663
2168, 166.36704775267398
1315, 166.29665786016366
2228, 166.25327731949642
2877, 166.1452573151965
1501, 166.07616737988138
3026, 166.05102150847014
1369, 166.00167131453927
1478, 166.00079909440302
393, 165.859258569684
2200, 165.79306847130889
2905, 165.72671926388375
2165, 165.72581474585064
780, 165.70545084697545
2206, 165.6943278948786
1527, 165.6200722779637
1505, 165.61084901838566
3229, 165.599117966379
972, 165.4898271435144
1846, 165.46981192441712
1887, 165.44100543884363
2871, 165.40004051225395
1426, 165.13351327849213
586, 165.0303998590123
3031, 164.88115298030746
1348, 164.82255845907352
1211, 164.7717325514468
872, 164.70765634683022
845, 164.67388562826446
837, 164.64597718010288
1984, 164.3165592375651
2113, 164.30346344786395
1421, 164.24958573600944
2804, 164.24370856873264
846, 164.18507268801952
1512, 164.13217433053217
593, 164.02902213071263
2190, 164.004362425754
683, 163.8630403978431
1957, 163.8023151316819
558, 163.7728007141451
2850, 163.6829682087632
2837, 163.67021295645492
3270, 163.48002884093893
1361, 163.3663215766608
696, 163.31964205199526
1578, 163.28606489789485
2150, 163.2537259919472
1380, 163.20552961887816
2256, 162.83212841115306
2164, 162.8203683906941
1390, 162.8167567537034
1883, 162.797945944096
1488, 162.7774126179569
2334, 162.68709204209313
919, 162.66227951581496
2841, 162.65640287905038
3267, 162.63379927252092
371, 162.47558539789128
2998, 162.44964114435294
1001, 162.337353263904
839, 162.33361524904694
638, 162.31530793843402
2115, 162.2940780697763
2084, 162.22186639584524
1389, 162.19278074713694
2321, 162.17301058669372
1494, 162.10986876881353
928, 161.98311982499314
657, 161.90892005899855
2852, 161.8985864955331
1481, 161.87773277091972
1983, 161.74098641085217
1322, 161.62435180025182
1792, 161.59981656751944
307, 161.5835528912153
2324, 161.48632936547116
886, 161.4440814020701
1828, 161.37102160001592
1268, 161.33813407047404
3321, 161.295499848107
993, 161.1605944937904
821, 161.1256448079374
1986, 161.0326767228114
26, 161.0056714509903
987, 160.99037358493388
661, 160.93875584075704
2372, 160.8652244825813
1455, 160.74320452224518
3268, 160.71739355439342
2439, 160.63934065389822
2120, 160.6249035416038
2125, 160.55365330839297
602, 160.49238595536696
599, 160.4577836353661
2229, 160.39834416734735
775, 160.3238519136992
2839, 160.29564681594388
902, 160.25532445191308
784, 160.24218770349762
1863, 160.19935925925824
2117, 160.1627846807221
1549, 160.12525315805613
2940, 160.07456633033388
1820, 159.9967777974777
639, 159.9953819355824
1396, 159.94017125945825
708, 159.8086750162514
2255, 159.7431624051514
2230, 159.7430671781432
718, 159.61925979896645
3014, 159.5601413098528
2162, 159.53541185593156
584, 159.5311047905833
606, 159.48660785357674
938, 159.43609436086422
1345, 159.35487929089697
659, 159.28676270149225
2929, 159.2512264909822
230, 159.1984067560098
840, 159.1721051709595
1493, 159.14179667399324
3002, 159.0776840403086
1050, 159.04751384833392
2359, 158.99867780335353
1377, 158.9904973783788
2116, 158.99032919017662
665, 158.8703582323048
1474, 158.83688502809704
1295, 158.7981760045697
2750, 158.7546499343987
664, 158.75247076301358
882, 158.74339274662043
1413, 158.7369914840395
1339, 158.72421543200855
1614, 158.61304843184325
1271, 158.53787071960392
2831, 158.51601273662848
989, 158.50196234809096
1908, 158.49465253161577
730, 158.45979753383133
855, 158.444651357714
2922, 158.43558000035318
777, 158.41642215839425
1312, 158.36496430215203
2851, 158.3526343878032
849, 158.25629887784308
1622, 158.25062182806295
790, 158.20343679306285
690, 158.2015298412226
235, 158.17172070373638
2928, 158.1556666109244
798, 158.13271600267697
2994, 158.08021131672152
1601, 158.07269902094177
927, 158.06152602954035
711, 158.03975259735273
1886, 157.95102143997462
2237, 157.9157036647377
1014, 157.7053969865565
853, 157.64768335165905
971, 157.56407044735786
752, 157.52614178195546
1398, 157.5159289825972
776, 157.5143733048947
867, 157.48542182813696
2844, 157.37394860001694
1330, 157.3012237328094
256, 157.26011755177333
315, 157.24868950905355
306, 157.24868950905355
970, 157.13285374473796
1343, 157.12206791360794
1511, 156.99509664140925
1550, 156.97394704773794
564, 156.95965234119086
572, 156.69606175573008
1278, 156.65697631467168
559, 156.61870224979927
892, 156.58145549605916
525, 156.2708333106748
1561, 156.26465364257322
2908, 156.17555225452662
1392, 156.16137848465254
785, 156.10104788082822
1368, 156.07806921850693
774, 156.0157536040126
2213, 156.01543736419924
1555, 155.97454026845404
1352, 155.97049942970975
1829, 155.92758089087448
1417, 155.8390261861941
770, 155.83468339106136
1273, 155.8250955592087
1420, 155.77943822015988
1422, 155.75403719488378
1825, 155.7321258722384
847, 155.68841881217205
1378, 155.6571095155838
713, 155.64627519218467
797, 155.61841998535715
850, 155.5816935149864
723, 155.552452231084
1393, 155.52420237166612
1920, 155.4844527513863
2888, 155.47679841394702
2361, 155.46346808110897
1815, 155.41184860405167
1804, 155.4039043786544
1902, 155.36657308646272
3272, 155.35599496545407
3045, 155.34259656942282
577, 155.17390642634317
1500, 155.160069121516
2366, 155.1328824875181
569, 155.08791126534277
2898, 155.06337655957472
2376, 155.01807571175422
1006, 154.98426164330235
1544, 154.94805294060518
795, 154.91847520333593
1926, 154.90865692254948
573, 154.90727784886695
2141, 154.84739910582104
1539, 154.73456512985908
1400, 154.73444361585283
689, 154.73058580985895
822, 154.50068886696417
1959, 154.42519462128914
992, 154.42468514779705
636, 154.40749458224622
2254, 154.38339220702005
3030, 154.36961877204885
1480, 154.34209183730272
1409, 154.2878402803764
918, 154.27150936993536
1293, 154.22758810616966
1285, 154.2137549028807
1158, 154.2025503760462
1475, 154.19772601617734
2369, 154.1183066888206
240, 154.07664566122918
231, 154.05606365921878
2227, 154.04623380043677
779, 154.03706293171754
2166, 154.03498002462268
2121, 154.02449461409938
2245, 153.96970558603655
1370, 153.94242787332516
871, 153.90100924022994
2830, 153.77756985372943
364, 153.72761416293082
879, 153.72310704414556
2903, 153.64350923476758
635, 153.56106754471188
1989, 153.53969594129342
2884, 153.52995698755453
2131, 153.44396882231067
2899, 153.4412513212189
694, 153.40627637310237
868, 153.2387195484522
1280, 153.17766099661296
1411, 153.0988188264328
983, 153.05406146729013
2881, 152.98625988036778
876, 152.9653518634009
2198, 152.94343113064335
2154, 152.82738601880945
673, 152.8105290175385
2547, 152.78224804831467
1419, 152.76428760094527
854, 152.7192308006029
3044, 152.70787909040087
2926, 152.67349240255336
3043, 152.66101579835907
900, 152.4695228532817
1830, 152.46842615796976
1909, 152.44008823059394
2432, 152.41588009930516
693, 152.37432138430694
1491, 152.28289920892448
933, 152.24068005108552
741, 152.18174604251323
937, 152.14586894968923
1817, 152.08032598908835
2199, 151.94288713989775
1367, 151.88011266809673
2163, 151.8529953648758
1915, 151.82862289657163
896, 151.79391446076082
614, 151.78052842614588
2114, 151.73904816637636
257, 151.7211536949326
725, 151.70181587887726
887, 151.60523096211466
1346, 151.48901043800686
948, 151.45460415508936
1498, 151.44879258745215
2882, 151.43465973729727
1382, 151.4142701527022
672, 151.3682066738999
755, 151.3500616808678
2246, 151.2802646340988
1835, 151.27999550941246
2148, 151.21132999040117
597, 151.14057879991424
883, 151.1295337838781
1403, 151.12416877283513
1888, 151.1212390506132
935, 151.11432309274
236, 151.02774336289423
759, 151.0266900128279
2937, 151.0182993077127
323, 150.98234209146545
311, 150.98234209146545
3271, 150.9332991109752
2875, 150.92765698611927
1372, 150.84527636092668
946, 150.8419591871644
675, 150.82714373510106
1904, 150.81401985355484
1831, 150.80431011713526
1791, 150.71721054268386
1486, 150.62187711782482
253, 150.59576787852828
714, 150.59275234596444
764, 150.5795002229295
2319, 150.4754554879379
1841, 150.4523765158881
656, 150.42464997189478
1906, 150.41582750543452
645, 150.39746154331476
924, 150.38174406225252
763, 150.36797043498416
1387, 150.32050002881746
2423, 150.2921352273598
1277, 150.27602005592527
782, 150.22877433852153
2897, 150.21212709271313
2952, 150.20939033266617
2323, 150.20592496563768
567, 150.17107004505863
2842, 150.0898204887046
346, 150.06529732078096
1618, 149.9690557063697
985, 149.9654198829197
2138, 149.96381250875112
1288, 149.95647622889004
963, 149.9230143706219
766, 149.89826784544505
1292, 149.89789854509985
1328, 149.83269189863304
1458, 149.78129358002667
2146, 149.73889235361634
2123, 149.73810156250116
565, 149.7165544877203
942, 149.70176373317094
1036, 149.68630609050638
1981, 149.66849210724007
2872, 149.60324044652555
870, 149.47539522415025
728, 149.46731324853795
1415, 149.43660742573195
2216, 149.42373627755634
312, 149.39475344300567
1595, 149.38557912734157
674, 149.35619379735522
704, 149.33029673021332
2921, 149.2974901289384
646, 149.28992712892577
1374, 149.26961603929252
3068, 149.17725431957072
1405, 149.14876527190782
1801, 149.09374099104053
1291, 149.0716920596276
1353, 148.96878154679163
1772, 148.94022124232308
1388, 148.92124827709122
800, 148.91806607947646
932, 148.9087732343134
1944, 148.9085877145864
351, 148.90220666838945
2430, 148.88044191066226
2927, 148.85487957846294
697, 148.8312479079736
374, 148.69693411614512
742, 148.6911003243949
2891, 148.68630839663118
984, 148.62648971299137
324, 148.60353444181652
2854, 148.59982827734444
1782, 148.58450207821977
1327, 148.54683840692044
3037, 148.49761390449453
603, 148.41138862238122
1018, 148.37690671504225
2911, 148.32432985202888
1357, 148.31217701863216
31, 148.28661555121542
2169, 148.27243953449383
2331, 148.23026193809818
3027, 148.20120782655616
568, 148.19401577769807
720, 148.1678776082927
761, 148.15624271077186
2202, 148.14501722010937
2840, 148.13127249904045
1340, 148.08885316537803
783, 148.07466400976415
1934, 148.0545901545194
959, 148.04072072285905
897, 148.00529371956222
1272, 147.98964030553608
347, 147.98556331480256
1548, 147.98548462319445
836, 147.97002297187896
1275, 147.88562430297026
701, 147.85765679959613
1391, 147.85105314849798
1524, 147.81846771152715
640, 147.75929475634987
1021, 147.6813851553296
1270, 147.6424623412977
1905, 147.6154816876406
1992, 147.6065758118646
813, 147.5930025517575
1323, 147.58919163908323
2410, 147.51365186245047
2833, 147.4919831130067
3038, 147.48301592602684
1563, 147.46556282883998
1554, 147.43786583855098
1499, 147.43648374889096
623, 147.41137244375304
1297, 147.3961011109275
1789, 147.3880601860797
750, 147.35847292563412
616, 147.35654128602576
660, 147.35613470530512
2136, 147.35345251269234
1927, 147.32662853877073
1982, 147.28011852634086
246, 147.227550222672
2119, 147.2118643556922
705, 147.10931689224245
740, 147.09415924396845
1506, 147.07553148094837
2849, 147.037453086033
2183, 147.012799353964
827, 147.01032950665183
986, 147.00925666269555
796, 146.97025381145062
1020, 146.95522145951026
1485, 146.94937692253362
925, 146.91807042474167
828, 146.75499805533624
1809, 146.7296975280327
258, 146.72696995025603
2130, 146.7237241148936
2233, 146.71932358904556
843, 146.66451184865474
1294, 146.66214694239545
908, 146.6528520251527
799, 146.63729364766667
1009, 146.55416655830282
792, 146.49774637011492
2129, 146.399258760604
2175, 146.34052117502586
962, 146.29695364287224
2938, 146.20965630942612
2847, 146.16740211755288
934, 146.11830454903924
1265, 146.04507842031563
3448, 146.02947921558996
1453, 146.01867458932347
930, 145.9898219938333
707, 145.882912240212
2140, 145.78930566571114
1598, 145.7543257608764
1479, 145.65718739635602
692, 145.64857714861415
2946, 145.5979698910863
1318, 145.55090767834707
905, 145.4566946318681
2232, 145.44822327305286
1786, 145.33977138816365
1469, 145.31491767432527
422, 145.2272546928268
2373, 145.21568766398786
710, 145.20640557278293
801, 145.20562781689708
904, 145.12047744077645
2947, 145.06983526844917
350, 145.04160030174748
722, 145.03784156986475
1329, 145.01310623865024
1819, 144.9458681033288
1354, 144.9375379075153
2375, 144.8639403816508
363, 144.85407123030205
1836, 144.6614425366012
967, 144.55503918167008
834, 144.52788184984752
1673, 144.4922767445501
2176, 144.44418083302415
2377, 144.42690830281708
1779, 144.37902600569944
566, 144.3716792151504
238, 144.34713401362072
1921, 144.29499851142037
893, 144.2313000440507
926, 144.1918952070372
973, 144.19110929382887
1365, 144.1848686585552
754, 144.18099078827444
977, 144.17836799197622
2336, 144.1219822212885
2933, 144.10964378636186
1808, 143.94172537141446
596, 143.93204769232807
3034, 143.9170491936145
1492, 143.89053828293262
241, 143.8454121785416
1022, 143.8104662492219
576, 143.77972873056902
824, 143.72360249870135
314, 143.6906088826449
2222, 143.6793061756873
952, 143.47852500361734
658, 143.43592659035414
2133, 143.42871962666308
352, 143.41287807552018
1930, 143.40289561270248
1949, 143.39405206101773
2826, 143.35845213228302
1935, 143.3551295767811
3230, 143.35320942832146
1928, 143.103718365954
1620, 143.04991530535105
1504, 142.8402232073443
2403, 142.83608528944515
911, 142.78406680406928
2247, 142.68361991825483
765, 142.60550163665434
1837, 142.54673093022893
1954, 142.530994619818
2950, 142.5033404692645
1414, 142.49228330983541
2876, 142.38498207699791
667, 142.37568904639687
1900, 142.2780793063311
1320, 142.27541118328497
1777, 142.26237856602563
320, 142.2262807284975
1582, 142.1936872589567
729, 142.14722999013685
976, 142.13845039130277
1799, 142.11944387207137
2325, 142.0982689292025
931, 142.06160820446158
618, 142.041110386005
1950, 142.0075478594909
1282, 141.98479643994492
873, 141.97838763182062
929, 141.90347105365464
1007, 141.90149766607283
1319, 141.83430725089056
342, 141.80890560974734
2144, 141.80603298668953
1898, 141.79877834685047
898, 141.79351118300457
1778, 141.74260675809407
2322, 141.70066388349045
831, 141.6879827421372
810, 141.66645192952888
910, 141.62714117573634
2939, 141.6253089027692
706, 141.61807174599775
2426, 141.53368678373832
1591, 141.52450533433714
1010, 141.4687906855954
1470, 141.43307413945922
880, 141.36968376759006
2126, 141.33581490717714
1017, 141.29163734058014
2327, 141.24156990027362
994, 141.21033732583027
702, 141.19970203344133
979, 141.16373154285705
1326, 141.0760233446725
2902, 141.06997080168978
1351, 141.069187712444
724, 141.0623735570577
899, 141.00107974157982
703, 140.89898727690507
712, 140.84926387006448
1332, 140.84318582448643
865, 140.8310597556332
1953, 140.8307342956388
1832, 140.73596194539084
270, 140.73078045329612
1394, 140.72513177885386
943, 140.71122730121382
239, 140.69971312762556
644, 140.6758281262201
633, 140.6738312599085
325, 140.64822528503183
2367, 140.60351860128787
944, 140.58298439727875
632, 140.56174739409107
354, 140.51091527010186
1402, 140.4958774820404
609, 140.43676976137334
866, 140.40378116131507
1476, 140.35833688865833
982, 140.35352581583862
2436, 140.35256736281556
269, 140.35231944120366
830, 140.31058216241345
1385, 140.26986831900658
2370, 140.26364978753844
1827, 140.26038476255826
875, 140.239139423932
1569, 140.2164817485481
1540, 140.16088648145913
2425, 140.13053239713275
1335, 140.11824285679327
2880, 140.09128000028682
891, 139.9873279019638
807, 139.96605263286534
958, 139.93251470149752
1011, 139.91953057776948
1932, 139.9119106548595
1416, 139.88393645795026
604, 139.8086418826951
631, 139.78795987825424
1483, 139.7617938861595
1362, 139.7374392778554
2156, 139.71322312454816
1080, 139.6959086107862
2172, 139.6450287281955
1311, 139.58331136910653
1304, 139.5815953951957
858, 139.58021508949568
1286, 139.4665676607896
666, 139.45347783611837
2330, 139.43930002474676
1834, 139.4290611023472
1366, 139.36031074204573
2874, 139.33563393176783
990, 139.33025650104895
1568, 139.31346292323045
1359, 139.3010932383733
2251, 139.2957524920952
1551, 139.23125711049616
949, 139.2214834241535
1769, 139.20717183940778
3012, 139.1782191048377
2186, 139.15779318038452
2000, 139.11756221583826
1401, 139.06793994768657
668, 139.0305076159755
1489, 139.0115971109953
974, 138.9983452828727
1529, 138.89140191673664
996, 138.86084918169746
3015, 138.84744111048306
684, 138.77674440133137
624, 138.77674440133137
653, 138.69100631383324
2317, 138.6846497026418
3024, 138.68151919057902
1383, 138.51652929646616
1303, 138.5029763732807
687, 138.4849240392963
954, 138.3774402983411
1619, 138.36418037361508
1325, 138.34060435700385
1307, 138.31858405652707
598, 138.25567212716194
1281, 138.15042185255376
2149, 138.07022949916728
2941, 138.01559820546723
1008, 138.0066279435196
2197, 137.9694303853094
595, 137.87977381109954
998, 137.84327498441013
648, 137.84327498441013
1016, 137.83694432604767
1522, 137.81843192574047
3022, 137.70178458571593
2201, 137.6862703216109
620, 137.68579362614645
245, 137.66027123724652
1342, 137.65298588703084
2281, 137.63470108804958
819, 137.494443238616
2326, 137.48026503126258
1341, 137.47920509447454
1606, 137.43722454864343
1528, 137.37727818844695
721, 137.36366692108683
829, 137.3618552728803
1276, 137.3368908949912
1918, 137.30443546968635
1192, 137.28951478224351
1482, 137.2725604611937
1305, 137.200250322848
1774, 137.1843964561432
1507, 137.17255899862582
2132, 137.10075197205825
1946, 137.0354217055851
2151, 137.02864171810415
1015, 137.02837289408828
1055, 137.01345554193574
2934, 136.98934970245298
229, 136.9262365592887
2127, 136.86287797561465
818, 136.821702885651
1956, 136.81290749352922
975, 136.80209892264517
805, 136.7804765575385
3035, 136.7390684171237
1903, 136.68647223964362
688, 136.65221409296743
753, 136.56438082397477
271, 136.5510561653244
1787, 136.5317678115644
1376, 136.49146573544834
2159, 136.48077671668992
2332, 136.42064976096026
2834, 136.41242553386644
1937, 136.39424219470396
2437, 136.36217705080932
726, 136.35832358003574
1317, 136.14882632207548
1344, 136.10256172930224
1916, 136.01324750503568
1833, 135.98524614141277
888, 135.94553383883766
327, 135.93969270059333
1783, 135.9210804241886
1296, 135.91877651804296
1654, 135.9105553911263
1948, 135.90854476809042
1284, 135.86675506965315
1496, 135.83221652951414
2147, 135.79596784454694
390, 135.7782055221546
756, 135.7208410751641
662, 135.67003038477233
700, 135.6658853079312
2906, 135.66078447783738
1503, 135.63376766401066
384, 135.52220193280417
361, 135.4779397269004
339, 135.45690187713348
2225, 135.38492183481495
3450, 135.3332763301613
1333, 135.24503752486487
340, 135.19879842310525
1497, 135.10366941986274
751, 135.05427601243372
2954, 135.03619487629433
1952, 135.03015980414628
1621, 135.02897947973273
1407, 135.02232403710113
1922, 134.97563924310364
2895, 134.89842190401984
1990, 134.87236952415245
747, 134.85990956292213
842, 134.8289978948733
1399, 134.80667677286266
1896, 134.72298042137385
571, 134.72152241170656
771, 134.6939988920061
2161, 134.67795678236854
2835, 134.65407784920916
367, 134.53843418195245
806, 134.49673353290802
1044, 134.48239705009095
1386, 134.37783000000303
621, 134.35571245250281
1897, 134.26151139200468
605, 134.01535566651023
1472, 134.00395036533212
968, 133.9949521581538
349, 133.98680358974408
1767, 133.98304200853767
1570, 133.97615979081112
997, 133.95924100792098
715, 133.8947042973224
2221, 133.8891055261803
3273, 133.84892620261303
2215, 133.84224788909742
2328, 133.81381950027736
1556, 133.7565933724796
2418, 133.72894325800019
1766, 133.71201446099266
2112, 133.65683583709293
1793, 133.5598032971743
1019, 133.49452947954526
719, 133.4289783204577
1471, 133.41642467746232
1013, 133.38669100490742
2178, 133.3455880077814
317, 133.3303523165564
309, 133.3303523165564
2250, 133.27222432719358
1565, 133.26162600237558
812, 133.21269448774692
1553, 133.19668033717275
2932, 133.15160861116837
1929, 133.05544012429507
1056, 133.01681460492952
769, 132.97960643642116
357, 132.8210452438001
878, 132.81402503040545
1375, 132.78483660937604
2374, 132.73563591107708
894, 132.69982134050787
1349, 132.6796419768149
2957, 132.59834882212184
767, 132.55524078518354
2241, 132.5254524310271
1534, 132.50506113378523
695, 132.4987640768337
1796, 132.34926890469902
1538, 132.2763596197827
760, 132.27041731827362
318, 132.26739936152086
2174, 132.1104663142049
3001, 132.08579044074503
366, 132.0825882029611
890, 132.07254745830758
1936, 131.98479443579282
2329, 131.88064117105168
1899, 131.8339473637657
2843, 131.78235074322993
1757, 131.75419925773465
947, 131.67273043342612
940, 131.5933381683895
360, 131.534954438171
1360, 131.39124254865823
739, 131.38772571289192
1395, 131.34531254059982
1938, 131.18088794276161
2128, 131.02144740925283
627, 130.93171946341212
2893, 130.91541320194983
2420, 130.8394376926505
1805, 130.7733509836375
570, 130.70442578084067
877, 130.63497303941574
345, 130.57599471332293
2073, 130.46381640816668
811, 130.44614822491795
3013, 130.32682919819993
244, 130.24879036734944
2155, 130.2438094518778
2901, 130.20878518459574
809, 130.19483395133213
3224, 130.11919767314376
2883, 130.1127681445609
1283, 130.05686179521743
835, 130.00007826313694
1363, 129.9996724913064
869, 129.96432574724798
2363, 129.8846466862582
2253, 129.87973674519293
1313, 129.87505978900762
2118, 129.85675374743383
3451, 129.832445941511
978, 129.76956123024564
1797, 129.70126342443973
2886, 129.68478880540894
915, 129.67595872852104
2335, 129.63379272286667
1917, 129.62659993310726
2234, 129.37461794318318
348, 129.23678186907034
1592, 129.08984659297877
2137, 129.07892933793104
1923, 129.0590252671571
995, 129.05627288226768
950, 129.01945275085157
3011, 129.01481393743953
587, 128.98401069222825
308, 128.97553651648147
1988, 128.92251891124326
1955, 128.81827732962537
1334, 128.77460088113645
1338, 128.77335789794375
758, 128.69605903394745
359, 128.63722413195973
1924, 128.56230839649777
2885, 128.50908055705543
3023, 128.45225974234904
921, 128.42586305002754
322, 128.38402290778876
310, 128.38402290778876
2729, 128.3587358063804
2182, 128.26120382722112
1609, 128.25918200787885
1337, 128.226753164833
2371, 128.2217195300878
749, 128.2002815236351
610, 128.16804222486917
1945, 128.13146413665194
2368, 128.05668437851205
1546, 128.01658045676834
592, 127.9569928220874
3449, 127.91287250091933
833, 127.87918683589766
2887, 127.83988861728743
2848, 127.8293663347022
2892, 127.82401121036588
652, 127.77110028514319
2838, 127.66201252424696
1552, 127.61845037170264
355, 127.57838346239947
625, 127.49882265928589
589, 127.48273313591379
3412, 127.41012952424838
1816, 127.30579198056233
622, 127.23374890339376
1901, 127.09147947664509
1933, 127.04886683569626
1987, 127.04418369277202
1812, 127.03465262615393
1802, 126.83170927175333
1545, 126.70565567646129
2943, 126.6036418975091
941, 126.57466523853745
578, 126.5528518374775
2827, 126.35680400476186
991, 126.32131339626737
889, 126.23648008408414
2836, 126.23565491624831
2955, 126.21170640529903
2001, 126.11975076621516
2944, 126.02353651968842
1602, 126.01084005702238
1000, 125.99218175996575
3218, 125.91013971000932
1947, 125.88483304796458
630, 125.85937176129599
1798, 125.84686685667829
874, 125.83327237865527
2995, 125.78839277033909
1845, 125.69568944347617
343, 125.6793157564899
233, 125.67788254383572
1290, 125.64345718807594
1843, 125.57639412255092
2316, 125.5140862872265
951, 125.4246573167692
1763, 125.2036198921042
1350, 125.12998070180828
988, 125.0605533746394
1310, 124.94491378870079
1005, 124.79121289412475
2896, 124.74112399112694
1379, 124.72680825637534
25, 124.62193268720846
362, 124.5284011846963
1844, 124.52716142826239
2357, 124.52021453114936
841, 124.32700199824045
617, 124.20114618190458
909, 124.17522305000664
1384, 124.12444702979981
1547, 123.76741523000075
802, 123.75001684245619
1795, 123.69808945302456
2855, 123.68530748556866
1826, 123.65285810188402
486, 123.63197728011545
1775, 123.62236359810412
2945, 123.39610643631396
1821, 123.31124276966592
591, 123.20371669921775
1526, 123.17664073876863
2930, 123.15720955568904
2870, 123.0284197173535
2894, 122.97080866850824
341, 122.94834413868385
1541, 122.93837677973707
356, 122.5996301493146
391, 122.40559404931878
2402, 122.30213472700308
2890, 122.27613874650325
794, 122.22872521057755
1842, 121.75000189839798
1347, 121.73937942791376
772, 121.7345291384393
1012, 121.7176135338562
1762, 121.65859723418228
2248, 121.47146125866092
1784, 121.35671122229905
1373, 121.312635374963
2873, 121.26545677938563
1355, 121.2070988648094
2358, 121.19805708297959
2333, 121.09645806187885
1931, 120.48118618776483
403, 120.46426327803178
939, 120.41322761355026
1613, 120.339234698733
2935, 120.0476558103267
2364, 119.94063015363739
1616, 119.67968291526091
1532, 119.58816831601114
629, 119.57915498678209
884, 119.57802679131883
1764, 119.57221867386501
1542, 119.55050292641123
628, 119.52438190693795
2904, 119.35666295201317
2143, 119.04628832943047
1919, 118.98174223984803
3036, 118.87520517641428
3220, 118.86032565960583
1781, 118.81158458046085
344, 118.64227680671576
1768, 118.56723607334375
1274, 118.48696874652109
1765, 118.13275078718156
1190, 118.07705825499289
2942, 117.556876115004
2865, 117.26304652311893
793, 116.9517831336894
316, 115.3481173533914
901, 115.00165759872421
1287, 114.41255822139816
1064, 114.06922041879548
1564, 113.74604138843361
1267, 113.39483174253539
516, 113.04553423077598
1468, 113.03667361759382
3219, 112.59735309943495
1364, 112.41258801109969
3216, 111.9531423033429
3223, 111.251927992702
3221, 110.07507328191546
3222, 109.795997778299
3217, 108.95437086021974
3145, 108.93492287478279
2867, 107.49533152025333
3411, 107.18084899676288
1358, 107.0455862415133
1862, 106.75246514928284
1264, 106.27732171961622
2012, 105.74596794623432
2739, 105.05354883477074
1157, 98.78188770950554
519, 98.7508229083232
493, 97.96936067750644
3121, 95.14472789093297
183, 90.45396819263986
3161, 87.9454595176742
1612, 83.27306881163283
