1049, 4646.622832420876
1863, 3158.828203088956
285, 2867.418133622942
2929, 2855.8250600390097
2940, 2746.577660953006
393, 2638.3035789946953
2922, 2602.954953143959
1050, 2579.901045294618
2931, 2211.1909986088076
2084, 2173.567246081936
301, 2119.167492586736
1048, 2072.9481570887233
795, 2022.1007575934768
2928, 2015.9712087094651
1158, 1892.771504574147
2072, 1817.6169037471063
2871, 1801.8998524680824
2923, 1760.9952192851179
2925, 1690.0952088404194
2926, 1684.3995636160957
1536, 1565.8566784498964
2937, 1506.880694570763
2952, 1449.3857189126163
2921, 1357.1280937579252
2872, 1347.6977073091434
2927, 1314.1470759573238
2107, 1176.1410947876536
2912, 1166.7806464681948
2911, 1156.9120526558286
2051, 1147.6908839940284
2938, 1101.38698278774
2067, 1097.599146159137
226, 1047.6195816703143
489, 1043.6005574536755
2933, 1031.1852320829312
286, 959.6269272562397
1861, 941.2347485044319
2042, 929.7542925404429
2939, 914.1998336557182
2062, 895.7929795711569
224, 894.7520325766095
3309, 818.5125617168696
2924, 789.8004594877676
2941, 782.7433385239839
2049, 776.8984414568523
2711, 770.9904854919489
187, 770.6543425505217
2934, 751.0407323462928
49, 746.3006048157474
390, 699.8945011091519
384, 694.6332518711372
2954, 678.707871611623
1054, 665.1929638376489
2035, 648.5791116714133
1972, 647.127334170585
223, 645.8402547664308
2957, 635.4703025598659
590, 619.1208804687985
1092, 601.2283452623578
1534, 599.3337215949115
3282, 580.2453706610781
2073, 579.9225325063354
305, 578.3213044290462
2054, 571.7822192750086
60, 568.6705954514241
490, 555.1678141687651
1093, 547.8062226084156
3412, 533.7076333673533
185, 530.9453558788872
442, 525.1143158076641
387, 524.5424355494235
1165, 518.1267814679288
2943, 511.89356767297795
2955, 504.830286615979
2868, 504.6794043629055
33, 503.04142328169763
1051, 501.60857342881803
2556, 479.9645111527949
486, 472.48930943274223
1535, 469.4448701211491
2870, 463.2211969571385
2532, 458.7105325256905
2930, 457.9469860938912
391, 454.9348456838206
184, 443.8411006333423
3257, 439.0068964847475
292, 438.29895692296344
2873, 433.63993192158097
403, 429.0393308929785
2518, 422.18803507226886
477, 418.77060732676273
273, 417.06227588809094
2910, 408.66886517460665
2672, 396.1918888567076
111, 393.65726815760144
484, 391.7462338616564
2942, 391.64110334546615
3256, 391.1036480176224
2865, 387.76453799842903
2718, 386.73389787721396
2569, 382.47124607484955
63, 376.22465208352605
3242, 376.1947630578748
2085, 373.71231665738605
2063, 370.4062777692401
461, 369.5507651875509
3240, 369.13762037485196
459, 367.275143988753
507, 358.38998526048255
1064, 357.28939990919696
2043, 355.92972207650183
3363, 352.2551891630033
2725, 351.4703780531551
2578, 346.8196462460903
1468, 346.1031138443392
2470, 344.4300595471834
516, 342.66722711501234
2036, 336.9564358605478
2682, 335.4415937883328
2058, 334.3641731588821
3346, 334.3566864718866
59, 334.09672215594657
1164, 330.76994311079125
2515, 330.5230870074621
2732, 330.0165271404183
2046, 329.2581318614751
1878, 324.1003590706349
2064, 323.235833833087
3237, 321.5864929094307
2503, 320.9546016605388
3085, 319.87829571059905
500, 318.4525003772222
2040, 314.8307984920389
3438, 312.70900030973866
465, 311.6093093350877
3145, 310.3885038072506
2916, 309.39169351218334
86, 308.6340484085317
3359, 307.0365694090288
2500, 306.1750092826514
2594, 303.6710693651497
22, 301.3345309878874
2471, 301.2211191200249
2038, 300.48731946458963
2867, 300.11726643733107
2517, 300.0896931701197
1558, 298.8869139240559
3411, 297.59769624332256
3238, 296.5682349134381
2060, 296.0298149576096
2066, 294.59895719409946
1862, 294.30484210482524
2579, 293.0993636542883
3343, 292.51288649841587
2615, 290.18202597246164
1264, 288.97409446328834
2647, 288.6973839607339
2012, 286.60223627616523
517, 283.62808724376816
2596, 282.3109334573822
2739, 281.60930124044006
2709, 281.3047929230069
3446, 280.91668315863865
1053, 280.395419538593
1118, 279.6108577231497
1103, 278.33783415410846
2914, 278.1745626501342
1537, 278.0056575852592
2539, 276.8279191061248
2468, 275.38544275351484
3177, 273.73362101100037
2450, 271.4818205271428
2441, 271.4617458096975
2526, 271.1263452952394
2090, 270.3193197137555
18, 269.12640267120577
2031, 268.1465398031591
2582, 267.94970419989704
3308, 266.6698000403063
2057, 266.58781358643404
2052, 265.8390558078202
2077, 265.51876766323227
2555, 265.46902019863796
3391, 265.20593351357434
3252, 263.8655497917955
2590, 263.719290121681
2636, 263.38859863026244
2540, 260.3437309779887
2708, 260.0173668834503
2081, 259.99839492238084
2446, 259.78236712817716
2728, 259.653352128598
2639, 259.38663062130547
436, 258.8309888483403
1046, 258.26540371361983
2512, 258.03127417090013
3360, 256.7660680118195
3345, 256.18826841270555
2516, 256.13800115948163
2584, 255.4443735085441
2593, 255.17230291798683
2599, 254.67808504842262
2643, 254.20855321160312
3307, 253.91132143484958
2487, 253.8808411381458
1520, 253.2934756738269
2465, 252.37880637658802
1965, 252.2822415204886
14, 252.06908774997507
2489, 251.82522791572887
2613, 251.79853852092413
2602, 251.4202546895842
2047, 251.40365345016625
2445, 250.52837239221017
2447, 250.37368719041498
1519, 250.2535445695483
3358, 250.01312052082713
2588, 249.74987122932959
2458, 249.67220612501674
2909, 249.62647391640783
2680, 249.35051828446834
1052, 249.1263384233552
290, 248.83448705951074
2481, 248.772318419656
2443, 248.59883563040597
3365, 248.52382656642737
1969, 248.40756296799216
2480, 248.38351301718103
2701, 247.08608962966179
2545, 246.34701583022638
2463, 246.2872926038254
2689, 246.1968694083265
2523, 245.72122387233816
2618, 245.53912467635297
3250, 244.09240243892185
2685, 243.5202207306801
2573, 243.51798316117248
2663, 243.34467300882838
1560, 243.3198648579727
277, 243.04204389037926
2628, 242.89388580697363
2633, 242.7273268643386
2482, 242.05377479886866
2595, 241.19497666611457
2459, 240.4650825221678
17, 240.43584680050054
519, 240.39462098693355
1157, 240.30124418206017
2554, 240.27207171849005
2577, 240.00892001420988
2082, 239.94910383729194
2544, 239.78698169803974
2529, 239.6202315011951
2866, 239.3405909038687
2642, 239.0983080637165
2585, 237.54438643225737
2560, 237.23812981450402
3326, 236.808370975452
2074, 236.703984288401
3263, 236.16234171439524
2676, 235.9837194539384
493, 235.42800094608634
2956, 235.11981446031828
2706, 235.090535917414
3325, 234.9950905528206
2467, 234.84681204814973
2478, 234.4678519304496
2702, 234.32051633785807
2089, 233.93457751225813
2724, 233.69508869572553
1109, 233.25798196937555
2567, 233.05609024322186
2504, 232.737184832146
81, 232.54326022882893
2557, 232.39599729541445
2476, 232.26628391709653
2678, 231.87103311386323
2619, 231.55806233416675
3253, 231.33279845147953
1300, 231.2070895654945
2637, 230.57046373289697
3249, 230.2988908460269
2521, 229.932521550177
2627, 229.7040067003783
2448, 229.47723410848644
2609, 229.12385096816266
438, 228.51469700295021
2510, 228.08319327900819
2542, 228.06520319884746
2469, 227.9792801985293
2541, 227.86278175814198
2617, 226.81144828554278
3033, 226.78116169458647
2631, 226.72577656374497
2661, 226.57394846578734
3008, 226.55766148472287
2614, 225.86914678505545
2405, 225.74141590830104
2691, 225.59570650356693
2457, 225.48983350479463
2474, 225.28903068246663
2674, 225.17453215472037
2667, 224.70339548241185
2502, 224.66924397404938
2501, 224.66924397404938
2699, 224.25315353146212
2576, 224.16276477920417
2659, 224.01424489699286
2494, 223.97355080644314
2660, 223.31505106417742
2669, 223.04789437927607
3357, 222.50388556386284
2664, 221.9302375567015
2472, 221.43202978730454
2061, 220.8074050021947
2591, 220.71315729380694
2552, 220.47013947971982
3121, 220.32534383680954
3266, 218.53155205617293
2444, 217.9090692651216
2598, 217.83790305349805
2970, 217.63993247334878
2537, 217.32388675721495
2684, 217.09431972291173
2670, 216.93869049410367
1664, 216.71964685216525
413, 216.2566480222712
2535, 216.02986214687456
2743, 215.51615434906978
2625, 215.45241364681272
3301, 215.29181277467492
2634, 215.02638855194516
2565, 214.55144519627436
2092, 213.800621681789
2714, 213.72600306573085
2477, 212.59803607988079
3100, 212.46082443367297
83, 212.4392247205337
1847, 212.24070158777502
2037, 211.93611529891996
2401, 211.62842497976925
2440, 210.8787693988606
3165, 210.34176295131667
2530, 210.30960752337754
2044, 210.29025434305552
1559, 210.20380026975175
2488, 209.92898922884703
2760, 209.91085654032864
3364, 209.69013441764
2079, 209.45012820605524
3019, 209.1413974111188
3361, 208.65877971238655
3260, 208.61954299800936
2727, 208.6102086743312
2460, 208.17397153326326
2632, 208.12445796048567
2662, 208.02983997730314
2698, 207.90500438008178
2665, 207.77596337931487
2495, 207.09926037584566
16, 207.03124684799536
3329, 207.00447439780277
2479, 206.34463396916038
3251, 206.02518324894436
2581, 205.7133426221801
2499, 205.31752308778783
1557, 205.23887275658385
2506, 205.1868654792695
2509, 205.092872716194
2522, 205.0450189070486
3344, 204.90779123016085
2675, 204.5855066891802
1960, 204.43238737450443
2700, 204.42381823614335
2869, 204.3843555256818
2452, 204.32242529982958
3180, 203.89398848801437
2600, 203.8060658153128
1655, 203.74333432152943
3193, 203.59235063520512
3261, 203.5455274131053
2644, 203.52873316858577
2822, 202.74397898201622
2704, 202.492046468463
2707, 202.37983783468854
1530, 202.10795539649493
3113, 202.0245281662584
78, 201.99454726905148
2455, 201.9654074542345
2496, 201.64895047060116
3262, 201.64146188496323
1045, 201.57369927177095
2538, 201.5577832256696
2511, 201.55386203291366
3091, 201.5067214725065
2638, 201.42282635822747
2692, 201.34616030770755
2464, 201.2585389466841
2519, 201.25123029636734
2629, 200.69023958190797
2654, 200.55471177591696
2534, 200.45659997325924
2695, 200.31094136518067
2687, 200.09289228745197
38, 199.52346940693087
2094, 199.20575315126632
1652, 199.13181984476438
2586, 199.00655210406504
2606, 198.78323751126564
55, 198.74453422644712
3160, 198.7206856372455
2821, 198.46789477283914
15, 198.427310218983
3021, 198.41292276417
2462, 198.37884787199363
2492, 198.36581907417172
2284, 198.10783213905563
2313, 198.0832973984234
2570, 197.9572236242515
394, 197.93300410991242
472, 197.86629404228637
2490, 197.76978083143527
2603, 197.50874008609546
3296, 197.45518670182537
2679, 197.24092266454974
2605, 197.02715799846487
3313, 197.02368805979677
2713, 196.99150547446374
2498, 196.9371995169291
2626, 196.741638825734
183, 196.52420930980824
337, 196.2686630363269
2531, 196.0831946163766
2809, 195.67503483139407
2623, 195.5083266880329
196, 195.4129499302579
2673, 195.37000359754774
3258, 195.18777762057977
2341, 194.80619336691743
2342, 194.65566418930004
2349, 194.03645756670218
3195, 193.9451149902804
2693, 193.8330777999032
2346, 193.8279601190629
2543, 193.71348397606465
1750, 193.59178578683617
2345, 193.5226595962025
1737, 193.39161689582804
2484, 193.31858507261254
2616, 193.2092927854434
2564, 193.05867751779545
138, 192.90662176527704
2980, 192.77774980477264
2612, 192.3682681714859
405, 192.26079131348624
2778, 191.7781726798504
2264, 191.48477829910433
3007, 191.22122250838586
1635, 191.12327676952663
1751, 190.91168902644824
1759, 190.85974797961245
1636, 190.70280427663783
2299, 190.48492656000343
2453, 190.273114338507
2087, 190.14163909551735
2528, 190.0962572678346
474, 189.69940606009033
1702, 189.63474221233585
2475, 189.63355913168897
252, 189.54489378055092
2249, 189.4603473276392
2177, 189.08413678621716
497, 189.06660792506273
2655, 188.93747522765705
1674, 188.7660805100629
2648, 188.69968330396128
1696, 188.29641446177354
195, 188.24370300098954
149, 188.19734880743013
2461, 188.09930745453383
2282, 187.96061707690595
2226, 187.85328250140776
2589, 187.3551046053687
212, 187.31224192950998
2139, 187.20414713713703
2604, 187.05952884895595
2184, 187.04126584067885
80, 186.8977023268478
3094, 186.61510144443122
2397, 186.28923607159862
1114, 186.28050844836974
3005, 186.17019038975607
2486, 186.11649446798123
2456, 185.86828492617693
3254, 185.81847921423875
2185, 185.52827861640753
1749, 185.44698811320148
3161, 185.39385070355755
2167, 185.37096201571148
2575, 185.30414697943561
388, 185.16342631168038
1691, 185.1107532882232
1648, 185.07694487688852
1727, 185.07412213034905
2597, 184.95057798394032
1704, 184.90166667468304
1649, 184.79913471981473
3231, 184.5592326992218
1679, 184.49980537831686
2235, 184.4330767062435
2697, 184.3906248298786
508, 184.33954926441223
1967, 184.0394536864563
3311, 183.64266053670448
2726, 183.45153828358642
2449, 183.3780183351356
2611, 183.30800998153353
2466, 183.2658170974153
43, 183.18471442018372
2239, 183.11705512974967
2485, 183.0733871712779
2493, 183.0405997248515
2563, 183.00880937544116
1941, 182.92101554731107
2339, 182.6478041269205
1697, 182.55053111196847
1728, 182.53263415547
1639, 182.51256605324178
1681, 182.2873172775346
218, 182.20911947876832
2451, 181.85093565143922
1650, 181.81897897299228
2635, 181.79950253353383
2533, 181.74867897201298
2658, 181.73881750473925
1745, 181.6915959261838
1734, 181.57691266230108
3288, 181.4598239658687
3442, 181.28068151284472
3295, 181.0472206084986
3136, 180.95533268873118
2592, 180.6998625907557
2568, 180.56380248123895
2204, 180.4986082884674
396, 180.37998188689784
2580, 180.34531202706947
1637, 180.33083995869848
2608, 180.30906602349103
287, 180.2841001062303
1706, 180.09315000992973
3362, 179.97716311177317
2959, 179.91324224859716
1657, 179.8916408098603
3232, 179.75187575580506
3112, 179.73343651106444
2681, 179.66192281654796
3201, 179.63378264035356
1047, 179.4084453265388
36, 179.1366821186621
1724, 179.12791895085664
3097, 179.11522570960068
2738, 179.07864340735634
137, 179.0682358402708
1629, 178.94922999498354
20, 178.91786660849817
3323, 178.91524376125759
3265, 178.86954266019455
1633, 178.81251131758575
1699, 178.75584023611552
1671, 178.60568180796972
127, 178.56586384782028
2283, 178.4335582331888
2527, 178.3592792523063
1754, 178.22716631958843
1743, 178.2263780850842
2668, 178.13035793882912
1873, 178.0968766121759
1891, 178.0320595339854
1668, 178.01013142376084
1700, 177.6944751654538
3316, 177.58539940354572
50, 177.44753447265137
1645, 177.36924133173804
1741, 177.32915011663368
2646, 177.29739182999714
1730, 177.2872792793744
2179, 177.2651588838505
2601, 177.05113384478474
386, 176.9568789722927
3383, 176.88195475244203
1665, 176.76632321431038
2572, 176.74802138636363
2656, 176.74706191234657
1463, 176.70131043926767
2212, 176.6606794975221
2383, 176.5960934145635
2111, 176.31515986939857
2096, 176.31515986939857
647, 176.2071183323216
2683, 176.1993305083724
1659, 176.15580031221995
1672, 175.9095227654598
1670, 175.85504672670342
1684, 175.80495814199713
3099, 175.77892895364272
2621, 175.72280851994165
3020, 175.65024244063576
2520, 175.60798485745948
2641, 175.52716741511986
21, 175.4919675659437
2712, 175.4881785853558
1028, 175.47161202083115
2561, 175.12235746143423
2525, 175.01847410242357
2720, 174.96666242713357
2649, 174.75236037111577
3111, 174.71367530331239
400, 174.70893129333302
2652, 174.70221442886626
2745, 174.655854304997
3347, 174.43956617450536
54, 174.27014623527518
395, 174.24536593894416
254, 174.20355150612136
1748, 174.1731463111458
3306, 174.1287056031319
1744, 173.91918276912327
2340, 173.9160589522848
3207, 173.79681432702384
1735, 173.7652332591985
1701, 173.75995621553588
2657, 173.70988685661723
2814, 173.49359109533756
2756, 173.47657947390292
1631, 173.45480452342395
2785, 173.20855694102707
2289, 173.20293540937695
1716, 173.07219706643843
1733, 173.03283316743457
3130, 172.96938700426566
276, 172.90560347698673
681, 172.8813831545156
19, 172.80851765921327
2624, 172.72561816756715
2574, 172.68256356359515
3080, 172.66456532056122
411, 172.6356809122166
1966, 172.6185932176779
2102, 172.58378753179986
2293, 172.45826431529622
2497, 172.43506347959377
199, 172.35988669111367
1628, 172.32572520453547
3299, 172.2356908624913
2390, 172.21280602485447
1710, 172.14833863686664
2779, 172.0969038902055
3066, 172.08199520510743
2686, 172.08008775501366
3318, 172.01801399820306
2653, 172.00764946980112
1869, 171.90142350485306
2650, 171.70960398302418
3279, 171.65834620457562
216, 171.55425760992216
385, 171.5345394725264
2571, 171.39449954194197
404, 171.34969124777487
1892, 171.34170484938798
250, 171.14116872921107
626, 170.8057877146224
1712, 170.73636219388902
3129, 170.73417724253898
156, 170.52325803565319
3090, 170.46204698537127
2710, 170.42619262918535
2853, 170.24568954312613
2694, 170.24108569324144
3225, 170.21440552681574
2781, 170.17082747984566
1721, 170.15298849650205
3255, 170.1528337504915
2620, 170.09832135188697
2640, 170.00653484602813
278, 169.9932017287303
399, 169.96459145937425
957, 169.93600003756285
2473, 169.92746956882962
965, 169.920011115004
2703, 169.91480507163024
2677, 169.88827036642994
409, 169.79326018763857
3415, 169.75687013245278
1692, 169.73800870548558
2690, 169.72148235790064
3063, 169.60189314029623
291, 169.53887731584362
561, 169.42090341511891
2030, 169.12905187244522
3290, 169.0320386718678
2101, 169.02501303440826
3041, 169.01823380452257
375, 168.97281567897247
2536, 168.9648864929554
1752, 168.73764117599094
214, 168.66778387564628
2017, 168.6531656519023
1630, 168.64312406762383
1755, 168.50143140398805
2004, 168.36864323129947
3105, 168.35116184829712
1715, 168.3124893489593
3123, 168.27482003095025
1703, 168.2298624318699
1626, 168.21650929240138
412, 168.18259271452993
2514, 168.10177400070393
2558, 167.84265862542108
3168, 167.77988021356276
3324, 167.7609732735831
3248, 167.72261858172564
3239, 167.56254108127118
3183, 167.43210289461783
3187, 167.3280441892769
2812, 167.2908034308327
398, 167.1929290498397
3444, 167.1464553281106
1643, 167.08938177152143
2607, 166.99830031585938
145, 166.80443995269783
2152, 166.79020700799433
1871, 166.788601336116
2782, 166.77094439840823
2758, 166.759131990277
3264, 166.7059825601976
518, 166.49342877983912
2098, 166.4214991276283
3150, 166.3040160521033
2559, 166.1982088764408
3352, 166.12711293861054
1858, 166.05656458602442
1968, 166.05508460550067
734, 165.99642074988947
87, 165.91506300011855
1705, 165.8775389529319
757, 165.87659615173092
1612, 165.79608828134326
1642, 165.52288918384522
2705, 165.49614155953583
1726, 165.45081117286458
2755, 165.4346637696671
2562, 165.43237273548237
551, 165.40611735267555
3162, 165.39741903783744
1682, 165.39392179680758
3146, 165.29385718368923
265, 165.28829477670902
460, 165.27393248778694
2788, 165.22935829829254
2553, 165.2037151248886
58, 165.164212870432
513, 165.10219202770472
1739, 165.09868229125027
1894, 165.09338169631653
2610, 165.07966520757196
1644, 165.07752618730314
150, 165.03244746291173
2816, 165.0235638801452
863, 165.0148333455091
2244, 164.99067339482352
699, 164.95669871347852
1714, 164.94637890615567
2696, 164.82631656825353
2305, 164.70893016503945
2780, 164.70112235723343
2524, 164.6087583809357
3082, 164.47781850547736
2393, 164.42531871960546
1731, 164.40354702741115
1868, 164.3523994633287
634, 164.1368591279238
302, 164.1140404565002
88, 164.10987779463582
2587, 164.09081592819246
2784, 163.93076261706727
455, 163.91142254622565
3184, 163.87829561041028
1106, 163.85056343412066
2039, 163.7486199954683
1971, 163.74774535095477
1057, 163.58717877771727
2917, 163.55862212486332
512, 163.52937224843117
2864, 163.50602812479602
732, 163.48273316128885
219, 163.2958561361758
2353, 163.26315966401992
2021, 163.25256198284475
2645, 163.18856621157357
3314, 163.16052063690074
1185, 163.15635976131452
1740, 162.98894125129226
2671, 162.97410314749172
2823, 162.8153367591071
2688, 162.7479631846214
733, 162.621990452267
1717, 162.59259548444982
838, 162.5871112748144
1647, 162.45723157643158
2008, 162.43962706304697
1104, 162.38559236748932
2824, 162.32439539670045
84, 162.26802000531006
1875, 162.23407942708923
859, 162.10461878107367
1698, 161.9373965558495
1756, 161.841588948672
2742, 161.83043532128417
966, 161.7517457230816
3354, 161.5653565396811
3120, 161.4790412479279
2566, 161.3499634480287
2442, 161.160443335995
2721, 161.03475658848993
491, 161.0297935416008
1232, 160.99473423893332
42, 160.9600335958349
1171, 160.95011781929801
2287, 160.94898688109419
643, 160.92580889326985
225, 160.80162711290797
1258, 160.73378778196792
3147, 160.64971240621375
1641, 160.59042114627198
439, 160.56044480932613
2217, 160.5562090776694
3134, 160.54028834450583
281, 160.381574963274
2338, 160.2303827654909
1231, 159.98925806965332
1874, 159.76570554509252
73, 159.73403891356787
280, 159.7111960622066
2508, 159.51920153522715
3443, 159.4952529586619
663, 159.45690399860504
1695, 159.4533245686643
3294, 159.31718782218675
3284, 159.3081904319779
679, 159.28849541255548
2583, 159.24085252113602
2491, 159.2359428425643
2002, 159.22625556441895
2948, 159.13032118508082
1879, 159.05846541574184
255, 159.02765941436323
3200, 159.01480795060843
3289, 158.81968692924988
298, 158.73300376857213
3243, 158.7129520344899
2240, 158.62051746776783
748, 158.51500180166693
282, 158.50462935374549
473, 158.47072411509936
3312, 158.43015761862412
1729, 158.3546480893834
2104, 158.32715363012935
408, 158.09944109883685
655, 158.0845130147834
1747, 158.04449394571446
2258, 158.0431613117792
649, 158.0148955513129
1625, 158.0134418039114
2505, 157.93551528549676
427, 157.90099044556024
3327, 157.79635200449977
1708, 157.7770707565182
2666, 157.71440494319123
3304, 157.64964793312072
3186, 157.61860864250636
141, 157.35796016733798
2379, 157.33399029867195
2404, 157.32429452370206
3206, 157.31314164695013
2048, 157.2730571589575
3197, 157.2132494977937
3040, 157.1718286571801
1439, 157.16534879863013
1238, 157.12219661259098
2203, 157.07986317466967
3163, 157.01117212149285
613, 156.90538592413014
1627, 156.89739564781897
509, 156.8754017325793
3039, 156.85958672866235
2793, 156.83625431888066
2454, 156.7625634636136
3380, 156.7328942849428
1877, 156.6299113552787
2789, 156.61066122302088
2288, 156.59282445504235
35, 156.57738139996928
1718, 156.51728914764126
3101, 156.50900549041538
3143, 156.47640838215497
2003, 156.4567979347497
3095, 156.41904885592555
1970, 156.41661986359634
2651, 156.35903312403158
2513, 156.3260997570987
3211, 156.28199507781665
237, 156.19317289153355
1722, 156.19201619099016
300, 156.1200970922091
1685, 156.04705027921668
3059, 156.0322606643652
1646, 156.018193848136
3305, 155.9899254590424
3062, 155.9876525422317
3194, 155.98164315984104
3350, 155.8341687428354
3144, 155.71713811466358
956, 155.66615581373648
3170, 155.62904483083196
57, 155.6151480029272
1725, 155.60617343577854
1746, 155.58897763734038
3433, 155.5309151246685
563, 155.48906853152124
294, 155.46836973085166
1122, 155.4298796644989
2280, 155.37244074231427
134, 155.3460190925592
1669, 155.32611822649957
3384, 155.25444863040383
1121, 155.235812072683
379, 155.1683855067879
2093, 155.16543733414142
3204, 155.1137421688617
3432, 155.08659671414844
2808, 155.00947569580222
580, 154.88672950208644
3092, 154.87105136993998
678, 154.86851876360257
2736, 154.74184945660306
654, 154.58867941174623
3278, 154.42311385110085
1687, 154.39401938826398
680, 154.31873243775712
3133, 154.26510871505528
2385, 154.2028956272966
2630, 154.1922218577109
2951, 154.16057627054488
2106, 154.13537177705925
445, 154.131024341334
3241, 154.12862954740189
1024, 154.0923106888157
651, 153.9761764936019
85, 153.95402626650994
3336, 153.83452609716593
885, 153.8164747902807
1738, 153.7862194589905
2749, 153.64727395602753
1677, 153.617985924373
1084, 153.56723928269804
2483, 153.38287566200498
895, 153.36001812089458
228, 153.31508330900297
2034, 153.31306977994564
77, 153.26654132197555
3413, 153.25630885643898
2314, 153.01782218757944
2108, 152.905690134315
3178, 152.8916367124051
165, 152.8021730244367
1002, 152.73863797417363
275, 152.70058797339541
1742, 152.6628683998822
2795, 152.5577994647694
1720, 152.47922610168766
555, 152.43025375558022
3246, 152.4142293590034
3439, 152.3651606880766
2005, 152.3358480386022
2811, 152.29337840785914
3192, 152.24754618622472
376, 152.23579460620547
381, 152.13525185941108
3171, 152.08718105263506
2741, 152.0862554122543
2041, 151.94407457445868
1244, 151.89949584673502
1033, 151.8398075391342
3274, 151.77638388929742
47, 151.72090538840033
1205, 151.4076117170362
611, 151.36002596749412
2391, 151.2618729700898
266, 151.2538304818827
194, 151.2090730595532
140, 151.1550520394374
198, 151.13364457388386
515, 151.12298244506542
44, 151.04809621193667
326, 150.98525827924806
447, 150.9643217827083
2810, 150.95661067296152
1771, 150.94236768256164
3315, 150.92690083395624
3050, 150.8678824952729
406, 150.8636925152488
143, 150.84020553029762
3199, 150.8339609191186
2238, 150.79713100642863
1162, 150.7549719853585
2343, 150.75384467291448
389, 150.6674039381623
1249, 150.66197413675133
670, 150.5942840374919
74, 150.46131141670918
424, 150.37294664956917
3051, 150.24361742790097
3084, 150.16343343339275
82, 150.13500526665737
1666, 150.08786384621968
1854, 150.00170272253297
1243, 149.9768269110575
402, 149.9315180156451
2549, 149.9238781401913
1913, 149.87353466559867
881, 149.70043529606448
2294, 149.49749649539177
1102, 149.4033578278823
3151, 149.39966520087424
1707, 149.36577028646494
2286, 149.19282959950465
3259, 149.16164966341552
2981, 148.95620898421527
2546, 148.93898878835634
2025, 148.93166272745378
222, 148.92956626576589
685, 148.82537440851738
3071, 148.8114133123971
2218, 148.77046420802958
3079, 148.57158253779468
562, 148.5426946895992
3435, 148.52408400770472
274, 148.4527268779689
607, 148.44954307343198
3213, 148.4455320285412
3083, 148.42507021008944
3287, 148.41604204987476
56, 148.39727982919592
1732, 148.3738474008805
1461, 148.35895990850264
1680, 148.315836812505
1082, 148.16746697344018
816, 148.14407382542024
2307, 148.11498619491206
148, 148.09789058628078
1993, 148.07265338402166
2723, 148.01559421956347
2768, 147.99091437988287
1516, 147.94219068311614
3176, 147.904943137616
1381, 147.81393473543724
1914, 147.74975092244185
452, 147.72527070074096
34, 147.69870349040164
1237, 147.68897463888808
1515, 147.51937784386175
1235, 147.48013399336585
217, 147.4210040092046
1686, 147.32547061821577
3209, 147.17588971877848
2020, 147.11046411669477
2272, 146.9869338725549
1859, 146.84665006924965
191, 146.8257231987986
1087, 146.67839710744605
468, 146.65239143139928
189, 146.51494192489574
206, 146.50400642314747
495, 146.48478107001895
3297, 146.44044568274643
52, 146.4350392169737
1221, 146.42285998278376
2259, 146.3965161178631
3293, 146.36741026426077
2802, 146.32172792514092
1910, 146.30884081449145
1159, 146.22020566947847
2419, 146.15098654554282
288, 146.13408753298742
2988, 146.1207762461298
862, 146.09863903493007
1758, 145.9834471266793
2045, 145.88729769128543
676, 145.84350112229092
407, 145.8325428613695
1853, 145.8176231175319
2622, 145.767552200452
2751, 145.75510797305955
1100, 145.73819608980708
608, 145.65668213728213
1870, 145.62008941709092
372, 145.54087010471258
2257, 145.53195971851804
1880, 145.42907072310527
126, 145.39701321981812
1675, 145.38028154089105
521, 145.2874740890916
48, 145.13678640541272
861, 145.11904667104213
588, 145.115364094808
1105, 145.0105465846726
425, 144.85934903972958
479, 144.8524636241269
433, 144.83161512389748
650, 144.71895824974166
2773, 144.6897217538387
913, 144.63995284099525
3159, 144.57001503712019
51, 144.49014219913485
2722, 144.48285579080684
470, 144.47608339462667
540, 144.47092220973872
2013, 144.3669832170896
2291, 144.2995621140507
2920, 144.25722209755384
3348, 144.2092078473631
3292, 144.17463838067002
906, 144.15215909495896
2416, 144.14502276886566
1434, 144.0187838724263
1433, 144.0187838724263
3093, 143.99908391515956
2076, 143.97396350728178
3440, 143.96770241385948
485, 143.9611350371974
1443, 143.8786198390666
2748, 143.84992731356024
1611, 143.82762752899427
3245, 143.78197251805994
2078, 143.77052069138293
3276, 143.75726880186684
415, 143.7464526467826
1058, 143.74585779928304
193, 143.71442542441798
2027, 143.6937158122612
1893, 143.64320940651834
480, 143.63667455352527
203, 143.6292947658433
435, 143.46470109098686
1850, 143.42778751221567
2507, 143.37259230408375
738, 143.28437129992207
3283, 143.2645166486837
3042, 143.22234824942302
335, 143.18831332782784
2776, 143.1861519037477
3057, 143.14928573723265
2019, 143.0959702927221
1587, 143.08989910318914
401, 143.03112741438434
1256, 142.97364879728144
440, 142.90671908708163
2825, 142.84310892062422
3098, 142.83345387393237
2032, 142.81620084809302
3110, 142.78378760941737
1770, 142.75241830819598
3208, 142.74588587675368
2091, 142.71850942170698
3244, 142.69130660353616
147, 142.68675576940572
1204, 142.61952468363697
2820, 142.61763730177267
1029, 142.59867697773467
173, 142.52515469561055
2224, 142.5098358126397
1077, 142.44719562935163
2744, 142.40567475706234
3226, 142.30379001718813
1513, 142.21495321692305
548, 142.21082356775204
328, 141.92222855742037
496, 141.92087388224937
3006, 141.84698665849152
2734, 141.84687909763238
3300, 141.8232264680095
1063, 141.8229699202044
2767, 141.81189462674195
2210, 141.77792927528816
2109, 141.7700464863879
3173, 141.71831346171638
2817, 141.69559633763103
3185, 141.64007094749044
534, 141.5756935838714
2083, 141.5613322809577
2965, 141.5227194240276
583, 141.5186399939275
2029, 141.47706774179824
449, 141.47083910507578
2759, 141.4454043900833
488, 141.3204117342115
1502, 141.3110633598291
3056, 141.20812435239836
75, 141.18866254341415
204, 141.1245148244765
544, 141.01470253111816
2863, 140.95777697807787
2296, 140.90266564463516
1517, 140.83038952632288
79, 140.80810869914242
466, 140.77430206979173
299, 140.76807200891056
464, 140.7328000310482
1081, 140.69520075024968
3386, 140.69411957643158
731, 140.6846785010894
1111, 140.60641600132638
3190, 140.59825906855278
2757, 140.5031846708167
451, 140.49926296281876
1172, 140.3885851234133
130, 140.36988810573737
1098, 140.35326702496147
1604, 140.33906963352607
3214, 140.28053445187535
3281, 140.20318168210096
3175, 140.18019973747585
3298, 140.08757197196377
2026, 140.03959297316223
365, 140.02535378084843
2987, 139.97987213406125
3424, 139.9407156701757
2415, 139.86192520382588
2774, 139.7815304694177
1142, 139.77375328647702
168, 139.75813467229167
3128, 139.7536710562155
3285, 139.7371494832065
3447, 139.68939936754654
1140, 139.66245402498117
2278, 139.57560213924705
2766, 139.51052105857337
297, 139.42484183501153
475, 139.3013875948444
2381, 139.236734333825
677, 139.23326305447296
914, 139.18922014436922
2024, 139.17107254724766
331, 139.06378148839244
1459, 139.04038819946192
1259, 139.02617964192197
2786, 139.01355213972366
3434, 138.97633653477624
1690, 138.96730357032723
208, 138.95701298284814
2263, 138.94951399073227
467, 138.94305199659198
272, 138.9114686889029
3174, 138.88846454860143
441, 138.8856277614362
2285, 138.85365008354722
2354, 138.57150978650714
129, 138.51167505177267
471, 138.47960335289153
2300, 138.28251687137782
46, 138.2814364356222
3182, 138.27932675646898
2016, 138.27506329327878
1521, 138.2410793772651
3149, 138.23434203727106
3212, 138.10054700663957
1991, 138.08544282582932
2790, 138.07203798415435
2389, 138.06575269023682
1466, 138.03235620459284
3202, 137.99906987397844
142, 137.95271423338122
546, 137.92269553913658
380, 137.88899234296716
864, 137.8427206968382
478, 137.81762869806226
3404, 137.76721620983838
2011, 137.7539073874425
1997, 137.72908990714842
2261, 137.72881971339115
392, 137.71166930701676
37, 137.69895564433162
3445, 137.66311152911706
3032, 137.64071792971532
3172, 137.60550505598582
1980, 137.58660956468887
1995, 137.50424914022952
773, 137.44575364434212
1912, 137.34824114976698
2103, 137.25125273442458
3065, 137.24462510812594
410, 137.24023651984476
1963, 137.0391845248982
2086, 137.0369652074205
3203, 137.03236781997217
2075, 136.89444966798996
2059, 136.79994333314005
832, 136.76878801351893
330, 136.69550781495573
3010, 136.6877985273272
3205, 136.68469872067686
332, 136.5993900194182
1581, 136.59870129670335
1432, 136.59056210372353
3189, 136.47680967624194
483, 136.3118003533792
852, 136.2868870505093
2088, 136.25875203615308
303, 136.2255293981721
1252, 136.21597534448722
2006, 136.11750886522398
3426, 136.11459613121445
1090, 136.10070806569522
3169, 136.08455254346651
1076, 136.0823072762559
3210, 136.08222133490463
152, 136.06299100053621
453, 135.939681832484
2772, 135.9270413802935
1233, 135.90997593424544
2018, 135.8356208324457
2746, 135.8051414680036
642, 135.72433659047948
669, 135.6923699093828
1851, 135.6778601639979
2764, 135.67706155189907
378, 135.67146310691768
2989, 135.62253373348773
428, 135.61970482220306
1975, 135.51288493270928
2055, 135.43728729406806
329, 135.38017532752184
2070, 135.37897232842073
2963, 135.345539992208
1177, 135.32428307734747
1032, 135.2440122627181
1456, 135.2361377459532
220, 135.23093712858832
3167, 135.2137673009374
2306, 135.16870373844668
1184, 135.15085508034548
333, 135.14479381705047
1848, 135.02289225454922
3389, 134.88839638371664
2737, 134.838321843882
213, 134.78985493345152
3409, 134.6872777535931
3403, 134.67607711027648
1260, 134.6710414888297
3142, 134.5499612434322
437, 134.5467462144214
2807, 134.4490817075871
175, 134.4304913870384
2298, 134.39579288679258
2050, 134.32719548602722
860, 134.32271687631086
1215, 134.3061063831912
2964, 134.3038762893567
293, 134.2897958512637
2352, 134.17973651489976
3379, 134.1076031883474
1026, 133.92958501299947
100, 133.90965240268793
494, 133.86917878985244
295, 133.83208808567696
123, 133.80749392622232
1533, 133.74299838437307
3275, 133.73131591755273
444, 133.72191675594078
3341, 133.7174551246228
2308, 133.6947426226832
3191, 133.68605003998405
2276, 133.6517244523205
1071, 133.6446491764024
2740, 133.60649923030164
98, 133.53287499051294
501, 133.52527041220867
334, 133.49678950039
456, 133.48642586125303
136, 133.4835777921121
158, 133.39255516559606
3069, 133.37660049892514
2348, 133.3705611001866
1228, 133.34376520388113
180, 133.30708021753986
1994, 133.2449787828928
2791, 133.1264292118491
202, 133.1202991405851
482, 133.11925512851005
2274, 133.10558433864304
3054, 133.0945036657726
539, 133.0538781970056
2424, 133.03240438411706
557, 132.95983325048041
284, 132.9565216842666
1583, 132.92567200951447
2015, 132.91012847164828
200, 132.90090557174378
3401, 132.87410267679002
3302, 132.86453676375157
3179, 132.78323175522735
2252, 132.72093181524008
2394, 132.56071674958108
2053, 132.55043957015462
2265, 132.4778139060444
3388, 132.38165471183308
1585, 132.380663598289
1964, 132.35710968760986
1132, 132.3311193794574
2986, 132.27066896752822
1239, 132.24886380930772
2735, 132.20815586826848
1143, 132.1720790979935
2962, 132.14970188923834
3114, 132.1313287998381
170, 132.11392266345277
2961, 132.10099315762548
1072, 132.09843056994885
221, 132.04908290863136
671, 132.0031185678211
3135, 131.9728280187244
1610, 131.92339497759934
1075, 131.9139935727104
2022, 131.90015802974142
2777, 131.88113166844806
2267, 131.8645375645418
1173, 131.85194382535732
3107, 131.7860790610067
458, 131.78126985935063
554, 131.77768385985414
1234, 131.75981232895572
1110, 131.74318538826668
207, 131.7405610126746
2277, 131.64976302053495
1086, 131.43963928697434
1603, 131.4213549782235
3437, 131.41771406685586
3419, 131.39058899921037
1161, 131.38824579288402
457, 131.37152798021054
3148, 131.32992282910476
188, 131.3201819008283
1624, 131.21731402684844
503, 131.20083599917444
1448, 131.19001260249726
368, 131.0615652945436
3247, 130.99218430821207
2302, 130.98563394881077
3046, 130.9407662671708
2380, 130.93288749004597
39, 130.9308177015277
3118, 130.89790683024341
3385, 130.8652020976818
2407, 130.77848421592745
40, 130.76400039474726
211, 130.7300666852272
2310, 130.71402738335817
263, 130.70163825123697
1040, 130.6353173308013
1126, 130.62442501911576
251, 130.60672327117751
1584, 130.58747200174687
124, 130.5546761974518
296, 130.55008543513583
2223, 130.54545903525693
3055, 130.4800126336639
1230, 130.38771456914867
169, 130.34582748824874
3077, 130.28435738429766
432, 130.26220106572507
3155, 130.2217850895199
2099, 130.1376515988593
1651, 130.11006708633835
71, 130.10091442531993
429, 130.06034627078444
535, 130.0072814977249
3089, 130.0028029460842
2792, 129.96036478835887
2033, 129.92491266144717
146, 129.91305362130458
3070, 129.85231476787027
1676, 129.83973424486223
1187, 129.83236573829825
1911, 129.7892112356835
3370, 129.7730022373321
41, 129.72704123442455
505, 129.71708871056248
3303, 129.71405994254863
1203, 129.64442523197033
1166, 129.55265776047662
159, 129.50493142553745
289, 129.47993018035802
3072, 129.39427365857438
1452, 129.37095699033492
1066, 129.36929470505714
1119, 129.36226191019983
153, 129.28330096321818
2548, 129.27857343796944
481, 129.2235993328568
3317, 129.21688541829604
1129, 129.18565782311617
3108, 129.1708254860366
3181, 129.11178961835944
2071, 129.03491061821484
3382, 128.9944397208424
45, 128.97302133021458
736, 128.94757123075703
3340, 128.83348592531868
3049, 128.82138114184636
3408, 128.76940804393433
1450, 128.75248419845295
3277, 128.75089279316882
2382, 128.7365739100127
531, 128.7305225037318
174, 128.72450942174942
2105, 128.72354811030297
2266, 128.689637319427
227, 128.6799660520928
3331, 128.6710536146111
373, 128.5630612877566
532, 128.5329257197592
454, 128.52773141267727
262, 128.43801477665903
1736, 128.39323174059905
582, 128.3005843031559
430, 128.29694560373622
3353, 128.25636195046255
448, 128.2555442981964
1531, 128.2341180860486
186, 128.2042418915122
1117, 128.20230199348245
1027, 128.14447017474708
157, 128.13403014898574
119, 128.10209993618994
3227, 128.0831073755706
2260, 128.03724920667838
2783, 128.0077804236583
3058, 128.0003203828557
2301, 127.8781211684416
336, 127.86948020936134
2292, 127.8500281063365
2312, 127.80054693826538
556, 127.77956487661575
132, 127.62656945530397
1247, 127.62330467170075
1263, 127.62259382145872
2763, 127.54983327013815
3381, 127.46581302369208
2100, 127.44625647250125
820, 127.39683211802686
3436, 127.3900707762624
1248, 127.30570429719411
443, 127.28254601179509
1865, 127.19544564885037
1089, 127.1830362544779
2968, 127.18024513117739
1444, 127.16852048450492
1030, 127.16473666193036
3423, 127.05083578180884
1060, 127.01245902092575
514, 127.01098527224735
3407, 126.99241076971622
2918, 126.94833796747197
2979, 126.92032085198275
3166, 126.89139168388934
2386, 126.88094543301645
1689, 126.86884505260382
1442, 126.77022941413124
2818, 126.76270145058241
1035, 126.682225234284
1590, 126.66665196757101
161, 126.64278183077606
3064, 126.6392512223268
3405, 126.61750368267667
1219, 126.58073570604321
1462, 126.52309034442396
737, 126.51033914195641
2297, 126.49842463602549
1094, 126.34781685803705
530, 126.34216660349291
1218, 126.25716164228287
414, 126.23883663177911
2056, 126.22981731174718
469, 126.19844894295724
1437, 126.1905975025003
1074, 126.18014442673986
3373, 126.1364490008698
1973, 126.1212861187482
2069, 126.07733458786493
1811, 126.00107988309736
2068, 125.9955898082493
1085, 125.96549581185126
181, 125.95447316764091
2754, 125.94876927372974
2973, 125.94811997803606
171, 125.91586530811196
2398, 125.8636323937529
2990, 125.84562713042105
53, 125.82483828612607
1200, 125.79459391633645
2309, 125.68042656441172
2969, 125.6690967926874
423, 125.60810744124201
2279, 125.59662378136748
1202, 125.59322847412503
504, 125.58426945066614
2271, 125.55754581267765
76, 125.55457893834031
2966, 125.46976407930828
3119, 125.46288697732297
2733, 125.43307749239621
1464, 125.42624291813475
3369, 125.4085878644176
1876, 125.4031742426207
1091, 125.38574726920784
2315, 125.35363996368082
446, 125.34390039109202
2110, 125.27954479712895
462, 125.22457990063751
1193, 125.18301033605393
619, 125.14832608653509
550, 125.03025980032216
912, 124.95561793664436
163, 124.83998499984995
1169, 124.80432871003835
1124, 124.79174644399801
151, 124.76566749195041
3378, 124.76424313029531
2803, 124.72251388570714
2958, 124.6813096445325
1128, 124.6662705107446
2388, 124.66582982497702
2747, 124.66402578204654
1241, 124.61108042679064
162, 124.60308749112203
2985, 124.52937516088325
1849, 124.52385460892087
1113, 124.50752142297611
487, 124.50350865046758
2311, 124.49937868086927
3196, 124.46992587866264
3416, 124.45713813344578
1183, 124.41530867454641
164, 124.38644590889335
1978, 124.37673591588523
1607, 124.36889170534612
1445, 124.2329693137416
3402, 124.21238829147632
176, 124.20672486477997
1429, 124.06373949584957
264, 124.06138010627083
139, 123.85857279332485
537, 123.81710974287998
3106, 123.75385600631266
3371, 123.75333535580289
2337, 123.74729463902601
3086, 123.72942321846281
1979, 123.72195862404521
547, 123.70696949035198
1299, 123.64429089155976
1451, 123.57887475452306
3339, 123.48379740504866
1245, 123.47205507684649
155, 123.42154131938132
128, 123.39644040219508
3429, 123.35888821446603
3073, 123.29738472379381
283, 123.29657221070555
542, 123.15645811319708
3061, 123.06063814011591
3286, 122.96718178502653
538, 122.95600855053509
197, 122.94684293422165
1031, 122.94049355570274
1043, 122.83616495770796
502, 122.81141357462903
397, 122.78708107373711
154, 122.78631972946273
1753, 122.67030926155988
2715, 122.65360108612121
3418, 122.61675169232188
1236, 122.58954338973437
3291, 122.56382302294944
2819, 122.51736094673359
476, 122.50192209498708
1872, 122.443874455695
3334, 122.40356936325593
377, 122.37395778465961
2009, 122.34271351296492
1083, 122.2935516626316
178, 122.28938387998164
2753, 122.28043121146953
1115, 122.23347775090049
382, 122.19920620920666
450, 122.15399766273042
1179, 122.10727398451614
1145, 122.10012755844264
3280, 122.05396989009597
1465, 122.04965432256708
3048, 121.97548771130302
3125, 121.79565213207775
1608, 121.79195727278936
2303, 121.73563541056728
3421, 121.6931517953963
1852, 121.64998594976129
1856, 121.59608791421674
383, 121.58386815830586
215, 121.57587432644462
2862, 121.54426944219708
1025, 121.53693578235516
2717, 121.49951558246877
1174, 121.42888177546142
851, 121.40342292270114
3395, 121.35096022322048
1600, 121.24501306381643
3153, 121.22969192590806
1041, 121.17728680394919
2798, 121.15378340762865
1866, 121.12940774841385
2797, 121.06714783766752
1867, 121.04267680527337
1042, 121.03777490216675
1301, 121.02924325994803
1857, 121.02877493527032
2417, 120.92272939247576
1212, 120.87427625137516
2765, 120.85113211461939
426, 120.83236850519424
3425, 120.83184602388746
1683, 120.69216732961677
2919, 120.6870469103888
3410, 120.68257479788993
201, 120.60458561270052
1214, 120.48154603228694
523, 120.46691872494597
552, 120.4467943328679
3047, 120.38615411526696
543, 120.30549045043782
1449, 120.28771819403644
279, 120.28004280796118
2408, 120.25877068711887
3393, 120.2557831737148
3028, 120.25441064395419
2269, 120.24563767176559
1760, 120.2304487346919
1144, 120.22037409764935
549, 120.18668998886331
1088, 120.14460414969997
3078, 120.1382471071488
1589, 120.12323325398113
1226, 120.00262798320554
210, 119.98913820181548
506, 119.97338062631607
1586, 119.92521008471022
463, 119.9230126064301
1761, 119.90161002778181
3396, 119.89260528531523
2813, 119.79747073459784
1688, 119.7966738207217
3139, 119.77277391804753
2975, 119.6999011296202
2974, 119.6999011296202
1253, 119.66076856120957
536, 119.48289574759382
3333, 119.39497506563957
1662, 119.30279783922919
1660, 119.29738231628679
1855, 119.25900121259585
3132, 119.22912780400995
2730, 119.22864237507031
3332, 119.1355923200896
3003, 119.13223687310337
2978, 119.12090397787634
3372, 119.05888943246289
3198, 119.02639669437957
172, 118.95406772293407
1101, 118.93957830742265
1130, 118.92654111834962
2769, 118.89244805890576
2983, 118.88890561394754
1096, 118.84998372428694
1069, 118.83183316923707
2752, 118.69849192521222
2, 118.66641028940737
2409, 118.65002769551332
2396, 118.64342122498662
1961, 118.53068009472001
2080, 118.52244334044885
1099, 118.49604265376777
1974, 118.44086013530932
3004, 118.42377535437807
1678, 118.36255693168224
431, 118.1870764523609
1229, 118.17269621493647
2794, 118.16245442132441
131, 118.11244679620805
1095, 118.1044720294856
2392, 117.9856954779225
3441, 117.93061097859771
1112, 117.9205823977212
3131, 117.90054713110888
3420, 117.78152386547481
1447, 117.7523806233875
2290, 117.75173477612236
61, 117.69689068408834
2387, 117.6864254866853
91, 117.65004870906814
1067, 117.60979475308588
2413, 117.53207057001187
2960, 117.48349725978497
1147, 117.37703794979389
1199, 117.36756583170086
3342, 117.31649039394003
2014, 117.19873989011298
1139, 117.0889157201884
1148, 117.08295982996785
1141, 116.96197636530594
1262, 116.94751627105994
1596, 116.93979098632917
1125, 116.92650824150104
62, 116.84806471209933
1070, 116.7778814262559
3367, 116.7387726042668
1773, 116.54430059956917
2412, 116.53254917663473
3375, 116.52987869015519
2356, 116.50489981141492
125, 116.39916389448594
1430, 116.3837912657591
3115, 116.22372149868391
3366, 116.07842378083791
1254, 116.06292745035054
1217, 116.05798268569966
1597, 116.02108213213495
1438, 115.86759245966272
1667, 115.83917237174741
1436, 115.80275003542431
3351, 115.76776229485003
2304, 115.76058836953048
3117, 115.66657683457179
3414, 115.5479130742889
105, 115.53175193370386
2421, 115.5279477987038
499, 115.51120741314028
1059, 115.47107831178893
261, 115.46610167186512
1154, 115.44663602252132
1860, 115.4214485639848
66, 115.40236604823349
3141, 115.34392055544811
110, 115.2695220632271
2406, 115.26570966054148
1257, 115.22043462489023
3399, 115.18486678115165
1593, 115.16888667515292
135, 115.15917556204096
1137, 115.12910522695859
3154, 115.08788077961378
3398, 115.07385884492331
177, 115.058284682971
545, 115.02144692333424
114, 115.01650851033695
2065, 114.97734112760273
1209, 114.924844528239
3322, 114.85430357464263
1160, 114.83400228081851
2771, 114.75873795887718
209, 114.71065769615662
3335, 114.62898876459762
2815, 114.62092128574069
2716, 114.62077911763481
1446, 114.61669031538183
1175, 114.57770574399564
3158, 114.51609503384432
1242, 114.4668645227687
1881, 114.46315751891248
2976, 114.43528009170284
3430, 114.40785992593142
3102, 114.393599198857
89, 114.36066043993571
2028, 114.28584567329831
3377, 114.26997237497139
553, 114.2536723579914
120, 114.21443023490849
2800, 114.20887943270584
2344, 114.20312922496255
1149, 114.15489596066348
1206, 114.15080198864236
498, 114.13821852830164
1298, 114.13118046455884
99, 114.11647527994192
1711, 114.06015084873698
92, 114.04237039113283
1213, 114.00991617623
1227, 113.98586240264714
1097, 113.95878679241697
1116, 113.94517408667137
1182, 113.92299931670642
3394, 113.84807517839421
1431, 113.76029344878066
3103, 113.754871080742
533, 113.73713334122895
369, 113.66687864893244
3081, 113.55597707767687
1208, 113.48685630780172
1188, 113.46098826498006
2796, 113.31322449728087
492, 113.30303223595789
106, 113.29959580459385
3397, 113.26093161472168
192, 113.23888761023318
205, 113.1577238166627
3400, 113.15246078315384
1261, 113.14777899176457
1201, 113.11340685685025
3076, 113.0851292655569
3053, 113.07822120210183
520, 113.04609120389645
1181, 113.0217580152676
1435, 113.0173554808736
1251, 112.9478438885241
1246, 112.91880485254889
104, 112.83955553479299
2268, 112.81096805383231
2967, 112.75783008573954
2719, 112.72606061821322
3124, 112.69928415869286
1176, 112.65030859044963
3157, 112.61239291802642
1514, 112.59452545153296
1197, 112.5825872765283
3087, 112.56700321721281
1998, 112.5656965428202
3156, 112.56038043105877
3109, 112.50318428995827
2762, 112.50111229933384
3052, 112.45074539028819
1656, 112.42521344666085
3067, 112.42499309840866
3152, 112.41679111492256
2411, 112.41233163721716
102, 112.39799456975999
2347, 112.35979111285056
511, 112.28773065416652
2007, 112.27045330257333
3074, 112.23358207764322
541, 112.21546668948464
133, 112.19151740816682
1196, 112.18056926906726
338, 112.16938078642448
3390, 112.10906250467238
3104, 112.09664905995919
1250, 112.08198320980156
3330, 112.07633778286136
3088, 112.0272345687242
2023, 112.0176148954689
113, 111.9823888713119
3338, 111.97706073943067
3075, 111.96311643873088
2977, 111.94922748538394
1170, 111.91979517249963
3096, 111.89683270265834
3116, 111.8847746027977
2355, 111.8345073014665
2770, 111.81570863592756
1136, 111.73652866731017
1107, 111.7293288125334
1460, 111.69338521133082
1222, 111.67834313417315
2761, 111.67589469856325
1127, 111.65375703961439
160, 111.62190545253878
1167, 111.6135887512558
304, 111.57805986940599
1195, 111.54165866156497
1078, 111.45506308590453
1223, 111.41737732714903
190, 111.37895923189953
3355, 111.37748370160445
3427, 111.37405296476172
1133, 111.27128902203899
3127, 111.26770874082332
2273, 111.22316051508693
2982, 111.19187622516591
522, 111.17506975918509
2551, 111.0978280722463
3060, 111.04102837226407
3328, 111.00038787407227
1225, 110.94550584328641
1441, 110.94101225574875
3138, 110.9058127944789
3337, 110.89617228757267
2378, 110.85498080590708
1131, 110.83998337913174
2984, 110.80712264887754
103, 110.77278660221192
1108, 110.74842714884116
1658, 110.6248253638177
2350, 110.56637251698963
1163, 110.54262593319021
3137, 110.3877111244214
1713, 110.28023235308765
434, 110.12733344071391
2799, 110.1013239083013
1719, 110.08599552495878
1168, 110.07152074978613
1224, 110.02642979548659
1138, 110.01595525718774
121, 109.9865427451344
3406, 109.94147999766747
179, 109.90660994970878
3349, 109.79569318829594
2550, 109.74007678587226
1477, 109.71025906291423
1123, 109.60950041869462
3126, 109.56426889356652
2775, 109.54727937633115
90, 109.52898813798842
95, 109.51583119884857
1120, 109.46862543011933
1155, 109.45056501044294
3140, 109.34051218717732
1207, 109.27468244085637
1186, 109.170639348965
1240, 109.13609792613569
3368, 109.11084260072312
1194, 109.08629724173409
1079, 109.0598051553857
2414, 109.04896484728178
3122, 109.03998763563065
267, 108.94590971738839
1146, 108.94142441004541
2787, 108.8700213347847
1428, 108.63573020542442
1996, 108.54536296047354
1135, 108.46160170843874
2399, 108.44591424807335
232, 108.42083903552894
2913, 108.37009078840073
3356, 108.33615472075026
2384, 108.3070194863952
3422, 108.11945981964949
510, 108.08926048408173
2972, 108.06342446231818
2295, 108.04910236155648
1220, 107.963420444673
1061, 107.79982501941655
3428, 107.75755113191109
3374, 107.70996170006943
101, 107.49749598822424
108, 107.45052966748831
1518, 107.36139246010663
1068, 107.33038334004505
1198, 107.22870126075915
1189, 107.22471956599283
67, 107.11685100984532
1663, 106.95135368448473
1406, 106.93709032006181
65, 106.80461494244894
72, 106.64762997429858
70, 106.59269101374247
69, 106.59269101374247
1134, 106.56715389909625
2097, 106.55539017682001
1588, 106.55388953678222
1467, 106.53087782517315
1693, 106.52377895924086
3376, 106.34957260287634
93, 106.25940913096053
1034, 106.22527350906377
2915, 106.21356167904153
2395, 106.13070847724433
166, 105.99098621369271
1191, 105.74556212858931
1150, 105.72299834730606
64, 105.66752686930424
3417, 105.64723376467893
3392, 105.55775092054893
1813, 105.4631602310441
1605, 105.38389472027606
358, 105.25944121803485
3387, 105.25875863623595
122, 105.20525624434752
1065, 104.96654705856322
2400, 104.8235802499088
1962, 104.70088891549848
115, 104.62189764226582
1180, 104.50976152929974
144, 104.50095813787547
167, 104.44404921802474
260, 104.37764160237289
1634, 104.3656593441541
1397, 104.34000099596155
1216, 104.16635691516687
1440, 104.02073874697584
1073, 103.95923972713847
68, 103.65695019654667
97, 103.55748859938814
1864, 103.46028140353783
268, 103.2913571154988
32, 103.22173022488678
96, 103.10286469937586
1152, 102.98551872239035
1632, 102.86720138141592
12, 102.86066200072823
2270, 102.66517490672173
1694, 102.64349017326964
1178, 102.62758940998333
2971, 102.50947182887298
1156, 101.86449830417567
2801, 101.82198518775832
1151, 101.63861321911791
109, 101.51137790945428
3188, 101.40692621170011
3164, 101.28781224385438
2010, 101.15932400751944
1838, 101.11583773198431
1302, 101.10024641564021
2351, 100.96366238930091
13, 100.86740819506926
1316, 100.76699970040968
1638, 100.63462506010558
1958, 100.22834343537824
2861, 100.16515392570358
1574, 100.10907439636016
3236, 99.89712849897961
1709, 99.827491979867
2900, 99.80957815488657
1457, 99.67190245822927
2275, 99.30766258594556
637, 99.14426288936647
2433, 98.97867031136789
1153, 98.97686472438703
916, 98.89759286327343
3431, 98.81809824244387
1800, 98.66029932397106
1, 98.0759091955389
1661, 97.77309130408949
4, 97.72168519639969
768, 97.64558286222051
2860, 97.63499122206956
1572, 97.58749514344028
1562, 97.5707021942666
1454, 97.47840512055444
1062, 97.47541802824108
3310, 97.14225397452864
1576, 97.07503699241182
182, 96.91768183002624
117, 96.77106541932976
2192, 96.7359691221694
10, 96.7256092915073
116, 96.72555464178296
3234, 96.5578908990343
2857, 96.15327650391379
1543, 96.09808993727832
1573, 96.09602988094153
1255, 95.8079899379404
641, 95.6930699985008
1785, 95.53520757382203
2320, 95.34623860319905
2731, 95.080028786362
7, 94.69836188055008
1788, 94.69053320167377
1814, 94.68993047394413
3235, 94.66608216818423
3009, 94.65657036387537
953, 94.59223012931557
112, 94.43882918079328
1324, 94.43346143309155
1794, 94.14930451386
1567, 93.84030539842536
107, 93.67622364931981
2832, 93.59726827321056
823, 93.52004823298776
28, 93.5141352027923
118, 93.46382769146432
2805, 93.44984563730513
1818, 93.34443732950525
826, 93.28083994067187
6, 93.20326949335674
2999, 93.19833802792337
1484, 93.05683570104979
1575, 93.00417376263951
2191, 92.98365121336003
1723, 92.91016458325434
0, 92.8502377839385
3, 92.77875659203764
9, 92.6857892558017
814, 92.64942124629303
1509, 92.64107265778253
421, 92.61146035191751
2153, 92.60989286304503
1309, 92.60011251587935
3017, 92.34080459342267
30, 92.124371105892
1571, 92.10256666894944
745, 92.09850109110212
1410, 92.07493873802527
11, 92.05050517171709
524, 91.82590815295458
1824, 91.80056404411408
2134, 91.75278762663152
1882, 91.65058934913635
2208, 91.62794843276971
848, 91.47984518793675
1004, 91.36258082569653
1424, 91.20908108851846
2211, 91.13750008886183
735, 90.92018570157062
2878, 90.87795787468968
94, 90.84458550681259
2889, 90.84278271063556
5, 90.80530922938881
1418, 90.76846597239401
259, 90.72567041846875
1940, 90.71433549737975
1939, 90.70338403047269
2158, 90.67768032469758
3228, 90.66269976361328
2242, 90.5582147333523
3215, 90.55069292993238
1806, 90.55035369436987
8, 90.47993454386713
1951, 89.98621254844703
788, 89.93886980334145
2193, 89.87938060236496
2856, 89.85203529408632
923, 89.78826211874922
2170, 89.77339581886196
2859, 89.6686034953867
1889, 89.5665687010446
417, 89.56400274974298
1423, 89.55163362745182
3000, 89.50674139776662
682, 89.43942628212669
526, 89.37017011134006
1269, 89.35042866527829
2429, 89.18751739785596
1566, 89.13561496195665
2207, 89.09613703870767
2991, 89.07465670573205
1976, 89.00832768467036
786, 88.91738972498455
1895, 88.91201107355714
2435, 88.9048528115351
2428, 88.9048528115351
1003, 88.87129026696462
1810, 88.83997981142186
416, 88.83253503288391
3025, 88.76798049500547
29, 88.75136258040021
1580, 88.74734192319674
248, 88.74400671210556
1907, 88.73262511113144
803, 88.72333405027703
917, 88.71022701132583
2806, 88.66630795741649
744, 88.53502075765708
1487, 88.52278252832659
1776, 88.48599319624651
2124, 88.46742347637405
3269, 88.36716667841175
1640, 88.36442829975653
1780, 88.36020599497755
1425, 88.34545761394033
2135, 88.34533437380361
1577, 88.33185249297499
2180, 88.25495471517966
1210, 88.20342862909773
615, 88.18812516528594
1884, 88.18047485806387
791, 88.14127875876302
2205, 88.07972106297147
727, 88.05367879701245
1525, 87.99475907840208
353, 87.94001178749757
857, 87.87913789970325
234, 87.82680232782197
1306, 87.80932589076052
2157, 87.78076950734363
1039, 87.7013746478456
420, 87.66336374296085
2236, 87.63673280480023
746, 87.60911714047731
3016, 87.55965065439827
3018, 87.4753943953367
2194, 87.44622693533559
2243, 87.4454001483109
3029, 87.44298215960184
686, 87.42381624164551
2318, 87.40955807767004
2262, 87.34799452880708
1617, 87.26577924573853
527, 87.17118373960702
249, 87.16853771525551
2936, 87.15361220601268
936, 87.13499691267447
1356, 87.12752520597519
945, 87.07302982708792
716, 87.0628817949879
2195, 87.06141380130678
2953, 87.03583308252756
1807, 87.0042055406449
579, 86.99431745925817
2997, 86.98954850299491
1623, 86.97297286903557
781, 86.92474113839553
2196, 86.88888570731879
1653, 86.86093318116237
419, 86.84880475577813
3320, 86.84467376181793
1999, 86.78597495394074
321, 86.7786897848176
2434, 86.74827455890099
1885, 86.71781426075222
1336, 86.69894589398565
1943, 86.69866062658913
1579, 86.67852126581334
1822, 86.67753865333725
762, 86.59617395611912
2438, 86.58671259829674
1615, 86.55167357050988
920, 86.5260267941691
3319, 86.52394451615858
612, 86.5071050529827
980, 86.48091968021431
575, 86.4692118813694
1279, 86.41659445079182
1977, 86.35318862217999
1427, 86.33747531597312
778, 86.25756536875231
844, 86.25691201284204
1037, 86.2568049260157
3233, 86.25238202183164
2188, 86.16220710090316
981, 86.15024075768163
243, 86.11465076276212
2993, 86.10658158499692
717, 86.10351125963082
2431, 86.10116037555171
418, 86.09974671484616
2160, 86.09073431848415
2187, 86.07840883986596
961, 86.07833882743267
825, 86.05289734740333
23, 85.91833359368043
581, 85.90330838052873
817, 85.89320435502911
955, 85.86878406300063
1023, 85.86475807402059
1803, 85.83890820714957
698, 85.83520755388813
24, 85.772482504369
2145, 85.74916609713122
1985, 85.73232812527894
2365, 85.7250932888025
1404, 85.6722097209015
743, 85.65170414485807
2189, 85.62301702077214
600, 85.55381482821076
247, 85.49874654273607
1038, 85.44666831549192
319, 85.38791411536127
2362, 85.3871700945836
2095, 85.38358345217142
27, 85.3780890214018
2220, 85.36050997760194
2949, 85.3593841815436
922, 85.34550580444308
2360, 85.30747714215217
2142, 85.22066693446216
1890, 85.1993428154014
960, 85.18603947270593
969, 85.1801686876944
1412, 85.17329910438194
2879, 85.1373817903533
815, 85.11503388085214
808, 85.09739090556279
2214, 85.08486718010711
1426, 85.05005228897645
528, 84.96996652898812
1473, 84.96813664593972
787, 84.93799336714075
1371, 84.90600626754117
2181, 84.89534032329242
709, 84.88783447667986
1331, 84.84802079283162
560, 84.78240321922813
370, 84.76558256584437
1308, 84.75254166812691
1523, 84.67474495713742
999, 84.66277206204752
2219, 84.6433769435752
574, 84.61290911538255
2845, 84.58144064535868
242, 84.5238682701459
2122, 84.51007466291912
1840, 84.43790695947571
1495, 84.38642804471276
1266, 84.3801323810211
1599, 84.37167410049608
2829, 84.35427718722609
1490, 84.35357009921525
1510, 84.35022232737595
2846, 84.31776919228263
2422, 84.27367736121167
2996, 84.22055887682431
691, 84.20122640598449
2427, 84.18629994983395
1408, 84.1785287998132
601, 84.1752725613972
1823, 84.16394080821674
529, 84.140583756881
585, 84.12554748175492
2907, 84.08827025358259
1846, 84.08146172245037
2828, 84.07833298968562
1289, 84.06310615109976
1321, 84.05758105757118
856, 84.03346949299033
804, 83.99371211137141
313, 83.97865511489526
964, 83.97251880742624
1314, 83.96381452004321
594, 83.95857763097369
2858, 83.95799732001558
907, 83.95568899971298
2173, 83.93446903682847
2992, 83.922060102684
903, 83.90272164085599
789, 83.87226976357552
2171, 83.85127390021037
1839, 83.82554054709442
1508, 83.80973529153394
2877, 83.80708039225856
2231, 83.80250124704298
1527, 83.79356686719629
2209, 83.7882665244396
1942, 83.75350675752534
1594, 83.75322188188714
1790, 83.72722973454631
1369, 83.7173854137371
1501, 83.71003554030415
1478, 83.63382518637333
2168, 83.61147819977087
1315, 83.58662895470455
1578, 83.56619811081816
972, 83.56291219040824
780, 83.54499608042657
2200, 83.49525173743426
1505, 83.44981769046673
2228, 83.41616398694148
2905, 83.41188347793808
3026, 83.37883433866784
837, 83.34541992485002
593, 83.3372126121496
3229, 83.32892886052863
1887, 83.32750900762215
1957, 83.32623475525915
2165, 83.31932371923004
1211, 83.31027739757778
586, 83.28713640206993
2206, 83.27147172576396
3031, 83.24563482794895
1348, 83.22418022932226
3270, 83.21874608689552
1421, 83.18373320197335
1512, 83.17202746474354
872, 83.17165601243836
845, 83.15755412861601
2113, 83.07195789582568
2804, 83.03443079812112
3267, 83.03046243889798
846, 83.02515553388986
2334, 83.01880763940008
1984, 82.98357539165835
1361, 82.9252398948898
1380, 82.8998954080883
1455, 82.89292441369955
2190, 82.88820527669316
1883, 82.87707172057344
683, 82.86276427040042
558, 82.85640343351949
2998, 82.85509948264269
2850, 82.8447200529781
2837, 82.81113165908323
2150, 82.76618633233845
1390, 82.7444051509067
371, 82.72658788789622
1389, 82.71918050225234
696, 82.69759146941585
928, 82.66049543857422
2164, 82.6568256011706
1488, 82.64779179829108
2841, 82.64127561969637
2321, 82.62619801201512
1001, 82.62120017819883
2852, 82.58097645091156
919, 82.5783746271056
1322, 82.57005034516915
1986, 82.55320864302196
1983, 82.55288709495238
2256, 82.55010818182096
638, 82.52694988753248
1494, 82.50311842027514
307, 82.46991394578762
2115, 82.46653234345192
839, 82.46203249135479
1481, 82.45296786968814
3321, 82.44905134215175
3268, 82.44338599337546
657, 82.44201300027031
1828, 82.40849085858933
775, 82.40488232009804
886, 82.36904958077903
1792, 82.3397878640292
2439, 82.32903925656062
784, 82.32003657182314
2324, 82.31176856879229
1268, 82.25397396157379
993, 82.23060536424309
661, 82.20729358865454
26, 82.20540847244614
606, 82.18418049778464
2120, 82.17403408000449
2372, 82.15580498395458
987, 82.15232932075124
1396, 82.1395759474316
902, 82.1282583111365
821, 82.10667795495966
639, 82.05680868251625
602, 82.00882173361587
599, 81.99456303371761
2255, 81.9876752980279
2229, 81.97993313156518
1820, 81.97207417623393
2125, 81.96349668966764
3002, 81.94401861974323
855, 81.9385620570793
1549, 81.92900876644221
708, 81.91480737581121
2162, 81.88069918870151
777, 81.87703600722273
2230, 81.87069462879866
2839, 81.87029838970193
2116, 81.86320207237009
2117, 81.83555649971181
230, 81.83446813631865
938, 81.82564259507922
1493, 81.82487362345233
1474, 81.82251293324086
1345, 81.80852524041049
584, 81.79047539652278
840, 81.78270518606952
3014, 81.75935793857033
1295, 81.75221061432427
665, 81.74221378502028
1413, 81.73707804195655
1271, 81.73538577076374
718, 81.72286631573945
1377, 81.70220010261889
1339, 81.7005977514205
659, 81.6988522064255
1614, 81.6880036368566
882, 81.68503570157776
1312, 81.66625556184654
711, 81.65581144852372
989, 81.65119971673622
1622, 81.6219861324801
776, 81.61254368357672
664, 81.60293212452748
2851, 81.59737839632105
853, 81.57701537693409
2359, 81.55493220734736
790, 81.55334415211662
1398, 81.54696832509057
2994, 81.53392483232422
2750, 81.5307193740251
730, 81.52050387875323
1908, 81.49215625275623
690, 81.48616116654809
2831, 81.46479615327738
235, 81.4508712481797
849, 81.43287439250602
971, 81.4295068519017
1601, 81.40537827483149
798, 81.39403376540977
2237, 81.35928063984464
315, 81.3455322200698
306, 81.3455322200698
927, 81.32307794624853
1886, 81.31193628433343
1343, 81.24968600994842
1511, 81.24771145743172
1014, 81.24695083191709
1278, 81.23977120351526
1330, 81.23134266963379
970, 81.2300924247301
564, 81.22760708201768
752, 81.21691319882949
867, 81.19664192061983
2844, 81.16482483600913
1392, 81.15811506286474
1561, 81.11638299959004
892, 81.10181404430413
256, 81.10074085495164
1352, 81.0991989679443
572, 81.08332024558139
1550, 81.06012689672089
1368, 81.02099647707647
1417, 81.01357913101701
1420, 81.01056883196422
1378, 80.98879959089088
1825, 80.98460810782008
2898, 80.98412278229851
559, 80.93563691360846
785, 80.88737802037808
3272, 80.88516280842104
1920, 80.88225557182133
2908, 80.88196040704722
1422, 80.88114061427505
569, 80.86834129004737
2213, 80.86599190083189
1815, 80.86136065651503
3043, 80.85979939801821
525, 80.85877034810102
850, 80.85235682323393
1393, 80.84530096562108
774, 80.82899319277404
1555, 80.82439675726654
847, 80.82191389359785
723, 80.80906973724369
2888, 80.8035861215834
1539, 80.80244010076997
2361, 80.78420139995079
1959, 80.7837123297461
1829, 80.77720290151109
1926, 80.77704801923106
1544, 80.76886368101846
770, 80.76101310489146
1273, 80.73298498296403
1500, 80.71137664190313
1902, 80.7067129909544
689, 80.68954927184483
577, 80.68789718475037
713, 80.67265684736651
1804, 80.65206324621317
2376, 80.6486268123551
1293, 80.64476779275154
1475, 80.6357930291824
797, 80.62949446308698
1409, 80.62707726271081
3045, 80.62346293352911
2884, 80.6230273818644
2141, 80.59839186411976
2227, 80.57853359770151
2369, 80.53442106693974
1400, 80.53259722420556
2547, 80.52992687490732
573, 80.50988676764548
636, 80.5044849021804
2366, 80.50003158431517
1989, 80.49834607116476
1006, 80.48117901211667
2432, 80.46849504779146
900, 80.46503593937528
933, 80.4579527801706
1285, 80.42542772754479
1480, 80.41389019153765
3030, 80.41365364948844
2121, 80.40837056229557
240, 80.40834147137097
364, 80.38635233511128
1370, 80.38392422311603
918, 80.38000151258781
992, 80.37321746171129
822, 80.35264183188002
2166, 80.32024134656811
779, 80.29985032691427
2254, 80.2910609561822
2899, 80.26451780671313
854, 80.24174237580657
879, 80.24045382816848
1411, 80.23399911741572
876, 80.22808583055696
635, 80.20438548194385
871, 80.2025234335372
694, 80.19954090680807
2245, 80.18987866983412
231, 80.18422207914135
1419, 80.18289483033155
2903, 80.18108706454944
868, 80.15355823310693
1280, 80.13617912259448
2830, 80.11534768742531
2881, 80.1138063341234
2882, 80.09516209597129
1888, 80.0901430330985
2131, 80.05263883460164
673, 80.05025654821239
983, 80.03261236793143
2154, 80.0088126096382
741, 80.00669598670109
1817, 80.00545709511265
2198, 79.99746769961995
1830, 79.90981243440821
1367, 79.90524404933666
693, 79.90447118597876
1491, 79.90225042394846
3044, 79.89883709916582
896, 79.89768897320855
1915, 79.88815873506248
2114, 79.88419788134954
2199, 79.88076890864836
1382, 79.86388654458261
1909, 79.84950800889516
883, 79.84388329538119
1498, 79.82252547813543
937, 79.79065029585385
257, 79.76092586102176
1346, 79.75683849554261
597, 79.7450301167084
2875, 79.74253496644194
946, 79.71970177039216
887, 79.71399651390996
614, 79.71020778634917
323, 79.70288273361923
311, 79.70288273361923
2246, 79.70091810600077
2163, 79.68379971691628
725, 79.6394030791568
1791, 79.63591530551491
1835, 79.62681635659443
236, 79.62192462429874
1831, 79.6161517040848
948, 79.61018483514131
935, 79.60961930731145
764, 79.58515874191696
2148, 79.5813305557086
755, 79.56708441548851
1403, 79.55645741766752
1904, 79.54908257885742
672, 79.5391788556863
1486, 79.5337560805314
1372, 79.50823063099038
675, 79.48533363032826
2423, 79.44742629142677
253, 79.44031237675253
1906, 79.43841349984231
1387, 79.42579598332038
759, 79.42564587378983
3271, 79.42564537683668
1328, 79.42055294662359
674, 79.40979717619254
2323, 79.39126143496088
1277, 79.38846163349383
1841, 79.37290378151185
567, 79.36313523161013
1405, 79.34989065004794
763, 79.34892553936241
2842, 79.33935564942833
1485, 79.33903796621554
2897, 79.33548320723798
1292, 79.33048137286808
985, 79.29795500117307
645, 79.29456679955754
1288, 79.28633441982929
714, 79.28183924093267
656, 79.27977228286926
2319, 79.27903200290889
1036, 79.27204251320606
766, 79.2695066359384
782, 79.26762743214202
870, 79.25887464609522
346, 79.24327476165249
924, 79.24286664840676
1458, 79.21770680517636
1618, 79.19729427790736
2138, 79.18130245713016
963, 79.16515807546382
2146, 79.14662343577965
1374, 79.13987300880889
704, 79.1326823944381
1415, 79.12865934190847
742, 79.10914317853481
1782, 79.10379747064759
374, 79.09339978317517
1944, 79.08933904505977
2123, 79.08842507272936
565, 79.07317224252637
728, 79.07003411718054
1595, 79.06318868892347
942, 79.05298444913683
1981, 79.05040231966737
3068, 79.04736536968504
2430, 79.046399675468
1353, 79.03676081198317
1388, 79.02381432509375
984, 79.01991833745875
1291, 78.99984656229762
2216, 78.99228049301907
312, 78.98292217100831
1934, 78.98055909263414
932, 78.96571524657814
1801, 78.95006540099983
646, 78.94204772055596
2891, 78.93967727359107
783, 78.91198736344835
697, 78.9090457350427
1772, 78.88685813025174
1327, 78.88101537385542
761, 78.87218934069931
800, 78.85175816652327
1340, 78.8459299270315
351, 78.84054422870571
1524, 78.79631538375773
1927, 78.79600186857505
603, 78.79193437937404
1272, 78.78288083477457
1297, 78.7806461203291
1357, 78.78036449820766
1018, 78.7795003757551
3037, 78.77052649058048
324, 78.7627526493123
1391, 78.7578701324055
1548, 78.75653520281118
1905, 78.74543318095553
959, 78.73917604776244
3027, 78.73098674967318
568, 78.71618419054592
1809, 78.71491027044975
2331, 78.7095771208087
1275, 78.7089868312628
2169, 78.6972168730662
347, 78.69636593162438
1270, 78.69576573535647
2854, 78.68922053700591
2840, 78.68497069234826
31, 78.68352306768529
836, 78.66287802863087
2202, 78.6417082437515
1992, 78.64056446635259
640, 78.62243321273434
660, 78.6162570014204
720, 78.61492402644734
897, 78.60475733750961
1021, 78.60263943699529
701, 78.60005141185049
1499, 78.59361386916675
623, 78.59007701634525
1323, 78.58144467278649
1789, 78.56587025373872
813, 78.56321515438931
1563, 78.54761698953492
750, 78.54382405606263
1554, 78.52956627494875
246, 78.52382028852149
925, 78.52119937442653
2410, 78.51630501182768
1453, 78.50561014295572
796, 78.47883927271718
827, 78.4787686761239
1506, 78.47305265082515
2849, 78.46412601945839
986, 78.45990851507173
2833, 78.44036219846942
740, 78.42705302646779
3038, 78.41138577525196
616, 78.39756099581331
1982, 78.38234285364632
705, 78.38209319772288
908, 78.37526098755522
2119, 78.36506702353395
2136, 78.36261765061684
1009, 78.31860940170249
1020, 78.30922862887661
258, 78.2977258622304
1294, 78.27565456289362
1598, 78.2747418775674
828, 78.25603758112882
2183, 78.2543626032901
2130, 78.25262038404695
792, 78.22735794349458
843, 78.22152877982712
962, 78.221297178295
2233, 78.20062368917105
2129, 78.19685097082571
799, 78.17162093899003
2175, 78.1254157603153
1479, 78.1174913807271
1469, 78.09073111526426
2847, 78.07886188949563
3448, 78.07489522219646
934, 78.07047185647039
1265, 78.06932470376815
2140, 78.06712005122371
707, 78.03828219298077
930, 78.0343817377732
692, 78.02452211247781
1819, 78.01825896588537
1318, 78.01736658661893
2373, 78.00085011804532
926, 77.99173773323649
2946, 77.96793883005752
710, 77.94529531480693
422, 77.92452184830772
905, 77.92320892931413
1329, 77.91338888729322
722, 77.90925184443896
2232, 77.88785639893585
2947, 77.8790003337664
801, 77.82554886492302
2336, 77.81136648682953
1786, 77.79144376273635
904, 77.77362649108638
1354, 77.7660758075008
1836, 77.75878021857449
350, 77.75106216382638
566, 77.74109513028979
2377, 77.728038675195
2375, 77.72213959411698
967, 77.72129161423793
363, 77.71387230790057
1921, 77.7065944230972
1365, 77.66804869301363
977, 77.65092759642634
238, 77.62750128584263
1935, 77.6116710651365
1673, 77.60914812522847
576, 77.59362474090783
834, 77.55608622430884
2176, 77.55444258822205
754, 77.55234228690279
1808, 77.54850405711402
241, 77.54359255783972
1779, 77.5357859500539
893, 77.52718181358324
1928, 77.5257556533316
973, 77.51545838554134
1492, 77.51439781830867
2133, 77.51192278192097
3034, 77.50952299530519
314, 77.48646596787042
824, 77.48127061806834
952, 77.46693850538729
911, 77.45909420190507
596, 77.44296756563912
1949, 77.44156046914956
1930, 77.38658953616809
2826, 77.3831746466353
2222, 77.3563287002358
1022, 77.33477716929738
352, 77.25463084368766
658, 77.23742289404804
3230, 77.23314305052857
2876, 77.21974694497972
1837, 77.19511279651171
1414, 77.17605548605245
765, 77.15097770185945
2247, 77.14880047692765
1620, 77.14636411461058
667, 77.14360498708832
1504, 77.1311846086013
2403, 77.13051255242378
1954, 77.12786820419923
320, 77.1249218702915
1591, 77.08406864862798
1900, 77.07013368095409
2950, 77.04406943584421
1777, 77.0367823922799
1582, 77.03632016265772
1282, 77.02196756675463
2325, 77.00418910435144
1320, 77.00047247295731
729, 76.98883500580496
931, 76.98659589170762
810, 76.98465870875553
1950, 76.96006319145455
976, 76.95031491057236
910, 76.93976154647112
2426, 76.92320323586979
1319, 76.91649767053465
899, 76.91596826955323
1799, 76.9030481686288
873, 76.89546464036792
1778, 76.88945221275051
2144, 76.87297888917176
618, 76.8701688929854
1898, 76.86854820103385
929, 76.86549587303584
831, 76.85397462288795
342, 76.8523927319713
2902, 76.84647423832162
2322, 76.83051843690018
880, 76.82187827133465
702, 76.81981940761125
1470, 76.81958163225059
2126, 76.804829334872
1017, 76.79651688264128
1007, 76.79423605661854
706, 76.76908873766067
898, 76.76683953974164
979, 76.75786679765032
865, 76.75397196649183
1326, 76.72920528951303
1332, 76.72519807516194
1351, 76.72381901858502
807, 76.7189311813231
1010, 76.68151145358708
1953, 76.67887933629297
270, 76.67773620378418
2425, 76.64357764301326
994, 76.62299276511486
325, 76.61426951303041
1932, 76.61066215347755
724, 76.59783180438326
2367, 76.59496632265216
703, 76.58945573583716
1827, 76.58912052731107
712, 76.58591516002105
1402, 76.58470847179862
1476, 76.58217761683332
2436, 76.57868402506018
2327, 76.57212161237356
633, 76.56108680745771
609, 76.54714258194149
1394, 76.54128968303573
644, 76.53529269119902
2880, 76.53400662809315
1335, 76.52713207474208
1832, 76.52018965874225
1540, 76.49986703088159
1385, 76.49962035248559
982, 76.49480217851668
269, 76.48974363375353
943, 76.4851554300686
875, 76.48037005120601
944, 76.47731831734728
632, 76.4686498607994
2370, 76.4446450140699
239, 76.44213969854334
2000, 76.4353472735666
830, 76.43072324894229
354, 76.42172875790976
866, 76.42023819080649
2874, 76.40591308587001
1483, 76.40460714610322
1011, 76.39104634598698
631, 76.38600694611037
1569, 76.38187401480675
1362, 76.35548527841455
1769, 76.34782316772358
1304, 76.3436575393407
1416, 76.33484597134922
1359, 76.31222469576203
2330, 76.30633196357275
604, 76.28696780422592
2172, 76.2815980189668
2251, 76.2675658651698
958, 76.25729738208692
1401, 76.24865553859073
2156, 76.2458587843411
891, 76.23909394145312
666, 76.23007662408982
1834, 76.21982593197048
858, 76.21827770186518
1286, 76.21783538884502
668, 76.21296440190392
3015, 76.2006789398644
1568, 76.19496007009977
1311, 76.19460227669482
598, 76.18671984915562
1080, 76.18005868103143
1489, 76.16172857217207
1366, 76.15493286089487
3012, 76.12095935811149
684, 76.09694523343745
624, 76.09694523343745
1551, 76.06409051985042
1383, 76.05306267617065
1529, 76.04484695841263
949, 76.04022154526639
1303, 76.03248631978698
990, 76.02747353813133
2186, 76.01999588124711
3024, 76.00523015172747
2317, 75.98631425949294
996, 75.98594864747535
819, 75.97604438823822
1325, 75.96318640080658
974, 75.93269271373822
1522, 75.9119388025287
2281, 75.90413695736063
687, 75.88518996448057
245, 75.87764141190455
653, 75.85490418825576
998, 75.85320542085812
648, 75.85320542085812
1619, 75.8469947555938
954, 75.83488533904163
2197, 75.80434186810268
1281, 75.78618157571628
1307, 75.78291660629888
2149, 75.7501401161072
595, 75.7396623841372
620, 75.7395318875317
1918, 75.72022710795386
1482, 75.71658223300741
1008, 75.6955254309428
1956, 75.69150273972225
1937, 75.6857291909334
1903, 75.68490207001045
1946, 75.67383716954647
818, 75.67189776997152
1055, 75.65905257493222
3022, 75.6562579965934
2201, 75.64924863905081
1606, 75.63711547622675
721, 75.62365296480945
1192, 75.61579544020337
2326, 75.613699476654
1341, 75.60011309839501
1016, 75.59475352470086
1528, 75.58285440690902
1342, 75.56561442718763
229, 75.54715871407821
1774, 75.54167027426637
1507, 75.4894493266903
829, 75.46903786932539
1305, 75.45322835923747
1276, 75.43546318090067
2151, 75.42786587641149
271, 75.42230614156207
2132, 75.41408071997067
1376, 75.40467447759785
1296, 75.39735006495357
2332, 75.37879972152533
2127, 75.37516480811374
2834, 75.35434607028417
2437, 75.3525912432205
1015, 75.3456017216575
805, 75.32911506445032
688, 75.32856621956726
753, 75.3277404602334
1783, 75.32422207037003
975, 75.3206947059221
1833, 75.31811137705292
327, 75.31801929833885
3035, 75.2996524098076
1787, 75.29778630880016
2159, 75.24198072219451
726, 75.22723582609521
662, 75.21495078990093
1344, 75.21435476845807
1948, 75.14712398671725
2147, 75.13458357230348
700, 75.10357511374038
3450, 75.10348284997418
1496, 75.10320579067941
1284, 75.08215393145873
1317, 75.06585857746357
1916, 75.05466271591044
756, 75.0366708733303
888, 75.03019444281495
1503, 75.01783582444925
2906, 75.01121892472887
1654, 74.9937010578262
339, 74.97597384285135
340, 74.95085804176303
1044, 74.92491739484241
1952, 74.91563342565269
1621, 74.91305917246054
1922, 74.90785796151458
1333, 74.90427415314575
1407, 74.88357832879343
2225, 74.86413564908598
361, 74.86075959015676
747, 74.82457885436979
1497, 74.81602838208852
2895, 74.80600346086956
751, 74.79945206715496
1399, 74.79381228430643
1990, 74.79057881405647
2835, 74.78191121061163
1896, 74.77285295888346
1767, 74.73195358364839
2161, 74.72908310118123
842, 74.7238126109375
771, 74.72340514284943
1386, 74.71278447123049
571, 74.66910958749929
367, 74.64547691361922
806, 74.63970066301259
1570, 74.63600417377029
1565, 74.62867384739145
2215, 74.6181536281825
605, 74.59007803958539
997, 74.57882487876796
621, 74.53842594144575
1897, 74.5142414403407
1472, 74.50826083362827
3273, 74.50543751051251
2932, 74.49504921013947
1766, 74.48406418574463
349, 74.48212009978305
2418, 74.46817014049776
715, 74.44874219279616
968, 74.44785230759464
1471, 74.4467998238314
1556, 74.44233142662587
2328, 74.43735383058119
2112, 74.41819940543346
317, 74.38724537756528
309, 74.38724537756528
1019, 74.38656014264131
2221, 74.38471358299583
1793, 74.38440705199152
1929, 74.37632492409062
760, 74.36058940697198
2178, 74.3384461736647
1553, 74.33417916187935
878, 74.3256682746798
1056, 74.29828657732176
719, 74.29602344953209
1013, 74.2959415188922
894, 74.29227004798446
2250, 74.29000505704862
769, 74.26852148171696
812, 74.18265923348278
1349, 74.16377011584957
1375, 74.15827169086803
2374, 74.1226659367853
767, 74.1039381536104
1936, 74.09120744973954
2241, 74.07644245594776
1538, 74.07144775906495
357, 74.0632585681886
366, 74.04617732746749
318, 74.03434532992107
2174, 74.02156963780098
1796, 74.00020047380602
695, 73.99619657513001
360, 73.97593096986849
3001, 73.96930230148065
2329, 73.92643831791564
890, 73.92160805787215
1899, 73.88163522294008
1395, 73.86564490631633
2843, 73.85722508742671
1938, 73.85379923004623
947, 73.82910101578844
1757, 73.79214598733722
940, 73.71079344190424
1360, 73.68878514334097
3013, 73.65769083862098
739, 73.61158566534466
2128, 73.60247857367077
2420, 73.55787523516814
877, 73.54647399809876
2883, 73.5338276939659
627, 73.50992534777171
1805, 73.50915591436306
570, 73.50102367325758
2893, 73.44663421813738
345, 73.42105913430744
2155, 73.4100903302176
809, 73.39308014007871
1283, 73.37344996548131
811, 73.37209295650307
244, 73.36167643817734
3451, 73.34551560951085
1363, 73.32398149205886
2335, 73.3198493820642
915, 73.30570533241847
2901, 73.29999456430156
3224, 73.27998317493767
2118, 73.26740835526562
869, 73.2633758974443
3011, 73.25733546421606
835, 73.24161002935261
2253, 73.2354427958938
2363, 73.2227128989834
2886, 73.1994677598528
1313, 73.16578790166835
978, 73.15634831010439
1923, 73.13267166665783
1797, 73.13212337700627
1955, 73.09763491087206
2137, 73.04816647543532
1917, 73.04479097928034
1592, 73.04373522966839
2885, 73.00601136688556
2234, 72.97140043293129
950, 72.93255391931108
308, 72.93221014023129
1924, 72.92850983762499
348, 72.92593362515555
995, 72.91003035386169
1334, 72.88521206416324
1988, 72.87234780169135
1945, 72.86475044729629
587, 72.86140493978876
1338, 72.81358207988201
322, 72.78050080146366
310, 72.78050080146366
3023, 72.77620722081139
758, 72.75648510462356
359, 72.75050822994848
2368, 72.74851643284298
1337, 72.74750611406513
1609, 72.73324925698668
2729, 72.72692108631796
2371, 72.71388718545268
749, 72.69186620415638
921, 72.67511863770201
833, 72.63920414622491
1546, 72.61679511259915
610, 72.61421784066216
2182, 72.6133925984811
3449, 72.60941740378833
592, 72.59623215908374
2887, 72.57200230243194
2892, 72.54431975073075
625, 72.52911921669073
2848, 72.51262592603052
589, 72.50393085540674
1552, 72.49110936019132
652, 72.46081121424804
355, 72.44906372416403
2838, 72.44027481937846
1816, 72.42894914546206
1933, 72.38909584228816
622, 72.27592149061353
1545, 72.26284527065093
1812, 72.25286235515266
1901, 72.25172558819574
1987, 72.19707464566838
941, 72.18457471256279
2995, 72.1621601863708
874, 72.14893879486847
1802, 72.14731419449113
578, 72.14244617879605
2827, 72.13635667514633
2836, 72.10882525984908
1947, 72.05912959985193
2944, 72.05289420104963
991, 72.03690577119114
889, 72.03295735536928
1798, 71.98205158229041
630, 71.96254858302092
1602, 71.95884054247392
1845, 71.95400577213125
3218, 71.94995914984929
2001, 71.92804329845248
1000, 71.91487357889469
233, 71.90447836388275
1843, 71.8919134281674
1763, 71.83576632523841
2316, 71.81268301058014
343, 71.8122224974684
1290, 71.80951352532306
951, 71.73401114185852
1310, 71.68145346528476
1350, 71.66696130805222
909, 71.62976240125609
1379, 71.61060182633547
988, 71.60839714686053
362, 71.60055901035963
1844, 71.54935724251695
841, 71.5324647844826
1005, 71.51364471081625
2357, 71.49272419463162
2896, 71.47527761071393
617, 71.46302381632883
25, 71.43104542396894
1384, 71.38387825480952
1821, 71.28558101369578
802, 71.25451213753128
1547, 71.23950075110615
2855, 71.19644488706483
2945, 71.18403936433576
1775, 71.18252544365433
591, 71.15665117487112
1526, 71.15378969438864
1826, 71.15078464078842
1795, 71.14819392613903
1541, 71.14470432612731
2894, 71.13565828199661
341, 70.8983961925897
356, 70.82334449720271
2402, 70.7993062669539
794, 70.7836259024889
1762, 70.62985716309613
2890, 70.62286927350667
1842, 70.57484158409432
1012, 70.5562660689042
1347, 70.49797789391648
772, 70.48995751218796
2248, 70.46516336521272
2333, 70.45706936633263
2358, 70.41372296380821
1784, 70.38325148762708
1355, 70.33988916962784
1373, 70.33587402172016
1931, 70.2495555629151
1532, 70.14313252520193
1613, 70.11178045629161
939, 70.07493914456593
1542, 69.95962515658275
2935, 69.93988205238298
2364, 69.92612800064713
1764, 69.84126782365878
1616, 69.82092706232466
884, 69.79185686892839
629, 69.78250031252367
3036, 69.76020692567427
628, 69.72288260392324
1919, 69.71824749792378
2904, 69.70412699853499
2143, 69.63036704733865
3220, 69.559794301317
1768, 69.53941731174369
1781, 69.48383235313548
344, 69.4748398395522
1190, 69.38750665707036
1765, 69.36661785591347
1274, 69.35215269238333
793, 68.89612572000607
316, 68.42250576890537
901, 68.21018981900461
1287, 67.96655856668616
1564, 67.84931148242573
1267, 67.60106915803263
3219, 67.38688825778958
1364, 67.2841949158421
3216, 67.14441677629794
3223, 66.89542271477644
3221, 66.46184113277204
3222, 66.34037035742354
3217, 66.0634140345085
1358, 65.35321196088378
