406, 5158.717642057007
44, 4596.6311079304805
2106, 4576.095288232076
2736, 4546.660015260773
1033, 3917.9892700054197
379, 3753.804522780853
2795, 3650.163527556355
134, 3615.3367045400814
3133, 3584.7022618035867
2811, 3553.120593190119
165, 3414.5006181311805
1235, 3353.6122980365813
275, 3343.5228517128808
140, 3282.3166699850676
2981, 3197.3241290661445
3050, 3157.9363063018395
3163, 3156.7960415980056
389, 3154.371649918773
1439, 3103.411848295258
228, 3095.1973609826164
274, 3023.7152988193875
148, 3010.118899023706
1087, 2981.4150195873704
2810, 2978.8511678802843
1913, 2959.077627488554
298, 2945.7516392066036
3439, 2912.7321557093933
3101, 2898.2688328327863
2020, 2891.311937326653
3084, 2874.840478155342
381, 2841.2412460133282
3170, 2834.9938791279897
3079, 2804.0078617636427
3435, 2803.7263961984136
34, 2800.228072526432
141, 2796.771232205255
2741, 2767.429591394158
3413, 2759.2301189413124
3384, 2753.870729843338
1244, 2747.7649648239335
3192, 2747.088045756473
3071, 2745.7437623158808
3144, 2745.0833905329455
3143, 2730.0226019920824
3092, 2725.2366936542667
1877, 2711.813095351269
2751, 2687.603264086209
2808, 2669.4718154581124
294, 2667.8793186848466
2045, 2666.6908833522057
3293, 2650.9330722114537
2108, 2645.636481529317
1122, 2640.68126843145
3246, 2631.014172228031
2768, 2597.008152758824
447, 2584.8573929388676
3083, 2584.0450633623736
3294, 2579.9119992100755
2793, 2573.678120242505
473, 2568.129748393653
1853, 2561.779191984781
3432, 2542.0498986558255
3176, 2535.4599904889938
194, 2529.434739608073
372, 2525.5112159499176
1870, 2518.9002420577067
57, 2487.099679341194
468, 2477.5782460841397
427, 2472.186141364385
3287, 2463.3200556511897
3278, 2461.049529618658
3206, 2444.978191306829
3289, 2439.2481386494424
1874, 2430.889407593959
1910, 2430.191193450377
1105, 2411.7373651092335
3284, 2400.3216629648628
217, 2380.688206469404
3134, 2370.6413542027367
222, 2352.5071302340284
515, 2330.795293904185
3178, 2310.954676224759
198, 2310.3079182953666
2240, 2300.314409378158
3274, 2299.43601848792
2041, 2267.4311237437705
2723, 2265.8266189338533
56, 2265.230216082009
480, 2239.728144428594
3241, 2236.6886698826083
1875, 2225.233366932955
3312, 2219.3477403508596
408, 2219.2035363078453
3059, 2217.8240076837596
433, 2213.0332406301204
485, 2210.134144206735
2002, 2208.836922957833
2722, 2203.855307924971
191, 2203.4647714955545
2027, 2184.804992670984
3297, 2183.6437437580867
3147, 2181.3918776373475
2789, 2166.771234258628
470, 2158.6541228922647
479, 2154.117829510049
1993, 2136.8280544113186
3211, 2128.1931543216983
52, 2124.2713919569323
2391, 2120.0896268702813
2078, 2114.7038368127273
1893, 2113.323579552129
445, 2107.107445892672
611, 2104.8450195906653
1880, 2102.229902911566
3443, 2097.6750202966496
3186, 2089.643966874544
3305, 2080.7819943419045
3204, 2073.753503012052
280, 2070.766932244173
3151, 2069.2872828938366
281, 2061.372681544867
452, 2060.3042209307346
3380, 2050.2800250237055
288, 2046.2578899046039
3327, 2042.3119145710054
189, 2042.2487177340267
678, 2042.2275867231613
3336, 2038.149338494736
3213, 2031.3784178597627
495, 2029.670489956972
3209, 2025.9250149520167
3095, 2013.493028011229
3062, 2001.3437271857426
3194, 1996.6268086433997
2076, 1994.8656238390681
3259, 1993.7234098865792
1100, 1990.612808744218
3304, 1987.868620991677
816, 1987.5129189932738
42, 1985.8014721902218
563, 1980.7617439455478
3051, 1977.8722809203757
1002, 1976.9066682060031
2048, 1974.5268564612647
3354, 1972.486835469952
2824, 1971.8880612442806
455, 1968.0664692094879
266, 1966.2566894901943
562, 1937.9620735667017
895, 1937.5996770885313
2034, 1932.6691287259412
555, 1930.6032907168342
3093, 1914.2104291224075
650, 1906.9863472094537
2748, 1903.754849574257
580, 1897.2443115472615
670, 1896.7253616018234
415, 1894.975554076331
2008, 1893.4320566618835
1770, 1883.1590971544358
3199, 1880.4199383936925
881, 1877.752596599724
2951, 1876.2439644945714
654, 1872.3366560519994
613, 1864.6356816729478
150, 1856.7163420708382
3057, 1854.3116474257367
335, 1850.533850968842
3315, 1841.48741806199
203, 1836.1696894745355
2032, 1831.513738363275
173, 1825.6432269608904
1084, 1815.4414430082793
3440, 1814.0921393253736
1443, 1808.1250817099954
1914, 1808.0418807612987
2003, 1802.4954118100047
491, 1797.1171988189683
608, 1793.3991277539117
3098, 1792.3360231051959
2734, 1791.9725257329696
649, 1790.9529156858716
401, 1790.7638990512824
35, 1789.595412709118
1850, 1785.5322436960207
3276, 1782.8441568403894
1077, 1781.4681851988016
3292, 1773.1708585075162
2013, 1772.8053858557018
58, 1770.2816714909525
3039, 1770.1693878531978
496, 1767.8428805915541
2025, 1760.3135661402089
3197, 1755.8397697934765
3082, 1754.0343175349035
85, 1750.8042521531927
88, 1749.0618403954554
1238, 1740.936739655526
126, 1740.7205381441295
3208, 1731.2498734019
663, 1726.0970586250735
3283, 1725.907532328545
2759, 1716.974383968149
206, 1716.6632170739258
435, 1715.500440642177
3171, 1714.0311383833703
1121, 1710.1155471248603
655, 1710.101520314963
1868, 1703.399513806243
2749, 1702.3821588685373
147, 1702.3772537183436
2296, 1701.0232452136065
439, 1700.9933585621382
2744, 1700.2559113105322
2780, 1698.670333446282
513, 1688.1117545721029
643, 1683.709959289188
651, 1683.6481607838027
2104, 1683.0622305387194
2742, 1673.6246259321765
2666, 1673.6161149489938
48, 1669.2852781384847
3173, 1668.8455682793508
464, 1663.0780169908685
449, 1662.4737684780032
424, 1660.1881594473869
1675, 1660.1433873905555
2782, 1656.1484707326952
3244, 1649.2351063417047
300, 1648.0394016044154
460, 1647.977859488212
328, 1641.8874077940845
1871, 1637.7578279765073
451, 1634.5118697476512
1879, 1634.2042705277445
3159, 1627.4106765757465
1729, 1627.3089618203032
73, 1622.1835501319188
3185, 1617.219125748553
2622, 1616.7981420942342
3245, 1614.669719124297
1098, 1614.0292544202684
1231, 1612.2243157358964
2630, 1611.7934238556918
2816, 1611.525065292391
2393, 1611.5242934197693
748, 1608.6249844705985
84, 1608.3482622103375
2098, 1605.9587494463206
540, 1599.4330929307635
1249, 1598.569603695387
3433, 1596.2847999202354
607, 1592.5469612031818
3348, 1591.817967197817
193, 1588.9211940324076
2671, 1588.6170070048902
1894, 1588.3555133506159
3056, 1586.621695510227
302, 1582.8175728915778
3183, 1579.6765352104117
488, 1573.8881618739529
2863, 1571.260738235122
3281, 1568.8567641869752
634, 1568.4561840909519
2817, 1566.939524379615
1680, 1564.7401523305384
966, 1557.9207998608358
588, 1553.1630394352587
2083, 1550.1643869892546
2093, 1549.9971913927557
3314, 1548.266474017378
2029, 1545.3921330267083
1102, 1543.2171498104024
1024, 1539.1810930084873
3120, 1532.2444300317914
3386, 1530.661093133282
145, 1526.9932626374198
398, 1524.7304242077048
732, 1524.450879945754
1104, 1524.1774483982556
3248, 1523.6663327634612
3200, 1521.1426000044382
2688, 1513.897180335157
204, 1512.2149920147117
2767, 1512.1961624764574
1259, 1508.066186360638
733, 1506.5267974637616
1677, 1501.9231564645818
466, 1501.456470537258
1687, 1501.3138797331046
2109, 1500.068508525279
3123, 1495.7503172619686
3150, 1495.3881578653302
2773, 1494.8177758178158
130, 1492.654526428968
534, 1491.1205391059761
2988, 1488.4870948734922
2774, 1485.2765456979748
2651, 1483.9496567334093
906, 1480.6159356762776
913, 1478.162469896456
3110, 1475.615498424555
738, 1475.1696516740296
1111, 1474.8421549667044
219, 1474.7514073489363
2766, 1471.1786983250984
3184, 1470.7219658198755
1738, 1470.1259776576458
2820, 1469.8491924655737
3226, 1469.4010151586326
467, 1467.8848284094524
376, 1465.037973158089
2026, 1460.920956643516
1666, 1460.8129455971828
1971, 1460.3996488256146
1232, 1454.8270497438234
265, 1454.6696879257372
2812, 1454.0520125325968
676, 1453.660700621685
3243, 1450.9633032028855
2021, 1450.0617427715574
2513, 1445.7005424761117
365, 1444.9486922635174
2091, 1444.3807666804657
299, 1443.7575918078535
1434, 1442.9784581853282
1433, 1442.9784581853282
3190, 1442.803323633756
2101, 1442.6142703479727
331, 1440.4541026197182
2788, 1439.7451733425396
3182, 1436.6822338665863
2755, 1432.5165056396343
1029, 1430.8534291398737
412, 1430.8111386074283
1237, 1429.5187258561457
2721, 1425.874613542711
297, 1424.3775593286296
79, 1423.8259570140099
863, 1423.8110898881816
3264, 1421.8535355178885
1221, 1420.2479668609387
237, 1419.2294941773257
3187, 1417.8067127079767
1256, 1413.5541853891455
3105, 1411.4992592015942
3300, 1410.0276704742766
2454, 1407.2947200257684
2505, 1404.6885144533721
2757, 1403.4508633511025
518, 1402.0081004945177
291, 1400.9189384092533
2920, 1399.9057241113735
699, 1398.5232248094328
75, 1397.9845524897382
3285, 1397.3045522064076
2694, 1396.0726587183256
1725, 1395.140109457754
3239, 1391.2518652394397
1968, 1390.0209912957146
168, 1389.217773376353
3214, 1385.0713623178867
1742, 1382.925549991294
2343, 1382.6747965194995
2508, 1382.4057815703748
2784, 1380.8861679596919
3032, 1373.435545316888
392, 1373.032327162272
2442, 1372.9784268728797
2238, 1369.0680006711232
1627, 1368.428442565436
441, 1367.517227142561
2758, 1362.6543123179467
272, 1362.6118138231543
156, 1361.8737188591062
1858, 1360.5766962535606
3128, 1357.2239769484654
1243, 1357.1530586970948
475, 1352.712138335901
2491, 1352.2093989995885
3042, 1348.6355232665853
2583, 1344.0981313670388
862, 1340.0187560183128
546, 1339.9324969142908
471, 1336.2086446883554
2705, 1332.5736177938038
3090, 1332.3351535332745
1695, 1331.5406326843467
2558, 1327.3818295200979
2790, 1327.214045122828
583, 1322.5630512722141
3447, 1322.4098014292476
2786, 1320.32332655366
129, 1319.2116938494382
677, 1315.9682813586805
512, 1315.55474447772
2587, 1315.4070453611982
3146, 1315.4039655506906
2559, 1313.9050589972019
3255, 1312.7629366958563
1707, 1312.4850563309765
1587, 1311.2856556917661
2640, 1310.5608390716015
3444, 1310.260783898678
3424, 1309.2901391185226
3168, 1301.0484226369986
3434, 1297.072907412109
861, 1295.8109405693413
1912, 1293.96403241661
3129, 1292.4976361507927
2948, 1291.223421937705
3063, 1288.458587845343
2566, 1287.434514490848
143, 1286.9621569855428
859, 1286.1030384213548
2776, 1286.0009989961538
3149, 1285.0566301249173
2404, 1281.8758138723247
2004, 1281.1287921407327
3290, 1278.4193416769172
142, 1275.682491616489
3212, 1273.102501337107
1892, 1270.0958735906356
1997, 1268.925031274953
679, 1267.4126375435342
3065, 1266.4393518292022
3318, 1266.4294664355227
380, 1266.0330200288547
3298, 1265.8026757829155
2823, 1265.2992506657547
2103, 1263.8569207828905
2917, 1262.5929695830869
838, 1262.1168591592343
483, 1261.7287239222526
2075, 1261.228036696137
2011, 1260.0638324953977
1722, 1259.8448785329165
2514, 1256.6185631884086
3225, 1256.5657486120022
734, 1255.0626924666808
680, 1254.7936476447587
1869, 1254.7128056840595
3352, 1254.0834022032327
3415, 1253.7741166177327
3404, 1251.0879506388007
3445, 1250.7676838497016
3324, 1249.8053780708574
2272, 1249.6965981212181
2353, 1248.1530859559346
37, 1246.3428643147379
3172, 1244.8654257663775
478, 1243.2083819221493
250, 1238.7444182999893
957, 1237.2321116032542
425, 1235.8168616584824
2781, 1235.1480556450824
278, 1234.411921876993
2017, 1232.7966830366513
1058, 1231.1027701095668
440, 1230.6930273689907
74, 1230.3273643072303
3040, 1230.126402640832
276, 1229.048287381888
3010, 1228.2371624789148
2288, 1227.9496127549173
731, 1226.6870965603418
685, 1225.7599020269824
2677, 1225.3092855639136
1644, 1225.2802966690235
2039, 1224.0192068247445
3299, 1222.1957357272727
1859, 1221.8866426689976
3203, 1221.6548885214797
2549, 1221.2260209596511
1756, 1221.2042547438393
2263, 1220.7171925439602
2016, 1214.8493933251775
47, 1214.1903145518054
2059, 1214.0890681559488
885, 1213.3017473068137
152, 1212.6982791446762
2814, 1209.6038211449923
2987, 1209.5875054909184
2389, 1205.3481104929058
1159, 1202.0949160848106
3174, 1198.915742637232
1732, 1198.8683995171434
2696, 1198.391468694473
303, 1194.1461622254935
3130, 1193.988502941413
561, 1188.8959314884457
3189, 1185.8903163185419
3210, 1181.5443561564023
82, 1180.9447884341334
1720, 1176.8251025229827
1076, 1175.9378810745063
282, 1173.165448327799
395, 1173.1546104287122
551, 1171.8639691602648
2562, 1171.22768388296
208, 1169.507185761759
2802, 1168.5506824610268
2553, 1167.5408343912243
409, 1165.2915437449449
2686, 1163.366935704979
2224, 1162.3735274097733
1686, 1161.121949948202
54, 1160.942876964449
3175, 1157.4835334026932
2607, 1156.9629458576655
2690, 1156.803303299839
1258, 1154.1968064946673
3279, 1150.6553583450698
2825, 1149.9502771795153
1381, 1149.4760519309036
2620, 1148.1607318509177
3080, 1147.776170008801
1980, 1146.1544690732765
2657, 1146.1320462386816
2645, 1145.6480196485386
3202, 1144.94338705286
2710, 1144.3613662560856
3350, 1144.0134142577008
626, 1143.911441914479
2772, 1143.8196493479613
1106, 1143.5597279918309
411, 1143.0626619578206
965, 1142.9467044249282
329, 1138.4147545058875
1851, 1138.1275899952777
1718, 1136.8637566413101
3066, 1133.106194200409
3205, 1132.9134192405631
199, 1132.2340763459683
1995, 1131.3544710343865
2524, 1131.2442995607325
385, 1130.5490433915788
2390, 1130.4248732028343
2483, 1130.1532564327028
2507, 1130.0695277375282
1698, 1125.0726613544675
1090, 1124.6106258273574
2086, 1123.6514524755519
1739, 1122.7375386794101
1233, 1121.6553640595696
410, 1121.2181393097296
1626, 1119.7370637992035
330, 1119.5226539074797
2102, 1119.2895705366916
332, 1119.2833638541551
1975, 1117.427657894154
2546, 1116.3313292869648
3169, 1114.7222920471106
2018, 1111.1791924757576
399, 1110.4738121802573
428, 1109.0291059698336
852, 1108.6651646153107
220, 1106.0861677640903
2536, 1106.0199179089245
2203, 1104.8964287531048
2779, 1104.0995672091124
2300, 1102.864381516393
757, 1100.366155365016
2807, 1098.6183922926923
3041, 1097.9715097431215
1517, 1097.9474392019645
51, 1097.0310256555947
2088, 1095.1242761727501
2070, 1095.0795652840554
3207, 1094.7434294660409
1215, 1093.9466509046329
3167, 1092.4662090001054
1682, 1092.2037799546372
2964, 1091.7882170902124
1459, 1090.7241051094738
1432, 1086.6071556012246
2111, 1084.5849996441518
2096, 1084.5849996441518
3379, 1082.4318528860608
1685, 1082.198268099615
453, 1081.783411209172
2963, 1080.4815666303086
2050, 1079.334242326163
2756, 1079.084528322234
3347, 1078.562663323444
216, 1078.0748871524493
1854, 1076.5331377574673
3389, 1076.4266700575508
1625, 1075.97624007805
681, 1075.1841297506203
1991, 1073.7977292968696
773, 1073.1291173705658
2574, 1073.1275737465855
1646, 1072.9986261021268
87, 1072.5620168624805
333, 1071.9124252283355
1032, 1069.3969749144337
1690, 1067.5532113219856
2764, 1067.1289469690576
214, 1066.811476605934
175, 1066.8031926860263
864, 1064.8274211302871
509, 1064.3688110379546
548, 1059.3704768232603
2006, 1056.2501513728362
2989, 1054.2251307402905
3162, 1052.6093038513338
3020, 1051.6880986952776
1703, 1049.0270934244031
77, 1048.437908064116
1643, 1046.2551691651686
2785, 1045.7316608374688
1747, 1045.060589412671
1140, 1041.451001941933
1963, 1040.4558908491192
1611, 1040.1697453828813
2737, 1039.9467237570575
378, 1038.9330834740863
437, 1038.833791156179
3275, 1038.3682019881164
1205, 1036.2661619914156
642, 1034.7521257438527
494, 1034.0103768408208
3111, 1033.7421757868847
1641, 1031.604475934137
386, 1031.3354659764086
3142, 1030.8536539380648
2965, 1030.6156482558822
669, 1029.087200334493
1669, 1028.4523062302692
334, 1027.9986793768244
2703, 1026.641210209615
2473, 1025.7532454238203
400, 1024.2609005561555
1758, 1023.3562060124523
1848, 1023.2258196781156
1026, 1022.8260688047159
1873, 1021.9189548321752
19, 1020.7569128095705
456, 1020.2646552720216
1891, 1018.5607759838368
1714, 1018.4026889065126
956, 1017.6888482940577
2015, 1016.6737703574842
3409, 1015.9723727563014
2864, 1015.8495666200733
293, 1015.6916333179535
1970, 1012.132838081589
295, 1010.2275737342366
1647, 1009.9562922773623
1028, 1009.746770200023
832, 1009.1885915071788
1733, 1008.5051800605509
2610, 1007.5254980261125
1740, 1005.6764437253452
2024, 1004.7140151084587
2030, 1003.671056118187
1731, 1003.2054435375667
2291, 1002.4555368094209
2791, 1002.034757300151
3316, 1001.2926940893358
1746, 1000.7345052065905
2274, 999.1206732318202
2653, 998.5992833019757
1466, 998.1648710672291
1708, 998.08153857545
1533, 995.97405121692
1715, 995.0538067366024
3099, 993.5383676446789
213, 992.6847120962445
2571, 992.6635728504893
501, 992.0321905986818
21, 991.1360215168266
1071, 990.7962095510829
1717, 989.3824556739653
3302, 988.2839977052504
2561, 988.1036587348079
3191, 986.5088246085065
1461, 986.1260340995584
2055, 985.4114341261126
3306, 985.1581886160023
914, 984.8404714133852
180, 983.9970659777293
2497, 983.3699612066506
1252, 983.238350533355
3403, 982.9326126796022
136, 981.6059874034893
1701, 980.6278435918757
482, 979.821782968354
3097, 976.5782846313768
3401, 975.5128928025629
2740, 974.744232015793
1642, 974.3782870912848
1721, 974.0053864399398
158, 972.1787499798138
1726, 970.8930657500898
3265, 970.823956868637
3054, 970.1181856009948
2738, 969.2523392179388
202, 968.309188950917
1072, 967.8279021046814
1185, 965.0360835787611
2746, 964.1930202410913
1075, 963.6290402201481
647, 962.5864256594492
2394, 960.8844084413839
1228, 960.5457449135274
557, 959.8259585176703
284, 958.9782332948332
3341, 958.8891308142338
2280, 956.2777448639655
3069, 955.8822561925493
1994, 955.4943953132877
1172, 954.513288382214
3112, 953.9113807043512
20, 953.7947581238597
2022, 952.9740222115158
2053, 951.2731315287709
1712, 949.0758979117376
1966, 948.9806718761895
1964, 947.181409452071
2745, 944.3376962359539
458, 943.5815260210671
200, 942.7891129975363
2959, 940.2847458291903
2650, 940.0250189982464
396, 937.4121156636586
539, 935.0996813353371
2572, 935.0653182232494
3107, 933.2733863273038
2735, 931.9845592849522
2777, 931.5802598030073
1583, 930.9083913652967
2314, 928.9099786805675
3323, 928.8007300341989
3426, 926.8547870007895
1234, 925.6485588906828
1463, 924.333577530983
3295, 924.206852458436
2568, 924.0308626716261
1604, 923.5342640485171
3201, 923.5004340840645
2307, 921.7524695737601
254, 921.5341663218026
3114, 919.8968753829137
444, 919.4740406077965
3388, 918.6613172319034
1110, 918.6035966995103
1515, 916.7130431659024
407, 916.2777660030102
287, 915.9545883138286
170, 915.5595454144202
2668, 915.3897236588903
137, 915.2574622383302
207, 914.9375524808247
2527, 913.6900947298253
2681, 912.9280338474318
1047, 912.8652111276527
1082, 912.3803276881214
221, 911.7734682671859
1239, 911.6010282225036
2265, 911.1160606625804
3135, 910.4249169722732
1752, 910.2612622029839
2624, 910.2309382041163
2621, 909.6015735737094
326, 906.5433157354421
404, 905.8397445852963
3383, 905.6825963553637
3442, 905.2945597224935
2520, 903.8586728362901
1755, 902.3357367140787
50, 901.4611941982776
1585, 901.2602899301002
1086, 899.0216464859218
3385, 898.1985244452909
3288, 897.8987683266799
3437, 896.7983750426881
2244, 894.2427132876725
457, 894.2026184290885
2649, 894.2013968577681
1630, 894.0979247883099
2338, 893.735371405613
3247, 893.3524062000798
2720, 893.2470704475364
3118, 893.2392657944629
1040, 893.1914592437402
123, 892.3561896946418
2986, 890.4945878346211
554, 889.4520431159932
2258, 887.6338694976421
1448, 886.1921916780806
2419, 883.1653147205111
2683, 881.8053316297744
2294, 880.5349712590819
860, 879.6939363654162
1057, 879.3810400445275
1692, 878.6399598012977
1173, 877.9972153618172
3136, 876.99175741163
218, 876.7727123135242
3046, 874.4214899099117
2099, 874.4003863770878
1126, 874.1968834169287
3148, 873.3413460338597
1162, 872.9569126774991
1230, 872.5176362482428
2563, 872.2158920457193
127, 870.4822448437266
1502, 869.7495293375919
1705, 869.6897994130215
1771, 869.539906591125
2608, 868.7014794124474
2019, 868.4636520985542
3362, 867.5635967960256
2354, 867.3211985778821
2525, 866.7502878841757
2635, 864.1456917635923
1710, 863.4280369603428
3055, 862.4051684486468
1513, 862.377026051429
2601, 862.1138324073116
296, 860.3587325053326
2286, 855.9584520472873
2712, 855.6521962409249
1456, 854.1781100637752
1941, 853.5332828126399
508, 852.6713856413741
3070, 850.611131740794
2641, 850.537037349389
3311, 849.6087063175213
1584, 848.4927023719554
2306, 847.3960364207039
225, 847.3516838029581
2485, 846.353151644468
1744, 846.0683513574655
1659, 845.5891269241613
1063, 845.0717369394997
146, 843.8930863960145
503, 843.6267621186577
2385, 843.0799756081875
2792, 842.6735335605205
2652, 842.6715921957975
289, 842.523390435663
40, 841.6143176828681
3077, 840.5058808570201
2726, 839.6387352501259
2033, 839.6192427805286
1142, 839.4484188655597
1171, 838.469983683378
1624, 837.913052281818
1631, 837.279459106546
368, 837.019316525096
211, 836.8210127440748
1633, 836.648608925293
3179, 836.5415426523527
1735, 836.3972345177407
429, 836.3225372661802
71, 836.3161874139881
169, 836.2972161532974
402, 835.6102111739898
2218, 835.3762583125754
1260, 834.7460749962428
432, 833.0712009487902
39, 832.8146512811692
188, 832.7384803863608
2298, 832.7172165172336
2308, 832.703413444237
3155, 832.5960772021785
2257, 832.1972474022668
1911, 829.402284148494
2580, 829.3952816228012
98, 828.3226233079831
1581, 827.7150727557549
2381, 827.4431625450659
263, 827.0031578245348
1603, 826.1882166181172
1748, 826.1709731435517
159, 824.1658829872455
671, 823.3288744198632
3303, 822.4542467991256
388, 820.679310176012
3108, 820.4979054266129
153, 820.1686992316666
1119, 819.0627755856711
1204, 818.2247606591101
45, 814.7827832468438
1684, 814.7441855738304
1657, 813.3899544821369
505, 811.7240418714547
2379, 811.6596025749262
1967, 811.4111478697478
1670, 810.2887420662645
2397, 809.1061529304556
2071, 808.9120756114869
41, 808.7594534640044
3072, 808.2026332290556
3254, 807.428429672275
544, 806.6231178426258
3382, 805.5106084822945
2305, 805.1879400230838
3419, 804.5492713785126
3181, 804.1913578289582
2152, 804.0841093902823
3089, 803.6462386075425
2287, 803.3794497253003
481, 803.0168498556294
1716, 802.809945712524
1676, 800.6559071388092
2597, 799.1922780946059
2646, 796.9168004075634
2611, 795.8897691116833
1628, 795.7900832348554
2656, 795.3469727431022
1730, 795.0281887734159
124, 794.8588798284161
1668, 792.307621979562
373, 790.270976243531
1743, 788.5602647539027
1645, 788.1642503488309
3049, 787.9460054345401
535, 787.3087692025285
1672, 787.2399614025534
1450, 787.2368352681026
454, 787.2173840385287
1027, 786.6404009094055
174, 786.4153761834394
1700, 784.0800324423084
3317, 783.6058757275156
3094, 783.584270328962
2278, 783.3680456003871
1736, 783.3633322495895
1699, 783.2589768969852
149, 781.3673649157953
46, 781.3042803755613
2105, 779.2523528549459
2783, 779.2341314109748
3005, 779.2257601515557
2451, 777.5500944625912
736, 775.52244679224
227, 774.789714183255
1724, 774.7198839568263
3408, 774.5027186967859
2456, 774.3592497749164
3370, 774.2576051675258
532, 773.559331570834
448, 772.7718399266236
3277, 771.5372515026626
2424, 770.5046015353022
2486, 770.3040785187467
1741, 770.1156522674203
336, 768.2935732821625
521, 767.7255467587697
1610, 767.530308324737
132, 767.1474057242999
1114, 766.2931714803168
1651, 765.5458825834285
195, 765.2535886546169
2533, 762.3155230925665
2493, 761.9968984758344
2697, 761.9418581957265
1132, 761.221521106661
2961, 760.8939417065603
2548, 759.8790906069432
3058, 759.5766377904214
1117, 759.5339737959034
1247, 759.4247767945749
2348, 759.3582205267038
497, 758.108854214428
1728, 757.8949298654366
1671, 757.2341229714364
36, 756.6368926677983
43, 756.4832836336743
3331, 753.7594088953027
2261, 752.7549171368565
2449, 752.1295826977075
2100, 749.3646138467429
262, 748.7688986421485
157, 746.5345581278128
3381, 746.4145115734689
1745, 745.7247193947145
3353, 745.0145501912673
119, 744.6676616012259
2968, 743.343555227709
474, 743.0927977576436
820, 741.4237595559766
443, 740.6514544041113
252, 738.3196500439407
3227, 738.304025835046
1161, 737.6880002244749
2302, 736.9570098477174
1060, 736.6439113634017
1649, 736.0541938383991
1089, 735.0252431009951
1030, 734.6098996345885
2763, 733.7778636235645
2592, 733.5790065322103
1865, 730.5266307339815
582, 729.9829207036521
1184, 729.4854205065299
1590, 729.397104968695
2466, 729.32484574819
3007, 728.3881598181695
1706, 728.3588180806188
430, 728.0724087719017
80, 727.5887612914838
556, 727.1268981272198
1177, 726.7360643258795
1650, 725.516830398583
1754, 725.2539892951272
2528, 723.6639649403822
3064, 723.0561190437684
161, 722.5961991107636
1066, 720.3606283476072
1074, 720.0424866697226
2056, 719.8732040410665
1704, 719.7095526297876
514, 719.5589910316415
251, 718.9403110096889
212, 718.7565081752132
3340, 718.388257715918
2293, 718.2971359718641
1248, 717.154235484058
530, 716.9701713941186
1094, 716.8444513051091
2818, 716.5132722152338
1516, 715.1890462322635
1218, 715.0554937784062
1679, 714.8067161554698
2289, 712.3197981315512
3407, 711.873712822229
1437, 711.6187927965682
1444, 711.418977238107
1727, 711.1767096312605
2969, 710.6015276087242
3166, 709.6183968148988
2754, 709.5295470065226
2212, 709.4907453741436
1442, 705.6870687969821
1143, 704.8172080788584
1648, 703.7677349704597
2069, 700.7534122670506
2277, 700.6964190130353
2980, 700.1072186480224
2543, 698.6729166826213
171, 697.527961758342
2575, 697.3834295614333
469, 696.9639019601738
2217, 696.1833346506761
2068, 696.1017279502842
1734, 695.46658313375
2398, 694.7156253549698
3436, 694.6913505303193
504, 694.3141436492955
1035, 693.7507648295758
1219, 693.425437838211
1973, 692.1008326949548
1637, 691.6174976227151
181, 691.5021620241288
2267, 690.3117523487751
2973, 688.9137310730637
1665, 688.4239218264967
2382, 687.6996733832787
138, 686.8785193691358
1166, 685.4456253183034
3405, 684.606821263899
53, 684.4449273535841
1811, 684.1947829190332
414, 684.0924404524711
2340, 683.9390134219525
1639, 683.6542900078302
2604, 683.3188006881435
3006, 682.7345281759281
2285, 681.7562622522736
1091, 681.5297128367981
405, 681.4541349219251
1689, 681.3144511884208
2475, 681.3091067876444
1691, 681.2589765585064
2990, 680.7234254157545
1531, 679.9229277843011
2416, 679.7527777874548
2693, 678.6189890706652
912, 678.3129794006012
3119, 677.8162973392876
446, 677.1589004251101
462, 677.1331338449156
2809, 676.7505826871917
2383, 676.0741651126542
2110, 675.3305464015592
1681, 674.6596604887865
196, 673.9035338332989
3195, 671.319428750624
2259, 671.2442113636516
2778, 671.2309520884562
550, 671.2114034905338
2962, 671.1051848173702
2283, 667.3277614092759
1629, 667.2734537818249
2658, 666.6482746460008
164, 666.191022845961
3258, 665.5614538906362
1697, 665.5238694469351
2655, 665.3126993892381
3423, 664.3935102408427
737, 664.1474689823068
2312, 664.0275810381278
1128, 663.7583480009895
1187, 663.6310573780313
487, 663.1986762733045
2453, 663.0089739989821
151, 662.4802373457591
2388, 661.4641243779405
3416, 661.3879132025113
163, 661.3288430910011
3378, 661.186380617307
1445, 660.9991420214423
2301, 660.8628124658296
2673, 660.6966066086904
3373, 659.4986220741652
2415, 659.1970249904368
1876, 657.5145164975479
1521, 656.1262213435759
1452, 656.0217299412935
255, 655.1734812169415
2979, 654.9598386891935
1759, 654.9192467969157
1702, 654.795193733079
2087, 654.6292733183291
2210, 654.4216783503814
423, 653.3128755201207
2803, 652.9535818649096
337, 652.7568865396215
537, 651.820852670052
2958, 650.6306751392506
531, 650.5439095319408
2623, 650.4719113042543
2461, 649.9616942243978
3369, 649.7072837225578
1751, 649.5243946003538
2612, 648.4344322237279
1241, 647.7073232969575
1113, 647.2236558383705
176, 646.8227661723311
394, 646.7397647499712
264, 645.6649035730275
1749, 645.1933438489318
3232, 644.5535776460496
2605, 643.8392514230603
3196, 643.5235505208216
2204, 643.2194109425865
3313, 641.7755766106587
2616, 641.1602957803154
3296, 640.8974135537635
2339, 640.2242030461119
100, 639.7892738770176
2297, 639.4467560176711
3106, 639.3765027998365
619, 639.3656787835023
1429, 639.0941687527135
128, 637.7927268295164
155, 637.6121137468018
2713, 637.5560181512994
1849, 637.3344133956588
2853, 637.2556111374697
1200, 636.8666039261212
2679, 636.4330133193823
2648, 634.6074504390685
3073, 634.5291398823548
472, 634.319795462813
2310, 633.1625358698172
2484, 632.5772168589375
2821, 632.1315931319464
2309, 631.297776058637
55, 631.064372116108
542, 631.0525794330258
15, 630.7312251468234
1978, 630.0875393766512
2352, 629.6805345813148
139, 628.6809170041855
2179, 628.1070317673212
283, 628.0540794419129
3286, 626.9270144362531
3061, 625.4783589838763
3429, 625.0912392078952
2589, 624.3360750353813
2239, 622.5546408647247
3086, 622.2305590429764
3160, 620.9736953801114
3231, 620.805351293513
2966, 620.6117621047111
1085, 619.2709216736437
2282, 618.600037848164
1674, 618.5752991511148
1636, 618.4590994418236
2531, 617.2321046024747
502, 615.6242321849809
2918, 615.1239972509547
547, 615.0751295530982
2235, 614.6971771555507
2564, 614.5095669982127
3371, 613.3926881877519
3291, 612.504434668036
1607, 612.114006834146
1236, 611.8964498050882
1635, 610.7228281460741
2626, 610.081131168247
2407, 609.577554061518
78, 609.443431715893
1129, 608.9046319577664
1115, 608.6473495712675
3091, 608.6383942847303
2260, 608.1030893419096
3262, 607.3642804059314
154, 606.7322622226321
2498, 606.5322074814154
2687, 605.8312495877622
3402, 605.2489932273521
2185, 605.1820268972278
1245, 604.5039548745289
2753, 603.9652219765303
2167, 603.7426171987787
2009, 603.7029905082668
1872, 603.3511473510387
3339, 603.0226951101944
2252, 602.8197930447292
450, 601.837114674694
2586, 601.8359583239671
1169, 601.7967836259235
3113, 601.5973674769494
76, 601.5746499405228
2819, 601.1876661597452
197, 600.7437395949744
3048, 600.5153354421699
1753, 600.2694863556395
3280, 599.3339114248076
1696, 599.3335355721213
1299, 597.5124780679477
1045, 597.1396233110216
1979, 596.2244039113078
3261, 595.7004537413906
1530, 595.6202677493202
38, 595.3394795683284
1203, 594.3319268639477
2695, 593.9824503546025
1031, 593.810722096928
2380, 593.8021028181956
1750, 593.6724784333846
2496, 593.4684633880677
2822, 593.1310443139819
1737, 592.0077857107926
2094, 591.4772405749194
476, 591.216262191205
382, 590.0757355550519
2538, 589.2314964529284
1145, 588.5971962555217
3193, 588.3986402798912
2704, 588.3686741790742
2455, 588.0456560359966
2462, 587.9963050657252
2519, 587.980497657911
2869, 587.6904526183663
2490, 587.0760680148703
3021, 586.8059851244539
2279, 586.5937808773512
2606, 586.509831333852
1083, 585.1181468261391
383, 584.5837030431308
3153, 583.4015083828345
2707, 583.2667315213537
2464, 582.4637832118103
377, 582.3030042507353
1852, 581.9597623120268
2337, 581.8301979621829
2292, 581.3168717584198
2654, 581.0380342113214
2492, 580.6301921201604
2692, 580.5361725648232
2386, 580.3485676752894
1464, 580.3474797261176
3418, 580.1510902123523
3334, 579.7296321639978
2862, 579.2039456153678
2629, 579.196429351452
1183, 578.9325194973477
2675, 578.7031160551173
3125, 578.5947180757023
2511, 577.9920834644055
2226, 577.5739662376221
1856, 577.0834072910778
1124, 576.7368697644549
1025, 576.3517925737114
1462, 576.2186075710209
2139, 575.7598008319146
2315, 575.7325574332274
375, 575.6855205788096
1960, 575.6507074325259
2534, 575.4696968995673
538, 574.5736694733279
1193, 573.5581820917042
1652, 573.5334279810938
3251, 572.7422398089316
2570, 572.5919413701137
2715, 572.127033681406
1557, 571.7619769281598
2700, 571.5824069241578
2299, 571.0489605041704
2184, 570.7225143810983
3344, 570.6265114551875
1081, 570.4978134591954
3180, 570.2406108542272
186, 569.8756400124518
2522, 569.6436395940531
2765, 568.1555274318888
1857, 568.1221168157696
1263, 567.8113685951275
1179, 567.1631183214645
1041, 567.0910899387756
16, 565.9296994684222
2271, 565.5643786400028
3028, 565.2684614414536
2733, 564.9220416948958
426, 564.309469358863
2264, 563.514572568755
1042, 563.305558923062
552, 563.0181185287796
549, 562.9059639833392
543, 562.3201382960827
1449, 561.5914592549445
1212, 561.5698310107891
279, 561.3854835367936
3425, 560.437353400839
2798, 560.3505139818918
2417, 559.2733910952057
3047, 558.7847215923605
2985, 558.1387867243405
3329, 558.1124885279609
201, 557.7858546527629
2581, 554.354050786461
2813, 554.1059378855922
2603, 553.7888279680143
2249, 552.9333861244357
1174, 552.7038817748144
463, 552.6707366448414
2727, 551.5294310145937
2345, 551.3263791014741
2177, 551.2830363889984
3078, 550.7553763440843
1043, 550.4448390894413
1214, 549.3643865375269
397, 548.560492255673
2506, 548.4465639124664
1589, 548.257417003181
3260, 547.7207837796411
2509, 547.4760487268529
3165, 546.9534285607543
506, 546.6497476442652
2346, 546.533377069828
1867, 546.5180894998666
2349, 546.3401288115226
2276, 545.8458854458992
2747, 545.7894252117165
2975, 545.5041760509079
2974, 545.5041760509079
2717, 545.5038466645356
2919, 545.2608075172365
3421, 545.2290425933826
3361, 544.905212563144
3410, 544.8145465848174
162, 542.8881151408457
536, 542.325755997223
3139, 542.0045813041104
1608, 541.9112631832254
1253, 541.8062850981547
2600, 541.6568519086707
210, 541.3983346158116
2499, 541.114051990359
2341, 540.6121124573791
1088, 540.3654673399822
2488, 540.2776232808155
1683, 540.1514289618734
2978, 539.4172689136847
1202, 539.2862554358178
2342, 539.2273832487887
3364, 537.6850085397825
2760, 537.4658189923068
3132, 537.0702017255455
1586, 537.0496070948931
178, 536.159043124799
523, 534.1201545102965
2662, 534.112399895957
3003, 532.6516180060736
3395, 530.9631100707867
1662, 530.8705443624226
2665, 530.5174908142292
1655, 530.3883404518314
2495, 530.1929526423527
2044, 529.9904716033159
1855, 529.6583356789381
3100, 529.0578379553732
172, 528.8520858732812
83, 528.8300267576939
3393, 528.7681643372513
3333, 528.3070994026381
2313, 527.7765698053397
3019, 527.4129371433337
1559, 527.0842682329718
2797, 525.4588827418783
2769, 525.0481710867762
2460, 524.721620859172
1761, 524.7177057282556
2632, 524.6135420043137
1101, 524.0519360153104
2638, 523.2347130415131
3332, 523.1757864153345
1465, 522.5567169343664
1760, 522.1328803803676
2752, 521.3176545747431
851, 521.0516477223294
2452, 520.9428807146737
1229, 520.9402046268357
1301, 520.0992636319677
2269, 519.9226130658639
2080, 519.511065193409
2079, 519.0412044376319
1688, 518.6084811700123
2303, 518.5788605157838
1099, 517.9791770780799
3198, 517.8675537376146
131, 517.4377390077175
3372, 516.6708129608544
2396, 516.053094733032
2, 515.9216989500347
1961, 515.5048028869344
1974, 515.3717250194993
2037, 515.3298085876506
431, 514.8734638408152
1226, 514.8646568206807
2392, 514.2982537423279
2479, 513.6493481548482
1144, 512.9096766240984
1096, 512.1776323261231
2714, 512.0719225240422
2730, 510.07687317656354
3131, 510.0469778604043
3396, 509.96801401407527
1095, 509.9204367214318
2284, 509.80402374051977
215, 509.77652198313154
2743, 509.54846863091103
2440, 509.18077875665307
3301, 507.48516533758396
2644, 506.8046292587192
1069, 505.9072217964194
2401, 504.3912800203716
1660, 504.21136432099115
1112, 502.78398206599144
1678, 501.9075848744002
413, 501.1722580835889
3441, 500.3215516041366
1447, 500.00808064734815
1600, 499.5964106554376
2970, 498.82119822095376
2960, 497.03307474678553
3342, 496.6173447504318
61, 495.9771348898222
1125, 495.9157359125186
2266, 495.8820384755794
3266, 494.75598961352466
2014, 493.88274127894806
2530, 493.7945343712618
1451, 493.7162919246514
1866, 492.4938270330706
2698, 492.18271374570384
3420, 492.0886099777834
2092, 490.4219912728503
91, 489.7349643763678
2387, 489.2525180336102
2535, 488.9630209000057
1773, 488.1907798870503
2565, 487.01315413129413
2223, 486.57463037961827
2794, 485.92270165494364
1847, 485.5121517961073
1070, 485.15685797912687
1148, 484.5407921658583
3375, 483.3017319644116
125, 482.73478374775675
2477, 482.3069037601896
2591, 482.07299773020145
1067, 481.17075077646814
2444, 480.66164324303753
3115, 480.18737522173683
1130, 479.6911647662376
2625, 479.4566544985771
3367, 479.2916549754482
1217, 479.24291730274456
1139, 478.83235065872617
2670, 477.8838862265481
1664, 477.19010676500704
3357, 475.72639469046516
2537, 475.3758833006799
1254, 474.9936897895237
1436, 474.91783462001456
2413, 474.79864649129127
2684, 472.6140052021305
2421, 471.8804109502925
1147, 471.85201617235896
2412, 471.65025650047716
2408, 471.4783326688182
2061, 471.4004188366548
3414, 471.1835348023803
2664, 470.9913323925635
499, 469.99090024792577
2290, 469.8824386822264
1438, 469.54582830209796
3117, 469.3657906057837
2983, 468.80659945743247
3141, 468.4895851803789
2598, 468.0896787734705
3351, 466.686647480337
3366, 466.2272840014479
1596, 466.0695672691779
1059, 465.98005822260814
545, 464.4628640889728
135, 464.423687392811
2409, 464.3751441300341
3154, 463.6471127906818
2667, 463.5182956959311
261, 462.6895465657738
177, 462.2495499085515
1199, 462.1263483523498
1257, 462.02334159098035
1667, 460.95579095666056
2699, 460.54352735422304
2065, 459.94859935977695
1141, 459.75252851183177
1446, 457.760342782579
2660, 457.6671256071551
209, 457.3633844079692
3008, 456.8443400435058
2472, 456.77027811059963
2304, 456.3860828724347
1881, 455.6032861590746
2659, 455.5945963965126
2815, 455.3994950008197
2631, 454.5041790216899
62, 454.46294588093974
2661, 453.50732313582466
2976, 453.4940183228163
2771, 453.30198010978893
3158, 453.1514321860344
553, 453.07440014695334
2674, 452.47865257676
2457, 451.95710144184966
3399, 451.3204905311774
2469, 451.25899492035813
1262, 450.55988092053184
438, 450.0581378729815
2576, 449.0633943496061
2474, 448.6957882468067
3033, 448.6826346611768
2691, 448.48682140033407
2510, 448.43842824659185
2552, 448.43113397160306
1593, 447.5306174785477
2028, 447.4253576074817
1227, 447.33290067026957
66, 446.9691378267158
498, 446.77532945599916
1097, 446.68858077140106
1860, 446.5275155028223
3102, 446.05805670181593
1298, 446.0400420800774
2541, 445.8143396495984
1137, 445.70209573548357
2669, 445.587088738549
3335, 445.45420687960035
1242, 444.72967840352317
105, 444.7282596267886
3430, 443.7222072290856
1431, 443.70211235437796
2405, 443.6634256095164
2617, 443.5665580427469
3249, 443.3673346323627
3103, 443.0834566912201
89, 442.8759082207781
1116, 442.7901480025112
1430, 442.77121360630423
2716, 442.3089054760132
2609, 442.2091353890441
2502, 442.1296029534286
2501, 442.1296029534286
2634, 440.52752230372016
533, 440.19834683163094
2494, 440.06521315376756
2627, 439.05276422952437
3377, 438.65023693294694
2614, 438.5210264867285
1160, 438.47841615377695
3004, 438.46715302120555
92, 438.29929397763823
3081, 437.7369055228565
3398, 437.59505090722297
3253, 435.8023110084126
492, 434.9406294963468
2356, 434.7169667467121
2476, 434.4559159763816
1209, 434.42665196321434
2344, 433.74828749255306
2542, 433.6658728110356
369, 433.48815724780843
3322, 433.3945292251951
1213, 432.8975378953765
2800, 432.15321660564985
2521, 432.06171680203715
2702, 431.7853943425854
110, 431.7034776809288
2637, 431.21157465615835
2448, 431.1351806054323
2796, 431.07309658782503
1251, 431.016610603319
1435, 430.9883626990517
2504, 430.975709720268
1175, 430.75031610223596
3076, 430.3988418689924
3053, 430.210281480846
1109, 430.15794713903335
1154, 430.1097881831057
2311, 430.0589387454577
1188, 428.8197164106291
120, 428.2225329790946
2724, 428.1903062713057
2967, 428.14676333895454
1998, 427.9811244688388
3397, 427.40431346259277
2719, 426.8123140303037
99, 426.2303663336903
205, 425.531435319885
3157, 425.33563083839596
2956, 425.0478414121392
3156, 424.75922043372094
3263, 424.4803816542867
3152, 424.4403731526231
192, 424.05475102652935
1182, 423.56606164604676
3124, 423.5570712325611
3325, 423.54961427232683
2089, 423.32479231824584
1261, 423.28475581203037
3067, 422.420417238476
3052, 422.3821349998341
114, 422.1437144222806
1246, 421.98664948926705
3087, 421.63711068311306
1597, 421.6059557834555
3109, 421.3661685721243
2762, 421.2045217957478
338, 420.98559689205905
1300, 419.67438346145155
3074, 419.4508860312564
3390, 419.41537542842565
511, 419.31645901285503
133, 418.7381854129509
1149, 418.09853070904035
2007, 418.06436862942434
3104, 417.2401573589707
2977, 417.0706336745652
81, 416.68141635717643
1201, 416.60819631458236
2866, 416.3946054356378
3075, 416.00599387395704
3088, 415.7018490982694
1514, 415.67895492683573
2268, 415.61554939538655
2567, 415.4049520335417
1711, 415.3753464093462
3096, 415.17248309871366
1208, 415.08123288957705
2678, 415.0750828289484
3330, 414.63158822282
2761, 414.5059998652063
3338, 414.4160444418306
2770, 414.2790292713067
3394, 413.7983644586075
3116, 413.67344825683995
160, 413.41015665895696
1176, 413.2206407641021
2478, 413.0136948597591
1222, 412.65029778349117
3400, 412.6067065194071
2529, 412.1289356558239
541, 412.109248506294
1656, 411.98524617540494
1078, 411.41561570395424
2023, 411.40803077977324
2406, 411.30182778496066
2676, 411.2980840747526
17, 410.97074921224856
2459, 410.8899849768307
2585, 409.80596760252274
2706, 408.6567864552129
304, 408.24143333894733
2074, 408.2215681071765
1250, 408.15930003385637
3127, 407.4817135326532
522, 407.36115668033364
2619, 406.6369177155212
520, 406.50396267010024
1107, 406.2479711082388
190, 406.12749393117326
1197, 405.9791568343542
1181, 405.4576433539615
277, 405.09448677048175
2554, 405.0914731768193
2347, 404.93717285195123
2557, 404.93530105197885
3060, 404.53335791421176
2082, 404.2699975745089
1225, 404.25470321986893
106, 404.04575926630594
3138, 403.98966213944664
2411, 403.88157498543853
1195, 403.5312341982591
3328, 403.2764645475827
104, 402.4976392169224
1127, 402.052448184363
2633, 401.9604779554879
2663, 401.85912516404517
1441, 401.6460770187605
103, 401.42991981240783
3250, 400.9385136256358
3355, 400.7970786584604
2560, 400.4311260730707
1167, 400.3669688085275
2467, 399.9921551987271
1108, 399.75334063789205
1223, 399.52601650843917
3337, 399.004288409735
1196, 398.7995755984927
1560, 398.46148594927894
2544, 397.7456281036752
1136, 397.514882469541
3427, 397.46986871309446
2685, 397.4025682835159
2577, 397.1116530575771
113, 397.0170710657011
3137, 395.55932186353306
2628, 395.2209278323165
2595, 394.01091374935146
434, 393.41857832912996
2982, 393.38986317889595
2523, 392.8414180247512
102, 392.53109200894755
2482, 391.94719375249014
1206, 391.6748813715473
1224, 391.5974568598273
1713, 391.38139660151813
3406, 391.0925625166698
1460, 390.2163623152646
179, 389.8271541587665
1969, 389.8150177725203
1658, 389.0014676224875
2642, 388.62505249226615
1052, 388.3775520247349
2573, 387.97832124610704
2984, 387.7454479463003
2551, 387.6223026057435
3365, 386.76412000402723
1138, 386.3857775663893
2775, 386.3648086772762
3349, 386.325790215955
3358, 386.23916909488935
3126, 385.5989208046696
1123, 385.39146061863937
2680, 384.9433819408238
2689, 384.89800325954883
2378, 384.85879215443276
1133, 384.5438865183883
2443, 384.3805517715412
1155, 382.7854097648964
2799, 382.34775275325006
2545, 382.2241644933414
1131, 382.1599232291423
3140, 382.1018110185334
2909, 382.0040866309821
1120, 381.95228228004214
290, 381.9264512804213
1207, 381.8408307840539
2480, 380.9146243492944
2618, 380.37178594177925
14, 379.90804576903133
3122, 379.78447213448635
2273, 379.7656444789493
2588, 379.2284594456598
2481, 378.80391750223566
2701, 378.6355048979732
2613, 378.4739969334609
2787, 377.16695751803286
2445, 376.37803053955105
95, 376.25029888644667
2465, 376.21047366827537
2047, 375.5737343959625
3307, 375.4823173164218
3326, 375.4507933020204
2447, 375.3065400905235
2550, 374.8584397636831
1965, 374.10445815174387
2414, 373.8616984552981
1428, 373.4092146177048
1240, 373.40084451809696
121, 373.128482139551
2602, 373.0314696876966
267, 372.50857076283756
2399, 372.2534622442994
90, 371.93572278420686
1477, 371.78213687585423
2458, 371.758068527852
3368, 371.3123826300195
3345, 371.21325845038405
1163, 371.1251575651795
2384, 371.10729685040656
1996, 370.90951623250226
2643, 370.2369175545141
1170, 369.9959279224704
2489, 368.8458056543433
1168, 368.54082394735553
2972, 368.1421927572537
510, 368.09610081648106
1220, 368.01205230417133
1194, 367.80505040900897
2512, 367.6372709659119
3356, 367.1953302171183
1046, 366.5740035716709
436, 366.4056717743259
2463, 366.30753706524933
3360, 366.1325471374496
1061, 365.5036807037393
2599, 364.9365039747704
2913, 363.4160298310553
2728, 362.7066335583849
2487, 362.3753662963146
3374, 361.1760400175974
2708, 360.3223682696432
1186, 360.0763006995089
2584, 359.9101721385669
1719, 359.7477682178546
2081, 358.8270137634034
2446, 358.7078784604976
1520, 357.56740936789595
3428, 357.54389309141203
3252, 357.31029897058187
1068, 356.21891648456966
101, 355.9919709183905
1135, 355.95580148880276
2636, 355.9006394341487
3422, 355.85136968505674
1146, 355.23765253376166
2516, 354.3626255003021
2540, 353.8632817266769
2350, 353.26550221713916
2593, 353.09494568217855
3391, 352.8387665694418
2639, 352.2546220739004
67, 351.9070980028541
3308, 351.8286598318389
65, 350.7717034023348
2097, 350.2806230667155
2582, 349.6781401873917
2555, 348.8338941987063
1588, 348.7988702399204
2057, 348.63024631014065
2052, 348.48915825185156
1198, 348.3280602984551
72, 348.0759984437359
2077, 347.9257049225845
3376, 347.709648083323
1663, 347.4628163105956
2355, 346.9426999154469
18, 345.37994607219156
1079, 345.21657677602116
1034, 345.1957567261649
232, 345.0345177515755
2590, 344.8634280075686
2395, 344.8218786482304
70, 344.2036936969284
69, 344.2036936969284
1406, 343.45683214272134
2031, 343.1869454582123
2090, 342.31210662901145
3417, 341.39341540255214
166, 341.0187982623388
2915, 340.1801410330493
2295, 340.1623598915213
64, 339.94711683982035
3177, 339.5832612874464
2526, 338.99310529422326
2468, 338.20878891877817
93, 338.12349041671064
3392, 337.59797883632416
3387, 336.1672439165377
358, 334.8021050865381
1537, 334.7321345292948
1693, 334.17658779999516
2914, 333.9928250237933
2441, 331.63759804311223
1189, 331.1049564333665
1813, 331.016672897948
2450, 330.8214163067571
1053, 330.73941495755486
108, 329.5402223844973
3446, 329.5211464624099
1065, 329.35089539986114
1962, 329.1564579366347
1103, 328.9637628998497
260, 328.6415663671502
122, 328.0145477158869
1134, 327.851734470448
2539, 327.7974113992374
1118, 327.3091039549245
144, 326.63834179464254
2400, 325.782207252946
1216, 325.3826449990784
167, 325.3560555427431
1440, 324.85647075044227
1073, 324.78827166647665
115, 324.36580505663426
1150, 324.12696578126446
1519, 323.2570575166165
1605, 323.08363050832236
1518, 322.0796089850832
517, 321.63558473111726
1180, 321.2738113533928
1467, 320.728290601485
2596, 320.21166431292045
1397, 319.02690497709546
1864, 318.53631815805613
2709, 317.93178351206404
2647, 316.8685343879405
268, 316.1429105214149
3343, 315.81330324644273
68, 314.64423614961566
1191, 314.6235758431039
97, 314.36169307352003
1634, 313.88818264431785
32, 312.138132466759
2066, 311.7544782837632
2615, 311.2750395017061
3238, 310.9440180721148
2971, 310.5948823350269
2579, 309.6173108672158
2060, 309.18995594979134
1632, 308.9295751466241
96, 308.82791553986146
1152, 308.2940165735803
1178, 305.9828182436032
22, 305.64294476948334
2038, 305.28167916405334
2471, 305.2037904369093
1558, 304.4980666628912
12, 303.43285091814425
2270, 303.1845816287438
1694, 302.9905506487407
1156, 300.3642149714469
3188, 300.200809863033
2517, 299.9351393809887
3164, 299.22527850164283
3359, 299.06261335003745
2010, 298.7938525942968
1302, 298.64465793037823
1151, 297.9919419805254
2594, 297.70077614877124
2500, 296.6730705092837
3438, 293.6355789766011
465, 292.81048871159027
2040, 291.3318880786784
109, 291.1055716114788
13, 290.2880007330641
500, 289.6761821887272
2351, 289.14325629497006
2861, 289.1127843142684
1316, 289.0167459975552
1838, 288.7633457855142
2916, 288.71065392692753
3085, 288.4989407505962
2801, 288.418297078489
86, 288.35972602126685
3237, 286.6677239896727
2503, 286.43159446673957
1958, 286.2238235990541
2900, 285.6060326394068
1878, 284.6499941823819
1709, 284.18348434156167
2064, 283.0069767957211
1457, 282.1875085050533
1638, 281.6232477688061
2046, 280.18385256577415
2515, 279.31690154084794
916, 278.5864722723212
1153, 278.3483089109993
59, 277.68650305920823
3431, 277.6141225197545
637, 276.99563939182764
2058, 276.95313682338906
2732, 276.5361392189875
2275, 276.5311226163785
3346, 276.2335395336706
1800, 274.9522573600799
3236, 274.88187541705895
2036, 274.52580044642997
2682, 274.02077561909556
2860, 269.8284213775133
1164, 269.7434200269451
2433, 268.93738489132096
1661, 268.8727437908827
2470, 267.92655429701824
768, 267.74039007483395
1574, 266.9327966697036
1, 266.32338004655384
3310, 265.1835922621402
4, 264.8323820787671
3363, 264.1723357955604
2043, 264.14933700261173
507, 263.4538504746529
182, 263.4269714112685
2578, 263.1471862628359
10, 262.91057149414144
2192, 262.1473394356779
117, 261.9451816963594
3234, 261.8293886331673
1062, 259.96395693555155
461, 257.56289297177767
3240, 257.5176182985776
2063, 256.6857646015932
1454, 256.27991437586286
1255, 256.0199625836763
459, 255.90271610871574
2857, 255.48096553448838
3242, 254.4189629838182
116, 254.03835843751574
2085, 254.02461579083473
2725, 253.34791463427894
1562, 252.09341431050612
1572, 251.27692379677177
1785, 250.81236815033444
2731, 250.7702635643024
63, 250.19003617377527
2569, 249.88017003594348
2718, 249.73440304956983
641, 248.4257575290672
2320, 248.25364690152165
3256, 246.85161237604572
1814, 246.73867896534887
484, 246.53357100324374
7, 246.14165155824108
1576, 245.26524522851122
1324, 244.60093663312395
953, 244.47740326125535
3009, 244.35219583955646
1788, 243.78916415595577
3235, 243.71212186726694
2672, 243.51701018009638
112, 242.9912065024925
1573, 241.30504146355366
2910, 240.34199243141612
2832, 240.2102593314006
1543, 239.84004586665404
2805, 239.78717828136035
1794, 239.7192936807429
107, 239.54805389983846
477, 238.3189058920266
28, 238.25710307076747
118, 237.26264473368366
111, 236.8118193961044
823, 236.37777656769688
2191, 236.24805565608096
826, 236.1970620926141
0, 235.6832337994822
1818, 235.42568972083058
1723, 235.33315553900718
2999, 235.2707445936243
273, 234.88805070253702
2518, 234.44632004163972
1309, 234.30639990251518
1484, 234.2064020457029
814, 233.9564083426416
6, 233.9363572099914
3, 232.6634470194544
1509, 232.6078373993306
3257, 232.16069075193178
2153, 231.966590895292
9, 231.61039057307667
11, 231.22868493072102
292, 230.71406932412503
184, 230.58214314008006
30, 230.11989294853862
1410, 229.75029434507266
1567, 229.3126607943412
524, 228.84850705380606
3017, 228.41440322939445
2134, 227.78436262496626
2208, 227.14348265224322
1882, 226.94859407170318
745, 226.92584278485444
848, 225.1913069414272
1004, 225.01416667440864
2532, 224.8931505261326
2211, 224.81350284597232
1824, 223.9905571325055
1535, 223.87226145746766
421, 223.2777877345447
1575, 222.39337350360702
94, 222.19259077472825
5, 222.1089469332551
2158, 221.9403650724084
735, 221.93121592748426
2889, 221.35517192782387
1806, 221.0417234921054
1418, 220.7675451884864
2878, 220.64102634773622
2242, 220.39088975142465
8, 220.1395805596931
259, 219.9616058105276
1571, 219.63942020006033
3215, 218.78951115470636
1940, 218.50483887647593
1939, 218.44432151278008
2556, 218.2844885874714
2193, 217.67094786122183
1051, 217.25312590231923
788, 216.8821966724363
2856, 216.82017282640052
923, 216.7957183938706
2868, 215.98972076868804
2170, 215.69997695775209
3000, 215.667990375638
2859, 215.49537286416836
1951, 214.67931562993357
1269, 213.99070320871814
682, 213.72884672330989
33, 213.61354210470515
387, 213.03004221907483
2207, 212.84613732276935
442, 212.79507129544632
1165, 212.4047750301923
185, 212.3116020511176
786, 211.9966022640368
917, 211.78355443441745
3025, 211.692508861706
526, 211.41375742684585
1003, 211.0713418393337
2806, 210.88837946086383
1093, 210.2453442592941
2135, 209.3203316169462
2435, 209.27499372063073
2428, 209.27499372063073
1907, 209.22078441933087
803, 209.10515340833192
2124, 209.07451669957177
29, 208.97849625974513
2180, 208.51729549166464
1810, 208.49140208468341
490, 208.34197220470034
2429, 208.3306233626799
1884, 208.25719955786283
1640, 208.14318547512403
615, 208.03780908801176
744, 207.97529286520856
1776, 207.87724859426805
1424, 207.73072151180438
1210, 207.69117678750936
1780, 207.68161515116105
1889, 207.6457720862606
3228, 207.2503622366566
2991, 207.20406175039656
2205, 207.0062496258195
248, 206.81342921383063
857, 206.68535132015242
3269, 206.67866075970994
353, 206.66125443615152
791, 206.51852762906933
60, 206.21152155754888
2054, 206.16636645412828
234, 205.84648375713329
727, 205.81037711219193
3282, 205.1069654699592
1525, 205.0369360555921
1039, 204.76163920136108
1306, 204.755817372046
2236, 204.73433627450703
305, 204.71137360860888
417, 204.60830055441374
3029, 204.43827015770015
746, 204.37851801042538
2157, 204.14903879629318
3018, 203.9336786079501
2194, 203.78737543090244
3016, 203.5883031576897
2243, 203.27014050191397
1092, 202.9253988839678
2318, 202.62952801816382
2195, 201.92659614548094
1423, 201.88756325400732
416, 201.8859710437079
686, 201.80862037662357
2936, 201.7423043420325
1356, 201.71078602806585
945, 201.66212427211974
1487, 201.6307027759932
2262, 201.44483268454385
1566, 201.37701275393187
1807, 201.24269686291586
579, 201.0349300429062
249, 200.75866569127825
1617, 200.73417121605465
936, 200.64842071842534
2196, 200.48665821819034
590, 200.4534553974462
716, 200.3116729848661
2997, 200.23573526579528
1822, 200.15357157571637
1885, 200.0329759791424
1895, 199.94924054479776
1577, 199.85505388694304
781, 199.78510687438015
2953, 199.7561553371815
1623, 199.63602938771191
1336, 199.23609278590482
527, 199.1643603595634
321, 199.1127519646634
1580, 198.96135079611358
575, 198.66346243596792
1972, 198.3982761294242
2438, 198.35295168519093
920, 198.204414559951
1999, 198.17767078438413
980, 198.08404644154308
1943, 197.76643133545434
2188, 197.52267253427797
1653, 197.41392738746657
2035, 197.37409559160832
778, 197.36947762294938
612, 197.1970778291283
981, 197.16647737556212
3319, 197.15549747380376
844, 197.1185457904452
1279, 196.89337340674217
762, 196.78184437586862
2434, 196.67318212611661
3233, 196.64260115862126
2187, 196.57468472545673
2160, 196.5391261699808
1615, 196.3149795424471
3320, 196.31077548935787
1037, 196.25929150273907
2993, 196.11708828360707
1425, 195.93981182115718
1023, 195.74121970661685
581, 195.68019739006957
1054, 195.52405769662423
23, 195.33813057563341
825, 195.20423672319316
420, 195.16680237805565
961, 194.91212145586104
2431, 194.88492246420134
698, 194.82145972081065
1976, 194.7932173038682
243, 194.76593112517784
2145, 194.69731745000377
717, 194.69226633418677
2365, 194.66169115222465
2189, 194.6520427952529
817, 194.56149725991258
1579, 194.51148237449098
955, 194.2396987229601
1985, 194.14604253069032
1977, 193.5825010088599
1803, 193.3563127003996
24, 193.3136460962846
743, 193.06149454738045
2949, 192.83705189158766
319, 192.8015206047757
600, 192.54365303781708
27, 192.48627222017902
2360, 192.37313053944422
2362, 192.32480807756647
2095, 192.28400987534675
2220, 192.25366870630828
2142, 191.9908082474938
922, 191.90355062187533
247, 191.8450574557908
223, 191.65591307165715
815, 190.97267901641487
1038, 190.97127501873234
960, 190.94689155361434
2214, 190.93672421668646
1331, 190.52619886156276
1412, 190.35733340585045
2879, 190.32170778300446
2181, 190.25591913355916
808, 190.09087216267307
969, 190.06539643886103
1473, 189.74305905061019
1404, 189.6365028164779
709, 189.48316577678247
528, 189.4120476662644
560, 189.31480958229633
419, 189.27072765180162
2845, 189.1851402483513
1308, 189.12342079568185
2219, 189.1100479357082
999, 189.09613201517266
1890, 188.92984503303975
1523, 188.89446696445947
1371, 188.86513327522226
787, 188.85317271383346
2049, 188.55783714406778
2122, 188.49975634555096
187, 188.35024277380134
1840, 188.18133598017994
1490, 187.9793215414855
2829, 187.9532560308805
370, 187.90826538389717
1266, 187.63138327415857
574, 187.5118294440245
2846, 187.4540068438846
1599, 187.43266344024283
418, 187.24629618068852
2924, 187.15128887517514
1495, 187.03341025457843
2907, 186.89533946279246
2711, 186.81071020549734
1408, 186.6702079530921
585, 186.5045637845404
2422, 186.46608485870698
3309, 186.40467039033203
691, 186.38663604898335
2828, 186.37213599488558
601, 186.22911708597482
856, 186.19050558013615
1314, 186.11111331900833
1427, 186.09391100701225
242, 186.05069174874558
804, 185.67403090661807
1510, 185.63647760765383
1321, 185.61342685438174
2992, 185.56139631299962
2427, 185.5299602237702
964, 185.526187789161
2173, 185.38117105644082
529, 185.29553772216008
2858, 185.27079797626544
1289, 185.23904151420405
1823, 185.22628448272474
594, 185.14616229174948
2171, 184.92735988633336
2231, 184.81254273830788
903, 184.79242544165848
1839, 184.71412634983116
2209, 184.71368758028768
313, 184.65055962250898
1594, 184.4869535315105
1508, 184.1037534328391
1790, 183.9742224521937
1315, 183.9155224079578
1942, 183.8691204882144
2996, 183.7991470486444
2168, 183.67883295711326
907, 183.61923984547616
2228, 183.42501270820335
3026, 183.4141890055024
1501, 183.36394428807137
789, 183.302856292619
1478, 183.23243020051424
1527, 183.15830604142732
49, 183.11043081551142
2206, 182.9542902311556
1369, 182.92274055997888
2200, 182.89958833022732
2905, 182.85123198055774
2165, 182.79449120874898
2877, 182.79188458874054
3229, 182.7414518817508
1505, 182.65569062736407
1887, 182.59661724507396
972, 182.56068806615914
780, 182.4110976241092
1846, 182.40910164156136
586, 181.97166788046067
3031, 181.7711186007117
872, 181.7676753905258
1348, 181.76296502039966
2062, 181.7098869775369
837, 181.50433618300352
2113, 181.40024217924935
845, 181.26394456716147
1984, 181.10426605894577
1211, 180.93863993243434
846, 180.8930416765967
1421, 180.86318216735066
2804, 180.79310724846604
2190, 180.79117259143467
593, 180.76290109881742
1512, 180.72670700955027
2850, 180.4797303913207
558, 180.3340946906574
683, 180.322741034759
1426, 180.2685243329819
224, 180.0920148165127
2837, 180.03579142431522
1361, 179.96358535559432
1957, 179.94510625177145
2042, 179.8752003727596
696, 179.851520921793
2150, 179.8480093533256
2164, 179.75795885993372
1380, 179.75336460854757
3270, 179.54967588153895
1488, 179.42539192653382
919, 179.37152806367516
1578, 179.32294806090374
1390, 179.25919610342714
2256, 179.24973721914608
2115, 178.9065144322984
839, 178.8702922084838
2841, 178.85693077612066
2334, 178.75572193642503
1494, 178.75264528436998
286, 178.74733515331528
1883, 178.71916058020784
638, 178.67211311701405
371, 178.61556679568685
1001, 178.59733666026568
1389, 178.59251747032908
2998, 178.57155261840725
3267, 178.53601161051196
2852, 178.30348321845923
2321, 178.23147643463807
1861, 178.21377227379023
1481, 178.16475268929935
928, 178.13859570715007
1322, 178.13095191642816
657, 178.11430860127763
307, 177.95569593669717
886, 177.64807355398256
1268, 177.61563277722618
1792, 177.58970026776336
1983, 177.55866209048773
993, 177.53016505827685
987, 177.46463047986177
2324, 177.44003221074252
1828, 177.40443440210157
821, 177.30587071315634
26, 177.16450639697692
661, 177.11501543752652
3321, 177.0346547429446
2372, 176.93448632594814
2125, 176.74523755538993
2120, 176.73733143662403
599, 176.53010432634642
1986, 176.52628453280707
489, 176.49203886967777
602, 176.42390512161847
1455, 176.3942575067429
3268, 176.3938495602183
2839, 176.28808445547025
2229, 176.27282471731894
2117, 176.2646970860371
2439, 176.16284512739153
902, 176.1559254228213
1549, 176.11671126724093
784, 175.97808385238224
708, 175.95774879126262
1820, 175.85828764530888
775, 175.84636899380368
1396, 175.73282377974266
639, 175.7295787204777
3014, 175.57415120892395
2230, 175.43635464607317
718, 175.3852594593053
584, 175.3050626940495
2162, 175.2742433641695
938, 175.17726265665655
2255, 175.16244100378597
659, 175.13457477522581
1493, 175.10560069446305
1345, 175.09553955655028
2051, 174.9699756795875
3002, 174.94480172529518
606, 174.85497400898603
2116, 174.84726955819764
1377, 174.7648670089505
840, 174.756045376323
2359, 174.63608714856903
230, 174.49174191998617
1339, 174.49037755797752
1295, 174.47248901017574
1271, 174.40423688235916
1474, 174.39482124672654
2750, 174.28478050083308
665, 174.26240520408695
1413, 174.19637882935533
1614, 174.1898870476602
882, 174.16771838012167
2831, 174.15018491685703
2107, 174.1134125004291
730, 174.07137664085982
690, 174.01481888725118
2912, 174.00554332771745
2994, 173.984900514306
1908, 173.93496835185724
1312, 173.90841693157859
664, 173.84539534262424
989, 173.81350668218414
849, 173.78843155350847
855, 173.77747140152093
235, 173.754342024388
790, 173.74611157468325
927, 173.73199809674645
777, 173.707818681729
1622, 173.65269661726347
1601, 173.60457593810548
798, 173.5980303541168
2237, 173.5480121963092
1886, 173.4306026439095
2851, 173.40796138554708
711, 173.29364344700278
2067, 173.20924913322202
1014, 173.05823931244285
853, 172.9648713951377
752, 172.94667811133797
1398, 172.9258095132384
867, 172.89405086212255
226, 172.82629045718983
1330, 172.79763121320119
2844, 172.79695586565302
315, 172.78539879588172
306, 172.78539879588172
971, 172.72264204161857
776, 172.62572069386925
256, 172.48081790500638
1343, 172.4541167906509
1511, 172.44133985610458
970, 172.43120500636124
1550, 172.41085368157056
1278, 172.1619467534357
564, 171.99218950487102
559, 171.96301495429034
572, 171.9203105003564
892, 171.7567001225528
525, 171.4151803763083
1561, 171.35643727796383
1555, 171.3058112966621
2908, 171.2238891839846
1392, 171.16575790112668
1829, 171.158863856988
1352, 171.12098601443066
1368, 171.10484370262864
2213, 171.075658083082
1417, 170.97781651536496
1273, 170.955246844034
774, 170.91498723422768
1420, 170.8675431441507
785, 170.8440985294158
1422, 170.83827250443943
723, 170.72767473804245
847, 170.71240701434925
770, 170.64267295140448
1393, 170.62910453072533
797, 170.57371303879418
1378, 170.53414137016173
713, 170.53251982991148
3045, 170.41585363167965
577, 170.35645238366712
1825, 170.32589417971894
850, 170.29718718960737
2888, 170.26891639751298
2361, 170.26069442339397
1902, 170.24310000546998
1500, 170.18393182835896
1815, 170.17830812490698
2366, 170.17024527629226
3272, 170.16392456264236
1804, 170.14697657441468
1920, 170.0968657834607
2376, 169.98583144394493
569, 169.9329271189846
1006, 169.88492086720547
1544, 169.8434754322437
573, 169.82124288145934
1400, 169.74559540439114
2898, 169.67186504431038
689, 169.60756106516766
1539, 169.4966669962177
992, 169.4947859248933
1926, 169.47639411804866
2141, 169.3912274708816
1480, 169.34712612950455
918, 169.29594232119877
822, 169.25818492848487
2254, 169.1924522814578
3030, 169.1644549780364
1285, 169.114483159465
1293, 169.0983836551462
636, 168.99034637429818
2121, 168.9391270982714
1475, 168.9332213519103
2245, 168.81979792820377
2166, 168.74314878517907
231, 168.7359845830636
240, 168.6937581718935
1409, 168.69328785450247
779, 168.6829593411347
1959, 168.6182579375434
1370, 168.580731056826
871, 168.52091587401023
2227, 168.4321814644009
364, 168.42889433919996
2903, 168.37468583802283
2369, 168.34742852650683
2830, 168.30457244802417
879, 168.2483038870149
635, 168.1930523281155
2131, 168.0974827402551
1280, 167.98497161975763
694, 167.89878924797716
2899, 167.8794860459269
868, 167.68140651774848
1411, 167.65385983943833
1989, 167.5939598340181
983, 167.51197965951422
2884, 167.47334636732703
876, 167.4672322991911
2198, 167.46572205169065
2154, 167.44065244851808
2881, 167.40370279842773
1419, 167.2789919908266
673, 167.1585428350035
3044, 167.14100860446652
2547, 167.11223094901973
854, 166.94988276322607
1491, 166.7807314359929
1909, 166.7059838914922
1830, 166.6942346243368
693, 166.6649693100296
937, 166.6637818153999
900, 166.5852918610547
1536, 166.36794434344515
741, 166.28351933641255
1817, 166.24989586362216
3043, 166.23996026564447
2199, 166.21082868308704
2114, 166.18992581961916
2163, 166.15371275590414
614, 166.15052114524173
2925, 166.09765936909182
1367, 166.06184635743645
725, 165.91811926275176
2432, 165.91199699348823
257, 165.90673082257558
896, 165.87116682608712
1498, 165.86932319119893
933, 165.83641210546622
1346, 165.77319222835973
948, 165.69380702385993
672, 165.59321075947244
1915, 165.57915964185864
2148, 165.5409788195728
2246, 165.4875223934636
887, 165.4858339605713
1403, 165.43549954458118
755, 165.35587848795953
1835, 165.319459896931
597, 165.1848554574024
236, 165.17565914886154
759, 165.1509368003833
2923, 165.1428759469715
1382, 165.1382244837411
3271, 165.11140108986052
935, 165.0989636095166
883, 165.05090682139192
1372, 164.97873531613382
1888, 164.95379389737678
2882, 164.93723373877867
323, 164.93464586242152
311, 164.93464586242152
946, 164.78443433730877
253, 164.7467403941664
714, 164.64239937547512
645, 164.59028494796502
1277, 164.5792431923523
2319, 164.57754224504365
675, 164.57667418523312
1904, 164.57121223634837
1831, 164.55844840728588
924, 164.53524403750794
1486, 164.51044960943932
2875, 164.50468471224139
1841, 164.47144614687417
764, 164.43820116437232
763, 164.4308764415837
2897, 164.42481395831965
656, 164.38835054278064
1387, 164.3700407789073
2423, 164.2752164877495
567, 164.20047467661087
1791, 164.19802019784544
1906, 164.15219130943015
782, 164.0655589547836
1618, 163.97751122150044
963, 163.9141756879206
2323, 163.88944457636737
1292, 163.82247651358705
1458, 163.81654796279543
1328, 163.76313419825726
1036, 163.74398919089393
2842, 163.70490243153876
2138, 163.69150128250487
985, 163.66485066237547
1288, 163.65764753639823
565, 163.6572111095279
346, 163.63769767698625
2146, 163.6263650597702
2123, 163.6149253627148
942, 163.59226203735054
766, 163.46226783022433
1981, 163.44462792283036
728, 163.41272634405718
870, 163.33551674636513
312, 163.32142232149906
2216, 163.3164251215702
704, 163.29299417757653
1415, 163.2912430871685
1595, 163.25980144387816
646, 163.2173074655217
1048, 163.1992369610237
1374, 163.031220934759
3068, 162.9783098999908
1405, 162.89514046153678
674, 162.86048982705964
1801, 162.82888455717105
1291, 162.8118770346678
1353, 162.80315312191084
351, 162.69998817093693
800, 162.61625719405012
1772, 162.61033477837486
932, 162.5531430399312
1388, 162.45477756386006
2854, 162.3922082220012
324, 162.39219781883125
697, 162.33618924790355
2430, 162.33003904519452
1327, 162.3183368155004
984, 162.26379401696926
3037, 162.2379716738942
742, 162.2321197884185
1944, 162.1924913122396
2891, 162.10678014825467
603, 162.0626296547803
1357, 161.92768340752718
2169, 161.88274719022527
1018, 161.87587663065767
2331, 161.79787074047832
31, 161.79065846206103
374, 161.78534938008912
2202, 161.778398567703
1340, 161.7717052133692
1782, 161.7447996522556
720, 161.73291762325476
568, 161.69019502365038
1272, 161.6842918118848
347, 161.60832750179176
3027, 161.6025068109257
761, 161.57984023078498
1524, 161.55287824926245
783, 161.5267810966527
2840, 161.50103111790568
836, 161.46764799022333
959, 161.45243394914567
1275, 161.44694469089578
897, 161.44232785095903
1391, 161.4070293027322
1548, 161.39229699690782
701, 161.25431508894022
1934, 161.2115251889509
1021, 161.15766255225486
813, 161.10515539670948
1323, 161.10365727396643
1992, 160.9825120770066
1499, 160.97816904261143
3038, 160.9644387402143
640, 160.95787946372528
2410, 160.9298344809346
1554, 160.92033234613692
1270, 160.90313289940298
2833, 160.87052914364685
1563, 160.8675487989137
616, 160.7796615057278
2119, 160.73624154718246
623, 160.7209704782396
1982, 160.70832393299153
1905, 160.66974267211745
660, 160.64484869598917
1789, 160.6077135623295
2136, 160.5630173109582
1297, 160.53293292918443
740, 160.51098577670274
705, 160.5028013905143
750, 160.42163838933772
2183, 160.3978061075779
1506, 160.39639186325385
796, 160.33520201854967
246, 160.32682752141469
1927, 160.2275510818448
986, 160.22604711225722
2849, 160.17283474800757
1020, 160.12824923489663
2130, 160.12432880299767
925, 160.11572008725125
828, 160.0937762105586
827, 160.09327251934687
1294, 160.07041338621795
2233, 160.00752411003893
843, 159.87533270650874
799, 159.83733234521202
258, 159.71731573564995
792, 159.70061647022916
908, 159.69344858507992
962, 159.65526327328422
2129, 159.61500451245644
1485, 159.58336660207647
2175, 159.5771859947643
1009, 159.52883391962703
1265, 159.41467971683403
2847, 159.38835000272994
934, 159.32593606948163
1809, 159.3156365233652
301, 159.29481492856837
930, 159.21513194496464
3448, 159.21213988982132
707, 158.88962529207726
1479, 158.88421999702
2946, 158.85305052139904
1318, 158.8413323023564
1598, 158.77074768180123
692, 158.7493431238849
1453, 158.70675727052418
2140, 158.66612121101267
905, 158.59669915897857
2232, 158.4799344320872
801, 158.34481634312112
422, 158.24092560227595
710, 158.1110741564604
904, 158.10160148309924
1786, 158.0862399731896
1329, 158.08476790557364
2947, 158.04497504077077
350, 158.02200562818922
1354, 157.99998743551703
2373, 157.9953921184668
1469, 157.9602774526757
363, 157.91253471344183
1819, 157.80279937258052
722, 157.7381479651883
2375, 157.65060340088246
2176, 157.41475235505277
1673, 157.408880968827
2072, 157.3928051210286
1836, 157.37772465156777
967, 157.35196433066122
834, 157.322085205222
2377, 157.25490320626665
1779, 157.23318366938307
566, 157.16541497945164
893, 157.02179789454044
754, 156.9753611082938
977, 156.96065254603823
238, 156.95649070472555
1365, 156.92251017161402
926, 156.92015079220997
973, 156.86138037682002
1492, 156.85390528159698
1921, 156.84223439950148
3034, 156.81472708354497
2336, 156.7253370953264
241, 156.70060419554216
596, 156.60934426423242
824, 156.49854186197777
2222, 156.49528813162055
1808, 156.4898010812723
314, 156.47654901014474
1022, 156.46638379907316
952, 156.39012211438043
576, 156.3616387604796
2133, 156.22793215581308
352, 156.14860897859515
658, 156.12213139406774
3230, 156.02940346082477
1930, 155.99191767393867
1949, 155.9567019766509
1620, 155.76231449611305
2826, 155.64202078428102
1935, 155.58336857849724
2403, 155.57770745054006
1504, 155.43981602917756
1928, 155.27365378220543
2247, 155.20712211689744
765, 155.00119426594142
1049, 154.99224047546932
2950, 154.98521154099922
1414, 154.95675723956492
911, 154.9408840435216
1837, 154.9283217637031
1320, 154.89312469027897
1954, 154.7983361034762
1582, 154.7918497864154
1799, 154.75609658407893
320, 154.6446107716301
285, 154.64283364387612
976, 154.63172568604747
1777, 154.56594282109302
2876, 154.5616419076908
2931, 154.53652885397057
2325, 154.5177589647559
1282, 154.49208363623632
618, 154.46821281532507
931, 154.46440617822782
1900, 154.46220707034672
929, 154.39309636234458
729, 154.36130791942165
667, 154.3594873634821
1007, 154.33626151697587
898, 154.31970905391304
873, 154.28134764641234
1319, 154.27808782915199
342, 154.23001202886454
1950, 154.2291938254267
1898, 154.21490440875775
2144, 154.11992339185642
810, 154.06538207804212
831, 153.96155894568253
706, 153.94685709420213
2322, 153.91228568875388
1778, 153.8784625497114
1470, 153.85058952226612
1010, 153.82520336326004
1591, 153.8054532017813
910, 153.76725444210413
2126, 153.7215749489905
880, 153.68396245021182
2426, 153.649441197365
2327, 153.63415387085456
1017, 153.57470132103995
1326, 153.54344970379856
994, 153.5106193771137
702, 153.44913215968435
724, 153.35903920996992
1351, 153.3108371786439
2902, 153.25518457679254
979, 153.19540332275486
1332, 153.1333705568608
703, 153.10279777333892
865, 152.96991425041156
899, 152.95645809264028
270, 152.9473653563818
943, 152.90268512497877
1394, 152.8843098556364
239, 152.8601259056553
644, 152.85842783146717
1832, 152.8368530979189
1953, 152.82582231199183
1402, 152.8252419877694
944, 152.80135455347093
633, 152.789573436321
712, 152.6969989236866
2367, 152.69610830057255
325, 152.69582713537406
354, 152.6813167559805
269, 152.64935225831553
632, 152.5763453570518
830, 152.52403108044567
866, 152.50880738058584
609, 152.4834346570235
982, 152.34922727962308
1925, 152.3358480386022
1476, 152.32315111522252
2436, 152.31892849457896
1540, 152.30696245227938
1569, 152.2915747888679
2880, 152.16017629043338
2425, 152.15786746894184
2370, 152.1514921103942
875, 152.13087577899998
1335, 152.09663733357525
1385, 152.09266563672705
958, 152.0111505618471
1827, 151.99982689810602
891, 151.99544997252352
631, 151.95961704475678
604, 151.95136469703274
1416, 151.91913583150247
1483, 151.91894531112527
1362, 151.80035725465825
1080, 151.75801496062246
2156, 151.75175081799452
1304, 151.7406522088309
393, 151.6945609130258
1011, 151.6866398216901
807, 151.65953813225067
2172, 151.6398308465117
1311, 151.6120068509437
858, 151.55458201041725
1286, 151.43927353366973
1932, 151.3678457932314
990, 151.3075416520204
1551, 151.28170907515457
1366, 151.26206771133394
2871, 151.25027158163434
2330, 151.24676973970847
1568, 151.2409536455504
1834, 151.23227209896825
1359, 151.21408535263052
949, 151.1835487189267
2251, 151.16735896538924
666, 151.1646815500324
1489, 151.13864475640992
3012, 151.11261973512828
1769, 151.10381945577683
2186, 151.08950996922445
996, 150.90996670494968
1401, 150.89399692499478
2874, 150.8918418991168
974, 150.85498353266615
2000, 150.7385013024766
668, 150.70619876618233
684, 150.58586975663647
624, 150.58586975663647
653, 150.57663423197818
1529, 150.5457143264891
1303, 150.4625964237178
3015, 150.4541813623454
3024, 150.44224538396685
687, 150.3777494061225
2317, 150.37367909432209
1325, 150.28232433264762
1383, 150.241582923738
1307, 150.2137199584224
1619, 150.10356630340695
954, 150.08784343129764
1281, 149.96430148012078
2149, 149.87364656151567
2197, 149.7624738601486
1522, 149.72357167666905
598, 149.70610391389295
1008, 149.6305573092315
1016, 149.59865088788325
595, 149.4950308795157
620, 149.41057949525003
1342, 149.31968388571252
2201, 149.31752226777814
3022, 149.29013634743978
998, 149.28785336934496
648, 149.28785336934496
1341, 149.1566318831015
1528, 149.09301984611952
2281, 149.07187347801556
1276, 149.02790720448493
829, 148.9621379392517
245, 148.9539401841406
721, 148.88199525187244
1305, 148.8782136192517
1606, 148.85371938534257
819, 148.8507744143605
2326, 148.83151555090618
2132, 148.82436716668414
1482, 148.80467504231422
1507, 148.7143973045897
1192, 148.70135529622323
2084, 148.65914045336154
1918, 148.63970273463684
1774, 148.57171262079078
2151, 148.56250983909987
1055, 148.53876690328335
1015, 148.53832626041773
2127, 148.4977913706411
229, 148.4675925839601
3035, 148.351999224836
1946, 148.25985890478083
805, 148.25775152892095
975, 148.2533848482958
1376, 148.08793189994483
688, 148.07415985359773
271, 148.01334911405502
753, 147.97457227039206
818, 147.9610019897482
2159, 147.9023901731771
1787, 147.88109582554776
1956, 147.8173425661721
726, 147.7934007225129
1903, 147.7803751848655
2332, 147.67632163070053
1344, 147.5652958461065
1317, 147.55823402101365
2437, 147.5345328656898
2834, 147.48041791813074
888, 147.45160099633028
1937, 147.3622071492506
1496, 147.3509430063129
2147, 147.30322366174187
1916, 147.25538994698383
1948, 147.23178417030883
1284, 147.20975441258577
327, 147.2081335052517
1833, 147.05631360046235
1654, 147.00020170564616
1296, 146.92849915692753
1503, 146.92843313683142
2906, 146.92839265662636
662, 146.91308455399735
700, 146.883480947342
1783, 146.87692948503732
1863, 146.87600179380007
756, 146.8587462615801
2940, 146.82198364963267
361, 146.80681400153995
339, 146.75144954535838
2225, 146.6805567929056
1333, 146.56242846729447
3450, 146.42922625030815
1497, 146.40197644616785
1407, 146.36026727146893
340, 146.2513658457461
1621, 146.1232086637201
1990, 146.08987275750937
1399, 146.08543493676558
751, 146.0578934278361
1952, 146.04239567272197
2929, 146.0404012278126
1050, 145.94726100183587
1922, 145.94013529840393
2895, 145.8985868503589
571, 145.8580499164404
842, 145.78080108372424
2161, 145.7745749955135
747, 145.70688047682057
806, 145.6638269703778
1896, 145.6550686767351
771, 145.61171190311035
367, 145.5238336563233
2835, 145.4800953799393
2922, 145.40797627411857
1044, 145.37567872783947
1897, 145.3664025689492
621, 145.34294468135369
1386, 145.32084792806924
2928, 145.14531215022245
1472, 145.0888367967066
349, 145.041100355389
1570, 145.01794718131958
1767, 144.9757410988931
968, 144.96228762003923
605, 144.9249649374944
1556, 144.88031299255667
2215, 144.8749576177634
3273, 144.84984553854346
997, 144.83857946072752
2328, 144.81523756375375
2221, 144.8097927579343
715, 144.74922830023084
2112, 144.70219279120704
2418, 144.6493955035528
1766, 144.63879449155783
719, 144.45725292961035
1793, 144.36315192084254
317, 144.35481294335582
309, 144.35481294335582
1019, 144.3484693892667
2250, 144.27438886255158
1471, 144.22817055642068
2178, 144.2266566118544
1013, 144.18911210086299
1553, 144.1478585324308
1565, 144.10557388432542
812, 144.07387173060775
2932, 144.03178389356356
769, 143.98097448671408
1056, 143.82705663249226
357, 143.65960975276786
878, 143.57617527238645
1929, 143.5643554405999
1375, 143.54679297219397
767, 143.46483333446037
894, 143.46469883440113
2374, 143.38862846988738
2241, 143.3837532486883
1349, 143.34054193152193
695, 143.31416585483106
1796, 143.05845956101254
1538, 142.96724455393513
318, 142.9117973155696
3001, 142.8802397103973
2174, 142.8521440304492
890, 142.83011213152312
366, 142.81021683363875
760, 142.58920594161665
2329, 142.49524201487787
1757, 142.43824396781076
1936, 142.40174919843696
795, 142.35804230502467
1899, 142.33927913266018
947, 142.24484485169035
940, 142.17660151887742
2843, 142.13900965455514
739, 142.03710004560332
1360, 141.9833952308655
360, 141.9372432512349
1395, 141.8920508658995
1158, 141.80427061559425
2128, 141.59228273909892
627, 141.53903414144546
1938, 141.43930772393634
2893, 141.43220647730791
2420, 141.23386883333555
1805, 141.17029993586902
877, 141.0815576560165
345, 141.02842072134425
570, 141.01706959905434
811, 140.82761369874538
2155, 140.73798756708726
2901, 140.59141682199254
809, 140.55514978678897
244, 140.55193333260755
2926, 140.53505923816283
1283, 140.44971472508175
3224, 140.4111170305029
1363, 140.38220349275494
3013, 140.3490472296851
2118, 140.3301862157969
2253, 140.29309055765773
1313, 140.27238644794537
835, 140.21055709506038
2883, 140.20418880972073
2363, 140.18721561125338
869, 140.18191913297335
978, 140.14926118870662
1797, 139.92620303721142
3451, 139.91283737369514
1917, 139.86678761028128
2886, 139.85661149665194
2335, 139.77511747485124
2234, 139.63846965364914
915, 139.61873120123454
348, 139.51318401312957
995, 139.3608878104685
587, 139.14069385964234
1592, 139.12768379747828
308, 139.1199107667539
2937, 139.0982389970053
1988, 139.08091212768036
1923, 139.0652316410061
2137, 139.0542916802715
950, 139.0529953806832
1334, 138.9628497754824
1338, 138.9447836667157
3011, 138.81707609452474
359, 138.77811272979224
758, 138.6970578538615
3023, 138.68378820534542
1955, 138.6660200764607
921, 138.49220001423637
322, 138.48962829101026
310, 138.48962829101026
2729, 138.47044656188416
2952, 138.41222093292683
1924, 138.4003900181398
2182, 138.39612550588174
2885, 138.3077311937184
1337, 138.29047460402364
1609, 138.27796288427575
610, 138.26347057024086
749, 138.1341443201667
2371, 138.11179913812185
2368, 138.0484986216053
1546, 138.0351737047441
592, 137.9365443656205
1945, 137.89733398952978
3449, 137.88792370559457
2872, 137.88599357713395
2887, 137.83766511929733
2892, 137.81878971428148
833, 137.79770038008004
652, 137.770306618407
2848, 137.74346767121614
1552, 137.6663584088101
2921, 137.65460006450218
355, 137.55975922264136
2838, 137.48706883109466
625, 137.38459258210005
589, 137.30348493144416
2927, 137.25691671712426
1816, 137.17506198245727
1901, 137.01279119294603
622, 136.98692711913094
1812, 136.9823911305049
2911, 136.91355936797544
1987, 136.90250026138767
1933, 136.83495908689522
1802, 136.71494692642676
1545, 136.53203868550506
941, 136.29647831955447
578, 136.2933617223136
991, 135.96083188163408
889, 135.90395582279257
2827, 135.84851304010013
2836, 135.82207068786127
2001, 135.80845764877967
1602, 135.75230475651642
2944, 135.69283284279754
630, 135.64897081932804
1798, 135.59263332954072
1000, 135.5147861311048
3218, 135.49669322671718
1947, 135.4143907891059
1290, 135.38923526237429
2995, 135.36852579965426
233, 135.3585662357367
874, 135.3430956855848
1845, 135.3146602187488
343, 135.31334480617014
1843, 135.19511177453563
2938, 135.10790616555417
2316, 135.0388719141673
951, 134.91967424162664
1763, 134.76785650989177
1350, 134.73612590964558
988, 134.52096920257372
1310, 134.44150882978093
1005, 134.22011009087208
1379, 134.17604467642215
2896, 134.10142524795154
25, 134.02978194055996
1844, 134.00726905282247
362, 133.97234267874057
2357, 133.89480056659687
617, 133.61325254299848
841, 133.55141274278688
1384, 133.47443925391568
909, 133.3724357802398
2933, 133.20656420563012
1547, 133.1468763001599
2855, 133.0931221847073
802, 132.97972850196408
1795, 132.96367008481323
1826, 132.89331014084692
1775, 132.84098002442636
2945, 132.55772196822423
1821, 132.48335543140584
1526, 132.36353300801284
341, 132.21469407638781
591, 132.18770508955944
1541, 132.1746910139435
2894, 131.9933417107047
356, 131.73906776703208
2402, 131.39009032515426
2890, 131.34069185946754
794, 131.1705171429999
2939, 131.1157034741965
1347, 130.75256725162862
772, 130.74783442116325
1012, 130.743033442121
1842, 130.73565313779062
1762, 130.65393137973916
2248, 130.5157691777069
1784, 130.34036152531237
1373, 130.29597166727262
1355, 130.22439683039116
2358, 130.04032742310193
2333, 129.84851145231804
1931, 129.32077621255948
1613, 129.2226688946358
939, 129.20229500444938
2935, 128.76874128673956
2364, 128.68497245474032
1616, 128.39337885788873
884, 128.25134789599906
629, 128.2410626516407
1764, 128.21592511476646
1542, 128.18358599229936
1532, 128.1504139683775
628, 128.104792386652
2904, 128.0436028778988
2941, 128.00940948035057
2143, 127.55523665685352
1919, 127.43314499943999
1781, 127.40579896207792
3036, 127.40333582795022
3220, 127.37833391958333
344, 127.19474107994525
1768, 127.13332213922055
2934, 127.12582306252445
1274, 127.06908687330574
1765, 126.63706573819195
1190, 126.60230574893485
390, 126.09561172938284
384, 125.91409350806106
2954, 125.42966471424549
793, 125.259059559202
316, 123.46911307072266
2957, 123.31506051243468
1534, 123.24076879193446
901, 123.02314745057461
1287, 122.39211046888873
1564, 121.61784534380944
2073, 121.48949270498518
1267, 121.23492571545758
3219, 120.19716057512323
1364, 119.99335830307591
3216, 119.52364658479395
3412, 118.82553364006871
3223, 118.67382738236206
2943, 118.13750410450551
2955, 117.84540373284385
3221, 117.35343755787856
3222, 117.03700650249051
3217, 116.10417239046082
486, 115.5340952681645
2930, 115.1271776138911
2870, 115.00932062339835
391, 114.46895402087215
1358, 114.00854363077936
2873, 113.52202822609357
403, 112.75566389664334
2942, 110.24619126633705
2865, 109.98419223950073
1064, 107.16720551626783
516, 106.26290928090769
1468, 106.21908592212948
3145, 102.65785182630425
2867, 101.33137318459687
3411, 101.07995838126372
1862, 100.67836543979233
1264, 100.30007507601583
2012, 99.8004957789846
2739, 99.18214791293347
519, 93.55559521708588
1157, 93.53877973377571
493, 92.84042715711804
3121, 90.29048908540918
183, 86.04323915567095
3161, 83.76916113828308
1612, 79.52646967231559
