2066, 5858.9130808488435
22, 5806.876342522664
2471, 4818.724095372694
2040, 4097.544449264602
3438, 4077.2551525600443
2060, 4039.082095128086
3343, 4036.1281567163296
500, 3997.444454221595
3085, 3805.7581771941127
3237, 3434.5784755946565
2594, 3423.8091619469074
3359, 3376.904404067239
517, 3338.534558283278
1053, 3081.9856823587734
3446, 3011.001845091203
2615, 2970.211136778166
2064, 2970.0455893579374
2517, 2929.6860180683725
2596, 2919.636513443838
3238, 2895.578122826108
2515, 2844.4516063795536
3177, 2817.951044290599
2500, 2720.5041490994327
2468, 2699.1829050411
1558, 2665.0793513388335
1103, 2661.6565698898457
2046, 2641.090404678827
1878, 2570.978705626841
2058, 2534.9330721496212
2914, 2491.5829353243357
1537, 2481.861441876238
2503, 2468.2326027989334
3346, 2436.1511086388723
2036, 2380.9967253222526
2647, 2374.23736228467
2579, 2290.0346560413595
465, 2281.2409853370514
2090, 2264.4172880429733
2057, 2242.0264033275002
2539, 2230.917665423965
2526, 2209.4457554475275
1118, 2207.837489165243
18, 2166.621921584737
2031, 2055.5586909643657
2077, 2002.2202344886598
3308, 2001.6137227885367
59, 1993.9250266682855
2052, 1965.0895407231226
2636, 1916.2276877953036
2441, 1903.3318933202097
2582, 1895.129138130074
2043, 1865.5363722876757
3391, 1848.713016340291
3252, 1846.3553324925438
2470, 1843.2147112675777
2555, 1830.8153754516293
2450, 1825.7875355925974
2732, 1814.5688285719566
2728, 1811.6547295924545
2682, 1811.297402709896
2081, 1774.4047030438821
1046, 1723.1315672858416
3363, 1716.5297727417035
2540, 1655.0698893081349
507, 1651.6342912751402
2709, 1639.966117164593
2590, 1639.2492394066073
2916, 1631.2627322648027
3345, 1627.0011204361515
2446, 1623.511975735169
2639, 1601.3830788211242
3360, 1560.5099356328762
2512, 1537.5209719131285
436, 1533.408587020401
2063, 1515.0177981848565
3240, 1492.3678677169971
2708, 1488.1995150149048
3307, 1484.1887991249519
2599, 1473.740466637425
14, 1472.20945861848
2584, 1451.0777616587316
2047, 1442.8136973889432
2578, 1433.9823644573326
3242, 1425.0733373844923
2487, 1423.4588793266155
2085, 1405.2802279086463
2643, 1403.931073124844
3358, 1401.4832600897214
2480, 1381.0061025503462
1052, 1379.0060859236753
2516, 1373.9991548578776
2602, 1366.8597806772495
3365, 1360.242346604152
2465, 1352.8051049454054
2680, 1352.3183595291755
1969, 1350.5541354175382
290, 1328.4560958646168
2489, 1322.7181511489418
461, 1319.4705495451547
2909, 1302.5098625079745
2569, 1297.1773694386645
2445, 1293.857840700605
2718, 1291.7690302357355
2443, 1281.3869737377463
2593, 1281.2267724614283
2689, 1256.565990232687
3250, 1249.0264394451697
2447, 1236.7941411608315
2458, 1230.293134197502
2545, 1224.712429224755
1560, 1214.9652977654976
2588, 1211.7401404908117
2481, 1201.6729839724192
1164, 1201.1437093982352
2523, 1194.0925677174814
3256, 1191.1546930563518
2701, 1186.4760997453184
2685, 1177.2263544884363
2613, 1176.0765597588836
2628, 1166.2455248781785
2725, 1159.7311246238403
2573, 1159.256110926189
277, 1158.4109402882782
2082, 1153.9488965298037
2595, 1152.0845378369925
2618, 1151.6502401277503
2554, 1143.6535932219197
2663, 1140.419476336911
2672, 1132.647146328792
2633, 1130.1522731115483
1965, 1126.8985522633795
17, 1124.9039166798057
2482, 1122.3739144182846
2463, 1118.211266107882
2459, 1115.6332996050426
484, 1099.6046666233185
459, 1097.4460731282734
2544, 1095.4108977598473
2866, 1089.9452745584251
86, 1089.2227528665887
2577, 1080.8105595047687
2529, 1071.9692645076343
2910, 1064.279414716048
2074, 1058.468413540637
3263, 1056.2737505441664
3325, 1054.751905358691
2585, 1053.7473181702483
2642, 1045.6031359419542
2956, 1042.532308072089
2089, 1034.1312446718928
2724, 1029.6908282647378
2676, 1014.785777086072
2560, 1014.7555950363914
2478, 1010.5930234634351
477, 1002.7779714133071
2706, 998.114727068093
2476, 993.7923337588115
1109, 982.0032640422942
3253, 967.1045302373518
2467, 964.0397925543484
2702, 963.8664639177891
2678, 961.3840480192375
2567, 956.9343735798933
2518, 951.7895578224267
3249, 951.6617482008228
2521, 944.1079827564938
2627, 942.6102493828116
2637, 940.1960335882691
63, 938.0948728716944
3257, 930.8332174710856
2504, 928.6596149402351
292, 916.9038703560275
2469, 913.8678838918419
2619, 902.081283849707
2609, 901.431041745913
1520, 900.8364072131913
2617, 900.0989296298171
81, 895.6311427743923
2661, 895.2538596544545
438, 894.6697574773772
2510, 888.244175210383
3326, 884.2712978399585
184, 880.6335279846788
2448, 877.308297792623
2631, 873.1102240436327
2542, 870.0887004159009
2691, 863.8749449313473
2474, 863.4393802338294
2502, 862.4849936844699
2501, 862.4849936844699
2576, 861.1356579227419
2557, 858.7046484632249
1300, 855.8521714513151
273, 852.0718428553629
111, 849.5369492274104
2699, 846.5573729326949
2667, 843.8941181881253
2614, 843.2074793782966
3357, 838.245653817465
2494, 829.7894413716334
3033, 829.3063371069038
2660, 828.8729089645454
2405, 827.0229171930365
2541, 826.7934662300495
2532, 821.0705277162999
3008, 814.1434583793095
2061, 812.3243282307366
2669, 810.708148626308
2457, 810.3935743257626
1535, 806.8149927111107
2659, 805.9852554823424
2472, 804.309540187621
2674, 797.8719920325942
2552, 785.2158418388984
3266, 784.3323716199199
2664, 771.638553799654
2598, 760.9432993043974
2684, 759.7032464801849
2970, 758.3750027922184
1664, 756.8472116137399
2591, 754.9802393840705
2535, 751.3829475376622
2444, 748.833148918001
413, 744.8339353366742
3301, 743.7521280038782
2537, 743.7294666541994
2556, 741.3852033522775
2743, 739.4463063166581
2670, 739.2656316001281
1051, 727.4380863696788
2625, 718.3042217882595
2092, 712.7810815221408
2714, 712.5280092803031
2037, 707.6870748585374
2565, 700.1991487567883
3100, 698.3685761029852
2440, 695.9411291117543
2634, 694.2106242010037
2477, 693.0453193901109
1847, 687.8241459420645
2044, 687.2840647669896
2760, 685.075264324697
83, 683.6549548222976
185, 682.5919611758875
2868, 680.3295592619934
3364, 680.2869372252422
2079, 679.8409220843048
2488, 679.4383812895994
3165, 674.8859584071478
442, 673.6413920289308
3361, 672.4354244335531
3260, 670.3236437304246
1559, 669.6733544409406
2727, 668.364593598514
2530, 665.1373770100397
2460, 665.1198788694867
3019, 665.059260434194
1165, 664.8262889684767
387, 663.8513223567
33, 663.2509762321051
2662, 660.6834181613171
2632, 654.5533892435433
1093, 650.7922965117849
3329, 647.2877713213209
16, 647.1109604958087
2495, 645.9075482391521
2581, 644.0215451334624
2698, 642.9727088545799
3251, 640.3046062933118
2506, 635.8976949846764
3344, 635.8622002911632
2479, 635.3849903997823
2522, 633.0982462588283
1960, 631.6268366824631
2665, 630.9112629298486
2499, 624.5121151246675
3180, 624.1308429835598
490, 623.5369819355623
2869, 622.9853341713196
2401, 621.5406646662036
1557, 620.7608440046623
2452, 619.6241778889577
3193, 619.3112188169754
2675, 618.4446583320274
3261, 615.5767243610483
2054, 615.0477666544231
2822, 614.3301292636421
1655, 613.586574559389
2600, 612.4962576696928
1519, 610.4878937503312
2704, 610.4447683472767
3113, 608.492776388549
2455, 606.682350863595
3282, 606.2166525212583
60, 605.8100065681909
305, 604.6805900315472
1530, 603.8573231902726
2707, 603.1479772128238
2496, 602.4530291379032
3262, 601.1879709880441
2700, 601.0273407730027
2692, 600.1818132435595
2519, 598.6177099026975
1045, 598.5001516989237
3091, 597.2418328547543
2538, 597.1541274046521
2464, 596.5930559438231
2644, 590.4689681226143
2511, 589.8000288826537
2687, 588.620827565284
1092, 587.7438808127276
2629, 587.2789448285148
78, 586.8419976854564
38, 586.3458429029488
2654, 584.9560372734527
2638, 584.4042228261196
2094, 583.2711581176245
2695, 582.7865609274802
2509, 578.6889023601366
2534, 578.5651958460584
2586, 578.1478840623668
55, 577.6610821544815
1652, 577.1940084507007
2821, 576.0983007918594
2492, 574.8213116496621
590, 574.0487084861659
3160, 574.0361608240584
472, 570.5433661018113
15, 568.12163982168
2462, 567.6663415747043
3296, 567.288571722046
3313, 566.4139101449816
2570, 565.0263393679237
2605, 564.3002066511718
3021, 562.9008321006785
2679, 561.2297460553768
2490, 560.1993448008635
337, 557.1675715573987
2313, 556.226026221681
2498, 555.4292085859854
2626, 554.1300590698404
1972, 553.4586837987848
2603, 552.3668725664274
2713, 552.0533050316934
2284, 551.4270942176015
394, 551.0835473450834
196, 550.7457962520284
2606, 549.8113985883514
2531, 549.531944382666
2623, 548.4293636449336
2035, 548.2053448601201
3258, 547.3555464297576
2673, 547.0420051836394
2809, 544.9918797878395
3195, 541.8420811760868
1750, 534.3198882088276
2484, 533.3552061629886
138, 532.2009436090004
2616, 531.4353930655946
2341, 530.9106377137199
2342, 530.7713567803097
2543, 530.3062779910675
1737, 529.5334392958503
2564, 528.6605849985976
1054, 525.2583356881787
2778, 524.1044106577142
2345, 524.0383207292322
2349, 523.5636932066511
2346, 523.445557852366
2612, 523.184188113994
405, 518.3992859905667
1751, 516.3560521204378
2693, 516.1242474619742
2980, 515.3634173206525
1635, 514.0328924308596
2087, 511.8889451933308
3007, 511.2323422764035
1636, 510.45786023587726
2528, 509.7985117466461
252, 507.98806106913725
2264, 507.6432490686476
474, 507.07225884097636
2453, 506.74377307848687
1702, 505.39299742715343
2475, 504.82921027421355
497, 503.8275058674326
2299, 502.2693557593485
195, 497.91798226511776
2655, 497.76039058628356
1674, 497.4887847539202
2648, 495.4573596603478
2461, 493.92995506113647
2249, 491.7478110309072
149, 490.8357137192395
1696, 489.5209493085635
2282, 488.7977244941849
2177, 488.20026508065223
212, 486.8049606831777
2589, 486.6883347446423
1114, 485.86991001229734
2397, 484.2132784582732
2604, 482.9368452576351
3094, 482.3347799852119
2049, 482.11510078063765
2226, 481.97077146653993
2456, 480.77891553560835
3254, 480.24273165200555
3005, 480.1778723217732
187, 479.8882547539642
1759, 478.4008772553908
2139, 478.1071057745047
2575, 477.56352683576705
80, 477.4719183361667
2486, 476.61727908949143
1727, 476.18613869464394
2184, 476.1451308025409
1649, 475.3489777517717
1648, 474.867774783273
2597, 474.4299015948214
1691, 473.48376726208295
1749, 473.3916772194911
1704, 472.62594839975765
1679, 471.53619693300453
1967, 470.7931802694099
3309, 469.514961251352
2185, 469.03430509270567
223, 468.54359009195525
508, 468.3312110411378
2167, 468.1298029518799
2697, 468.1273019313777
2924, 467.83809583373704
3311, 466.6075326615428
2726, 465.8448288912324
3231, 465.12667912710316
2485, 463.49637217544364
388, 463.3250584810253
1941, 462.2679759550235
2235, 462.17577075167657
2466, 460.19979683521007
2711, 460.03015501653414
2449, 459.8012822430046
2493, 459.03108310582815
1728, 458.01141532596745
218, 457.2535740837711
43, 456.44895088885545
1639, 455.1226567261587
2239, 454.983107036667
1650, 454.2733397988392
1697, 454.080443928974
2563, 454.0682612823332
1681, 453.7772165107203
1745, 453.57639760801663
2451, 452.8791511127471
2339, 452.6109459137853
3288, 452.39496025687964
3442, 452.1538396977857
3136, 451.20841234175975
1734, 450.7801480716881
2635, 450.7136751771026
2533, 448.9282595227464
3295, 448.65292691767223
2568, 446.4131352214288
287, 446.17206858715826
2580, 445.8713333428133
2611, 445.7540555120952
2592, 444.0840258750388
3362, 444.024772671509
2608, 442.8754959916824
2658, 442.86255515820994
3201, 442.3617386735029
396, 441.83283667230035
1706, 441.75108584728434
1637, 441.56816135084927
2062, 441.5632535203932
1657, 441.408348397383
3112, 440.33137786228986
2959, 439.9698036477989
49, 439.7115016630742
3323, 439.08286157045006
3097, 438.9090067408765
1724, 438.14684252332603
1633, 437.60658258965873
2204, 437.5886197704688
1047, 436.8674955055105
1699, 436.20403073928674
137, 436.12418165148523
2738, 436.09564621845743
20, 434.6204171155538
3232, 434.27632157654676
1671, 434.1129419749871
1743, 433.4963284395598
1629, 433.0743803458679
2527, 433.0679699102288
3265, 433.06695114461064
36, 433.04602558163805
127, 432.9378529384532
1668, 432.3107461804469
2681, 431.40457103796535
1754, 431.15338204910216
2042, 430.6377605247643
1700, 430.4648468834529
3316, 430.24270476195835
1873, 429.54297120604105
1891, 429.00864148091966
2283, 428.1707382994575
2646, 427.2412385969221
3383, 426.7549847175661
1730, 426.71539567130094
50, 426.59732949106916
2572, 425.72071125761966
1741, 425.69860334020274
386, 425.65914251953075
2601, 425.51877038303303
1645, 424.7556468000518
2668, 424.42653014417135
286, 423.71747470813443
2656, 423.09919283729425
1463, 423.0179509497359
647, 422.5550449283996
1659, 420.748654388425
2212, 420.74292898404184
224, 420.20797193537675
3099, 419.7371790477197
21, 418.9714053914511
1665, 418.83246008212836
1684, 418.8259963685054
1028, 418.69537209823557
1672, 418.55421708216994
2111, 418.099762436767
2096, 418.099762436767
1670, 417.9309580524567
2383, 417.86508238471725
2179, 417.6854681758659
2520, 417.450126600034
2683, 417.4230438968217
1861, 416.39452215051625
2561, 415.5483081641256
2525, 415.2584537983929
3111, 413.9471805395114
2712, 413.40203809356586
3020, 413.0585810158553
2652, 412.7440566721462
2641, 412.7295946633124
3347, 412.5049211858008
2649, 412.32859998821857
2720, 411.7848102746508
2621, 411.17687924547937
400, 410.6053572465097
3306, 410.5079750676031
2745, 409.97750705175423
1748, 409.2313033638599
3207, 408.83496250719793
395, 408.72555163428876
1744, 408.60265271689104
1735, 407.2335396798462
254, 407.13831854239777
2657, 407.0330485863376
1701, 406.9106247101771
54, 406.4561549806104
489, 405.86019125794473
2756, 405.3703314529819
681, 405.0054429066535
1631, 404.6387219337453
1733, 403.6531830220622
3130, 403.3758252529867
2051, 403.21418803354766
1716, 402.9009836155381
2785, 402.8730660608923
2340, 402.38409584578415
2814, 402.1248947250127
3080, 402.10035449700774
199, 401.41993540322846
2102, 400.80890909272506
2574, 400.67967931083507
276, 399.7297272866336
3066, 399.5918582317876
2289, 399.5402580890165
2624, 399.37771165103766
1710, 399.20378456206953
1966, 399.0996009868836
3279, 398.04283264070006
2779, 397.88604128798966
2107, 397.68752056840725
2912, 397.6813735812647
2653, 397.64721558452266
2497, 396.7496072661069
2650, 396.6788655897485
2067, 396.5317522698926
19, 396.0450795831
2571, 395.44498746653704
2390, 395.29619850224844
2293, 395.012261915129
3299, 395.0101148902194
2686, 394.9593251809793
3318, 394.81430002289204
385, 394.478997002282
1892, 394.10996021923023
1869, 394.0059157663515
216, 393.9194448288209
626, 393.0920110229762
226, 391.83949281434747
411, 391.3791000439956
1712, 390.7864501803024
3129, 390.6057550164061
250, 389.7781188171707
2710, 389.71316726175604
3090, 389.3107818703305
404, 389.3085828048567
2781, 389.2943963812256
3225, 388.9374031707894
1721, 388.8533728377643
965, 388.82300258468695
156, 388.76949793701243
957, 388.23159465240025
1628, 388.12977110643953
3255, 387.8966559799286
2694, 386.93069313440407
2473, 386.8761869161276
409, 386.6019267375812
561, 386.29802011718544
1692, 386.0037252295321
3063, 385.7457924025326
399, 384.7620188083086
3290, 383.93822255231413
3041, 382.8877574169128
2620, 382.83990570375045
3415, 382.73202427864334
291, 382.70781221201935
2690, 382.6215915103483
2017, 381.479957978789
214, 381.08125364605695
278, 380.905958765307
2030, 380.8576011279363
2853, 380.4249123623752
2101, 380.3620377862519
2536, 379.8694495753427
1630, 379.767288006985
1752, 379.74809415374955
2640, 379.67805492677644
1626, 379.60124872029115
1715, 378.94217803647786
2004, 378.8476394292708
1755, 378.8014435082572
1703, 378.79134625551444
3105, 377.7208179004857
2677, 377.4564918054625
2558, 377.21502862551165
3123, 377.166334835793
3168, 376.8109323321926
412, 376.74907042908137
3324, 376.5015664285487
2514, 375.8612106960709
3248, 375.36193384041206
3239, 375.32352719906976
3187, 373.7004986953082
2703, 371.9037016976724
2812, 371.7417694146147
398, 371.5366874868913
2758, 371.4563514485807
3444, 371.4434442587365
3183, 370.42064871846486
2782, 370.2012966106174
145, 369.9870654603997
3264, 369.98021148433537
1871, 369.51589332952005
2607, 369.2039826407556
734, 369.1864169233436
1643, 369.1147896906605
3352, 368.6370752040075
375, 368.6285844387163
518, 368.6200215478805
2098, 368.2625583920831
1968, 367.93231785999706
2152, 367.7557145803538
3150, 367.6556881180835
1858, 366.69359247058395
757, 366.62657205242704
1705, 365.30883871107847
2755, 365.28906874138505
1682, 365.2526439551501
2562, 364.9567367877931
2705, 364.8425923010073
2559, 364.654367314429
551, 364.45170924320803
1642, 364.25879362909814
1726, 364.233870358862
699, 364.0727715648503
87, 364.0149307158929
863, 363.57765927516726
2788, 363.51019679153666
1894, 363.1871551250481
3162, 363.01255254640085
2553, 363.0092355045173
58, 362.75030356965226
460, 362.6923036134099
1644, 362.5872924190465
265, 362.3533683572506
1714, 362.1505766332838
2696, 362.13604920689767
1739, 362.11519278783453
2610, 361.7402794934924
513, 361.6900060915523
2244, 361.60629113145933
150, 361.39601123868334
2816, 361.30970286639274
2524, 361.25438026467936
3146, 361.06120464258385
1536, 359.8930714488581
2925, 359.5840177051047
2780, 359.2924082108114
3082, 359.0312219064805
634, 358.8735353822217
2305, 358.52132252501633
302, 358.50258672091684
2393, 358.3555716295568
2784, 358.22641007785234
1971, 357.68339631135564
2587, 357.66612586860924
3184, 357.2824170326095
1106, 357.013475122622
1731, 357.00294403310477
1868, 356.3171741602614
455, 356.3021857676339
732, 356.0346954934054
2021, 355.7292592729794
88, 355.66559718925174
512, 355.2670405226594
2917, 354.9204201549627
219, 354.88457540582914
3314, 354.762921583445
2923, 354.3861195392119
1057, 354.38583718832535
2039, 353.9905709161428
2864, 353.7062224280545
1740, 353.1419181075829
2353, 353.0072578352261
733, 352.66985298765616
2671, 352.1638405003315
2823, 352.08475106184596
838, 350.7687640279967
1717, 350.4107364236278
859, 350.1244882660853
2688, 348.95801717359524
84, 348.8380540872403
2645, 348.79133267829553
1698, 348.41561481430676
2008, 348.41525275561656
1756, 348.27128452875354
966, 347.85583715172595
1647, 347.49203647460155
1875, 347.48018773827613
2742, 347.271514289513
1104, 346.6203637222933
3354, 346.6077070859005
2566, 346.49988795361867
2824, 346.43382449253124
2442, 345.1664577990481
2721, 344.77836452700376
1185, 344.4264275275187
643, 344.38611106537456
1232, 344.3665868516201
1048, 344.1651610118884
3120, 344.017150142817
1258, 343.05613117452464
3147, 341.9257490775021
42, 341.7801228817861
3134, 341.0400709982005
2287, 340.7650559374123
439, 340.6596085971667
491, 339.8776450152034
281, 339.15732112839476
1231, 339.06515251542754
2338, 338.5789341671441
1695, 338.1049289046879
1874, 338.0177256457487
663, 337.9564203626307
2508, 337.71510320907305
679, 337.0971626288671
1641, 336.50270915906054
3284, 336.4389441394369
3443, 336.4025202311313
3200, 336.3927470492825
280, 336.35074381254594
2491, 336.3001120252309
3294, 335.6101872207682
1879, 335.4846797631821
2948, 335.4366403969314
2217, 335.1559964045798
1171, 334.6893355925041
2002, 334.14910134019465
3243, 333.68483619941355
3289, 333.6761666673822
73, 333.1946287466809
298, 333.1041084817445
3312, 333.05395676796286
748, 332.6525966820337
2104, 332.56972835952985
1729, 332.3406235551291
473, 332.1662867551075
655, 331.7593409401093
2240, 331.7356865042639
649, 331.2454434872367
2583, 331.173224129848
2505, 330.7474144673745
1625, 330.6279372861139
3304, 329.95748030341065
282, 329.65856590911767
3186, 329.5555072684597
408, 329.1272380870692
1708, 329.02333779396884
2666, 328.8227126986749
3197, 328.1228617831197
301, 328.0703777752504
3206, 327.48506155484904
1238, 327.24024294382025
427, 327.0633840515746
2258, 326.7849435002286
613, 326.7571439953096
3039, 326.45807766703774
1439, 326.3138817775896
3380, 326.12423234538795
1627, 326.0992245048293
2793, 326.04210832727534
3040, 325.8527324414969
3327, 325.75932949152894
2454, 325.69001470883995
2048, 325.60419858513285
141, 325.39303103309487
2203, 325.36381865756823
1718, 324.683785587836
2003, 324.5379601505513
225, 324.46660911018006
1877, 324.2339135491179
2789, 324.0294066449575
2513, 324.0261553080618
2288, 323.8408181329309
3101, 323.8040077187631
3095, 323.7005576068271
2404, 323.33825844201743
1722, 323.19871712701865
2651, 323.1609820723941
35, 323.09137130892873
3163, 322.71431162466706
3211, 322.7020065900603
1747, 322.66430705652783
1685, 322.1142341335218
1646, 322.09324307555136
509, 321.8559941052731
3143, 321.74715023430497
300, 321.675964673238
3194, 321.62152018370335
3062, 321.55557832209337
3350, 321.0835524232836
3059, 321.0617035379894
3305, 320.98925220227335
1725, 320.9387782337189
563, 320.6258999372739
2072, 320.5015878353516
3433, 320.41158818552725
1970, 320.3421606355615
3144, 320.24291570744094
57, 320.06797325747124
3170, 319.64760579130393
956, 319.6295687286627
1121, 319.46707138968543
237, 319.34242461473656
2379, 319.1094727685513
294, 319.09671758585955
1669, 318.9238420293116
3204, 318.9014354533714
134, 318.8191227283095
1122, 318.2604868257112
379, 318.25176293543683
3384, 318.231652465535
255, 318.1415446722577
2280, 318.0347333350213
2808, 318.0308650413961
3432, 317.97972461686936
678, 317.94357156459324
580, 317.86011601846707
1746, 317.6714418717584
3092, 316.9974039580083
654, 316.7595048213922
2736, 316.12486996905426
1687, 315.80575395614744
3278, 315.6194204512584
680, 315.50571529491503
1024, 314.86802986991506
2630, 314.7130074462066
2951, 314.2252521860743
651, 314.0089679707129
3241, 313.7227892162786
3336, 313.5730042397982
1738, 313.40383426942236
3133, 313.2433638803118
2106, 312.82927985744095
1677, 312.67055772591084
885, 312.54074352797915
2385, 312.46536568580666
85, 311.90949686262434
445, 311.70537206491275
1084, 311.5710788609052
895, 311.084608903554
2749, 310.9929349000147
285, 310.7392200162392
1049, 310.6651456184667
2093, 310.13904576105335
2483, 309.28795160096735
3178, 309.10583518182955
1002, 308.9438441904621
228, 308.93488626979484
1742, 308.6809420070765
3413, 308.3321467942102
2314, 308.02847884261973
3246, 307.3556511123721
2931, 307.2469388958389
2034, 307.2244213144652
1720, 307.1778389458654
165, 306.7943156345733
77, 306.6364239225655
2108, 306.48656921053873
555, 306.47746646078957
3171, 306.4241194731596
376, 306.3720507548703
2795, 306.23830313958103
2741, 306.11414815627404
3192, 305.5224218973898
275, 305.435962389453
3439, 305.3545094924137
2005, 305.28167916405334
3274, 304.9905252773927
381, 304.9152513744506
2811, 304.7319384618265
1244, 304.2092903867009
1033, 303.5151038942316
611, 303.48147144010323
194, 302.7332829574686
2391, 301.8452684085595
47, 301.81292413948375
3315, 301.59173281170996
198, 301.4710589485222
3199, 301.2077960659967
515, 300.9198783262034
2238, 300.66090204070025
670, 300.62174915464664
2343, 300.5693228279714
1925, 300.48731946458963
447, 300.38450452381136
44, 300.37169380184065
3050, 300.3143452168802
2041, 300.29994661356596
326, 300.204505060739
406, 299.5060960687132
2810, 299.49673951262855
140, 299.4352543739685
1771, 299.17438617306783
143, 298.65077665577184
424, 298.5977217728486
3051, 298.53477075103945
1205, 298.52809638876334
1666, 298.3442212252539
1249, 298.25911486652393
389, 298.1826372776546
3084, 298.0617684349353
266, 298.02052277226943
1243, 297.33542461796213
881, 297.03491195768714
393, 296.76099738193136
74, 296.5954567123533
1913, 296.5685510124375
82, 296.25434422496954
1854, 296.00329819518095
1707, 295.6669374709214
3151, 295.2382673010395
1102, 295.0905964825899
3259, 294.19189104471684
1162, 293.95399623114594
2025, 293.6003843646206
2294, 293.34357176343264
222, 293.2765441255669
402, 293.09476505616004
3071, 292.7745818345814
2286, 292.7536798652738
2871, 292.36672661905243
685, 292.34543440509276
607, 291.99699123781113
3079, 291.7627653805787
1732, 291.72206951938807
3213, 291.63249898863324
562, 291.5953763330781
1680, 291.4521720326676
3287, 291.2625849216749
3435, 291.2204052439476
3083, 291.21910915188977
2981, 290.9748820598202
816, 290.79667220175253
56, 290.7712799898098
1993, 290.2578344323369
2218, 290.2299563628506
2549, 289.8873195999406
3176, 289.69668577165413
2723, 289.4577620349375
148, 289.3075549490844
34, 288.5946697801687
274, 288.56136522277745
1237, 288.0170318674348
217, 287.7317493024492
2768, 287.2561131459662
1381, 287.17291824429213
1914, 286.91959102798364
2084, 286.79346512208684
1686, 286.6904636121026
452, 286.5489602355135
2307, 286.3927952641797
1235, 286.0389904872021
3209, 286.0208014643895
1082, 285.75167833406385
1859, 285.433052851813
2272, 284.62704816930074
191, 284.5874025200765
2546, 284.58031696246724
2020, 284.31676385635365
3297, 284.1288033396775
1087, 283.876011364608
206, 283.6046882893757
3293, 283.3329196844186
862, 283.24140011045125
468, 282.9799248368561
52, 282.9087289824506
1461, 282.8878378752787
1221, 282.6927072556305
495, 282.60268987243614
1159, 282.51049851243647
676, 282.3098483371985
288, 282.2936853299234
1910, 282.04612593659135
2988, 281.8191405642947
189, 281.68754155236644
1100, 281.5346686706412
2045, 280.88209154646756
608, 280.6829525798708
2751, 280.61015128618703
1870, 280.55973046282674
1853, 280.334875087284
1880, 280.1650365851685
1863, 279.6409516913191
2940, 279.44163495644165
588, 279.2863142341925
126, 279.10549008058666
2259, 279.0308412519559
1675, 278.84152656519655
2622, 278.71365950107696
861, 278.6748518570409
1515, 278.5300556949038
1105, 278.3621214003098
2257, 278.3235000611757
372, 278.15539498727657
2802, 278.13454537110226
2419, 277.9912483891816
2773, 277.9119195670003
425, 277.77357319053954
650, 277.72842351417034
407, 277.7127570878454
48, 277.2369187246626
540, 277.0777681634353
2929, 276.8524931260395
479, 276.8131058203195
3159, 276.7948479435066
2013, 276.7094408507802
521, 276.5675135591638
913, 276.20066292272435
2920, 276.12385928075525
1050, 276.0815764602199
433, 275.857238427765
906, 275.82767870718953
2722, 275.33337997897536
3348, 275.3007175086578
3292, 275.217435901485
3093, 275.06589659855615
3440, 274.8449761427597
51, 274.6498912663251
2291, 274.649572506261
1443, 274.5132632604188
470, 274.3049988326352
2076, 274.3027756709594
2922, 274.2801898700968
1058, 274.27983163305083
1434, 274.21429532602946
1433, 274.21429532602946
3245, 274.01789610390057
1516, 273.79363908537414
2928, 273.4989764330916
193, 273.4647456631577
415, 273.25723203178273
1611, 273.13096424564066
485, 273.05304059426817
2027, 272.9842003882371
3276, 272.86166972608464
203, 272.76203466358254
738, 272.71622336931637
1893, 272.6936710702693
2507, 272.6424849927795
2776, 272.36276695972145
480, 272.27886871041414
2748, 272.01841773527696
1758, 272.00611221815836
1587, 271.97491188551027
3042, 271.9684404930372
1850, 271.9493544434199
3283, 271.60304650938144
2078, 271.5352860412395
335, 271.26408414190263
1256, 271.1298037344809
401, 271.1280492170977
3110, 270.937940399137
440, 270.8480969647507
3057, 270.7662081405203
435, 270.67183522989393
3098, 270.5614841772461
3244, 270.4948619782406
3208, 270.4869654747734
2825, 270.1251533809717
2224, 269.8024212383913
1770, 269.4858487061502
1029, 269.4277976515924
2820, 269.2798096601354
147, 269.2687436285058
2019, 269.0809114763012
1077, 269.06444151349
3226, 268.9792571449754
173, 268.5287950109143
2032, 268.1610264111127
548, 267.6350856506721
2744, 267.37434414244245
1204, 267.33520206823994
2817, 266.6760553760177
583, 266.5580465738814
534, 266.5043280822679
328, 266.46467772559873
3185, 266.44512169496676
3300, 266.4015792964013
2091, 266.38001207596363
2109, 266.3225784567902
496, 266.1706679416501
3173, 266.1610594725782
2029, 265.9084443480269
2767, 265.7142179056048
2734, 265.1961635977663
1063, 265.19344361945497
204, 264.69726493535916
3056, 264.6330402034866
449, 264.55797536096094
2965, 264.53513783821086
2759, 264.0916483141522
3006, 264.04300736790276
795, 263.84956972732175
488, 263.76451466135615
2083, 263.3079102877862
731, 263.0693852358735
79, 263.0615774550106
1111, 263.05779910611784
75, 262.9174713529728
464, 262.72192339066305
2863, 262.669406580856
2757, 262.3430272247029
2296, 262.16211714682106
466, 262.0903544854252
3386, 261.9799236412583
130, 261.91932762812087
1158, 261.812930953744
3214, 261.76174544135193
451, 261.65804262328027
3175, 261.5448507412148
299, 261.3707766139609
3190, 261.37029435525994
3298, 261.22841902253833
3281, 261.1786533638864
544, 260.9659849443673
2026, 260.7312668753545
3424, 260.7001943565829
1513, 260.2420461606659
2987, 260.1566978100913
1098, 260.086123633257
2416, 260.07069421517383
3285, 260.0371389178584
1517, 259.7726506862393
3447, 259.2426264822463
3128, 258.95193830399904
1172, 258.74423034348405
365, 258.6486380492885
2774, 258.3287629084788
2766, 258.29430142992663
677, 258.1917737472289
297, 257.7876988588119
2381, 257.53606502692855
208, 257.4301024257767
2926, 257.39726616489816
3174, 257.3889513568821
1142, 257.3506153506346
2210, 257.26128074570653
1690, 257.2490639853683
2786, 257.22845448366866
168, 257.1018805361513
3434, 257.08580442561754
1502, 256.9142482303844
331, 256.88398380339373
1140, 256.7116200736262
1259, 256.6296934736196
2024, 256.4375606828652
475, 256.0860247769701
467, 256.0763764753667
914, 255.70750391991962
1604, 255.67203069424383
441, 255.48454757407796
2263, 255.32469394332432
2278, 255.16637592846973
272, 255.06885513639318
2016, 254.69985998211484
471, 254.62972405705764
3202, 254.09054108194877
1991, 254.06786180892627
3182, 254.05374780884372
3212, 253.98979297871793
2790, 253.7809846426322
129, 253.64551601118274
142, 253.6276003507273
546, 253.57694665359256
380, 253.56244501990273
3149, 253.5292667419981
864, 253.41712532225333
1997, 253.1722589876252
46, 253.08476494980613
1459, 252.9295556392644
3404, 252.7657484469429
2300, 252.69918305911997
37, 252.60985514776866
2937, 252.57128838887635
1081, 252.51960980928905
1995, 252.50873996496065
478, 252.4587294942313
2011, 252.44865094806948
3172, 252.39675199724493
3445, 252.36092545702013
773, 252.0201550607407
392, 252.01324799764396
1980, 251.58315425395892
2389, 251.47855150511518
3032, 251.45477499710134
2261, 251.37543367039925
1912, 251.01610401636918
2285, 250.98470607035117
2103, 250.85145055793848
3065, 250.6690332059394
2952, 250.66666333659055
3203, 250.61092411038703
1466, 250.1025988776391
832, 249.99562023790656
410, 249.84318939085045
2059, 249.78282778824342
2075, 249.67648521555873
1963, 249.5691135033293
3205, 249.0619430968836
2354, 248.95651962544628
2872, 248.9074935003225
1432, 248.67506367299234
3189, 248.39580937094843
1252, 248.25015150592512
332, 248.03942874281768
2921, 247.97203546682158
3010, 247.8963994307149
330, 247.71378543750254
303, 247.55498749945184
3210, 247.4471995819703
483, 247.3135852648219
852, 247.2576086967757
152, 247.20166872038533
2086, 247.19949659794426
2415, 247.19864910953453
1090, 247.19102167913599
3169, 247.11678254543853
3426, 247.03981637339547
2927, 246.7993286941935
1521, 246.7260227240864
1233, 246.69709317124656
2746, 246.654889600142
642, 246.62645839932392
669, 246.52956282743057
2764, 246.51060484891693
1076, 246.47108088577755
2006, 246.1469760765111
378, 246.08913780074033
453, 246.0089349223496
1851, 246.00795386946774
2989, 245.8838032406294
2088, 245.3789290999582
2772, 245.368848202254
2963, 245.16047975905747
2911, 245.0695810868412
329, 244.94540691761065
1975, 244.86585059701412
3167, 244.57314485775734
2018, 244.54771108018298
1581, 244.49975918671785
428, 244.26132705442967
220, 244.22976613187953
1032, 243.99777508603609
2070, 243.58576860789648
2737, 243.51082163616738
3389, 243.26917465623674
1848, 243.09021683391936
213, 242.89609980474904
3403, 242.87143994783207
1260, 242.58375040413904
333, 242.57704801092652
437, 242.26012170412548
3142, 242.15833092871222
2306, 242.095824257793
860, 242.01622528271065
2055, 241.64628239754776
175, 241.59222368764821
1177, 241.42005581174212
2807, 241.12770554799823
2964, 241.09076809597602
3409, 241.02551107864622
1215, 240.85803544057802
1456, 240.6320459759233
1184, 240.4973466178635
3379, 240.38062811934284
2050, 240.06609662235653
3341, 239.8398082170962
1026, 239.56407774841287
2938, 239.49523908773062
3191, 239.40336415921985
295, 239.27900624234087
494, 239.23408865751662
293, 239.1067087423342
3069, 238.8142167812148
3275, 238.77874943738067
2298, 238.745467111321
123, 238.58028524101155
456, 238.5587348361566
501, 238.54993769303329
180, 238.51097425319816
444, 238.3800968716018
334, 238.3680383461906
2348, 238.32769080308447
100, 238.26587609102947
1533, 238.20338996254955
1228, 238.19721602656088
1994, 238.19160559059412
2740, 238.18526719313255
1071, 238.153842835846
202, 237.90619175859547
539, 237.71490697560026
136, 237.7134387333406
2424, 237.70934680124702
2791, 237.67004478129536
482, 237.6663107604986
2308, 237.66196326149196
3054, 237.53667271192734
557, 237.5061467331525
158, 237.18064639187457
200, 237.07536690588168
2352, 236.8824330247876
1583, 236.77744659655937
2015, 236.5794593256127
3401, 236.5186543019512
3179, 236.2882992160438
284, 236.25253027327662
3302, 235.8439357785444
2265, 235.84078871358238
1585, 235.65583411543005
2274, 235.64851482443112
1964, 235.30164290435167
2394, 235.1508038227346
1239, 235.14441397442226
2053, 235.03033836061059
3114, 234.84668014262817
170, 234.83657423513657
2986, 234.72175218452853
98, 234.69033426793774
2961, 234.4276184171342
3388, 234.32741908751146
2252, 234.30193108430714
1132, 234.23921896002483
2933, 234.08964504152348
221, 234.00452225232857
2735, 233.9809316701122
1072, 233.8507212276781
671, 233.76894819024312
2022, 233.762894395445
3135, 233.6688049303359
1143, 233.63485472745154
2777, 233.5973093806868
554, 233.56078479566528
1173, 233.54086257628774
3107, 233.3358395556045
207, 233.2751753035363
2962, 233.24892139162316
1075, 233.15063120512954
2276, 233.14960668597774
1234, 233.034071913128
458, 232.40301582773728
3419, 232.34984709726967
1086, 232.30150739123042
3148, 232.18422121221639
1161, 231.89982867058947
1110, 231.87188547003922
368, 231.58664097360625
188, 231.48757717968738
1448, 231.19765708736645
1603, 231.1964145436413
2277, 231.19409538603222
1610, 231.1384168633254
2267, 231.07433149023754
503, 230.97523799320078
3118, 230.83496885017385
3046, 230.82164082463757
3437, 230.75901929058966
3247, 230.74182181499825
3385, 230.67490400896634
457, 230.6591742332399
2302, 230.44356080368823
1624, 230.41710257337175
211, 230.22048193451226
1584, 229.90141052073508
40, 229.7753218580076
251, 229.77463719006857
39, 229.72319122844414
1040, 229.52411085542212
296, 229.38680553644483
263, 229.3500773201148
169, 229.26542035662183
124, 229.11912469113543
1126, 229.03910542764007
3077, 228.89831966911748
3155, 228.73164439029912
1230, 228.72774843047173
2380, 228.44579287400325
535, 228.11450255536187
3055, 228.10069668368055
2099, 227.688734863974
3089, 227.65259065681082
2792, 227.65132054053586
2310, 227.44888871152443
432, 227.4447221654279
2939, 227.43665262561618
146, 227.393262527281
3070, 227.36536971195324
3370, 227.28088131822827
3303, 227.2601619087159
1651, 227.1500841374468
71, 226.9329096122206
2407, 226.8716892977047
505, 226.6776428099435
429, 226.5622131779586
41, 226.50690857727875
3072, 226.33689726280136
1911, 226.21151009819667
2033, 226.20556168243925
1187, 226.10958248677147
1066, 226.03191626888525
159, 226.0315266863488
1676, 225.9321705052119
1166, 225.92254665075103
289, 225.81025859586254
3317, 225.46934175341053
481, 225.1378792978133
736, 225.11160365161845
3382, 225.0085509999044
3108, 224.98600828132842
153, 224.97991742975273
1203, 224.80342473060384
1119, 224.7443762903403
2223, 224.74190691511993
3181, 224.6247764340439
1129, 224.61330453370414
3049, 224.53330238448368
3277, 224.11493556480892
227, 224.06741576345303
1450, 223.94533021324395
45, 223.94497881970858
3331, 223.92987084353038
531, 223.91200769718034
2071, 223.83605940819095
3340, 223.73830856310977
174, 223.73087831733247
2382, 223.6985022286914
532, 223.57375464799938
3408, 223.48878895568498
582, 223.20506407229422
2548, 223.16137766968552
1736, 223.03470495915002
2105, 222.99359668145573
262, 222.82109162446227
373, 222.77547497090777
430, 222.7203290554773
3353, 222.59569402072933
448, 222.4866782210064
1117, 222.3913174785581
157, 222.3587190353963
3227, 222.35414317977632
1027, 222.18072037393745
454, 222.16315380434781
1531, 222.10286882682593
3058, 221.8897547825722
556, 221.62867000641026
2783, 221.27494350207476
186, 221.02968236035466
119, 220.64607969911245
336, 220.56623299867513
820, 220.38403276788762
1247, 220.25921796952576
2260, 220.25183103357
1452, 220.2231522159717
3381, 220.1458787442673
3436, 220.08343365985243
2100, 220.00747465255677
1248, 219.97268449761356
132, 219.95201442672578
1865, 219.83811550737587
1444, 219.56231711582592
1089, 219.40341336562065
1030, 219.30505513033617
2763, 219.17170574908786
2266, 219.16113180884318
2312, 219.00008736754637
3423, 218.9495949660401
3166, 218.9489231257705
3407, 218.91255561645264
443, 218.84343516578278
2979, 218.82343317764628
2301, 218.78450126113944
1060, 218.75798986688793
2968, 218.56682803903558
1263, 218.30738073524003
2818, 218.2866475250767
2941, 218.28470234814645
514, 218.2296930211944
1035, 218.16016695998653
2918, 217.95676089417822
2292, 217.89914994671742
1590, 217.63186422099812
737, 217.61706938350716
3064, 217.55156843812608
3405, 217.45009778193327
1219, 217.41058988623018
161, 216.97247366634204
2297, 216.7502457036216
1218, 216.63443666295456
3373, 216.53606470725305
1437, 216.4380446159925
469, 216.33907663886643
1973, 216.2643566148336
1094, 216.21495792862407
1689, 216.16538674155274
2069, 216.06681431211115
1074, 216.02376420446905
1442, 216.00492245869353
2386, 215.96054134075908
181, 215.94675571582601
171, 215.85483986589173
1811, 215.84456599113298
1085, 215.8095139769967
2754, 215.79172540302434
530, 215.7523897066169
2934, 215.7304875681794
2973, 215.5562993677508
2056, 215.52982880326797
2990, 215.26028444105373
53, 215.12299059215098
423, 215.00869154682766
1200, 214.60630025933992
414, 214.48143624911344
2398, 214.47063329980315
2969, 214.42861872470522
2068, 214.39503026098285
504, 214.12265488160517
3369, 213.9748160342963
1091, 213.88842558166402
2309, 213.82913785665824
76, 213.75165922451
3119, 213.43361934985558
1876, 213.4098797514169
446, 213.38366443721142
1202, 213.31397730050423
550, 213.27253307599582
619, 213.25898141003304
2110, 213.2527581733054
1462, 213.23661303016
2966, 213.2066724253184
462, 213.1768396824234
2271, 213.16453924644964
912, 212.94688272807403
2315, 212.69023903590008
384, 212.58918792805662
2733, 212.5833624586726
163, 212.56456781773772
3378, 212.522953769145
2803, 212.39149515242
1193, 212.38204663470978
1124, 212.34127256787937
2388, 212.3000525770327
2958, 212.15570049344478
390, 211.90054527804614
1241, 211.82476349421728
1113, 211.80004870758475
3196, 211.74700628713853
1128, 211.63729765282415
1849, 211.5030183203484
151, 211.34800464053725
1978, 211.25419820512886
2985, 211.20768134851113
487, 211.17930284087092
2747, 211.1261570058471
2279, 211.11182397870772
2954, 210.99017457195342
176, 210.94112537115507
164, 210.81459343727892
1169, 210.7874211569198
3416, 210.7374951894502
1183, 210.71678736665038
3402, 210.66073109174826
1445, 210.6336651693698
139, 209.9387679268836
1607, 209.86398547966752
264, 209.7250068815223
1979, 209.618868229371
1464, 209.47154442828943
547, 209.4556467367719
537, 209.36058235993758
3086, 209.28271596136943
1429, 209.27334202064802
3371, 209.16302091790558
3339, 208.8656807119405
3106, 208.766576932799
1245, 208.730371846886
128, 208.20528220272718
162, 208.18704865901893
283, 208.13428276984348
155, 208.10582523872804
3073, 208.05169121482277
3429, 207.9951642245005
2337, 207.50317500709716
542, 207.4718398086994
3061, 207.46925692136517
197, 207.33429244891894
1031, 207.31468567202253
538, 207.08170412954215
3286, 206.99587268557204
1299, 206.8506280541475
1043, 206.7961306409609
502, 206.31957193777933
3418, 206.27535252296315
154, 206.0877189580194
476, 206.06460713581288
397, 205.9769597747542
2819, 205.85819307522934
377, 205.85340234513913
3291, 205.83113979168
3334, 205.79494362144624
1236, 205.61643580566846
2009, 205.54769058105808
382, 205.32418536078112
2753, 205.21672056787168
1083, 205.1994674025316
2957, 205.05556084882414
2311, 205.02518358744763
1115, 204.97599132336944
178, 204.89723519124428
1451, 204.78089681574872
450, 204.68162994450387
3280, 204.49344607795712
1872, 204.46998312403042
1753, 204.45686296319894
1145, 204.4268241771231
2715, 204.3196664033154
1179, 204.17302449018734
3125, 204.09662200353415
3048, 203.9073530837866
2303, 203.715525635386
3421, 203.4425785938438
1025, 203.39471522926954
2862, 203.0772474786527
1534, 203.05905767506076
1852, 203.05739220715333
383, 202.98437984212697
215, 202.93303312445147
1465, 202.78181554239907
1174, 202.7480003339778
1856, 202.68189962005428
3395, 202.5479225138033
1041, 202.31164011534688
3153, 202.17966941883813
1042, 201.8972979716386
1867, 201.80424160047397
3425, 201.4234268604723
1212, 201.40766509929918
2798, 201.29803643924643
851, 201.20499256595835
1866, 201.12027351994075
2717, 201.0359275881522
3410, 201.0070697471001
426, 200.8665946305101
2919, 200.78444454512314
201, 200.72272636839335
1857, 200.69054952138043
2765, 200.48952563473853
1608, 200.46358556888873
1214, 200.29578435774272
1301, 200.248667161042
552, 200.09082964676318
3047, 200.02239938167213
523, 199.96181090841716
1449, 199.65783653215578
3393, 199.58882684072216
279, 199.54456961672855
2417, 199.5035705566149
1088, 199.4636264212994
3078, 199.40479532521317
2797, 199.38376891979027
3028, 199.26913208332743
2073, 199.25747252822657
543, 199.23778738910502
549, 199.19204307308468
506, 199.06255907534043
1144, 199.05572285390488
1589, 199.02659541396378
1760, 198.83801523961782
210, 198.8215706374814
3396, 198.71516662520824
1586, 198.70601652749318
1226, 198.52631585544054
3139, 198.38785969099513
1683, 198.35447711676065
1600, 198.25331803603837
463, 198.11222698392527
2813, 197.95057313178717
1761, 197.9213339788029
2975, 197.6202311322435
2974, 197.6202311322435
1253, 197.52284595998742
2269, 197.41774126356398
2408, 197.3965945643694
3333, 197.3562672450719
536, 197.26470311867604
1688, 197.01849965744768
3332, 196.55672410043607
3132, 196.48682173934827
3372, 196.46969444778048
3003, 196.46686120686016
1855, 196.41511426488162
2978, 196.3911823187388
3198, 196.3494561682294
1096, 196.1286306225016
2730, 196.10416983983276
1069, 196.03536244858915
1101, 195.8037732427986
2769, 195.7211244896605
172, 195.65605908205282
1662, 195.59737285277146
1130, 195.35077029538738
1099, 195.04927522459437
2752, 195.0391092718866
1961, 194.98124006785852
2983, 194.87942076480857
2, 194.85463328121836
1660, 194.8270318193144
1974, 194.75576486026807
2396, 194.46804074086523
131, 193.86630636593782
2794, 193.80826174296823
1229, 193.75339706787275
431, 193.72877935971317
1095, 193.5140856458375
1112, 193.4601852655419
2080, 193.39409761836427
3412, 193.32971239513023
3441, 193.1561912718349
3131, 193.09030097042367
1678, 192.98794338272666
2392, 192.85514405864376
3420, 192.82442611338493
1447, 192.7657539262143
1067, 192.60951169208224
61, 192.35642292392544
2290, 192.13620610393508
91, 191.79147992133412
2960, 191.7023699948162
3342, 191.5652914995914
2387, 191.39122324572696
2409, 191.27086650829835
1147, 191.15097644844778
1148, 191.12831758244343
3004, 191.10908651160685
2943, 191.03019671176682
1139, 190.99522745301883
1199, 190.6456138343783
2014, 190.49467751891416
1141, 190.40253277694202
2413, 190.33398193130722
3367, 190.22984635216994
1125, 190.11500712113155
2955, 190.06964797319557
1070, 189.93029200493362
1262, 189.6221999332494
3375, 189.5138907699683
125, 189.1760179662453
3115, 188.71121924835708
1773, 188.70456598890024
1596, 188.5921452182826
3366, 188.50719118592207
1430, 188.35462510579876
1254, 188.27050197425456
1217, 188.23366932773177
1438, 188.03532612997276
2412, 187.89602649606536
3351, 187.57024313772118
62, 187.52897750809186
1436, 187.46412723090407
3117, 187.09858237512472
2304, 186.91927990740368
499, 186.742715104179
3414, 186.67508287465128
2421, 186.64996939327847
1059, 186.60390710138626
1860, 186.51220046113076
3141, 186.3031327158425
1154, 186.20522789060138
1667, 186.1932355180952
3399, 186.013869518971
105, 185.93018483771297
1597, 185.787277769052
1137, 185.75235332618402
3154, 185.71574242499696
1257, 185.62426623705466
135, 185.58430925929957
545, 185.45339900658612
2065, 185.4427234628505
3398, 185.369872839072
2356, 185.36592098638468
3322, 185.26481375778144
261, 185.25023811253718
1160, 185.1027583979359
177, 185.03169790310687
1209, 184.88918220678406
66, 184.7964864906308
110, 184.7770345512065
209, 184.77588693029458
3335, 184.59437403972046
2771, 184.48985188291178
1593, 184.4458042998604
486, 184.32188505792286
1446, 184.30395760344356
3158, 184.2475316486662
3102, 184.1826140022415
1175, 184.16021991737486
1242, 184.0792610007386
2815, 184.03698178678076
3430, 183.8939001621985
2976, 183.84704162068473
2028, 183.7948332071527
1881, 183.76775065585804
3377, 183.5483492167872
553, 183.4872562187487
120, 183.45246738776652
2930, 183.31757585429315
1298, 183.28829977308183
1149, 183.1991351170582
99, 183.18769833161593
1213, 183.05118598391851
2870, 183.00106767671068
2716, 182.94619646588882
89, 182.93624932386652
1097, 182.93035738615396
1227, 182.8485886363359
2406, 182.75285494762923
498, 182.75216500817942
114, 182.38142809915337
1116, 182.37797757089123
92, 182.35458191641584
533, 182.3320867331744
3103, 182.31185282682685
3394, 182.25804532729194
1206, 182.16775242174265
1182, 182.088854301794
1431, 182.03953122441547
2800, 181.96444546066428
3081, 181.75403896911737
369, 181.6728886158146
2344, 181.6595186673915
391, 181.6076580053501
1711, 181.5838748124933
1188, 181.45009612579491
192, 181.27026863866934
1208, 181.0881264829262
205, 180.9990417122974
3397, 180.98353996976573
492, 180.91039599023927
2796, 180.89524726421038
3400, 180.7775646879834
3053, 180.74812462226822
520, 180.55184046294562
3076, 180.44745769262485
1201, 180.44579443090035
1246, 180.28137891089202
1435, 180.20638124559167
1251, 180.13637700186578
106, 180.04472375828848
1181, 179.86576700398206
2967, 179.6498323163398
1261, 179.63599306585903
2719, 179.5783973833329
3124, 179.52271035610116
1176, 179.42211986719167
3109, 179.223913679693
1998, 179.18081124208928
1197, 179.17539682352856
3087, 179.15701846860497
3157, 179.11191947451005
2762, 179.09870332523843
3052, 178.99095717508717
3156, 178.98008559883505
2268, 178.91354599830132
2873, 178.84022032071252
3152, 178.72891200847909
3067, 178.72446366942063
2007, 178.66751718342678
541, 178.61939224958294
3074, 178.47966285190859
1250, 178.2077065237774
3330, 178.16725636462073
133, 178.16182702161868
3390, 178.15396140364746
1514, 178.10091602293443
1196, 178.03935384316435
3338, 177.97045492299978
338, 177.94336241407132
2347, 177.93491727960486
2023, 177.9285238758083
511, 177.852939029249
3104, 177.82544312464472
3088, 177.69625749974264
3096, 177.56487143457812
1656, 177.5327319511298
2977, 177.52084031908396
3075, 177.48469428011003
403, 177.37823375876798
1107, 177.3558590563551
104, 177.32566795908403
3116, 177.21812359201076
1127, 177.13572398324354
2411, 177.11091741966905
2770, 176.9775442160809
113, 176.95754555226077
1167, 176.95322722806475
2761, 176.95169251410917
1222, 176.77525336556582
1195, 176.63303540643898
160, 176.6302725505522
1223, 176.5627547014346
102, 176.53040511385646
3355, 176.35016514174984
1136, 176.28619043220255
1078, 176.28485632098796
3427, 176.26080905813595
1170, 176.18531238891663
304, 176.1348010764411
190, 176.06126985044136
3127, 176.01642473552175
2982, 175.78886088371434
1133, 175.571685052359
522, 175.36335964338463
3060, 175.30798177079987
3337, 175.09947445522837
3328, 175.09741656142035
1225, 175.0686733510665
1131, 175.03072103810794
3138, 174.8904479289766
2984, 174.8233651277594
1441, 174.70549791398028
2273, 174.68290969406053
103, 174.62859498582984
1460, 174.6087908113476
1108, 174.51386054552498
1163, 173.81416452700694
2551, 173.57288568537382
3137, 173.497569673009
2350, 173.07099781155125
434, 172.94699691026352
2378, 172.81182164105576
1224, 172.68723803990417
1168, 172.67150438406895
1138, 172.5995911519282
1658, 172.5841622455985
1713, 172.48377938928292
3406, 172.41711229070359
179, 172.30889515676557
2799, 172.2403185352081
121, 172.1474151091177
3349, 171.9396098088835
1123, 171.93882296791838
2355, 171.7686236624591
1120, 171.71572190985992
3126, 171.58459853305865
2775, 171.4135890603612
1155, 171.40956376906936
3140, 171.170513371438
2942, 171.0609243701436
2550, 170.9750014753799
1240, 170.74304112352928
3368, 170.7408632172396
95, 170.6962691897311
1207, 170.64053187476802
1194, 170.61148699391387
90, 170.48480647607326
3122, 170.3649616266507
1477, 170.24002549415977
1186, 170.0531205705489
2865, 170.0450031618169
1146, 169.92518529879084
2787, 169.78831767780167
1719, 169.752267411828
2414, 169.49052451315742
267, 169.3727421204984
1996, 169.13611775109393
1428, 168.94549584096237
1135, 168.8955643655064
2399, 168.85444693254453
3356, 168.66030028475473
2913, 168.5687263517536
3422, 168.25700452266184
2384, 168.15334664381862
1079, 168.07341912367818
2972, 168.00579581093788
510, 167.68508257406026
1220, 167.5321278313291
1061, 167.53198107230645
3374, 167.44252290834882
3428, 167.25886990175692
2295, 167.17021294855263
1068, 166.51124368958307
101, 166.19120158983827
1198, 166.091019109949
108, 165.7467657291068
232, 165.71569312898805
67, 165.25118204294918
65, 164.5457480214223
1134, 164.23066582065448
1189, 164.14473180741555
72, 164.067294079519
2097, 164.00534832066668
3376, 163.94858538217971
1663, 163.9255312522722
1588, 163.91163322067501
1064, 163.82751853911822
2915, 163.79282703229066
1406, 163.77105429720277
70, 163.56725979848264
69, 163.56725979848264
1034, 163.43158437542235
166, 163.34350538099906
93, 163.0859981752089
2395, 163.08297426447413
1693, 162.78463524895957
1518, 162.4501005454515
1467, 162.23439725826634
3417, 162.19094003161408
1150, 161.98331349532336
64, 161.892940560635
516, 161.86756293325553
1468, 161.72982780376992
3392, 161.6934608147158
3387, 161.41672777849482
358, 161.29727280277314
1813, 161.22659259936708
1065, 160.99829101455185
122, 160.85542671428874
2400, 160.65395837879043
1191, 160.3717550736899
1962, 160.01627648475747
1605, 159.85695700790762
144, 159.78533352177791
167, 159.69092210561035
1180, 159.40014478173217
115, 159.34133642944963
260, 158.95754143251406
1440, 158.51668719812474
1216, 158.51397383350542
1073, 158.3013134620377
1634, 157.89538664077793
1397, 157.82997679331808
1864, 157.23334196329148
97, 157.15540244872344
268, 156.9128165320869
68, 156.9095233978234
1152, 156.13569177110077
32, 156.12933945256438
12, 155.92876121791306
96, 155.7344429059199
1178, 155.31816456927888
2971, 154.91506969835663
1632, 154.81975971708917
1694, 153.77314718500082
1156, 153.61126836327836
2270, 153.40690704445873
3145, 153.38159991401193
1151, 153.19663659823325
2801, 152.494834407933
3188, 152.39133891856955
109, 152.3400667729022
3164, 152.21387152711037
2010, 151.8942936674637
1302, 151.76389368310276
1838, 151.3071203894003
13, 151.28274998743666
2351, 150.9742079608177
2867, 150.58829807501584
1958, 150.0262651689947
3411, 149.9263292635448
1316, 149.73665603729322
1862, 149.13052262551707
2861, 149.0438111421379
2900, 149.00248061262795
1638, 148.43356852506358
1709, 148.15830515301207
1457, 148.13951379914718
1264, 147.8781784115594
2275, 147.60654112399953
3236, 147.25256173238455
1153, 147.200435960511
2012, 147.17362621806592
637, 147.02476570818422
916, 146.8897330574677
3431, 146.71697072711117
2433, 146.37607230005602
1574, 146.03080654103493
2739, 145.83387313635458
1800, 145.3841711333465
1, 145.16501764105982
4, 144.14532897952225
768, 144.03304706773923
1661, 143.78801796985638
2860, 143.76035316705907
1062, 143.14276376576478
1454, 142.56662208301793
182, 142.56100558809794
3310, 142.48805698120208
10, 142.1327359644943
117, 141.90970511274767
2192, 141.87139684762496
3234, 141.60311926847942
1562, 141.01744486288413
1572, 140.8594310296956
116, 140.61196215329056
2857, 140.25916536509962
1255, 140.16401937502982
1576, 139.70793427936735
1785, 139.09257421483488
641, 139.0399838948868
2731, 138.58925947484815
2320, 138.06796341037096
7, 137.89366222300188
1573, 137.73403711413118
1814, 137.5879344147839
1543, 137.4519455884659
1788, 137.43632196223766
953, 137.18850004344904
112, 136.93534990967834
3009, 136.83757617805875
3235, 136.83541758855398
1324, 136.69240195244694
1794, 136.12882795800675
2832, 135.50316849728858
107, 135.44995908190248
28, 135.29235461914286
2805, 135.21035001314866
823, 135.11567294184488
826, 134.76271833041568
6, 134.70822030912424
1818, 134.66123621788444
118, 134.65222934019377
2999, 134.36836829285116
0, 134.05672451640203
519, 133.87668611907915
3, 133.86991844325496
2191, 133.80631348337164
1157, 133.79890240439485
9, 133.59347916603332
1484, 133.4331107222398
1723, 133.41892003336616
814, 133.36613830299868
1567, 133.34184855707917
1309, 132.91737564361495
1509, 132.72109724410865
3017, 132.66954600105777
2153, 132.63216382432284
30, 132.40705550991046
11, 132.36490283203932
493, 132.30405613353096
745, 132.00993418385224
524, 131.7961157248397
1410, 131.72268795789608
1575, 131.34833662755335
421, 131.28918843105012
2134, 131.06077013727125
1824, 131.0490873681866
2208, 130.9610111323711
848, 130.87929482366317
1882, 130.6664544782437
1004, 130.63234592457522
735, 130.08468689007333
2211, 129.96318742647992
1571, 129.90427529870203
5, 129.71873486087839
2889, 129.6613039958234
2878, 129.5898498710661
94, 129.4724771165156
259, 129.4186013244667
1940, 129.30615598326656
1939, 129.28695868491536
3215, 129.24839284643832
8, 129.11894414864528
2158, 129.02273096142548
1418, 128.83266427839249
1806, 128.69750104670706
2242, 128.6576967534668
788, 127.86479530599296
1951, 127.7622257313911
1424, 127.54875599775266
2193, 127.49829541547481
3121, 127.40759380524939
923, 127.33089873701617
2856, 127.30505580772645
3000, 126.92955680865721
2170, 126.90509420437041
2859, 126.84936576269777
682, 126.81079291465365
3228, 126.35385409726426
1269, 126.1926744592577
2429, 126.17933595679709
526, 125.96859666023266
2207, 125.85096619268901
2991, 125.71442618154443
1003, 125.67436748684845
786, 125.49839991820467
1810, 125.41980727786768
1889, 125.37684126924839
917, 125.35117433248425
1907, 125.3457358065966
2806, 125.32856182692184
3025, 125.31951815767009
29, 125.30579602841286
803, 125.2346757597072
2435, 125.02683881791523
2428, 125.02683881791523
417, 124.94654708093164
744, 124.94142735559961
248, 124.74878574735145
2124, 124.64018071527595
1780, 124.5853470318769
2135, 124.52873130211529
2180, 124.5132017845887
1776, 124.51087426047435
1423, 124.45663339126138
1640, 124.37633544524391
3269, 124.33986870220922
791, 124.2485504538521
1210, 124.23778762184826
1884, 124.15997725963689
2205, 124.14314314454268
615, 124.04659415837628
353, 123.91225351272455
727, 123.85672164872967
1566, 123.74164838662232
234, 123.60066088314997
857, 123.59174586947742
416, 123.55179174332268
1895, 123.41069780584999
1525, 123.3321501376394
1039, 123.22992099328927
746, 123.16115110324688
1306, 123.10969184508755
2236, 123.07325352286915
1487, 123.07253370194722
2157, 123.01594523421457
3016, 122.97372937712353
686, 122.87534522510111
1580, 122.8522403469393
3018, 122.82779642687512
3029, 122.75215203116105
2262, 122.70780893033266
1577, 122.55654459032947
2318, 122.5081585813698
2194, 122.49316102582004
1976, 122.47502549727544
2243, 122.42412968851177
1617, 122.18799411456033
2936, 122.0679658043913
1425, 121.99243545046937
1356, 121.96986093581216
716, 121.96020633484876
2195, 121.95499782201213
2953, 121.9474819117951
945, 121.94670440591361
527, 121.88231367860531
579, 121.86066046968311
249, 121.84666069455031
781, 121.75940914234387
936, 121.7263658775389
1807, 121.72295969433769
2997, 121.6863552311603
1653, 121.65542310781294
1885, 121.5143670179234
2196, 121.49437392127436
1999, 121.3226177087916
1943, 121.25300026919125
321, 121.24352308089189
1822, 121.19722159915354
1623, 121.19584804002369
420, 121.10096605617743
1336, 121.04157020145846
762, 121.02372503684053
612, 120.91469024303977
2438, 120.86825367447294
980, 120.8676030356997
1615, 120.84480198900212
575, 120.74892454962718
920, 120.65372769321473
3320, 120.58246023835106
2434, 120.51604712617501
844, 120.47841260953481
3319, 120.47142239695482
778, 120.43376926274675
3233, 120.4047697645851
2187, 120.35446480843808
2188, 120.34410741834704
1279, 120.3016570035801
981, 120.27597470481216
717, 120.14059695645126
961, 120.09984519045112
825, 120.05431458570395
2993, 120.02677288037059
2160, 119.95771558586105
243, 119.92422672032069
1579, 119.89971368522379
419, 119.86221297810874
1037, 119.85021641793035
1023, 119.82982130111618
581, 119.72486879233081
23, 119.71977596669566
1977, 119.62752713156056
698, 119.62462837576192
1985, 119.6184077001488
817, 119.58121694829133
2431, 119.5570407232157
955, 119.47415044794761
1803, 119.44192565265489
24, 119.39065309521918
743, 119.23491665879044
2189, 119.2059927780466
2145, 119.1714883276782
2365, 119.13547460426096
600, 119.05156674629582
183, 118.99160695809839
27, 118.92169163132881
2949, 118.80696352557618
2095, 118.747299185192
247, 118.69560070910785
2360, 118.64586672852538
2362, 118.64369417363054
2142, 118.6427302432902
1038, 118.59811391304684
922, 118.54165536954466
319, 118.46821380252761
2220, 118.42711821198732
969, 118.36893378311677
960, 118.36187366347319
815, 118.34995516370242
2879, 118.32283763581624
1404, 118.29844151344949
808, 118.16253310518823
418, 118.13795097691501
1412, 118.09674328733205
1427, 118.09442708764645
787, 118.05449806989378
2214, 117.98615296245785
709, 117.74315945035602
528, 117.7191618711085
1331, 117.64726205217906
560, 117.62376568206332
1473, 117.60668538676678
370, 117.5685401030012
1890, 117.53248542319267
2181, 117.51246055812085
1371, 117.42818399169524
2845, 117.33092312431319
1308, 117.23356618690325
574, 117.16561904741255
999, 117.15531432360036
1523, 117.10958727899187
2219, 117.05845781685936
2122, 116.98688261919136
2829, 116.9322416543546
242, 116.91043003963152
1840, 116.79465216082906
1266, 116.68195381817803
1599, 116.67737728703298
2846, 116.66350336170194
1490, 116.57013046422293
691, 116.56176970965069
601, 116.51145837281106
2828, 116.50167623266299
1495, 116.49071163790832
2907, 116.40669725150326
2427, 116.40620882665512
2422, 116.33026710055739
585, 116.3015015815077
2996, 116.27915021703886
964, 116.1561716182013
594, 116.12380645795083
1408, 116.11570023976994
1510, 116.113239643632
804, 116.10107050258499
1823, 116.03491465531192
2858, 116.01477509390732
856, 116.00787442606118
907, 115.97490281997928
1314, 115.96735435759102
1846, 115.95331425821624
529, 115.91065617594091
903, 115.90960951303956
789, 115.87880390141235
1426, 115.8776731650144
2992, 115.87256360335093
313, 115.86310926889605
2173, 115.77457862688486
2877, 115.77263112318437
1321, 115.70395078109198
2231, 115.66268616941869
1839, 115.65322484043206
1289, 115.65292438974546
2171, 115.61743798100146
2209, 115.59211116407076
1942, 115.45786313302912
1790, 115.43968325534017
1594, 115.43247887478311
1508, 115.31060897433962
2168, 115.28085495619555
1527, 115.2232778099313
972, 115.20202794790826
1315, 115.19249257241162
2905, 115.1848132501126
1369, 115.18375601503477
780, 115.14339819938071
1501, 115.12216029046104
2200, 115.05314083366217
2228, 115.04714723620832
1887, 114.99918760204592
3026, 114.98438991705007
1478, 114.94765547382806
1211, 114.94020806029079
837, 114.90079502662907
3161, 114.82287606646919
1505, 114.81541971174602
3229, 114.80180444695364
1957, 114.77768831764952
2206, 114.75700692197604
2165, 114.7546363271068
586, 114.74703340224187
593, 114.74011330844746
845, 114.50738876931867
3270, 114.49873004593861
872, 114.43147498223193
1348, 114.42829353089311
3031, 114.4227579491909
2804, 114.30270736763218
1984, 114.28983223092482
2334, 114.28122470153936
846, 114.2792372409753
3267, 114.14837777491691
2113, 114.10697148726769
1512, 114.09095996409192
1421, 114.07836700140568
558, 114.01668424024874
2190, 114.0052347188952
1578, 113.98994422772363
2837, 113.97687828778396
683, 113.9529020013998
2850, 113.82247458528383
2998, 113.79816089187099
371, 113.73860939560561
1361, 113.73731101850696
2150, 113.68371362236013
696, 113.63759426511606
1380, 113.62439809067364
1455, 113.62376724240583
928, 113.53083940093323
1983, 113.48278607457608
2164, 113.47212523954589
1986, 113.45498628864259
1390, 113.43563701528255
1883, 113.42397850198218
2256, 113.40147174143024
1001, 113.37762154201309
1488, 113.3754799997923
2841, 113.36680016295158
2852, 113.30171911386957
638, 113.28370029065162
1389, 113.26145676875667
657, 113.25990565484608
919, 113.24841639860995
1322, 113.21809052477651
2321, 113.20151440064885
1494, 113.14631632527487
307, 113.11367039477807
1828, 113.07147464505621
839, 113.06097753642308
2115, 113.05300151839063
886, 113.04154979787243
1481, 113.03505803241109
784, 112.95758329600058
775, 112.88190786622415
1792, 112.87900028532816
2439, 112.78276688866426
3321, 112.76401374406514
2324, 112.74853135690522
26, 112.68133843970193
661, 112.6701307412281
821, 112.60998487398963
902, 112.59403833330536
1268, 112.59199963675806
606, 112.5546145736178
993, 112.54548311366527
987, 112.47886769689254
3268, 112.46823359395417
2372, 112.42048611868971
2120, 112.41758857702906
1396, 112.38835287501719
599, 112.38278209299074
639, 112.3624689962441
1820, 112.29239849898016
602, 112.28018013712153
2229, 112.27732483528894
1549, 112.17371683540964
2839, 112.16510757852663
2125, 112.15943733887913
3002, 112.13265101287777
708, 112.1305161365165
777, 112.11227306830271
855, 112.11106132624973
2117, 112.04222718924832
2230, 112.00589606508858
2255, 111.98032868066593
584, 111.94530778217683
659, 111.88067281776755
3014, 111.85362384939565
938, 111.84124590772024
718, 111.83369887766115
1493, 111.7656023275736
1345, 111.7395679645186
230, 111.73932255738757
665, 111.72533087015157
2162, 111.69002233664179
1614, 111.67674230000729
989, 111.66997987269534
840, 111.63591810102629
711, 111.60836978928882
2116, 111.6034928455415
882, 111.56893539448404
853, 111.55242508626806
1339, 111.5507682191072
1377, 111.53550249995064
2359, 111.53365318967393
1271, 111.53301968745645
2851, 111.52667776255078
790, 111.52256650129918
1474, 111.51220917265167
664, 111.51218929527583
1622, 111.50658529349184
1295, 111.47921795157849
730, 111.47882987990192
1312, 111.47855655389728
2831, 111.47764310635145
776, 111.4732401050692
1908, 111.41588503094657
690, 111.40634801460301
1413, 111.37495470256563
2994, 111.35583379987867
2750, 111.31008393557981
1398, 111.26033873477368
849, 111.260259283172
971, 111.2498249017922
1886, 111.23783314756356
798, 111.21064936429389
235, 111.14190439263633
1601, 111.07833812031352
2237, 111.04162248183714
927, 110.96699475299876
315, 110.9440120520155
306, 110.9440120520155
970, 110.93582461630443
564, 110.88670606078394
867, 110.86478866458239
2844, 110.858825174485
752, 110.84801114786984
1014, 110.81252255068524
1343, 110.79262978920269
1330, 110.77206948078509
892, 110.73419043719306
256, 110.70831371837698
1511, 110.64759773727116
2898, 110.64500688174205
572, 110.5648061924993
1550, 110.47484409085317
1278, 110.46439922177179
1561, 110.44364060967455
3272, 110.41048053719382
559, 110.36188322542165
1825, 110.31202433379589
525, 110.29384895639996
2908, 110.29268365385005
1368, 110.2708076555407
2888, 110.24802409289711
3043, 110.22657698152842
1920, 110.22592508262038
1392, 110.22133337559646
1378, 110.1912214794519
850, 110.17928826435039
1555, 110.17236067357229
785, 110.17185131379017
723, 110.16956316210072
1352, 110.16261013563246
1815, 110.14265758708493
569, 110.11478922648807
847, 110.10395166582902
1544, 110.08683431141498
1420, 110.07335709700436
1902, 110.06880346656901
2213, 110.0655077004466
1959, 110.0575622310279
2361, 110.04850492008507
1926, 110.02805488879196
1539, 110.01394280979072
1417, 109.99778469814152
1829, 109.99286872660197
1273, 109.96015293752949
1422, 109.91745316750732
689, 109.9122192651465
774, 109.9030717798461
2141, 109.89912556574721
770, 109.89567151154954
2376, 109.8490073050118
1393, 109.83324057617834
577, 109.83244568826225
1804, 109.78024536747813
797, 109.76125000353979
2227, 109.74840766537037
713, 109.73400566704318
2884, 109.72427933459743
3045, 109.70348032124026
1500, 109.63373122227726
1989, 109.62850811589652
573, 109.57172541369506
636, 109.55295087417467
2366, 109.52670698514542
2369, 109.5172617101412
1006, 109.50149648940081
900, 109.46138842390809
1293, 109.42993847871116
1409, 109.34757967824463
1285, 109.32001862492449
1400, 109.30387298699951
822, 109.30368777856695
1475, 109.28731326035066
2899, 109.26963523256482
2254, 109.26184088374511
2547, 109.25535062394727
992, 109.21478901437962
2432, 109.21167216873262
779, 109.18958867859162
918, 109.17877002630877
240, 109.1672563743497
933, 109.16376204674431
1480, 109.15388272865943
635, 109.12185795405884
879, 109.10190801971598
2121, 109.09560744662245
364, 109.08510284022253
694, 109.08006615617039
876, 109.06254906679332
2245, 109.05236195419552
2903, 109.04746833965142
3030, 109.04117270806908
2166, 109.00819836644366
871, 109.00391251103356
231, 108.98702774562825
854, 108.9752007496863
2830, 108.95672361732058
1370, 108.942143798524
2131, 108.86949271943946
673, 108.84349652678664
868, 108.8415389100492
2881, 108.80013489047731
2882, 108.7579747004994
983, 108.74303063291843
1411, 108.71065539938927
1280, 108.68015191691279
1817, 108.59958299408775
3044, 108.52922419844633
741, 108.50993823199246
2198, 108.48320571719479
1830, 108.47692288136581
1419, 108.44183424160363
896, 108.42819720765476
2154, 108.42092198116885
693, 108.37216600673308
1909, 108.3690746128529
2199, 108.34844507524522
1915, 108.32524333572204
1888, 108.3196338419958
883, 108.30802455387952
1491, 108.20524434605855
1367, 108.19494878568361
597, 108.09373982115164
2875, 108.09364805067634
946, 108.08066875741987
2114, 108.05875618097394
937, 108.03051090435554
1382, 108.00663513208124
257, 107.9982862661653
887, 107.98162980907064
2163, 107.96411860517765
1791, 107.9627132251843
948, 107.96033519116122
323, 107.92177583846619
311, 107.92177583846619
935, 107.89177368528023
1835, 107.87020473657928
1831, 107.86257577598538
614, 107.85655220996925
2246, 107.85011821521661
1498, 107.84036727185733
764, 107.82781657177883
725, 107.81828603310191
755, 107.81102976514363
672, 107.79156687540355
3271, 107.77748692208804
1346, 107.77448091434144
1904, 107.75814808551787
675, 107.71670698113722
1403, 107.6559825351919
759, 107.64901530017586
1906, 107.6366177615515
2148, 107.61146573320381
2423, 107.56095630770292
1372, 107.55462186305296
1841, 107.54084311364217
2897, 107.49362336313023
236, 107.48244040254612
656, 107.47749794718922
763, 107.46095484667629
985, 107.45290695859282
1328, 107.37808501714674
567, 107.37209742950091
253, 107.360459650298
674, 107.35623034535209
1036, 107.33672152364319
766, 107.32828199902708
1486, 107.31460644983773
870, 107.27835943195383
2842, 107.26476333362905
924, 107.25487107318911
2138, 107.25413782875717
2323, 107.23336315147996
2319, 107.22291066525189
782, 107.20934367257641
714, 107.1864820920403
1277, 107.16884701779912
1387, 107.15812596363872
645, 107.15492523891736
346, 107.11698070726612
1292, 107.10878965144828
963, 107.10868708365683
1405, 107.10333289800221
1618, 107.07493607775447
1288, 107.05344141952364
742, 107.01784393261399
1981, 106.99675318645602
1612, 106.99226333762985
3068, 106.91853441406616
565, 106.9171857036999
2123, 106.9140704780545
1458, 106.91048587484686
704, 106.90761236376805
1944, 106.90616087349105
984, 106.85698532127122
932, 106.84286026148408
2146, 106.82464400058696
942, 106.79887844012224
1801, 106.79692011574181
728, 106.79591324122028
1782, 106.78721443974123
1595, 106.7737117502359
2216, 106.75704226191924
2891, 106.73278764469147
1934, 106.73143086344025
312, 106.72699309885225
1374, 106.71843026014078
374, 106.67042170959937
1415, 106.66993846803567
2430, 106.64751634043971
646, 106.62251801978998
697, 106.61456742441372
351, 106.60682948794955
783, 106.55625355870541
1353, 106.55407096006114
1388, 106.54512906011632
761, 106.54070855572856
1291, 106.53913076269055
1927, 106.52357520835061
1772, 106.49600375191069
800, 106.48942726045244
3027, 106.48848603869189
603, 106.48003040951347
1327, 106.40445387303716
2331, 106.39270566926554
1018, 106.38127751178389
3037, 106.38048908819736
836, 106.3167297083667
1905, 106.2952139771874
1297, 106.27195324925634
1357, 106.25747813113807
2854, 106.25165849196425
959, 106.24614955779923
324, 106.24058768000266
568, 106.22723337759264
31, 106.21649576246972
1809, 106.2132536803402
347, 106.21197503100086
1992, 106.18034967497388
1391, 106.16342279359274
1340, 106.15847628857559
897, 106.13556310928406
1272, 106.12881095544023
701, 106.12103434872841
2169, 106.11055001087816
1275, 106.10311049291776
640, 106.09917261565184
1563, 106.08593865120501
1548, 106.08411923902861
2840, 106.05969691317762
2202, 106.04886115831043
1524, 106.03535775749769
1021, 106.03529418202469
925, 106.02605122705816
813, 106.01536819565754
720, 106.01515724723083
1323, 105.99871282092734
660, 105.9753232619731
1270, 105.9742101838973
1554, 105.94491614961977
1485, 105.94285784911814
623, 105.92405289888734
986, 105.92267196733454
1789, 105.90507580627839
750, 105.88426776439802
1499, 105.87196376426945
2833, 105.84290148263904
2849, 105.79276271407608
246, 105.76507955876919
1453, 105.7645096088747
1982, 105.7554119058437
3038, 105.73912197917336
796, 105.73785928120164
827, 105.7201242566933
2136, 105.70280250852689
705, 105.6948157600264
740, 105.6880155814728
2410, 105.67347131402447
2119, 105.6526682677849
908, 105.58343045546346
1506, 105.55011951070973
616, 105.54507091863269
828, 105.53502533132736
1020, 105.48245354968066
258, 105.48072186521867
792, 105.43945728057025
2233, 105.41015489564445
843, 105.4000328287636
2183, 105.38251886681859
962, 105.35657153112963
2130, 105.35550526042711
1598, 105.3241909826285
1009, 105.32009107604404
1294, 105.2421210852153
799, 105.22777058021504
2140, 105.21704841406996
2847, 105.17201309587614
2175, 105.15104102628828
2129, 105.14277280157307
934, 105.13282272673399
3448, 105.03171247638105
692, 105.02858140641999
1469, 105.02192696363798
2946, 105.00127160271441
1265, 104.98335366112717
930, 104.9321895448714
707, 104.9100852572768
926, 104.8886077653198
1819, 104.87259935400249
710, 104.83567031511632
1318, 104.83338978560363
2373, 104.8284490192986
422, 104.82006914133187
2947, 104.81871818731861
722, 104.77754494452759
1479, 104.71946210475484
801, 104.67721159821573
2232, 104.66964454848245
2336, 104.66626033383069
350, 104.62815346407969
1329, 104.62742610819693
905, 104.56365065205692
2377, 104.55467137236157
2375, 104.54024698365816
1786, 104.5193709798093
566, 104.49497296587137
363, 104.45473667454996
967, 104.45019523028998
1836, 104.43350530284158
1354, 104.42286159171476
1921, 104.41943562617514
904, 104.3635498904985
238, 104.30487616407865
977, 104.29800819682069
1365, 104.25532701576567
576, 104.23530450904639
1935, 104.19957651625553
1779, 104.19391431736534
1673, 104.17192920684317
893, 104.15951468447449
834, 104.15520868611635
2176, 104.10520245223702
754, 104.07510298868701
1928, 104.0539057077897
973, 104.01686650581307
1949, 104.01193190474663
824, 104.01027348004672
2133, 104.00821410247957
3034, 103.99653785063278
1808, 103.99546340741982
952, 103.99432435352553
314, 103.97140733948437
241, 103.95091338541297
1492, 103.91932158987468
2826, 103.91185115823063
1930, 103.8626542202935
2222, 103.8538290762759
911, 103.81925692598702
596, 103.80422295963461
1022, 103.77744000437312
352, 103.68947630474332
3230, 103.67486830129488
2876, 103.64088448604585
658, 103.59755264207305
2247, 103.50166489172278
2403, 103.40409531257887
1954, 103.40320534005
1620, 103.40173918916462
2950, 103.3861386287934
667, 103.34723740450605
765, 103.33609172218031
1837, 103.31799999120892
1504, 103.30763379995469
1900, 103.30675636217616
320, 103.24500330213206
931, 103.20629377952753
1414, 103.19810965566127
810, 103.18107224127723
1591, 103.17916972152855
1777, 103.1719068508674
1950, 103.1558373324492
899, 103.10368270937398
1582, 103.09536570664937
976, 103.07694062410917
729, 103.02267078248433
342, 103.02066682670814
910, 103.01890742405752
1320, 103.01295107668469
2902, 102.98226739574997
1799, 102.9702732362492
1282, 102.9670137989233
2144, 102.96089079853482
831, 102.9586311267186
2325, 102.95160594306354
929, 102.95007102482116
1898, 102.94362658271626
618, 102.91278928321334
1778, 102.88582221673549
873, 102.85747792396555
880, 102.837397183417
1319, 102.82874647589976
2322, 102.77538663999478
1007, 102.77527100764469
2426, 102.77321625394404
702, 102.77249086948666
1017, 102.77170181052608
706, 102.77060725392086
898, 102.73939863981857
865, 102.73064698913203
979, 102.70601958409698
1953, 102.61730127094863
807, 102.59561308938294
1010, 102.584318290831
1470, 102.57745434775552
994, 102.54321102090157
325, 102.5064908618279
1326, 102.49173402409495
609, 102.48747520047733
1332, 102.48726850135054
2367, 102.48263414777949
270, 102.45411842447686
1351, 102.44630526225788
2126, 102.44617812942536
2425, 102.42113098249844
2327, 102.41909174170216
644, 102.41429311727684
703, 102.41315792312224
1932, 102.39980780800282
724, 102.37782899596313
1827, 102.37744842765083
633, 102.33612735073578
1476, 102.26977386442393
632, 102.26531727905059
1540, 102.25263649227439
712, 102.25050970190347
1385, 102.22910182262396
2880, 102.22873454813083
354, 102.21914191142413
1394, 102.20199412774161
830, 102.20092417694224
1832, 102.18706451087075
943, 102.18480095703633
875, 102.18401471454371
2370, 102.18388440449353
2436, 102.15597661684666
239, 102.15569702929648
631, 102.15486677720878
982, 102.15460214237748
944, 102.15381564702942
2000, 102.1267599903573
2874, 102.10993472448021
1402, 102.10454846106296
866, 102.08249873499658
269, 102.07752598428053
1569, 102.01539726595145
1335, 102.01176462655509
2330, 101.9963589759724
1483, 101.90614809376552
1362, 101.87203227506234
3015, 101.87104013880037
1401, 101.85264864089382
604, 101.84720951348072
1359, 101.80887338096507
1304, 101.79898219391978
1416, 101.78187345595154
1769, 101.7795493871631
1011, 101.77487797181834
858, 101.77327731676166
1834, 101.7596208518762
666, 101.69896301361645
2251, 101.69302629247062
891, 101.69188754468404
668, 101.68709421304193
1568, 101.67806108956354
1080, 101.67717193188483
1311, 101.67011642871037
958, 101.66897940387771
2156, 101.65858508060487
598, 101.63064614811144
684, 101.62346054498983
624, 101.62346054498983
1286, 101.61058140728328
1366, 101.55982159257802
3012, 101.54224081079734
2172, 101.53394590476108
1551, 101.49981702968498
3024, 101.45305660411023
990, 101.42518995004463
2186, 101.42496352466237
949, 101.41460525912487
1489, 101.397940977947
996, 101.37571194092867
1303, 101.34616368750406
2317, 101.31617071980406
1383, 101.30946828933749
1529, 101.29039122655338
819, 101.2765991417121
1325, 101.25922946084319
954, 101.25253379240166
974, 101.24663459229076
687, 101.20496198308675
653, 101.18161036884942
998, 101.07284736852289
648, 101.07284736852289
1619, 101.04221293248038
245, 101.00030262979206
595, 100.98809209635128
1946, 100.97352550607174
2149, 100.93339693446457
1307, 100.92523037364468
1522, 100.88247163222746
1281, 100.85587491200813
1008, 100.84857986613527
1918, 100.81451490969658
2201, 100.80288252659557
620, 100.78463910271505
1956, 100.77813309200896
1606, 100.7646055949458
2197, 100.76449391136
721, 100.76317586323931
1903, 100.76177267574107
3022, 100.74392807313998
818, 100.74343094273947
2281, 100.71137940215536
1055, 100.69261795984424
1937, 100.67904602778457
1016, 100.6646906107089
1774, 100.61012011024586
1192, 100.59912999087969
229, 100.55390763068388
1342, 100.5499182376073
2326, 100.52724616348077
1528, 100.50044383130006
829, 100.5003193248666
1341, 100.48124102179571
1482, 100.41342928072238
1276, 100.3633554997452
1507, 100.36037518068356
2332, 100.35139431232112
2151, 100.34992121378914
1305, 100.32871607345214
753, 100.29928556218181
2132, 100.29495324355767
1015, 100.28626768082178
327, 100.27812484643538
2127, 100.26356156917882
2834, 100.25690261091468
688, 100.22214470011913
1296, 100.19160298061827
271, 100.17212858610752
975, 100.14041641990318
3035, 100.12511659436036
1833, 100.1175895878853
1376, 100.08317087650943
2159, 100.07678044592957
1787, 100.06514104314182
1783, 100.06492468395
805, 100.06110665241549
2437, 100.00053145008737
662, 99.99954248838617
1948, 99.90848383783356
726, 99.89930965141666
1344, 99.84943075634672
3450, 99.80937186203732
2147, 99.8085042606976
2906, 99.74860808786147
1284, 99.73834762640557
1916, 99.7317782951329
1317, 99.7286582464751
339, 99.71856649167248
756, 99.71386356380765
1654, 99.69529001998195
340, 99.68872826183488
1496, 99.67647744179762
700, 99.65273884717931
888, 99.63853343650018
1503, 99.5115223449553
1922, 99.41980394969484
1952, 99.41883289377803
361, 99.37917308015267
2895, 99.36771525993652
1497, 99.36432751334587
1621, 99.36318518954563
1990, 99.32282250067189
2225, 99.31294940623502
1896, 99.2828125140377
1333, 99.26137628487571
2835, 99.26027195459568
751, 99.24086754303505
1407, 99.23928942874056
367, 99.17449406660141
747, 99.16555517719414
1044, 99.15630641943109
1399, 99.1140074414993
771, 99.1022063928526
806, 99.04940391094982
1386, 99.04051538362796
1570, 98.98064505759812
842, 98.95961356535933
1565, 98.93009930186786
571, 98.89104144136215
2161, 98.88619776106029
1767, 98.86430662520394
3273, 98.85981173627866
605, 98.85511515230662
997, 98.85414751989737
1897, 98.78694739755768
621, 98.76615052701295
2328, 98.72746717192295
2215, 98.72546443982874
715, 98.68828878862288
349, 98.67980649143887
1793, 98.63691976283407
2221, 98.57566856972916
1472, 98.57562184579037
968, 98.5674090508954
1556, 98.55853462924149
1766, 98.55848927382824
1019, 98.52217002643796
2418, 98.50583459530297
2112, 98.50019825057011
1553, 98.4571047941086
878, 98.443610936306
1929, 98.43952939082692
760, 98.42834929405574
894, 98.4065582359694
1471, 98.35693270288611
2932, 98.32997479834722
719, 98.32696801953239
1056, 98.32695555695102
2178, 98.32311945668687
317, 98.2922538306372
309, 98.2922538306372
1013, 98.22933642543931
2250, 98.21901616536154
812, 98.16666698279721
769, 98.12895595924303
2374, 98.03335175025374
1936, 98.03111570311921
357, 98.00283072923088
1349, 97.99816790891137
1538, 97.97680089219675
1375, 97.9324115861786
695, 97.92571310954388
2241, 97.91488281271168
767, 97.88392284912896
318, 97.87582017537225
890, 97.81291586477074
360, 97.81160519542719
2329, 97.80591045342058
1796, 97.75881026020127
366, 97.74302348561454
1899, 97.66713515783076
947, 97.65846100905054
3001, 97.65746132855699
1757, 97.5898471365978
2174, 97.58339355769256
1938, 97.5723335076279
2843, 97.5457333731643
1395, 97.37615256520668
3013, 97.34415617819302
940, 97.33418394590758
2420, 97.18467905988288
1360, 97.14985812464992
739, 97.13835776798406
2128, 97.127428493909
2883, 97.06046461153262
877, 97.05974868774359
627, 96.97199918939103
2893, 96.94404349815278
570, 96.94000393331805
345, 96.92603639394999
1805, 96.87946816106367
2901, 96.76492715636431
3224, 96.75626824223761
244, 96.7529022205141
811, 96.73750509472387
809, 96.72432486503345
2335, 96.72228748470924
3011, 96.67805106583299
869, 96.6306545533723
1363, 96.61521328767478
2155, 96.6079527415797
2886, 96.5759360905256
1283, 96.57412135826654
835, 96.52142176222063
2363, 96.49396231283077
915, 96.42741959007826
978, 96.3973760180356
3451, 96.38753054962206
1313, 96.38501221117312
2253, 96.35994007951264
1923, 96.3459318684701
2137, 96.32572243329358
2118, 96.32150192512509
1797, 96.31697091004901
1955, 96.25438862171974
1917, 96.17091556971117
2885, 96.15505695948063
1592, 96.11386575919501
950, 96.03033351777177
1924, 96.02189776811562
2234, 96.01656392606144
1988, 95.95928944530556
308, 95.94272786024445
587, 95.93064869984887
348, 95.92874529212143
1945, 95.92653235924129
995, 95.86468131612435
1334, 95.8516294506854
1338, 95.7499393135192
3023, 95.69065118354034
359, 95.68961923227339
2371, 95.67276852882502
322, 95.63359678821112
310, 95.63359678821112
758, 95.6231840297081
1609, 95.59025937176224
1337, 95.56060142335826
3449, 95.55564504310969
749, 95.5550333328898
921, 95.50164726333031
592, 95.50118168671968
833, 95.49336645667198
1546, 95.4925873383251
2729, 95.49136090363993
2887, 95.40970582310152
2182, 95.403070405686
2368, 95.39974264531821
2892, 95.37999768836303
610, 95.36118838073372
355, 95.25148837558078
1552, 95.2492369226614
652, 95.23850113663612
2848, 95.21560491027176
625, 95.18928481784819
2838, 95.12962693759091
1816, 95.1093335770425
1933, 95.06853789400391
589, 95.0613652373449
1545, 94.87074360025736
1901, 94.86066244089668
622, 94.82206226552762
1812, 94.79888643732808
1987, 94.7801283839286
2827, 94.67204197067466
941, 94.61563024913022
1802, 94.61363851658875
874, 94.61104243880827
2995, 94.5722355418101
2836, 94.55224050244634
578, 94.54519448640758
1947, 94.53756076342525
2944, 94.5065772253921
991, 94.46674555679367
3218, 94.46617638940586
889, 94.41131702132529
1798, 94.37385514404792
630, 94.34962993297589
1845, 94.3049246055187
1843, 94.25048326011456
1000, 94.20340345976979
2001, 94.19559303917354
233, 94.17531667050685
1602, 94.16670075382592
2316, 94.0419693411219
1290, 94.03309758752854
1763, 94.02368334573289
951, 93.98083475686423
343, 93.96031991206263
1350, 93.82901821175996
909, 93.80049968467515
362, 93.71878320851475
988, 93.68133744478241
1844, 93.6493449973673
1310, 93.64685375147602
1005, 93.55032085355589
2357, 93.54884633618866
617, 93.53209526005061
2896, 93.52821432146206
1379, 93.50199175703554
25, 93.41603189909841
841, 93.37114138347059
1384, 93.21098517923834
1547, 93.14479408320005
802, 93.09963749033503
1821, 93.05428197757145
2945, 93.0172591484393
1826, 93.01525237577466
1775, 92.9584802175165
1541, 92.89442927896303
2894, 92.87497810742902
2855, 92.8442184991614
1795, 92.82939025146285
591, 92.80323595487222
1526, 92.56879251272197
356, 92.44530777820715
341, 92.40849804445683
2402, 92.25746453529018
794, 92.15869579659528
2890, 92.10460557659923
1842, 92.00810780167828
1762, 91.9529730403419
1012, 91.92696694100091
772, 91.82130687263046
2333, 91.79827509006896
1347, 91.7353460305959
2358, 91.70287352203562
2248, 91.66813672132815
1784, 91.5470535899169
1373, 91.53292001804127
1355, 91.5005912482228
1931, 91.35995033638905
1532, 91.2853035682453
939, 91.10010788159806
1613, 91.01935937771113
2935, 90.92324663221171
1542, 90.88426889191152
2364, 90.88023754446637
1616, 90.69036905074653
3036, 90.6768875504513
1764, 90.60618212954579
2904, 90.58251828015993
884, 90.56479296765207
629, 90.53531320864326
628, 90.48945389110403
2143, 90.48084058215409
1919, 90.4770576773468
3220, 90.27349474966947
1768, 90.18767840411064
344, 90.13465476317847
1781, 90.05367915922251
1274, 89.92444371391649
1190, 89.86800580070167
1765, 89.81787794555102
793, 89.16912792014773
316, 88.29138705637446
901, 87.93407855707072
1287, 87.57080021184507
1564, 87.35475225648818
1267, 86.98469666207063
3219, 86.75904630044553
1364, 86.52174108616617
3216, 86.31009665679204
3223, 85.94704031420558
3221, 85.20834953955993
3222, 85.03599458702466
3217, 84.5441738340807
1358, 83.17922630901785
