935, 2775.258728631605
948, 2472.3058371151055
2361, 2447.321395151327
1614, 2429.603479854023
1539, 2283.6756349203247
597, 2204.4519731066516
764, 2148.320895347191
2849, 2123.5365500008575
896, 2070.712588310614
1598, 1999.713073349464
722, 1923.9084740507187
1398, 1909.3911514136048
2881, 1906.2088622294325
1378, 1905.1307924998782
1365, 1903.2309903131734
876, 1891.3257709501092
1831, 1878.1934390226004
1544, 1863.8661863266386
1285, 1849.7663812876947
761, 1832.9245749061636
1992, 1829.0076129798363
623, 1824.3835463399573
674, 1795.0576861965776
1396, 1755.8188047629396
1830, 1752.1587581966057
763, 1743.0269523416441
946, 1736.03893480921
1343, 1735.1642947824712
1949, 1727.0130787072742
902, 1723.197228786196
1836, 1687.220483227639
566, 1683.7978726976025
1297, 1681.090207655312
323, 1662.6218993439163
311, 1662.6218993439163
1908, 1657.5707304477355
347, 1656.9631034415124
1367, 1653.8637435168434
759, 1651.9246537517972
2237, 1649.600220738039
1906, 1622.7171360257385
2331, 1610.3089067201645
576, 1608.022942867091
1368, 1604.0951277661818
2376, 1593.309424440999
853, 1564.3997108089295
1561, 1552.6504111821087
1828, 1547.1338268343366
1904, 1544.5737059513033
31, 1543.1519616380178
569, 1542.597915747703
742, 1528.8097572852625
1909, 1523.9398285706523
2200, 1523.1925632800044
1391, 1522.2109093588806
1772, 1514.5302174646908
1622, 1514.0853922347387
1372, 1513.502418204794
525, 1505.9859381607264
2163, 1503.361727014438
2891, 1490.2363951210302
1275, 1488.4254210424294
1902, 1487.1609699823962
1825, 1484.370659884936
959, 1467.871254387146
606, 1463.9712732747905
2123, 1462.2368797045833
1540, 1457.3403292111166
2233, 1455.8616011783563
910, 1451.2161308239572
1323, 1450.7206194162272
2230, 1450.5719421774652
307, 1449.4485450116865
1817, 1446.6878510921329
723, 1444.967020239397
2130, 1441.8100400714766
783, 1437.1597127773132
870, 1429.5034678147404
2213, 1421.6948164486023
3044, 1419.3740164670432
865, 1416.1077200810123
1469, 1415.9334177511653
2175, 1398.303870899359
1801, 1390.589067571352
1591, 1389.4505286897802
924, 1387.4925114735356
2216, 1386.5949976561717
1905, 1382.875338040003
2232, 1381.8808075954598
1900, 1379.9971114044383
1942, 1379.720772630838
568, 1379.6781178591953
2227, 1370.327385163868
2367, 1369.7346882606398
855, 1369.195926249993
2202, 1364.1115032261744
1815, 1361.8901837651001
843, 1355.493817477106
1841, 1354.6151035493488
1983, 1351.2351868101134
673, 1350.6808138794127
1898, 1348.444064087951
1835, 1341.7474457459552
422, 1338.0336715359772
2198, 1337.124874978783
963, 1334.3992260474195
887, 1330.4122122318245
2880, 1327.4562109194496
766, 1323.4345752652032
1006, 1322.8011701289752
813, 1318.185270631696
1273, 1318.0911286835692
967, 1316.7808822076001
1779, 1315.988978374033
351, 1315.7585978514662
1330, 1313.42690655743
1953, 1306.8866723842498
1359, 1306.7000600760414
2336, 1302.137996860684
593, 1301.789822942222
755, 1296.3005404191708
1385, 1291.5068453402375
970, 1287.6142154030535
1339, 1287.3810605194749
784, 1287.2373058260475
850, 1284.3998687825472
2229, 1275.3371558128204
907, 1271.1878321288775
1930, 1269.710026830494
1494, 1267.745225564746
740, 1265.2393437820986
1777, 1262.7114233812283
363, 1259.5819354415828
1935, 1258.1134071365661
2201, 1253.7874742624342
1499, 1252.3773693149165
665, 1244.9799059453642
1403, 1242.9611087578842
1944, 1241.42650228055
2190, 1240.8366611201554
1405, 1237.6353000979527
1383, 1237.5207673381292
2369, 1236.2449732311618
3270, 1235.54070181441
1366, 1231.5932516004025
777, 1224.247441904204
821, 1215.527113210963
2129, 1210.6092320129742
325, 1210.1114002220186
1332, 1206.1850563853654
668, 1204.3868253558321
371, 1199.805283327514
929, 1197.4660443790167
1504, 1192.8542970907106
810, 1192.076321460487
798, 1191.9806846297627
1934, 1191.937111795982
2144, 1191.626071837677
689, 1190.7477647217736
1920, 1186.287159446546
964, 1184.8977307809496
559, 1183.8299330806121
584, 1180.4266816899224
2334, 1179.535771327208
320, 1178.7140321940165
908, 1175.7500482794744
2375, 1173.3318389534759
696, 1170.9740862494475
253, 1170.377261937068
2256, 1170.3639066204921
639, 1168.4818134375864
1362, 1167.177599663138
2231, 1162.6009218648298
2423, 1161.6635558786154
2169, 1158.501986132852
1388, 1155.4394824917422
836, 1152.096757193081
1327, 1151.0540297843336
1921, 1150.2017877375547
2875, 1148.7323089250706
721, 1147.5117671726766
603, 1146.4180223254573
350, 1144.7883452133228
827, 1144.168033096499
971, 1143.7697310687345
1357, 1143.2215232443089
586, 1142.7290638423578
875, 1141.6969367400216
925, 1141.6633439980715
1345, 1140.684203951505
2833, 1139.036256693835
1505, 1137.649355371549
1837, 1137.008652688369
1390, 1136.7467487148947
672, 1131.4355758056474
2166, 1129.5155924485348
979, 1127.9761212852736
2879, 1126.0459536447004
1789, 1125.9482397862112
1621, 1123.08255456759
1481, 1121.895613919353
2209, 1120.589610808222
2439, 1117.895332043484
2138, 1116.7987936997813
2947, 1116.4090471957243
1017, 1113.9110270072977
886, 1113.9009588425731
1620, 1112.2200759797283
2547, 1110.856635458507
1018, 1109.9176819968466
2186, 1108.648384272212
830, 1108.1987545470558
1601, 1106.7582503096514
1792, 1105.3261803395305
3022, 1103.3626526012868
2359, 1102.712368863351
1511, 1101.6428746891286
1563, 1101.1213029908447
1270, 1099.7176532324793
3027, 1099.1982619820426
2317, 1098.915451494721
754, 1096.8303848339724
1928, 1096.4063209916956
2888, 1095.3247906215527
692, 1094.0549971770733
2837, 1093.076556068754
1804, 1091.280761090576
1394, 1089.2678450460362
2332, 1087.9561585646074
934, 1085.1545033503717
2176, 1084.5493297003793
1948, 1082.0997576890322
1827, 1081.5749277003476
1386, 1079.3277909907063
985, 1077.6410396613032
238, 1076.4394556578416
986, 1074.9422498204085
1318, 1073.988600615166
2750, 1073.89383390755
822, 1073.8692532618218
2122, 1073.6564730504736
2251, 1072.2749265994396
1820, 1072.058436556614
598, 1071.6257048174546
2876, 1068.6905793809703
1348, 1067.7126597538331
1192, 1066.5819053420657
565, 1066.5111838675475
257, 1064.3690395865613
2946, 1064.0908112140169
2222, 1063.0278823954432
998, 1062.1446767613427
648, 1062.1446767613427
1401, 1060.945886881586
983, 1057.4089165556861
2228, 1055.2986347222502
2245, 1054.5147924186806
1950, 1054.49792375515
256, 1053.0790330052291
638, 1052.4993425430782
2430, 1052.100937773056
2877, 1048.3397715669144
1774, 1048.3120605829765
1618, 1047.7082418839482
1288, 1047.6705180345211
867, 1044.3701413852461
258, 1039.553013827902
370, 1039.3861812430966
659, 1039.3806504550037
1952, 1037.5198153796582
997, 1037.462182772772
1453, 1036.6325678971216
1304, 1028.3483047834306
2119, 1028.284137610885
2148, 1027.8494751265555
1284, 1027.0416285988879
1286, 1025.9544183233695
229, 1025.8978880275984
770, 1025.2075197455536
675, 1024.5258917028195
897, 1024.4092415150974
688, 1023.827456905786
2950, 1023.6189117366109
1325, 1023.3089056904186
818, 1020.0035194611198
2362, 1018.9404438253689
926, 1018.9144159661228
2131, 1015.8071872573313
1954, 1015.7074852982278
2140, 1015.2810900373097
2173, 1014.1003493964868
1808, 1012.7629348920145
789, 1012.1360190127585
564, 1012.072986923504
868, 1009.6910087177675
1353, 1007.9583714054386
1922, 1005.3508484810279
801, 1005.0919072619512
984, 1004.9216920954814
944, 1004.0914786226972
1492, 1003.6533898439802
3024, 1002.6353496013468
879, 1002.5383083586074
2183, 1001.4133008470467
1377, 1000.8499675733055
2206, 998.4641430594231
2133, 997.749149475442
2903, 997.681692614141
2254, 995.9232308873212
315, 994.6579213878766
306, 994.6579213878766
1550, 993.4302059745494
2902, 992.6389883863504
977, 992.3453751826263
1554, 991.8819138780545
585, 990.9964777132234
1412, 990.7127536809154
931, 989.3648585991538
2154, 988.4144617909712
706, 987.2107877146451
1582, 985.9997131660548
1840, 985.7043675163412
1984, 984.8310411845132
2831, 984.285123365242
2165, 983.7392604763278
1595, 983.151986200425
927, 982.9833488382029
1959, 981.7664184010708
646, 979.9821226804905
1986, 979.974690146022
792, 979.6778929416043
2168, 979.6660063064149
705, 979.5153262315688
2141, 979.067679189975
684, 978.451478635714
624, 978.451478635714
2842, 977.7368970589005
1507, 975.9722992708095
1769, 975.8033273380776
972, 975.0846527139727
854, 974.7351689296224
2899, 972.6020391158027
1819, 971.828272161002
364, 970.9316713759399
1374, 969.0996826580372
1393, 968.9787720168003
1619, 967.8305310701214
1322, 967.2140343006827
1280, 966.94125626952
2150, 966.2759777103922
849, 966.2410312092184
656, 966.2082996013004
2360, 965.2622323280333
246, 964.8709939156385
1455, 964.4654623908044
644, 964.3457471343314
1555, 964.3238269106294
1488, 963.2895045961623
2908, 961.9690640144039
1778, 961.437406009441
730, 961.0459342874477
2132, 960.3682531567127
2214, 960.1623648236525
718, 960.026299961512
1351, 959.3451626329198
1354, 957.9053281683949
577, 957.8540732269573
1957, 957.4963540598426
1491, 957.4035054358453
1886, 956.4356257615508
1476, 955.151211756981
239, 954.7703284452884
1010, 954.7060567370085
930, 954.4333978906668
2330, 953.0251024063017
1371, 952.6017238569856
918, 952.2588833998806
1990, 950.0443465744457
2905, 949.7150751530091
807, 948.4356767777471
790, 947.4168088416656
1329, 946.9465355640499
599, 945.2670857851359
2847, 943.9191092811712
942, 943.7536290721599
1271, 942.197294731227
1799, 941.7860854037688
2994, 941.3509539321171
787, 941.06402534503
1014, 940.2490283179671
2246, 939.9732806950627
1538, 939.9375430644667
2425, 939.6676180379386
741, 939.4327167166601
1506, 939.0168333263546
2422, 938.553669108184
2127, 938.2012063584281
2844, 938.1792480330355
1615, 936.4131607454071
1981, 936.2517093130588
697, 936.0435372622409
776, 934.8669705936414
1055, 934.8091019085372
2115, 934.7784617181167
2403, 934.4836467726027
1832, 933.8113808020178
2996, 933.6772608203208
2895, 932.0025560611173
1926, 931.6686428695243
2839, 930.9638263128387
1887, 930.4577082774688
240, 929.8061601075516
313, 928.777543278097
1342, 928.6127530336679
1528, 927.7709410172336
2882, 927.1864031200867
683, 927.1174923482787
1551, 926.9560635923638
1493, 926.1923291769185
3450, 926.1742692373133
1982, 925.6323082763881
1320, 924.8453498001621
1282, 924.7919319057602
1809, 924.5381998288418
3229, 924.3974152502511
1328, 922.8747665471402
960, 922.09138474207
1915, 921.9854460082352
1265, 921.1444964687588
2146, 920.8340181262655
856, 920.4229502969199
1311, 919.1514722874166
1319, 917.6325558090285
635, 917.1638083509196
1369, 916.8559342723644
342, 916.1745239937061
1416, 915.9865617681446
804, 915.0294163028649
2000, 913.7482939281256
3045, 912.4426557105786
779, 912.0807362978625
987, 909.349649596113
840, 909.3198204234745
1266, 909.1353399194743
3038, 908.4065327711266
698, 907.8068620365034
560, 907.5199106484074
620, 904.6419104817261
2113, 904.4685077389383
899, 902.685129393834
1786, 900.5734509676818
893, 900.5158128862583
1409, 899.836785383414
572, 899.3619694240554
2120, 899.0940543378638
1673, 898.6904748708774
661, 898.3045078065567
270, 898.2362239545498
2319, 898.0190283888443
2845, 897.9152981443622
2136, 897.6589708055342
994, 897.6203525180111
1293, 897.0222061649737
2327, 896.6726952345375
231, 896.5727070414912
2197, 896.2127972298733
2159, 896.012760538141
2874, 894.1130394741388
1331, 892.897086559034
785, 892.6352252131885
1314, 892.2551739768535
1022, 892.1325106411399
2884, 891.5101150533802
579, 891.2398023930866
2220, 890.6178959372419
1606, 890.2530089682388
1389, 888.4793402973088
819, 887.6102593849535
3271, 887.5685110875603
954, 884.8425809644958
1303, 884.743041159023
2189, 882.9216205099495
1312, 882.7446258241679
871, 882.3479120955151
937, 882.344825220953
1896, 881.7003080609098
1916, 880.3353010625664
235, 880.203723923337
2324, 879.5598828504853
573, 879.4741192485068
3230, 879.4096215298241
1839, 879.2611718888937
2178, 879.1102454404886
2187, 878.0916722380787
690, 876.9815747638486
1568, 876.5465108049124
3037, 875.1712873571028
618, 874.1743543534865
2840, 873.7268083749498
1473, 873.5926797185524
657, 872.9663311095011
594, 872.4867909575379
3267, 871.7962878174336
2225, 870.9076998018678
753, 870.5400863452675
1496, 870.5356572733909
346, 870.4342371837542
845, 869.5940405097118
2114, 869.3798294246519
1549, 869.2969403182656
2998, 869.1092438467931
771, 868.7846368937642
1340, 868.6638907997993
694, 868.4428483165308
2897, 867.7115021244193
990, 867.6861830582259
2826, 866.1218892461318
932, 865.781279012064
2323, 865.6079336459911
1016, 865.299469281916
26, 864.5052326006445
1056, 864.1908568677973
969, 863.7758026972458
2907, 863.4495249316584
996, 863.2088984502026
715, 862.8237106584972
2828, 861.9501758767797
595, 860.9091260667308
982, 860.5409952821097
847, 860.2100566686739
1985, 859.8718671344667
3014, 859.2015741298128
1326, 858.4159178583892
981, 858.0711690224689
903, 856.7322008142199
2373, 856.4855105934287
1500, 853.9946315580187
729, 853.9091336676012
242, 853.476547481539
2125, 852.4034038303193
839, 851.1668393284101
1936, 849.1134180180939
601, 848.6080468040789
1008, 848.2863184110529
1903, 847.8457717112917
2142, 847.7878836977238
2328, 847.7496854393586
2121, 847.0291441229542
1470, 845.2499303931224
707, 845.2403542136033
1790, 844.2561960595187
1382, 843.6691487862709
1803, 843.6671282114327
1294, 843.0032704201424
3002, 842.690444597562
1268, 842.6277403672378
2255, 842.6200068193803
558, 842.4882329886879
614, 842.2223545219515
3034, 841.7065433444267
3012, 840.6260909520757
806, 840.5881227653869
2322, 840.5129009917342
1497, 840.1525139294429
880, 839.0380690179517
1529, 838.3006398193227
664, 838.2378605519923
894, 837.9048707965804
2854, 837.4300155393736
898, 836.519037237658
662, 834.5643788836753
2410, 834.1822291503764
837, 833.6864440416352
660, 831.778679661166
2128, 831.5595998179376
824, 830.9591244425161
2370, 830.4042168817334
1846, 830.0576111245805
1021, 829.395254578436
27, 829.0656581180033
947, 828.6837561234937
3026, 827.632676692383
846, 827.5397010929562
782, 827.5102894953018
2151, 826.8742371294655
1400, 826.6946302942927
714, 826.2854564550013
354, 826.2844328581759
1480, 826.175775480203
1503, 825.674211529467
1938, 825.6487563533323
1932, 824.7075903048028
973, 823.4896033739286
1498, 822.5643899252486
799, 822.4951342976017
2992, 821.9060239456427
2936, 821.8626740348286
602, 820.2633827653569
653, 819.7139886791873
1380, 819.3890712703642
2160, 818.9756935841008
3018, 817.7814821879592
1599, 817.5566221805863
800, 816.7582978396329
1395, 816.7429900606882
858, 816.6073287263599
2377, 815.8767617742493
1411, 815.4451493565656
1007, 814.3724302298837
1989, 813.7962279344482
720, 812.8509057344406
2426, 811.8410851945529
1594, 811.4579795056261
752, 811.1216212631609
691, 810.0047064770836
900, 809.5893936226928
312, 809.2140331056045
361, 808.5337677392619
756, 807.143009768135
717, 806.3504406811214
632, 806.1364927421351
1015, 805.3500601020032
2852, 804.4939854131574
1317, 804.3923378426665
2841, 804.0644558887542
1019, 803.7784470313861
1363, 802.7914859846419
817, 802.7054572075091
605, 802.6047531373576
828, 802.5507832047782
2162, 802.2780575512854
2366, 802.2610604154705
834, 801.9364023197791
247, 800.7518801245664
1333, 800.7289963048377
2829, 800.1648080395971
1570, 800.0882939237209
750, 799.0532123993394
701, 798.5789144932314
892, 797.8965806980839
1807, 797.8820228507324
360, 797.2907365525045
2247, 796.8231758034877
636, 795.8714991918037
2830, 795.7895869652492
1276, 795.5898067596397
1927, 795.3642690628557
2205, 795.1848790029807
1307, 794.9684938158622
2095, 793.4382481250356
831, 793.1007356845604
1899, 791.2683343102113
962, 790.9385691695313
645, 790.6924266021465
938, 790.3384477944281
797, 790.2094290806112
866, 789.9210285925531
1943, 789.3136471834536
667, 788.6220901387142
2236, 787.5368626760581
2149, 787.5260959811447
1305, 787.5212825711654
1524, 787.476914642439
710, 787.3785881228125
570, 787.0691454570506
1512, 786.8995303718295
2321, 786.7477639402773
2171, 786.2824907881838
2335, 786.0058346202336
2117, 785.7976027551524
1296, 784.3878749210536
747, 784.2629224520471
743, 784.1686128973367
780, 783.5979165618505
725, 782.5175084609682
3272, 782.0381141529126
1458, 781.8586978453764
1472, 781.5281185787258
528, 780.1312021016649
3321, 779.8009122680094
1805, 779.6662479036129
805, 779.5640271352783
703, 777.8321152574272
878, 777.6660419514117
2858, 777.0037794871389
2436, 776.7290603215895
2188, 776.4956595386757
1346, 776.4893551199885
2427, 775.7247988697736
1548, 774.1256690104715
2221, 773.6922777729422
815, 773.2564403048938
961, 772.8420379866352
640, 772.6442526549356
1001, 772.5238813094131
713, 772.0323339205421
1787, 771.6499177831425
708, 771.4360876325624
2196, 770.994503213313
658, 770.6177338778069
1414, 770.306495122399
318, 770.0990028922022
1796, 769.9356900171406
1272, 769.5916753666868
271, 769.5240138359634
992, 769.4853740517227
1413, 768.7920465583835
890, 768.4467498075103
958, 767.0217124858679
1489, 766.4353455258636
1918, 766.387110147117
727, 766.3690810534016
633, 766.3242330627888
581, 765.0953720310983
1782, 764.8758066852594
1334, 764.7886828283488
2262, 763.9113355882274
716, 763.8065316085459
1020, 763.7520623733055
2846, 762.4489179132597
1361, 761.8155535480605
575, 761.5767213875391
2835, 761.4042179365902
1829, 761.1304072367002
2219, 761.1212958397797
2851, 760.9023724232815
2329, 760.5243195909393
2164, 759.9910797650791
1617, 759.6981452846387
1399, 758.9934691929396
1999, 758.4434816075823
2949, 758.3984237792224
234, 758.2966250022797
1834, 756.9713269015973
1422, 756.0971109576666
1793, 755.6799294871112
943, 755.1212078824792
1408, 755.0727572688414
2993, 753.5776689569881
2215, 753.5370097802793
1335, 752.937294158278
24, 749.2329461518872
1797, 748.9060728148783
244, 748.3225058280606
3016, 747.9757983931638
751, 747.3913078505514
1210, 747.2331256675317
1392, 747.1891388251419
567, 747.1101129813736
269, 746.8148647594804
888, 745.9932513609535
2156, 745.8458019041972
1791, 745.4955967614657
1009, 743.9042781212087
2363, 743.2831834967516
1565, 742.4298943625811
3268, 740.7657504251512
2145, 740.6796571729263
245, 740.5591337682287
1523, 739.6726213509846
616, 739.6582929246434
2147, 739.2847317371179
1897, 739.2262428367226
241, 738.7605532055023
2181, 738.536328168503
724, 738.2481200603971
1956, 738.1703326629573
1592, 738.0349697576195
2371, 737.004595175543
1352, 736.3937173185732
2906, 736.2902441624462
978, 736.2687986149244
1080, 735.774570621752
891, 735.7505938838073
2112, 735.0828197811248
2437, 734.4763979283982
1292, 733.6509888271682
993, 733.5016105755407
835, 732.7213049168575
2438, 732.3297136763077
1833, 732.0080001130905
2893, 731.2038429340239
321, 731.1356356587941
2887, 731.054625925833
1816, 730.9831104044794
2804, 730.5714666215985
345, 730.1825796370956
2241, 729.6443138389475
1885, 729.3361380945389
1475, 728.8860433642972
1474, 728.4772091292009
1039, 728.137512058051
29, 727.3545253938631
1277, 727.2819929656051
974, 727.0262780418766
2157, 725.9656300702576
3035, 725.8630021031037
762, 725.5126393864538
2116, 725.0470325548798
869, 724.4566956140555
1508, 724.294513944947
2834, 723.5420377028349
1344, 722.9676813287572
712, 722.7124719915737
1490, 722.1844898927604
1495, 722.1418532527827
905, 721.6375903469379
1924, 721.4260474490627
976, 720.6344878784614
693, 720.481101271754
1336, 720.0208499034766
1766, 720.0018961233959
2886, 719.9394070125701
928, 719.1506004746881
529, 718.5655599864375
1420, 718.5166277175974
1929, 718.0863246667444
3031, 718.0693878583583
3269, 717.8441177465271
883, 717.1585048314731
2124, 716.9663044590054
999, 716.7140068813177
1757, 714.5377687644499
2850, 714.0327988214816
1609, 713.5443617405988
1295, 713.536700181433
1407, 713.2243467971853
2126, 713.126545917342
709, 712.594547418832
1767, 712.4904547231057
711, 712.2156448921429
1822, 712.0306170154042
1341, 711.7244557071853
2253, 710.6301188522867
314, 710.5976418000512
989, 710.5820898586368
2250, 709.2527203316646
1387, 708.5444289646348
812, 708.418202753046
1402, 708.173126075079
1281, 708.00033174172
1415, 707.2906194900081
1036, 706.898293076976
904, 706.5075312924129
1907, 705.6391201457891
704, 705.4152053893348
1553, 705.3604389046387
1569, 704.9502368802339
1780, 704.6528845920805
811, 704.5377377505139
2372, 702.700660974067
952, 702.2494585101067
666, 702.216569939023
882, 702.172330532249
796, 701.9822044618028
2325, 700.9088107653233
2883, 700.8758894435508
1522, 700.8023845433447
352, 700.2567552171181
1545, 700.2478862802514
695, 700.0966868865083
353, 699.9399928320413
3068, 699.6723584480677
1349, 699.1545411668695
2953, 698.930958304059
857, 698.6364555447166
872, 698.5695965426315
1917, 697.5617294236732
2161, 697.5005692938231
775, 696.8088377779454
1315, 696.7043859335878
600, 696.6187887123132
749, 696.1894647898623
781, 695.8551576194147
1988, 695.7810072678877
980, 694.5617508090454
1546, 694.2291719012558
3015, 693.0716987127221
308, 692.510347229879
3319, 692.3384263203585
2172, 691.4003643225719
1038, 691.0774659187192
1338, 690.2917417868548
2318, 690.1908918748676
230, 689.9246848856654
3273, 689.6531537509184
1810, 689.0044472458576
975, 688.173404527211
687, 686.2817196899268
1356, 685.7460897828774
319, 685.3365396492339
873, 685.1461367753202
2944, 684.6365819513925
592, 683.6426330026777
367, 683.5879897073988
1945, 683.0289441759917
1933, 682.4058283073265
359, 681.6825709105026
596, 681.584292172777
2180, 681.0962100603998
1783, 680.0525797321624
719, 679.9308395823663
2898, 676.0963001628039
609, 675.7072167607029
919, 675.3233948698199
1654, 675.1944731791074
1337, 674.7454591060721
1843, 674.593171081818
1640, 673.6735536195247
3448, 673.2870239079707
1955, 673.0267367151156
340, 671.9785088124323
911, 671.8770508544669
574, 671.7906981579933
945, 671.7512430846608
728, 671.1890603576331
604, 670.5712323539937
1370, 670.5335223298362
1308, 670.0797975157757
765, 669.4512282407002
1417, 668.609162258688
631, 667.723038392881
2234, 667.2183808421612
1923, 666.2377671558995
1375, 665.7614881252792
322, 665.7261603018779
310, 665.7261603018779
2174, 665.5755592312483
3023, 664.7169465276263
809, 664.6218661938312
3001, 664.2866755383159
339, 663.9907158106696
1653, 663.9616265947659
3233, 663.57260217101
1313, 663.1224723408365
621, 663.09192107435
829, 661.3934851542708
3449, 660.2443494938941
23, 659.8231566555692
236, 659.4744050910251
940, 659.4138962222695
877, 659.3030431980022
2207, 659.1380859948923
1278, 658.5000910670535
1884, 658.2850717253992
587, 656.8283936626937
3029, 656.1150120695037
686, 655.5799789372614
327, 654.2113371452496
2885, 653.0495298611836
1023, 652.8475282002589
760, 652.0469727956649
1044, 651.9008203059489
3224, 651.6855921713037
249, 651.6113465926175
1947, 651.2767885528576
1478, 650.9304425981845
1798, 648.9372218584335
349, 648.7061475689478
1501, 648.5309977235412
2182, 648.4921304076732
955, 648.4410477047282
357, 648.0307154996004
2995, 647.6602633003437
1483, 647.5373727840325
1291, 646.6704048650103
2194, 644.8919586370733
1360, 644.1381458226759
1776, 644.0543869693291
778, 643.2170569646261
1937, 643.0399195236893
627, 642.6917073831819
2892, 642.3144675097436
968, 641.384056979
366, 641.1596734711997
1844, 640.8163655454094
702, 640.5052120601181
825, 640.4491666763055
933, 639.7717074450177
739, 639.6902710365054
2431, 638.2023678946939
1823, 638.1340239421501
2135, 637.5412325628605
2997, 636.9170795592638
2435, 636.6971183759854
2428, 636.6971183759854
2374, 635.801090673459
949, 635.3914518703273
1951, 634.9079933620385
808, 632.7464702775859
617, 631.9932696939275
700, 631.9151983129506
774, 631.701690419381
922, 631.0882397839188
2316, 630.2520024911704
1279, 629.7871144701453
2878, 629.5138501448188
1845, 628.724277507826
3030, 628.443835199999
1321, 628.155872856091
2243, 627.8756516518986
1421, 627.034495510123
2843, 626.2113689374793
1901, 625.413600402746
1376, 624.6226448206835
1812, 623.306097803796
682, 622.97446403949
1888, 622.9539936737854
3025, 622.5866343517885
2889, 622.4423084064739
791, 622.3185490426431
652, 621.6484069754563
2838, 621.4088904567508
1419, 621.3142993019384
1011, 620.375064500936
324, 620.3185926285688
844, 618.4029859443465
317, 618.1648996375949
309, 618.1648996375949
726, 618.0860209572268
2859, 617.7685217639287
833, 617.10714952769
991, 616.0739003233911
2193, 615.4886760323785
233, 615.4813682782494
769, 613.1092561159869
612, 612.4589666301467
1211, 612.11947898032
2326, 612.0709089473891
1939, 611.9037148188064
1940, 611.591909795933
2901, 611.3151152640559
2137, 610.4655004115893
1547, 608.8103926288325
1003, 608.7929242370585
1384, 608.4662826337601
362, 606.1195041657846
2242, 605.7637380319611
355, 604.970991515072
746, 604.7574019398664
3000, 604.6483611889029
1556, 604.352566035418
917, 603.2945736469431
2848, 603.1922746304379
1306, 602.3766880747734
915, 601.7191072378723
842, 599.8704395355746
2945, 597.7843502850145
1037, 596.261911630932
744, 595.5158846288887
1525, 593.5770175081547
1552, 591.9219709002024
1289, 591.5349379738522
1775, 591.3746834662622
2357, 591.2915306108306
1541, 590.7308439178902
527, 590.0284259127153
2155, 588.7130238480913
2806, 587.2609160062515
1510, 586.182023777974
788, 586.0364244662346
625, 586.0306389633105
2170, 583.9087236795332
1763, 583.4821149569469
2365, 582.1850973032113
243, 581.9230789844577
1987, 581.8410285786957
767, 581.3724272580334
1842, 581.3212630897373
1527, 581.3135745938132
3320, 581.106749933504
803, 580.7805572167713
2827, 580.0885200993212
2991, 579.5103622237517
1013, 578.7797202464548
1471, 578.6325599350316
1946, 578.0457143789564
1479, 577.8632231853733
2211, 576.3591909307285
2896, 575.8089309467932
1350, 575.4375251522921
2432, 574.9188478897242
909, 574.622151644373
348, 573.709563844147
610, 573.2484252322402
874, 572.499634407301
988, 571.8780349061107
2208, 570.3732240602053
923, 569.9851404466461
571, 569.9213417677605
920, 569.5835409209103
524, 567.9333489272441
2195, 567.5600605035434
1821, 567.4509672728307
889, 567.146160645158
1005, 566.5735934126784
8, 565.18676665769
995, 564.5220432919159
2158, 564.0573444622794
2420, 563.4105232745292
1802, 563.3433903950204
2333, 561.8413144130649
615, 561.6520424941276
1826, 559.9401874417566
2434, 559.2440639734367
259, 558.6361838082153
3218, 558.6156802207173
2429, 557.4101388665606
2729, 557.1554639333327
1269, 556.4352462533609
1824, 555.8756570532594
1290, 554.4723745813261
758, 553.7103478596822
2118, 553.154513977039
786, 552.9229645708771
2894, 552.821154790737
1000, 552.531503940264
1602, 551.0217744609325
1883, 550.7105443563781
2836, 550.0076334562701
526, 549.9714084911561
3017, 548.5572014550386
5, 545.9399699757703
2856, 543.3938414706822
802, 541.4173738297959
1806, 541.294488844661
589, 541.2391860275809
1283, 541.0019645368935
94, 540.8673686959961
921, 540.7483765832388
941, 539.1271603546131
1379, 538.2654516187991
2418, 538.0482167638062
591, 535.8311623991049
622, 532.2189305737044
1762, 531.7071982711749
841, 530.8133565614453
1795, 530.3519413297968
2191, 529.5445101765566
1310, 528.6603430281588
2364, 527.5500459871827
2281, 527.1610687940149
25, 526.7396049040651
30, 523.2934948885455
2935, 522.6962804270419
630, 522.4222842688715
11, 520.4703996501246
2358, 519.5052520921129
1616, 517.5218701171103
2001, 515.9607549996246
1764, 514.4921699855432
1818, 514.4896267459123
951, 514.2318172943504
1004, 513.9401578413923
1784, 513.9148026901347
772, 513.1183968466554
356, 511.86043390418314
3451, 511.3656703269978
1919, 510.8658372098887
2368, 510.298458354411
2999, 509.91237274475526
107, 509.8180688696961
1542, 509.8146848046427
578, 509.5683185362422
2248, 506.08133147693485
343, 505.0871316877213
848, 504.76278447003483
936, 504.7065930299194
735, 503.98886787559917
1012, 503.9460954883051
814, 503.44380380709896
2134, 503.30630655374677
0, 503.23843660681723
3013, 503.14807969443706
3043, 502.3663233333447
28, 501.47370002316273
1347, 501.34361799413585
2855, 501.1492338267089
1373, 500.832274061305
2932, 500.77836738599433
248, 500.37113133762244
1623, 500.1194672826956
1410, 497.10437062307716
374, 495.7790859451338
2890, 494.20788434643487
1418, 493.3181259072195
1190, 491.62030020363613
3, 490.5500565937281
1404, 489.8812967964141
1882, 489.6900358023068
1613, 488.9526225575684
1355, 488.8439661506402
1509, 488.7226802493564
1324, 488.5083530793974
3215, 487.4693556372629
341, 487.32560730764317
2153, 486.2909865857607
1486, 486.1147132469128
1794, 485.9744870998671
1814, 485.662337400809
9, 485.37070245914873
1309, 485.358972940039
2832, 483.31744110670877
939, 482.39249522434187
950, 477.2298061998221
3011, 476.9801730190567
2402, 476.6654154668593
2805, 475.23579622270387
826, 474.6508116956781
1274, 474.4153526411268
2143, 473.6245588656189
745, 472.43456708165553
628, 470.01897403847437
2731, 469.96274842881735
1765, 469.62271606362236
112, 469.37234963926096
1768, 468.29969825254744
1788, 468.2495486551241
316, 467.785906121596
2904, 465.6342143036489
1781, 463.3147417059906
1526, 463.24061298456763
3220, 462.7133051156399
629, 458.8671596426196
823, 457.124749537995
344, 455.10788793906517
1723, 454.51329992247537
118, 451.5672741907659
7, 451.0721036777215
794, 447.88101748610154
1579, 447.38752343677186
1578, 447.1329938805046
1255, 446.27033068542204
793, 445.4769920231448
1785, 443.6230192518242
2192, 442.2552856755895
953, 442.1914538375072
6, 439.42568072518463
1890, 435.67353871110765
1482, 434.36493168376967
3036, 433.0638747857634
1931, 431.8787902700421
10, 431.2121509018498
884, 429.98670076416715
901, 428.90888971938324
1564, 427.9140202639958
1532, 427.7465277481112
3235, 417.5670542356091
182, 415.9123123754345
3009, 415.35328294153425
117, 413.83843147559907
1484, 413.21335965461725
2860, 413.0486409170543
2857, 412.8279693103602
1661, 409.91732477742386
1287, 408.9861183386736
3234, 408.4601841219303
641, 406.8378903935106
4, 402.09609850085207
1364, 400.27908119605274
2320, 399.2465918822713
768, 399.2195029195738
1267, 398.06381066491826
416, 397.77171628456404
1454, 397.47160836204375
916, 396.1066992173588
3310, 395.70941261446256
2275, 393.83502910551084
116, 391.9426104096251
1977, 391.75560751597493
1577, 391.61062206231577
1457, 389.7900389686068
3216, 388.25036175652133
3431, 385.46908099166103
418, 383.33280006442266
3219, 380.46994718059494
1426, 377.3469766622316
2861, 374.0615645442277
421, 374.02745823204765
1800, 373.20572563798373
417, 372.90795285187676
2900, 372.0243665896898
420, 370.74345241016783
1153, 369.96998960838977
1838, 369.7691177213797
3223, 367.5704998809132
1, 367.3050797578266
1062, 363.80813596778836
2351, 362.41202562322695
3221, 361.59515901005204
3164, 360.7615539132635
2433, 358.01775558689525
1302, 357.69732596552234
2010, 355.7784524548263
1487, 354.3727213362859
13, 354.2541785181309
1958, 353.99773450691754
3188, 353.4377868445608
3222, 353.24119193291875
109, 353.0129162586418
3217, 351.25576283291144
1571, 348.04223849331873
1423, 347.9740108038302
1425, 347.77653696989915
1580, 347.54244843482286
1156, 346.08430708769936
96, 345.90156498945476
1889, 345.8534609742203
1427, 344.4896246311736
2971, 344.3756085411179
1709, 343.07715303049656
1567, 342.8540432361886
1316, 342.74576034083105
97, 342.39329621813215
2801, 342.2140463968818
637, 341.22557713251354
1864, 336.9584141663751
1151, 336.91037362584126
1485, 336.80003825800446
419, 336.4942887685488
1575, 334.73807150962693
32, 333.9708849641294
1424, 333.7666814422357
268, 333.4271829400312
3236, 331.24383403707816
1566, 330.72754925556404
3228, 329.1276418052414
260, 328.91653969478403
1073, 327.23816121260666
115, 327.23117750647157
1440, 326.4470780385442
1216, 326.29891273155584
1576, 325.2083620903004
1962, 324.39309202039215
1632, 323.8192431560796
1813, 323.72091619477936
122, 322.90362514371236
1562, 322.89592911051085
1358, 322.4814339455173
1573, 322.47880618003
68, 322.14903909334095
1180, 321.3364773473613
1634, 320.2190704582978
358, 320.17248277886017
12, 319.3719555783735
3387, 318.62047489224096
3417, 317.4864689368468
144, 316.3872782791736
167, 316.0352892038212
1178, 315.33825403286636
93, 315.2490053374124
3376, 313.697888100656
64, 313.29485844269783
2400, 312.87540203515954
3392, 312.07195476628755
1152, 310.98922182684703
2395, 310.856242305206
2270, 309.4941721021808
1397, 308.48938969156114
1034, 308.01211982260793
1572, 307.8689850455288
1638, 307.82108473935983
101, 307.7916558062547
1543, 307.4163433317461
1065, 307.3556893000196
2915, 306.5946411579321
2097, 306.29859007923136
166, 306.2866250626108
65, 304.58151554541723
72, 304.53534116876176
1588, 303.5760389261192
1694, 303.54136073970335
67, 301.49731107366625
3428, 301.0470951206628
3374, 300.1182316129925
1605, 300.07499323242354
70, 299.73800749288466
69, 299.73800749288466
510, 297.20138657782127
1068, 297.0909774477762
1061, 296.9695803202945
1220, 296.69881610106444
2972, 295.7892523569659
3356, 295.43077496414475
1895, 294.9098507407464
1428, 294.82173411358457
3422, 294.3582390403195
1663, 293.4186701108363
2399, 293.0661766672647
1134, 292.08884976967823
2787, 291.51836891850877
1198, 291.03418570557125
3368, 290.1134641038383
1574, 289.9363748767816
267, 289.89834191303254
1996, 289.59175728842814
1406, 289.529216292252
108, 289.3134598702309
2414, 289.242217050245
1467, 289.04180733540164
2384, 287.81300372572554
95, 287.7171445191525
1150, 287.100154671615
3140, 286.3135830886251
3349, 286.0135110267598
1123, 285.7969724443941
2775, 285.66931840514405
3122, 284.97464762255623
121, 284.73415759194813
2913, 284.72664378041844
434, 284.60762528388045
1191, 283.9311883076433
1189, 283.61860906959265
2550, 283.5655987656346
90, 283.2860592097478
1693, 283.0428557845091
1240, 282.58233326928774
1207, 282.4909576542863
179, 282.0097622696361
3406, 281.5606314656007
1224, 281.4295058925055
3126, 281.37849162931377
1155, 280.3277389640016
1135, 279.2849591960644
1120, 279.03486240143263
2799, 278.8282860623557
3337, 278.1663979528841
304, 278.1261777025335
3137, 277.70884798143453
1108, 277.51376726249737
103, 277.39982706178296
3427, 277.2889371435044
1138, 277.1101934853523
1225, 276.8510141304973
1441, 276.84636647225716
1194, 276.739938418891
1713, 276.53449016074677
3355, 275.65338624756856
3328, 275.46136706549913
3060, 274.4520704660604
522, 274.25225907041715
3127, 274.20575359999066
3138, 273.9489162288357
190, 273.76682862994664
113, 273.73207099359206
1195, 273.68600398408563
2273, 273.52740821940654
160, 273.265726493859
2378, 272.1177518390913
1078, 272.1167891389985
1477, 271.7784662434148
1163, 271.38208045706045
2770, 271.34927953371874
133, 271.23794073003074
1518, 271.2085726956218
2977, 271.1802778814076
3096, 271.0491886201658
3338, 270.8643793022682
2551, 270.7151320910034
1222, 270.6424621262075
1131, 270.58305220124385
511, 270.5695988835981
2761, 270.4854357830337
2295, 270.41489482199086
338, 270.32012086604965
3116, 270.2420770911884
3390, 270.1132640446599
3088, 269.32098787814425
1168, 269.0139800394609
1146, 268.7634855162156
3075, 268.7511780358846
1658, 268.53573122512137
1186, 268.48902845796607
1514, 267.9436755009548
3087, 267.94113743842973
3330, 267.8883153292421
2411, 267.87253000785466
102, 267.87229843726817
1656, 267.86331369379025
1998, 267.78852232347805
232, 267.7450084707496
3397, 267.6356468351508
3074, 267.50758598137475
3104, 267.4453175528527
1107, 267.20132117644425
2007, 267.10018438097615
2762, 267.02572129422765
2967, 267.0062389395453
3124, 266.90543099533943
3067, 266.7809861983518
1133, 266.6617684527618
2350, 266.6131192546591
3052, 266.03813917879717
1167, 266.02328367569714
2984, 265.78847735816584
3157, 265.6380352884525
2719, 265.5791053003161
1223, 265.529646824053
1079, 265.1661344952954
3152, 265.14499280679615
3109, 264.8099340054885
3156, 264.65895148991984
3400, 264.56279287063404
2982, 264.51692011925735
2023, 264.35290643790427
541, 263.693902631772
1176, 263.6881870772865
3076, 263.620145513007
1251, 263.54569232843033
2347, 263.5387366125567
1250, 263.2460535665737
1435, 263.06227189102833
106, 262.7305205112319
492, 262.5713691546914
1976, 262.4291089846933
92, 262.38906264588206
1127, 262.32815090135705
3053, 262.3009827409672
89, 262.2317686386069
2268, 262.22820797211097
1431, 262.1556752123631
3081, 262.1537430676603
3377, 261.9850840645305
205, 261.66457356641257
1246, 261.5300177183867
104, 261.366051028581
2796, 260.979422068061
120, 260.5721697888511
1136, 260.52711178005427
498, 259.8658123384219
1196, 259.8250274130654
1116, 259.813402765886
3103, 259.7726056586894
1227, 259.58646820830495
3430, 259.51198205593266
3335, 258.81225602054184
1097, 258.70554318246934
2976, 258.62892933409876
3394, 258.5246407011772
369, 258.3361966943297
1298, 257.9179599291566
553, 257.8894230784866
1881, 257.5397200316137
1257, 257.14484281279454
192, 257.1103106191151
3399, 256.92079969344417
2028, 256.9028613565409
2716, 256.83286221591976
3158, 256.8241640794384
1446, 256.7363492517915
209, 256.7066997947919
1460, 256.6844339235618
3398, 256.6464805547846
2815, 256.56849259281984
1593, 256.52600967455754
110, 256.37734068467796
1188, 256.3743458038907
533, 256.12223062250825
2304, 255.75839989110733
1261, 255.60881948474514
1711, 255.36840868548185
177, 255.16042462695953
105, 255.12817023876948
1181, 255.02587476968444
3102, 254.62883924622204
1213, 254.49164575764343
3154, 254.13701485376495
1201, 254.0849310963401
1149, 253.62092193532754
545, 253.49356774212148
99, 253.13562626665944
1242, 253.01252703043613
3117, 252.87918774639516
3414, 252.77839585653794
3141, 252.7572853476875
135, 252.6984503839561
1182, 252.6803114785008
1059, 252.56505011510663
2771, 252.36803911219442
499, 252.26683190907275
261, 252.25892353973327
2421, 252.104238868333
2800, 251.98804522166438
2344, 251.68509608494276
1197, 251.4274848176551
2065, 251.36047080912428
3366, 251.31682399652118
520, 251.1166786492018
3351, 250.84302664668428
1217, 250.62954322745097
114, 250.30629296146418
3375, 249.93823167993014
3322, 249.8989434163312
1209, 249.8776604191166
1175, 249.81185790173078
1208, 249.48310098437875
1773, 249.0108104220166
3367, 248.9168393804676
1160, 248.7661149316831
1436, 248.75521058813845
1438, 248.23163942919086
1596, 248.0802367162967
2412, 247.7957445562159
3115, 247.67821567896306
61, 246.292880068673
66, 246.29115211721953
91, 246.1020101788088
1070, 245.4327522373774
1254, 245.415424573114
125, 245.13827992726232
1597, 244.95386674589096
3342, 244.88913487930114
2387, 244.72849891336406
1125, 244.46031577541513
2406, 244.36396530946678
1170, 244.30624034823663
3420, 244.2105966462119
431, 243.69092315337377
1860, 243.4698905199474
2014, 243.35670851953554
62, 243.3071740094945
1137, 243.22695660386273
3441, 243.0892742220647
1667, 242.9334623241223
1154, 242.45226863995225
2392, 242.33398350426987
1148, 242.2927458386203
2413, 241.6256897685831
2960, 240.95683763274417
1229, 240.94841740792617
3131, 240.73419285840149
2730, 240.59001598333816
1719, 240.4570850073924
131, 240.44682887279646
1447, 240.3326931214277
2290, 240.03776534867225
2396, 239.55431037634727
1961, 239.40644388168917
172, 239.24922992067007
1974, 239.02500153556832
1139, 238.90820201311018
1206, 238.9061496616269
2, 238.8406140155568
1112, 238.77823600883863
1095, 238.71152813532063
2752, 238.62220047464675
2080, 238.51661229088913
3332, 238.4931410940864
1430, 237.96737325318904
3372, 237.76150449330828
1099, 237.68896980870508
2769, 237.61313751076585
1678, 237.33173154726398
1147, 237.2933503090231
1101, 237.17907197468347
3333, 236.85327846085644
2978, 236.77707388867742
1761, 236.6486195133877
3003, 236.1618728123965
3198, 236.02791517814006
1141, 235.92556776147077
2794, 235.74988880580256
536, 235.691345648529
1855, 235.62122063888464
1253, 235.44819974857987
2975, 235.24337109545962
2974, 235.24337109545962
2813, 234.91717371264195
1067, 234.8457578657161
463, 234.832421174796
1096, 234.60125276563386
1688, 234.55751574862697
1130, 234.45947699315107
3132, 234.33215947132229
1262, 234.008045033663
3139, 233.8361808822919
3393, 233.69228376292284
1760, 233.5961120244331
1199, 233.59233917709096
552, 233.32760657617237
3078, 233.2851729180775
549, 233.11678376241713
3396, 232.78347910224528
543, 232.5062130292807
1449, 232.4605492312805
3028, 232.1408565407909
279, 231.9953315238824
1069, 231.98129995602875
506, 231.92963203647903
3047, 231.6711634877708
1586, 231.32823727292185
2919, 231.23173453712428
3425, 231.2016882839639
2269, 231.0858010055436
2356, 230.8563912517156
1589, 230.79779463801424
1660, 230.79589886184127
1088, 230.7633541395795
3410, 230.6825961213189
1857, 230.55548350025498
210, 229.57865288333784
201, 229.40692565686666
2717, 229.0927346663534
2798, 229.07594483738345
1214, 229.041351800032
1662, 228.8310271785818
2862, 228.7544908977691
2765, 228.5742685301835
3153, 228.5395018427978
1042, 228.3843870763301
1212, 228.36076219650906
1144, 228.32333392375187
3280, 228.0382334481607
3395, 227.74173007060148
426, 227.4534190983125
1041, 227.2619385033082
2983, 227.20803382665304
3125, 227.12960337171847
1852, 227.1028311692477
3421, 226.926538595313
2417, 226.84461505478023
1226, 226.65344735026713
523, 226.50316679201595
3048, 226.47666714753566
383, 226.40899487321894
3334, 226.38802625771973
3004, 226.36855043960455
1115, 225.9046130399847
3418, 225.74946110175978
2715, 225.66006446135333
2409, 225.5317405717753
1856, 225.42222265869196
450, 225.27709686956163
1867, 225.22008990759784
1145, 225.20622394590492
1872, 225.19875839639357
476, 225.08131378338362
1025, 225.02046627492365
2009, 224.98778811035768
2819, 224.9202891127335
1236, 224.86611374878794
3291, 224.83490261970422
2753, 224.64086009912776
1174, 224.5349640515558
502, 224.18740422018791
2797, 223.98865651760553
1083, 223.7462492968589
3371, 223.58410533956445
3286, 223.53883064449164
2355, 223.4983834809721
2303, 223.43554758263656
382, 223.39122325520609
1683, 223.30230601370877
3429, 223.07405039191673
155, 222.93544395121882
3061, 222.82724732309106
154, 222.66448185382842
2337, 222.58323811808464
851, 222.1114649340797
377, 222.02149837164455
128, 221.9797439849268
1179, 221.89919085224352
542, 221.7407086369849
1301, 221.63786383746017
283, 221.58878901720243
1465, 221.54177297436448
3086, 221.46436292907055
1753, 221.19351669708192
1608, 220.94475017087075
1429, 220.9375477495912
3073, 220.51852645358574
3339, 220.3890720616933
3106, 220.3289907018626
3402, 220.26790011427593
1031, 220.16358286429832
1299, 220.138891109904
537, 220.07485765434933
164, 220.0016327635318
1600, 219.69489269205283
197, 219.4554856393011
264, 219.3318158135352
1128, 219.28378374474087
1607, 219.1373422754085
3416, 218.86472512875747
487, 218.77960018915326
139, 218.71825511107602
3196, 218.46644562378316
176, 218.39827936456624
151, 218.30042696566863
1445, 218.07792825556683
1245, 218.02247836533928
178, 217.81722546870006
215, 217.80764999944765
2309, 217.65661099035842
1241, 217.64556926572428
2803, 217.48789269861757
3369, 217.48539602859265
3378, 217.39123574358948
1979, 217.11660599891678
1866, 217.0495590456904
1451, 217.03590108481012
538, 216.92309057976337
2388, 216.835146612735
1978, 216.75287331946808
912, 216.69773496451214
2408, 216.5774105650881
547, 216.49294858198203
163, 216.34470152611817
2958, 216.26117207512556
462, 215.85132471800355
1113, 215.83493330650762
2733, 215.8212978055794
1043, 215.7888783563975
446, 215.7778372639735
2110, 215.77546793012064
1849, 215.74982351903046
2969, 215.7132529436897
2398, 215.64657230046654
2985, 215.25852353724446
397, 215.19232630729059
550, 215.1609786241582
1876, 215.12604333085434
1811, 215.1252025524049
423, 215.1092239615641
1094, 214.94044017578605
1091, 214.75326083796477
3373, 214.74660555983218
504, 214.55740018758914
1973, 214.37216134084525
619, 214.37132728332244
53, 214.33643705944948
2068, 214.20096646291128
171, 214.1722378368225
2754, 214.1661649670246
3405, 214.08215330823055
2973, 213.7718135970585
1074, 213.69358321676646
530, 213.4753490014922
1218, 213.46213583986898
2056, 213.45118450500183
2315, 213.32183389607627
1437, 213.21668321438182
1193, 213.21388189214832
3064, 213.03141672321632
2990, 213.0087843003108
181, 212.96555105731193
737, 212.96260047561304
161, 212.6096516097335
2069, 212.52594190948724
3423, 212.32484946532261
2271, 212.1629646169038
3119, 212.14975196965028
2279, 212.0388879319684
1124, 212.01270489625085
1219, 211.97500983717285
1183, 211.97053628082543
2297, 211.9671933638428
3381, 211.92583142079442
469, 211.8991786008107
1060, 211.7310277399901
2818, 211.71146187586453
1590, 211.6215241259508
2386, 211.56066576776604
3407, 211.5347583195292
2968, 211.5230579229592
2966, 211.27392577648922
76, 211.25974330949552
2100, 211.15039312452856
132, 211.10996990707352
119, 211.1061811423366
514, 211.10566728313864
1030, 210.94396576210113
1444, 210.84342753272446
3166, 210.75129700136486
1247, 210.57653316006522
336, 210.49522958164587
1462, 210.48657393608104
1865, 210.4459343255728
3058, 210.08031932617678
443, 210.0083250678419
2783, 209.9739789536659
1089, 209.70221577088117
820, 209.66287994129837
1248, 209.6411645421194
1200, 209.62089053101792
3353, 209.37938321238403
2763, 209.29663615765955
3436, 209.19212877437613
1035, 208.9591418082927
1169, 208.85931312410773
414, 208.74469201164024
1442, 208.7139974793212
1027, 208.71014901896234
556, 208.58912335812965
1085, 208.42835033622816
1464, 208.38218717241043
3331, 208.24082036718897
454, 208.23625485302398
3340, 208.089257401075
3227, 208.0221194765739
1736, 208.0066865452042
3277, 207.99865061285962
1117, 207.94761205805548
373, 207.7189529916613
430, 207.71150108950042
2747, 207.66438453661095
174, 207.40073703525962
2918, 207.27430890088414
3181, 207.2136165287282
582, 207.11148437703923
448, 207.0293692642883
45, 207.01954207528655
1450, 206.95400452687184
532, 206.9323273199883
3382, 206.930732233297
3049, 206.91215771819117
2071, 206.86377137537087
2105, 206.84705197670473
157, 206.58906115239859
3408, 206.29563552171183
227, 206.2764362211708
1202, 206.06586299275585
1119, 205.81250305804375
736, 205.7978892683138
1531, 205.7082163034316
3108, 205.65583208527528
159, 205.62391644606595
481, 205.51710650768663
2979, 205.4952882547335
3370, 205.48180978706546
2548, 205.43349576831304
262, 205.3331670614512
153, 205.14362710963687
429, 204.99964196895544
3072, 204.97576547490021
289, 204.74378003316073
1911, 204.7101453817246
146, 204.69427306996548
3070, 204.57786475359487
2033, 204.41911523855282
432, 204.37252863246
1689, 204.31744852532546
505, 204.28823045283855
3303, 204.05746066223625
2099, 203.95269891459048
2382, 203.94517758025978
71, 203.87429650070075
1651, 203.84226942703862
3077, 203.8216314711573
3089, 203.70170269595886
2312, 203.64164994425153
2792, 203.59170631463084
3155, 203.55696033098454
41, 203.29434489415382
1230, 203.07536831648122
3317, 203.07373814010117
3055, 202.8786041878026
162, 202.79314064721248
169, 202.76446269780462
2302, 202.26882440362928
296, 202.0020744638269
1126, 201.96996986396255
3385, 201.8780880455441
1040, 201.61661172989702
1603, 201.42545999768095
3118, 201.30892106165905
1584, 201.1987871518757
3437, 201.0914918473103
3419, 200.9270516435598
2292, 200.75992417435037
457, 200.7104670502509
3046, 200.65295263696768
458, 200.6075439594906
1066, 200.58588212561145
1166, 200.5694752383762
3148, 200.5647304251015
3107, 200.4668802010364
124, 200.34382512364772
535, 200.31448966755295
1110, 200.19377326272897
1676, 200.16949120658782
263, 200.13459143532103
3135, 200.0629816428491
503, 199.9175993258597
1448, 199.91142106164173
3247, 199.8851313830257
211, 199.88338877372658
39, 199.8676859711123
1086, 199.82253444210184
207, 199.77645170744782
40, 199.7254647377609
1234, 199.3782696948506
368, 199.36145405688578
2022, 199.28151748712233
2301, 199.276390668232
1075, 199.25843172892294
1610, 199.20752684048563
170, 199.20597227594183
3114, 199.156846166404
1072, 199.07822329183657
2265, 199.07532550174443
2777, 199.07094332465408
531, 199.0117068899794
1624, 198.9868301240634
554, 198.9088994805234
2260, 198.86562901913575
1964, 198.7906256612339
2380, 198.62436979622032
188, 198.48052161356898
1173, 198.47837320146007
2394, 198.4527103326615
2735, 198.26538034637596
3302, 198.21501531819828
221, 198.18977848689894
1187, 198.15983004918286
2015, 197.80604298409466
1239, 197.73851621570654
251, 197.61878236856649
3388, 197.5743978544797
3401, 197.48234968143984
2267, 197.46983057922816
284, 197.36362245121813
557, 197.29299537027444
2053, 197.09469486205458
2277, 196.95376184424842
3275, 196.71145716327834
1132, 196.6844950334095
2986, 196.58566334265606
136, 196.56383120580261
1585, 196.54994093994165
1583, 196.39110018123824
158, 196.34196369071955
3069, 196.3192506583561
1452, 196.25199590712646
200, 196.21543344112445
3054, 196.2004797520856
1263, 196.05749833492297
2791, 195.97952081180384
202, 195.94998837636695
3341, 195.92881320904314
180, 195.87473335154658
334, 195.86077559304803
1161, 195.86072998811662
186, 195.80275519599843
98, 195.62524116064614
456, 195.57283766676017
671, 195.42684934158243
2310, 195.39462658754687
2274, 195.3205138869307
1533, 195.28998689265555
2311, 195.16371080032167
494, 195.10896705611194
1071, 195.07162616323123
539, 195.05385917832191
1228, 194.9775905001841
482, 194.97027014363837
2740, 194.961249771479
501, 194.91808616931837
1026, 194.88488744441068
1994, 194.87872128101208
3191, 194.789102209814
1203, 194.76570089408864
1129, 194.76469282607772
175, 194.7380334024119
2807, 194.68101389557566
1215, 194.48212647554655
3179, 194.3281251535118
444, 194.31844925190262
2964, 194.13589980297837
2348, 194.10710470617732
2424, 194.10459156254396
293, 194.0848480839655
2961, 194.06643557125534
295, 194.04156745711674
3379, 193.97998602658873
3142, 193.84649857164717
2050, 193.69223776595592
3389, 193.68164344287035
1143, 193.67852658447302
3403, 193.6339763270788
2298, 193.37023592226586
2306, 193.32801203275747
437, 193.04929101607598
123, 192.9438233366114
3409, 192.9004068319679
2737, 192.8672990622713
428, 192.75855144097372
3167, 192.56824821511105
1975, 192.51596326374138
333, 192.30556620403343
213, 192.2969245652925
1032, 191.95705951305885
220, 191.88415332478013
860, 191.8430002632405
1456, 191.77319469685213
1848, 191.65613426184908
3426, 191.62370691506612
2223, 191.60247185410896
2252, 191.5120059273424
2963, 191.47879053387754
2055, 191.46252230911256
329, 191.45611765934635
2266, 191.4110287193618
669, 191.22239852535444
3189, 191.15176970743994
2772, 190.93528289556392
2018, 190.89112130605426
3169, 190.63877368451415
1581, 190.60362888624357
303, 190.5186863844576
1233, 190.44643543346686
483, 190.4275039894722
642, 190.406150432072
3210, 190.38075281163765
1851, 190.37828044133673
453, 190.26829493592464
2989, 190.2345698590807
152, 190.21828490537408
2070, 190.21097955393822
1076, 190.12038057596735
2764, 190.06458385518243
1090, 190.05009014521943
2006, 189.8256714102092
3205, 189.74962919233823
2088, 189.73100365521645
2407, 189.64039599567047
2962, 189.30479688516533
378, 189.27016676909412
332, 189.11331060684475
2075, 189.02809531179892
2308, 189.02544135443986
3010, 189.0193548705805
1260, 188.96530252632346
2746, 188.96056849040573
832, 188.94707735301745
1912, 188.83430343557401
2059, 188.80423319094737
3404, 188.80209194048624
330, 188.75342609835144
3065, 188.75160563294057
3203, 188.6187503379565
3445, 188.61188878284855
1432, 188.39195728759736
2352, 188.15342717970276
2011, 188.01910570788536
3172, 188.00355651046607
852, 187.96396522423277
773, 187.9101466313382
1252, 187.86887167872794
142, 187.74376684852484
2086, 187.72781664548967
1980, 187.64651911910474
37, 187.4467440818338
3032, 187.39784700222327
3212, 187.35631695220863
1997, 187.35234728909734
3182, 187.1455468945301
2389, 187.12907136314206
1963, 187.1188612232655
392, 187.10282743579128
2103, 187.06998488968415
2300, 186.98429535655234
1466, 186.97932795038295
380, 186.90657299912536
3149, 186.86690302562937
546, 186.83374277516583
864, 186.78048305638526
1995, 186.6406100070151
129, 186.5908173038977
410, 186.42498284808673
478, 186.3756822207259
100, 186.1970896547464
1184, 186.1124897672862
471, 186.07798048566272
2790, 186.07694936826772
467, 185.76833746659625
3202, 185.6835378121116
2276, 185.60255844240928
2016, 185.5537240466175
272, 185.45570558989274
3447, 185.41789767050147
1991, 185.39866410898676
3174, 185.39513505215484
1690, 185.12748101491488
331, 185.0228177581073
2263, 184.9377002052535
441, 184.91326202824314
677, 184.76631743759864
1259, 184.59529216981872
475, 184.42979791405662
2261, 184.3507558334499
2774, 184.3178410317452
3285, 184.31172179273076
2786, 184.14767782822693
2766, 184.11825913754876
3128, 183.9872050772287
297, 183.95636566756926
208, 183.87863574804967
3434, 183.81687714688707
1177, 183.668375379294
365, 183.65819935200284
3424, 183.61948323579733
2026, 183.480916481833
3281, 183.46005808421552
3298, 183.41840221759736
1098, 183.37473722422038
1517, 183.32174673276512
3190, 182.96617866286894
168, 182.91888893697984
3214, 182.79628234508885
451, 182.67616533292545
130, 182.6044555803598
2296, 182.46045675713083
3386, 182.45819396208032
2024, 182.33207264382415
2278, 182.3310784654714
1111, 182.31380172579478
1521, 182.26331936035993
731, 182.18455495092888
79, 182.1584282455776
464, 182.11462356219587
914, 182.01981077773502
3056, 181.96944349003965
466, 181.9624542415121
3175, 181.90770299742186
1459, 181.87059510212194
2863, 181.81924228207708
299, 181.78064148929053
449, 181.6807966066632
2987, 181.66108521196526
1142, 181.6185000738596
2381, 181.4589586009854
2083, 181.4030172050085
3185, 181.25941757319356
2817, 181.10396984502626
2759, 181.0994689197241
2757, 181.08437236985557
2029, 181.04296965384953
46, 181.02837559262608
1604, 180.92498212539644
204, 180.87106835484417
3173, 180.83502187567385
534, 180.81327785767738
2734, 180.79072615966723
2767, 180.76146728528724
3300, 180.6261054137743
496, 180.61831680392515
328, 180.56147464862642
1140, 180.4153114692443
583, 180.40418963226637
488, 180.30157514770468
75, 180.09583462656866
2744, 180.00020438183722
1770, 179.99313061843228
173, 179.86771478353236
1077, 179.71128994692614
147, 179.696372526423
2109, 179.67661153433062
2354, 179.52634164334867
3098, 179.329504613444
3110, 179.19361903019592
3057, 179.16718040869824
1172, 179.14110080576577
2091, 179.1356349394372
2032, 178.9785371796678
1513, 178.93953095313412
435, 178.8976469435302
3208, 178.87775889196715
3244, 178.376656127732
3245, 178.3590477593434
1029, 178.26541649941734
2820, 178.23579918108192
1893, 178.224402483656
738, 178.18052238122618
3226, 178.17757948729303
3283, 178.06789133621493
1256, 178.02397471962198
2224, 178.00668375654342
335, 177.9224636183304
3348, 177.8669661060002
3042, 177.8599431024434
401, 177.79118145136695
2027, 177.76600819342278
3276, 177.67385165952237
3440, 177.60037311515532
544, 177.48032350669916
3292, 177.46551818784326
1204, 177.45681142200468
2507, 177.40067598248493
480, 177.3538297445506
3159, 177.27287020562756
2078, 177.22218635235254
485, 177.16910794279795
2076, 177.11119133034882
1502, 177.07272066115635
1850, 177.07251488645346
203, 176.96996050351794
2776, 176.94252053327457
2748, 176.8699915233285
2965, 176.8664132483176
193, 176.85305927486635
1587, 176.8529522707228
1443, 176.8366001350841
433, 176.68467871539266
415, 176.6813229761965
440, 176.66232078261925
470, 176.62469920994474
2722, 176.60280425677072
3093, 176.5835100123496
906, 176.51325697004611
479, 176.37147505820153
2920, 176.36943564508283
1611, 176.36251538413472
548, 176.36200306140861
2013, 176.30706814512962
913, 176.21289106480614
1105, 175.88398890700518
540, 175.74250045655558
2825, 175.650615874412
650, 175.5406636345926
1058, 175.47111117872362
425, 175.4362267422287
1434, 175.29434396385423
1433, 175.29434396385423
1880, 175.2409344935503
588, 175.21490498817914
2291, 175.11272997422574
2045, 175.0726647539371
372, 174.92351493323747
1870, 174.8587123677022
2751, 174.74279103854553
1853, 174.5733635671091
861, 174.50050696248184
608, 174.47850556998492
2773, 174.34918093114518
1675, 174.28168804860348
1063, 174.2736892073583
126, 174.1917009472275
676, 174.12573273169804
1100, 174.0941051929709
48, 174.03574582818064
3293, 173.8329110211608
1910, 173.82743842391568
3297, 173.63347993220745
495, 173.63209712680327
3006, 173.6074611449009
52, 173.51692620389403
468, 173.5159624515518
1159, 173.3596951755638
2019, 173.20707096779972
2802, 173.08033631994408
288, 173.0119867003508
3209, 173.00958644373893
1081, 172.9413638068376
2622, 172.85422407802676
1087, 172.84445111858443
51, 172.83757665453945
191, 172.800072190951
862, 172.79562726422506
2020, 172.71453406880536
189, 172.66271969603528
2285, 172.6279509091606
217, 172.53249226300136
2415, 172.51426742115066
34, 172.40598143234348
1235, 172.32454969465417
206, 172.1707137343163
3176, 172.02524498359907
1515, 172.00022987610234
2988, 171.93122933366436
3435, 171.8839947226202
2257, 171.84276983623727
148, 171.73382578931495
1758, 171.7041680927281
2768, 171.65848849700828
2419, 171.52615832068068
1221, 171.4489140339758
2723, 171.44545732116214
452, 171.33151093341417
1914, 171.2761907429012
1381, 171.249036541513
816, 171.2276637321999
562, 171.1414604878324
1993, 171.11227874484666
3083, 171.07308042417895
1859, 171.03518072315111
274, 170.9979704285311
2272, 170.9280741679391
1686, 170.89282540933914
3213, 170.7678317259883
3071, 170.761350506928
3079, 170.73445377078076
2981, 170.67247538675267
2307, 170.6601610005235
222, 170.44158883142916
1237, 170.2160810272567
56, 170.19054592193356
607, 170.170611749394
1680, 169.98079328222497
3287, 169.88981689796918
685, 169.79094856733883
3151, 169.78870531484537
3259, 169.46737220951454
2546, 169.43826237955187
1732, 169.26839641639742
881, 169.0393089904246
1913, 168.8947671827562
2025, 168.89384345043345
521, 168.71570120874398
3084, 168.59245510503388
407, 168.52804837743878
424, 168.5144744987773
406, 168.3396716976113
389, 168.30588492377618
1102, 168.29283668688038
1707, 168.2267984181432
1249, 168.19147531941437
2810, 168.1523567513712
2343, 168.10442651268357
670, 168.0419480115724
1666, 168.00803715589353
3051, 167.9325291421534
3050, 167.87792749172854
3199, 167.87017658053531
2210, 167.76877950550377
44, 167.71168543973755
1461, 167.62598174031584
1033, 167.50808533873544
82, 167.38598598566708
1243, 167.32777034654544
2218, 167.32456418577505
140, 167.3245440148152
611, 167.27564670667513
198, 167.24186769614184
2416, 167.20464084031377
2549, 167.18215632402857
74, 167.0928433510871
1516, 167.07435059933016
2391, 167.06281167156854
266, 166.95612157976797
194, 166.91723488734644
447, 166.90325192311096
1244, 166.86973311602745
3315, 166.74843280043842
381, 166.68709443515
3274, 166.58835247702712
2238, 166.56467635690151
515, 166.52596035590955
3171, 166.50951218894303
3246, 166.43544186497007
143, 166.40627545662585
2294, 166.28038924665313
555, 166.26971569053984
2005, 166.21082868308704
3192, 166.1837349469237
165, 166.17119851632305
1082, 166.15540812970852
2041, 166.15358407265202
2741, 166.03196776832232
376, 165.91096695916823
3439, 165.86294221927594
2795, 165.79940432166418
1002, 165.78445634213057
2811, 165.7336581766719
2108, 165.43798772938692
3413, 165.34041692597245
228, 165.29398895577967
275, 165.26343717368067
1854, 165.24899744590337
2286, 165.1632572989373
3178, 165.1038123443627
2259, 164.9884109457168
895, 164.79377129279646
3336, 164.6967101070774
47, 164.55300080038117
1162, 164.4111838775986
3241, 164.3991937346089
1742, 164.3519167796004
85, 164.29010541112285
651, 164.19786938671658
1720, 164.07056001675278
1771, 164.04588887474702
402, 164.02915703659008
2034, 163.99403509616374
326, 163.91972827297982
1084, 163.72432545084186
3133, 163.7019326648255
3278, 163.67431358744017
654, 163.62277294140338
1024, 163.5576398299521
2736, 163.55510831761347
3432, 163.53369074885856
3092, 163.5186507904593
2749, 163.49665644642528
2106, 163.47521710864586
1205, 163.4493978549987
1738, 163.39242799495887
2951, 163.28526873632774
445, 163.26015537444397
580, 163.22402959927012
1677, 163.17818534283631
3204, 163.10470596361708
2808, 163.0201766448027
134, 162.9415393519294
3059, 162.8645907317074
3144, 162.84109342483
885, 162.7854972902674
678, 162.73503999604583
3170, 162.70415581137348
379, 162.67306575356187
3384, 162.6637297583105
1122, 162.6430867286697
3062, 162.6397537378372
2483, 162.5940352020015
3433, 162.58554817459412
563, 162.5158790022333
680, 162.4490766201854
294, 162.42576123294558
57, 162.37215562824056
1687, 162.06836886094692
1121, 162.01944412521505
77, 161.87618265914048
3305, 161.87020082089452
2630, 161.8418622841665
3101, 161.78988505827115
3194, 161.77710893226896
3095, 161.76783880478817
3143, 161.6742455668643
1877, 161.64404442787782
3211, 161.57887437628085
2314, 161.51228360826093
237, 161.50836494333726
1725, 161.45144140833474
3380, 161.26247261156527
35, 161.1997092661634
3163, 161.10951847014974
2789, 161.05959458987928
2793, 161.0292553773175
427, 161.00765543921153
300, 160.96700873256876
613, 160.9647752818009
141, 160.84594428846785
2666, 160.77978430298992
3350, 160.7398090584648
3186, 160.5845506059124
2003, 160.5838117047756
2093, 160.57654820363157
1439, 160.55321287912489
3206, 160.4225505077102
1746, 160.36808239110292
3197, 160.3513186464941
1627, 160.31477789011274
2651, 160.3128117508001
3304, 160.27720579567506
3039, 160.12807635721975
1722, 160.09995971654288
956, 160.0969964884341
3327, 160.02174166929626
2385, 159.94660682827887
649, 159.92802949165892
2513, 159.87213706204867
2505, 159.7998958612162
2454, 159.79614664721132
1669, 159.78131809708117
3312, 159.75693866189198
1238, 159.72860797450463
1685, 159.66373857993264
655, 159.65411717463783
2203, 159.59970513598412
1646, 159.56639083943796
2280, 159.52173290076368
2048, 159.47269970276426
408, 159.41939084856403
748, 159.3139385851496
298, 159.24019328860476
1718, 159.22277182871437
509, 159.12877972865695
473, 159.0331360619055
3443, 158.98039988524363
3040, 158.91941956004968
2379, 158.88795056794194
1970, 158.88734078195185
2288, 158.87640592805204
2240, 158.873201592752
1729, 158.7987180348461
3289, 158.7775498817686
2002, 158.71354698089314
1879, 158.6354169236058
3284, 158.55841540107173
2104, 158.54925023399397
3294, 158.51013578168676
663, 158.48669501826743
3200, 158.13683518962085
2404, 158.08183018741346
1625, 157.98545386594867
1874, 157.98359132587552
2508, 157.9603367853518
282, 157.92931799709774
280, 157.8050441695808
73, 157.78094106841104
679, 157.7297008825017
1708, 157.6363498671835
1231, 157.59814926894603
3243, 157.5326086532325
1747, 157.53054989430382
3147, 157.45862268946615
1695, 157.42984593397566
2491, 157.40612439302362
3134, 157.39096988101088
643, 157.3444551022995
281, 157.32549011160856
42, 157.2125731790306
2583, 157.1184927088962
2948, 157.091087651449
2258, 157.00206468237394
3120, 156.71619897069408
1641, 156.68274737314155
3354, 156.51343022600363
84, 156.51239538788934
966, 156.480288488376
439, 156.44696684716408
491, 156.4142022111011
1875, 156.04677116942838
2824, 155.9965306328972
225, 155.98050888077617
2742, 155.97346010892198
2721, 155.9411196237959
1232, 155.880970367939
2442, 155.83147221338885
1258, 155.41912252135936
733, 155.37541458493217
1104, 155.2996039745892
2008, 155.26589679180813
2566, 155.25964270297098
859, 155.20765597162176
1171, 155.09684525623814
1756, 154.99659293966656
88, 154.83730390129574
732, 154.7838639000069
3314, 154.72563655374026
455, 154.65063469975848
838, 154.5866154094331
1647, 154.48224992243811
3184, 154.44404079968416
634, 154.34612506663427
2671, 154.31252808380714
1717, 154.28609835896626
1971, 154.2447850352099
2393, 154.2237303573812
2338, 154.2176176410331
1698, 154.1610332946071
219, 154.07674363740793
2039, 154.06130964815583
2021, 154.05009310953645
2917, 154.01546398240234
2780, 154.0020648703199
3082, 153.98862158825398
2688, 153.94443738691157
3146, 153.8537688463487
1868, 153.84884676808534
302, 153.7022124547948
2823, 153.68028216985223
2784, 153.5849208654368
863, 153.53339465338073
150, 153.53108648665147
1740, 153.47952884317274
1894, 153.4189356977543
2287, 153.39129157121283
460, 153.3536632821158
265, 153.28335144507568
699, 153.281120375838
2524, 153.23997438864805
2816, 153.2027702753761
513, 153.19908125292176
2645, 153.18315807652462
58, 153.18210825513427
2696, 153.16707008120747
512, 153.1632263326136
2553, 153.15430706375355
3162, 152.92967933315467
1106, 152.890430105708
2353, 152.88982667830365
2864, 152.88890806941592
255, 152.87907356738503
2587, 152.73299863286198
2755, 152.70282043591592
3150, 152.69011663286255
1731, 152.5571341443863
2217, 152.54061537451625
3352, 152.44501928229414
2788, 152.40892728255162
757, 152.40321587383735
1644, 152.37124074140897
1968, 152.30994061707204
2562, 152.24621686538356
2098, 152.18373658722174
3264, 152.17795947805496
3444, 152.17219165715508
2782, 152.12310948538618
734, 152.10323937293626
1057, 152.09284778415866
145, 152.07068608812375
1185, 152.04078229117695
1682, 151.9817653189517
1871, 151.94288713989775
2758, 151.91552912325923
518, 151.8920163512615
1714, 151.8811233005068
2705, 151.76889411560734
1858, 151.71905067157525
87, 151.68718154940655
3239, 151.58330251793976
3187, 151.51684960267715
2610, 151.49448793547523
2812, 151.48311135739561
551, 151.45114282004724
3183, 151.44696660014367
1739, 151.32991849884635
398, 151.32864857278204
1726, 151.29787305831658
1642, 151.24356404573788
2244, 151.23897887280472
3324, 151.1361715322682
3248, 151.12699486136611
3168, 150.92693137097106
1643, 150.8678595118652
412, 150.7672308152962
3105, 150.67896724501614
2558, 150.67061049801407
3123, 150.63168253280358
2559, 150.61318352218174
2305, 150.52942587671296
1626, 150.50900827166487
1705, 150.20868621687384
2004, 150.17807667998923
3063, 150.14971588231822
214, 150.0741101593282
2101, 149.99556007755916
3290, 149.94247503125172
3415, 149.8283454058687
3255, 149.75153410216598
2017, 149.7435711001306
2607, 149.6795126328333
291, 149.6734439018911
3041, 149.53836332989638
957, 149.47367638148023
3225, 149.36271592254107
561, 149.35882896985382
2514, 149.35180339342332
1715, 149.34548890249297
2536, 149.32185060191335
3129, 149.28090786511075
156, 149.27360632898984
965, 149.2273039544951
278, 149.22277896535792
2694, 149.21704423990866
3090, 149.1215791730282
1703, 149.00934771312586
2030, 149.00865160511447
2152, 148.99120549593226
2473, 148.9757682269846
2677, 148.94316507582417
626, 148.81180098093006
2640, 148.79956621126578
2781, 148.7255356382671
1752, 148.70905076205563
2620, 148.6913077182127
250, 148.64564449904603
409, 148.6050286052772
2690, 148.5978411140797
1630, 148.55594051843815
1755, 148.51125644765384
399, 148.46712605002764
1892, 148.39827554092975
2710, 148.38877493843898
3279, 148.11512065541683
1869, 148.1009198207825
3299, 148.03738345329856
1721, 148.0002468698039
3080, 147.81052409976527
3066, 147.79640426991986
2571, 147.74664016966503
3318, 147.68633276831898
2686, 147.6360762894283
385, 147.55810701217362
2779, 147.54483809637367
2703, 147.51399140763914
2102, 147.5024753967989
2574, 147.39534249321585
2390, 147.38647950847727
1692, 147.38469443907317
276, 147.34577263919496
199, 147.2809349506605
1712, 147.240800799532
216, 147.13852747278816
3130, 147.13135968468785
681, 147.06286653559943
411, 147.0411328535158
2814, 146.90465633476347
19, 146.8797412094665
2657, 146.7932766320502
2653, 146.79190998773555
404, 146.74186222647552
3347, 146.58727430002847
395, 146.5217583716152
3207, 146.48901866280568
1701, 146.3528221837084
2650, 146.3415530285995
54, 146.33309151482368
1628, 146.31469272594927
1710, 146.30420595207863
3306, 146.27889483783818
2756, 146.1933119574393
2785, 146.1865058527345
1733, 146.18535458952869
1966, 146.13725566126294
254, 146.10260208946264
2624, 146.04843476642046
3111, 145.8951643864024
2497, 145.7551073916903
2712, 145.6544639663437
1631, 145.42057568139526
1735, 145.3390754064893
3099, 145.3355491106852
2745, 145.26828131625936
1744, 145.2230565506439
400, 145.20657407935704
2111, 145.13234368388635
2096, 145.13234368388635
2649, 145.11457854478195
3020, 145.11448258752102
2683, 145.08834074455305
2525, 144.96012791874128
1028, 144.9298911883919
1716, 144.92104456249712
647, 144.87320390440897
2853, 144.86794587267633
2621, 144.82660588581373
2641, 144.77380848328667
21, 144.7446755425189
2293, 144.73723655543455
386, 144.51023222193925
2561, 144.45387318087515
1748, 144.43628908761838
2720, 144.43520460925592
2520, 144.2375536105743
2652, 144.2204926155791
1873, 144.09515209389093
375, 144.02405335632844
1463, 144.01785345517573
2572, 143.9884025519168
1891, 143.97488092392194
2601, 143.9414753348317
3316, 143.874928922614
2289, 143.8198873172934
2656, 143.81223073486655
3383, 143.7827757069949
1684, 143.70107960245363
2527, 143.58888957943407
3265, 143.50299420388424
1659, 143.47978176110703
50, 143.44605109240229
1672, 143.4447473045852
1670, 143.39375455874332
127, 143.13198242750389
2340, 143.12691500163288
2738, 143.115836568475
3097, 143.03848919169317
3112, 143.01140040434737
3201, 142.9523236555711
3323, 142.92901928231106
137, 142.8684966522974
20, 142.82703979769775
3362, 142.81673165203412
2646, 142.78448387516224
1741, 142.7645123024672
1047, 142.73263353177006
1645, 142.72546562930478
2668, 142.7168437691561
1700, 142.50816793557362
2681, 142.48163911169488
2568, 142.47262374768593
1730, 142.4624808544125
1743, 142.3192561776918
2959, 142.2943733196831
1633, 142.28216008035818
287, 142.27605917732836
1668, 142.2739888335711
2212, 142.2525541211274
396, 142.2047014733388
2608, 142.1994065017711
3295, 142.15965476336072
3136, 141.99523518237154
1671, 141.97907544832688
3288, 141.9011802226964
1699, 141.86461426402929
3442, 141.8307597387106
2580, 141.75250303863
2383, 141.7003447655018
1665, 141.65800713003668
1754, 141.4924357687987
1724, 141.3606896024884
1657, 141.27305446395565
36, 141.13196576739983
218, 141.09056376768498
2635, 141.07916510161579
2179, 140.91088093123255
1941, 140.80028711136208
2283, 140.7759774204609
2563, 140.62148029590202
2726, 140.58407145237953
1706, 140.56603583533578
2485, 140.50612523966885
1745, 140.49783037253036
3232, 140.45100467162004
1629, 140.3811509738556
3311, 140.36610243409677
508, 140.12411668660695
1967, 140.1109501576749
1637, 140.03061531212128
2697, 139.98083664641493
43, 139.96113426738313
1650, 139.886809155403
2592, 139.86063365313612
2658, 139.84875979324207
2466, 139.81628464589014
2449, 139.78628975133955
2204, 139.72058969358304
2493, 139.70859077012256
1734, 139.69181539958674
2451, 139.5568741780356
2533, 139.54813327502916
3005, 139.40498952245807
2611, 139.3761534788674
1681, 139.35876879846543
3254, 139.3178214278258
1728, 139.22394748471513
388, 139.2004963272013
2397, 139.07341039669043
1649, 139.0731696560156
2597, 139.05491452671544
1639, 139.00601812004464
3094, 138.85989733778763
1697, 138.76128555828623
2486, 138.72581246841452
1727, 138.566159667534
1114, 138.5446706472284
1704, 138.53628445795857
2339, 138.48398372518022
1679, 138.398602158801
2456, 138.38086839727035
1648, 138.370740830224
80, 138.2195634533902
2575, 138.1855181032623
149, 138.06651845219426
2239, 137.9356950019805
3231, 137.78691796059428
212, 137.77119652581587
195, 137.75760370142825
1691, 137.71188144720298
497, 137.5074367059085
1749, 137.4620061370911
2235, 137.45400967197722
474, 137.12031101590583
252, 136.98765056386725
2167, 136.85629470313611
2185, 136.76008872006955
2528, 136.7401546033239
2589, 136.67885254244854
2604, 136.4843440264628
2461, 136.43766724764362
2475, 136.42286828147752
2648, 136.306258967188
3007, 136.1651206341524
1759, 136.07507511767008
2453, 136.01917685408
2655, 135.98303542795463
2087, 135.85327241165098
2282, 135.8400128520214
1702, 135.79713270641665
405, 135.7093098813523
1674, 135.70534300621546
1696, 135.62444620447545
2980, 135.548572076736
2184, 135.53570878237892
1751, 135.51437868229226
2139, 135.42286524151953
2226, 135.35654446433122
2778, 135.30668036071307
138, 135.30370864114153
1636, 134.99958029251127
2543, 134.94165437744775
2693, 134.92657089126052
2612, 134.89175389301576
3195, 134.70508260346114
1635, 134.56641686935825
3258, 134.3606468918745
2484, 134.3397353883231
196, 134.26513613904115
2177, 134.23870835438814
2299, 134.21786232803692
2809, 134.21643091987914
2249, 134.21509467622843
2616, 134.17536846379159
2673, 134.034031320164
2623, 134.01676775006212
337, 133.75733387870108
1750, 133.7573255557981
1737, 133.73300694698648
2264, 133.73018126488665
2605, 133.62398713147562
2679, 133.50679380460295
2564, 133.4716062563525
2713, 133.41841828019255
3313, 133.35505625527003
3296, 133.19069873968743
2531, 133.15648377823257
2498, 133.06329516477425
472, 133.05988604942058
3160, 132.93282020475908
394, 132.89953462807526
3021, 132.8427936984213
2345, 132.75061515867915
55, 132.74220200864167
2821, 132.7267894859101
15, 132.5822604751641
2349, 132.48926092751765
2346, 132.28435891694483
2462, 132.21153634709904
2341, 132.15426636877004
2626, 132.12599620707886
2342, 132.09798200048525
2586, 132.06937742665335
2490, 131.88262893246358
2492, 131.85714035157284
2094, 131.83791266178716
3262, 131.73470437733008
38, 131.72421246516137
2687, 131.68955793480018
2570, 131.66334100080883
3091, 131.5683502624337
2603, 131.4981489072703
78, 131.4133129326371
2695, 131.40063976688816
3113, 131.37849818213894
1045, 131.30000079947115
1652, 131.2955406337939
2606, 131.28349042419802
2455, 131.27526974558523
2519, 131.16136397247388
2496, 131.13152064553393
2704, 131.07688198773616
2464, 130.96736312428632
2629, 130.94772647207785
1530, 130.9329256055149
2654, 130.92101884397735
2822, 130.86483147364288
2534, 130.84784870820118
2538, 130.78555397345312
3193, 130.78234979817296
2313, 130.78144643482185
2692, 130.76861019530102
3261, 130.71275350482378
2511, 130.55565613827883
2869, 130.48070242707198
3180, 130.47497499012727
1960, 130.34993830585742
2675, 130.25001757622456
2284, 130.24544917826694
3344, 130.2364018879601
2707, 130.2304065438827
2506, 129.8216881464325
2700, 129.75275697386928
2638, 129.7503178260901
1557, 129.60336882056075
3251, 129.5451871399092
2499, 129.52889087935296
2522, 129.52596622521642
2600, 129.49798843557943
2509, 129.4442721608695
3329, 129.3498253042157
16, 129.22123755047213
2581, 129.14542564555734
1655, 129.04778959893432
2665, 128.99352577226495
3260, 128.95244505235823
2452, 128.8417184658441
3361, 128.79787008533506
3019, 128.74977749444318
2727, 128.66282930757413
2644, 128.59552994985367
2479, 128.45242245183013
3364, 128.33206096142732
2460, 128.3209225246223
3165, 128.1789557710273
2495, 128.09889273426919
2662, 127.93548729648104
2760, 127.93405049110847
2488, 127.89883899195542
2698, 127.87758701627862
2632, 127.84047303073989
2079, 127.76561132453091
2044, 127.70579827900418
2440, 127.45490070734029
3100, 127.42640135184244
83, 127.422843679355
2037, 127.21939390132866
1559, 127.02601163701601
2530, 126.83475555089541
2714, 126.42473031154837
3301, 126.34521268754092
1847, 126.312619044767
2401, 126.22812555537635
2743, 126.13995507474387
2092, 126.07016247903766
2477, 125.85895989042795
413, 125.82097477343004
2625, 125.64872976955968
2565, 125.60973379527042
2970, 125.59569117843864
2535, 125.56102654436333
2684, 125.24570454411291
3266, 125.19691439559404
2670, 125.16827318339787
1664, 125.09120297354798
2444, 124.82093007270652
2537, 124.6133095446862
2598, 124.39537870733113
2591, 124.23119218672907
2061, 124.1875517115185
2664, 124.12051373778917
3357, 124.04283897860287
2634, 123.84493657068771
2552, 123.62505133531566
2667, 123.363312763198
2472, 123.31494238500365
2660, 123.26948347724839
2669, 123.15156947157834
2659, 123.1151662248171
2576, 123.07231702777327
2494, 122.90968015543247
3033, 122.86928041798076
2699, 122.81947956783358
2474, 122.79399637572946
2502, 122.71240676516894
2501, 122.71240676516894
3008, 122.63955504689336
2405, 122.59966718865202
2457, 122.52679491173099
2631, 122.51282795294246
2661, 122.49576645736826
2674, 122.37158318953679
2691, 122.32025577591685
438, 122.25533704480617
2617, 122.21013949019229
2510, 122.02227516932881
2469, 122.0166412708501
2614, 121.7407081234432
2541, 121.69027047714488
2609, 121.61761033027346
3249, 121.58391460669269
2542, 121.57204700811856
2448, 121.5470794309718
3253, 121.38081376649338
2627, 121.2566753811485
2476, 121.15894874132051
2521, 121.15591604501606
2637, 120.99649344260864
2504, 120.84203523346109
2702, 120.70137100261378
1109, 120.59562164615234
2724, 120.56410747133204
81, 120.48389030679982
2956, 120.42071044765517
2089, 120.39646111678877
3325, 120.32317219217146
2678, 120.30067481622827
2619, 120.29436782721781
3263, 120.25518765626609
1300, 120.2188311154761
2567, 119.92257234119273
2478, 119.83075791094406
2557, 119.7975125032442
2676, 119.5704428001111
2866, 119.52175277186086
2074, 119.45920103863365
2706, 119.37297877200211
2529, 119.35047557461787
2467, 119.3196413502627
2585, 119.22761854709854
2560, 119.04450666763341
17, 119.03020239275337
2082, 118.83215288499117
2459, 118.82188071304796
2544, 118.8031019896121
2554, 118.75294330633376
277, 118.57279145732879
2577, 118.42642066314028
3326, 118.38382578266344
2595, 118.37629918943038
2663, 118.30165047150426
3250, 118.29161046548553
1560, 118.23518617285428
2633, 118.22316398256378
2573, 117.97089252601413
2628, 117.96254324883127
2642, 117.8654440186299
2685, 117.77536396154792
2482, 117.75182073296797
2689, 117.531465078981
2618, 117.48316477143683
1969, 117.24284867395585
2545, 117.23780894605828
2523, 117.20143061549695
3365, 117.20088639314137
1052, 117.15752905053533
3358, 116.94004810053057
2447, 116.92715764697104
290, 116.84301925011438
2480, 116.84147909866367
2445, 116.81041509289224
2680, 116.80075829403388
2701, 116.68605979761588
2443, 116.679810948403
2909, 116.52039485376035
14, 116.49760649483014
2463, 116.40600161654552
2588, 116.34814284690975
2481, 116.30509502808667
2047, 116.26331983012001
3307, 115.98963721949603
2465, 115.97192074449538
2458, 115.94013029703598
1965, 115.85167397900702
2613, 115.84002968298036
2602, 115.81622630027245
3345, 115.65523603645741
1520, 115.61364926088787
2487, 115.59873636175378
2489, 115.43783969233657
3360, 115.3976795911884
2643, 115.38185249075036
2599, 115.2114844768776
1046, 115.16622484087243
2516, 115.05522805861014
2512, 114.97192691143565
2728, 114.90771016214997
436, 114.80312574204666
2584, 114.74100564249602
2593, 114.716108643656
2081, 114.58601629804826
2708, 114.2978708040253
2446, 114.26623326892236
2540, 114.23111883112696
2639, 114.07083795203248
3391, 114.01141130138268
3252, 114.00122627043335
2636, 113.98099381595276
3308, 113.50901150155559
2582, 113.36519517313913
2077, 113.36113134922947
2052, 113.3567137774199
2057, 113.33020925666459
2555, 113.25481406627546
2590, 113.08858578424793
18, 112.91566556777812
2031, 112.88829563809875
2090, 112.73198970973637
1519, 112.54581837000536
2526, 112.39316997275024
3177, 112.38241508083715
2468, 112.00792326142373
2450, 111.89541794851911
2441, 111.69590086885026
2914, 111.62269461224388
1537, 111.57502435176795
1103, 111.46520388833909
3446, 111.30255934496346
1053, 111.27413186710318
2539, 111.12877081844448
1118, 110.86618001841192
2596, 110.47972533338621
517, 110.39649477670908
2709, 110.30618839529555
3343, 109.55108539228884
2647, 109.37199273156986
2615, 109.35170720207559
2066, 109.19223537892492
2060, 108.8785841735728
3238, 108.79867640566107
2579, 108.64548144413804
1558, 108.45684463541475
2038, 108.34844507524522
22, 108.33400067105383
2471, 108.2353742142294
2517, 108.19809470706858
3359, 107.64815873556233
2594, 107.50259410455452
2500, 107.21252963939745
465, 106.77747600695074
3438, 106.76673103500315
2916, 106.55960310826566
2040, 106.50120015872618
86, 106.36323237610101
500, 106.28305607148799
3085, 106.12116127429682
3237, 105.8542103106911
2503, 105.73158210179572
2064, 105.42741980684967
1878, 105.38835063228352
2732, 104.99091485128798
2046, 104.97858298281716
2515, 104.86907533402795
59, 104.69135413760762
2058, 104.47134600950726
3346, 104.4249949879328
2036, 104.2482776635037
2682, 104.20831286677073
1164, 104.12993135982987
2470, 103.29436767234344
2578, 102.95083073545098
2043, 102.65843914514117
3363, 102.63267529594961
507, 102.42943811724103
2725, 101.67975687045146
3240, 101.5776428239433
2063, 101.48522934078925
461, 101.48435597341421
459, 101.24250277117665
2085, 101.2027543920161
3242, 101.13102154005168
63, 100.50786357931716
2569, 100.48780285791467
2718, 100.40936915378148
3256, 100.06824906856802
484, 99.96707879130075
2672, 99.33867238150593
2910, 98.85337696875186
111, 98.69128691996083
477, 98.37362761388813
2518, 97.72190612902264
273, 97.60575835681038
3257, 97.41557595001015
184, 97.1373182729315
292, 97.08703666946975
2532, 96.0734953698363
1535, 95.82963446839592
2556, 94.93077539491911
1051, 94.61430726227955
2868, 94.414692627032
33, 94.35279323036937
387, 93.96179506308057
1165, 93.9454260016985
442, 93.80652703261397
185, 93.74483341612066
1093, 93.31256221505964
490, 92.85433556652983
60, 92.60293117354497
2054, 92.54232257310359
3282, 92.34247804419651
305, 92.15315918655408
1092, 91.87091772899197
590, 91.33204180891477
1972, 90.91713915371578
2035, 90.68855878407182
1054, 90.31354831036302
223, 89.67326734432741
187, 88.84306236464685
2049, 88.7905683838446
2924, 88.382915342924
2711, 88.35224486479234
3309, 88.3138713834188
49, 87.93550975133198
2062, 87.2489596371789
224, 86.85693414589687
2042, 86.81430391040823
286, 86.57475992111095
1861, 86.41362469849483
489, 85.98373629494895
2051, 85.66404897642617
2107, 85.55094932159471
2912, 85.44811633258635
2067, 85.28421447715269
226, 85.27148719932552
1536, 83.61770639801286
2925, 83.44061149244898
2923, 83.25763720664042
1048, 82.79433374668024
301, 81.83989123736214
2072, 81.34033744199725
1049, 80.58222982458283
285, 80.50374141424602
2931, 80.38899010809936
1925, 79.88076890864836
393, 79.7825719700922
2871, 79.50713471520233
2084, 79.00228899152395
1863, 78.33332692388078
2940, 78.32400938621973
1050, 78.11717032947519
2929, 78.08923853757167
2922, 77.91307496687298
2928, 77.84035857167703
795, 77.0853543333948
1158, 76.87405246944788
2926, 76.49845178335757
2937, 76.09871156704615
2952, 75.88383905994978
2872, 75.70334373148066
2921, 75.63608896101158
2927, 75.51271645691361
2911, 75.46829486440532
2938, 74.85365615764894
2933, 74.27009398271797
2939, 73.62299584731872
2941, 72.63222703844097
2934, 72.34683626289106
384, 72.04162943797218
390, 72.0270318116498
2954, 71.87722238937691
1534, 71.10227238754132
2957, 71.09608319442339
2073, 70.50116426396613
3412, 69.66113273097385
2943, 69.34614822320682
2955, 69.28056037430638
486, 68.4539700412415
2930, 68.27748193681187
2870, 68.25722829553571
391, 68.06917007371587
2873, 67.76588244188854
403, 67.45900540309326
2942, 66.59022719063489
2865, 66.47199011300773
1064, 65.42103759449358
516, 65.16550612481943
1468, 65.06999788602536
3145, 63.737541820780145
2867, 63.2009736653586
3411, 63.124394426958645
1862, 62.946559441027645
1264, 62.8211764012287
2012, 62.60633285322671
2739, 62.36235970969691
1157, 60.119681260070834
519, 60.08847824148059
493, 59.82297164001886
3121, 58.73201761362138
183, 56.92878028222865
3161, 55.89369741566786
1612, 53.997240053389945
