706, 3515.2752467180694
929, 3147.877999590611
363, 2850.9454802486334
1779, 2575.1918188502345
705, 2443.904709612224
830, 2420.6240178712437
644, 2353.835525936671
898, 2349.334048287224
792, 2306.048768767866
801, 2299.52039708375
1898, 2224.4682964209806
2946, 2213.105191467506
2950, 2185.9590228606967
703, 2173.4390020816495
2403, 2144.743258662613
893, 2129.413891750577
2144, 2116.0735775536036
2375, 2110.392942381348
1568, 2094.473650139409
31, 2078.7217107333554
239, 2049.19298187235
813, 2047.381987181299
1015, 2038.7196501284723
934, 2033.14305761535
1017, 2029.8977351819706
2216, 2017.8183708716674
2233, 2014.1949261025627
568, 2014.080638952194
342, 2009.5117745357577
1016, 2008.5809104019522
924, 1987.0656773519586
2186, 1976.4565606740166
603, 1965.289785590018
1551, 1954.8772318031781
2130, 1930.6358542579947
351, 1915.4957065517096
565, 1911.4950749380432
422, 1908.5079463768398
3230, 1907.0337999251065
350, 1900.7765971729664
976, 1897.1138859727523
983, 1894.485564309777
740, 1871.3215990347417
1010, 1869.8635411183245
1008, 1858.1960408868122
2119, 1857.1280401274346
633, 1844.8665273701527
688, 1827.4957919393566
2127, 1820.409620875787
897, 1809.9969625762776
977, 1805.5610374127245
1950, 1794.955122747994
672, 1791.2970499831777
1799, 1788.6489326305798
2176, 1774.8495661903223
2159, 1773.3592124596007
994, 1768.5073033477674
1323, 1763.4273662888065
3038, 1761.475188797285
2847, 1759.224923043282
701, 1756.1754994423557
1021, 1755.0815720542603
967, 1753.7439205590908
1563, 1750.6706471484067
759, 1746.373498702144
1569, 1739.2307682668734
2138, 1734.9917569453446
800, 1728.5596532027862
1982, 1721.7618084519795
880, 1720.4634161616677
996, 1719.484285750929
692, 1718.8183313301206
1897, 1713.9014941066757
1342, 1712.4007071289939
754, 1710.846968097482
1620, 1708.1687636666456
2136, 1694.642073973661
1504, 1690.5033376486303
361, 1685.3898867721787
1311, 1678.4265553333303
653, 1677.197337246424
1619, 1676.9537771053267
3022, 1671.4949892763505
354, 1667.3433564469462
1327, 1662.7495378819115
931, 1662.5206920751955
974, 1662.298360322448
2322, 1659.0336492354838
2131, 1657.5310565083157
2331, 1653.489192573282
710, 1645.6851712099108
763, 1645.4512702869386
3024, 1637.3447364120407
2175, 1634.986392883369
1320, 1632.8866183950001
1497, 1629.5413909928513
799, 1625.1541796924164
963, 1624.6250632341485
2903, 1620.495673787519
1841, 1611.2919077403458
2317, 1604.1410099533327
959, 1599.5778299996543
1673, 1595.1273941345469
1018, 1592.3169763644873
3044, 1587.5095932663803
632, 1586.2266895336547
2183, 1578.0992531122392
314, 1567.1037863834551
822, 1566.7457911855681
2947, 1565.6347174384923
1020, 1564.1105393183784
2327, 1558.508742836999
973, 1558.3896830947388
2377, 1551.830248097297
1317, 1550.7710695299647
962, 1548.3299836426013
2221, 1542.4920085326748
2370, 1541.8647306546618
2151, 1540.9929893272317
2132, 1540.4453007905884
866, 1539.9206939348496
836, 1539.6129694930494
656, 1539.2545025276777
753, 1531.9312360420254
1801, 1529.314785294287
1930, 1526.4718438267628
1022, 1523.9543634226068
975, 1518.906201354609
1007, 1517.4632830240591
831, 1511.8744275874506
2906, 1507.0054138509527
559, 1506.7639106517997
2163, 1492.7108641024674
3012, 1490.8274858977993
779, 1489.2312900242416
707, 1488.3056972895686
2833, 1486.339010343936
954, 1483.6451278642019
2908, 1483.4844170689353
986, 1482.7516777482756
595, 1482.7094199618846
824, 1482.0532511168701
1354, 1480.774469518129
1990, 1479.8952825377633
270, 1475.6160293778753
1554, 1471.4480309755268
2245, 1469.8629475116547
834, 1468.6445956036214
325, 1465.884210257358
697, 1464.109524256782
828, 1458.7197550448827
990, 1455.070429052437
1276, 1453.3937826407698
640, 1452.7072846311316
720, 1449.1151302248884
320, 1447.3687664681886
1954, 1438.220776528329
573, 1436.517419900942
2149, 1435.8936935154027
1403, 1435.8874994666753
1273, 1434.6432469059998
2854, 1429.6866650013221
755, 1428.6437778437055
2423, 1427.7594629287412
238, 1427.6737936511995
1916, 1427.2689978223716
715, 1423.867655588243
729, 1418.6103855574545
806, 1416.6754597389604
2140, 1412.5749602185756
675, 1411.7329209712375
1318, 1410.0510963952129
1777, 1408.8191358602278
1618, 1407.5177318678182
352, 1407.113392042818
871, 1406.6406617534876
2201, 1406.0588994993366
1528, 1403.238095381018
1507, 1403.1384657738863
312, 1402.4924973864572
1265, 1400.8812395911102
875, 1399.8732054386837
2123, 1395.8459939549036
231, 1393.074593837614
2247, 1392.4982225846923
1357, 1390.0692943918893
796, 1389.5751307572675
1416, 1388.1789691375625
1286, 1387.5090719280086
1006, 1386.0301977728384
949, 1385.0885903111034
525, 1383.8038167838104
1981, 1382.264816208024
798, 1382.0062344650553
1499, 1378.4057301767925
1582, 1378.2120299311412
1325, 1371.6207439315756
723, 1370.7001333589951
1555, 1370.447484130335
1909, 1370.0182934068184
577, 1359.6793378135003
979, 1355.8892204334534
1540, 1355.6628277653062
1305, 1352.8986681608092
1362, 1350.6386575025576
2202, 1350.4788703121883
1992, 1348.7683451495634
1757, 1348.0322000094654
843, 1348.0070844158624
2891, 1345.8413284999995
1307, 1345.402371246104
1366, 1344.5240463398004
1080, 1344.4262250373638
658, 1344.2677595444713
1284, 1343.3493060019468
2232, 1340.7764833731985
1394, 1337.8597940428933
1503, 1337.539665367775
2376, 1336.2467716307865
908, 1336.0802608457107
756, 1334.8931802476768
229, 1329.4732800741895
805, 1329.3659596961402
1319, 1326.6734197031722
984, 1318.9838371134365
810, 1317.9621403523236
695, 1316.3439158695599
3034, 1313.4527426588932
1900, 1312.919256939572
948, 1311.7706805065527
2840, 1311.6070157590248
827, 1311.187431746882
2254, 1309.5827461046463
269, 1308.1669149838806
621, 1307.84515578967
605, 1307.470878054703
1948, 1307.2397373695528
1399, 1303.9351513845925
1285, 1303.0349793968262
704, 1301.377676195488
1774, 1301.0773108886594
659, 1297.142789582915
714, 1294.7234248860473
618, 1293.2687095522256
635, 1293.1399385498835
940, 1291.9039125509287
2830, 1291.8615663372177
1953, 1291.3436717327097
1492, 1290.505390357032
687, 1288.1374467951948
2319, 1287.8220387941271
771, 1284.026558700308
1365, 1283.0135799072184
1550, 1282.1462343487658
879, 1281.3565425802735
3037, 1279.961263415158
944, 1277.4606144439742
985, 1277.2788101862272
1830, 1275.5837522649267
2893, 1274.9419923912249
890, 1274.5681138936332
1808, 1274.5152667520592
347, 1272.134491167681
257, 1271.656129193381
694, 1262.5135755240285
2225, 1260.6900982261077
345, 1260.6197835688854
3271, 1258.310221787252
1332, 1256.9401288447336
646, 1256.65744098058
1351, 1254.5949795586948
702, 1254.2160108307794
2367, 1254.2121317868714
2169, 1254.0833512108072
942, 1253.6642894768586
943, 1252.2509635586505
1595, 1251.5926736088588
891, 1246.8074699334156
812, 1245.7324817966487
1789, 1245.4760215789715
1496, 1245.2164153124568
765, 1244.7294979508067
978, 1244.5635670769882
930, 1242.5785758098418
3273, 1241.460669846146
1556, 1241.139307269488
2330, 1241.0023314140042
721, 1239.367249476148
689, 1236.9686415001438
932, 1236.3399132148788
271, 1235.1789107755649
726, 1233.9732975169409
1837, 1233.268842248085
1949, 1232.8323248185452
1326, 1232.5492268088242
2366, 1231.5442223468763
719, 1230.364687989663
2373, 1230.036285485954
724, 1228.1129267167985
2831, 1227.677011905993
811, 1225.2460796814148
751, 1222.033145443659
752, 1220.569175993724
620, 1219.858222246502
666, 1216.2313743780576
1902, 1215.3521219884844
1553, 1213.0434082180734
1458, 1212.9370312652134
246, 1210.8981066759554
888, 1210.722344951167
918, 1210.0584056094076
766, 1208.9563540437239
566, 1208.379507448556
750, 1207.4061225852502
1294, 1206.6516493690558
761, 1206.4704917677093
3014, 1202.7550205449957
253, 1197.6729886655892
873, 1197.4522801494938
1329, 1194.5197071295504
346, 1194.3660460213143
2359, 1193.7503912747393
2895, 1193.57099494557
700, 1192.3287814594578
1896, 1190.7248970034077
258, 1189.633376381357
1372, 1189.3407274058604
2146, 1189.2286343417466
2881, 1187.6593753599648
970, 1187.3000086522718
982, 1186.939039053254
867, 1186.3379080813038
1341, 1185.8687453757693
2328, 1181.4518325425893
660, 1179.6670892999844
927, 1179.4570149048227
952, 1178.3348992395165
2166, 1175.2782332966021
339, 1174.6908759167839
2844, 1174.6601543388454
821, 1174.066285892869
240, 1173.125346287869
584, 1171.3816305336281
1886, 1169.5303381716851
3035, 1169.1443430773406
958, 1168.0346116658893
1786, 1167.7239849374484
241, 1166.5489033340127
1385, 1166.4998291534241
887, 1164.9367268153055
690, 1163.7311747640708
1836, 1162.7510449113968
829, 1162.5222705108283
2154, 1161.9230812499645
2198, 1157.2266556482512
782, 1157.0012936928335
849, 1155.1687200051238
235, 1154.3422371567142
865, 1153.4747976232654
1313, 1153.4290199609916
576, 1152.272787177066
1793, 1151.7025565705428
847, 1150.7210385632575
2129, 1149.1946976873296
1333, 1148.8373013963587
2897, 1148.5799179846165
998, 1146.4179749078162
648, 1146.4179749078162
937, 1144.7031331291973
1899, 1144.3033569280815
2826, 1143.7535097576683
1815, 1140.3571367394732
1778, 1139.4991387854589
790, 1139.3660193762462
1282, 1138.8634143202014
2325, 1138.449952954995
1921, 1137.9950775860477
797, 1137.9103463743345
2842, 1137.4516424012795
1906, 1137.4043354151586
1330, 1135.7336946510873
599, 1135.407015322147
1834, 1134.2482588870746
730, 1133.3101807364426
1019, 1132.2734161382066
2839, 1132.203951826301
725, 1131.4876274476424
367, 1131.2233995018369
2329, 1131.1902885315728
244, 1130.8207096618985
1056, 1130.5655158258971
357, 1128.104615293308
1506, 1127.5134764884428
1472, 1127.3763384509523
627, 1125.7681491146548
2178, 1125.4823990422653
850, 1125.3136254941069
1766, 1124.6809815973618
1491, 1123.3701119213376
892, 1122.6021214769944
868, 1122.5906122120552
2128, 1121.4884862505207
2112, 1121.3368608097117
1601, 1119.9459155040565
1476, 1119.2334515181878
1275, 1117.627539397726
1280, 1117.4200128893215
2994, 1117.3626869362636
741, 1116.2910370355266
3448, 1116.0553247004623
2156, 1115.90052518335
2425, 1113.8478094685652
567, 1113.070344683722
947, 1112.9753776368898
3027, 1112.331002469713
3001, 1111.2174719578836
2229, 1108.3526086492443
638, 1107.5099649437027
662, 1104.3521531494805
1391, 1102.8726015945965
718, 1101.991457947066
1281, 1101.7386255234444
854, 1100.5824285967055
661, 1099.4954738152342
1344, 1097.6575468652532
597, 1097.3809654432253
645, 1097.3255096492069
1359, 1097.096079283727
2902, 1096.1914737551501
673, 1095.79941942196
2899, 1092.683194911241
2436, 1092.0078869142478
2246, 1089.940883941129
2241, 1089.796713215934
1835, 1088.951609849971
1291, 1088.604581715248
1908, 1087.891300286797
602, 1084.9054071487603
308, 1084.8112252051533
2363, 1084.653650972553
1787, 1084.369758068776
318, 1084.0370759247323
1489, 1083.8354639270158
2430, 1082.8033810809097
1772, 1081.7640056956755
604, 1081.522101890907
1383, 1081.3599971924305
1343, 1080.669878895899
3045, 1079.01887487928
1270, 1078.5219026050875
2835, 1077.924811684573
1192, 1077.1183770773164
2250, 1075.3240689765287
1407, 1075.1390559989416
359, 1075.091703823037
968, 1074.4149969567745
1796, 1072.3412066886976
858, 1071.2997535389975
2141, 1071.058644559304
1904, 1070.988822767844
564, 1070.6731316049845
572, 1069.356994332886
904, 1069.2525079253257
747, 1069.200539761186
764, 1066.051150064282
935, 1065.2022476801587
623, 1063.9039436187243
616, 1063.185772404671
886, 1063.179550513478
2199, 1063.0278823954432
668, 1062.8372805027013
869, 1061.7053844213701
785, 1061.6284894772625
905, 1061.5518275660836
587, 1061.4343727480752
1769, 1060.8598528195641
2888, 1060.1187614369362
2256, 1059.6892150387725
1353, 1059.3444064555347
2323, 1056.8654668885551
315, 1055.350748275785
306, 1055.350748275785
1304, 1054.8003883085994
2361, 1054.273615205252
1375, 1053.9822434203331
652, 1052.9990311422912
722, 1051.0646754865147
1817, 1050.956876314965
256, 1050.4052701178446
1544, 1049.4003286926732
835, 1049.3477848268208
1363, 1047.672125799774
1546, 1044.2567898496839
3224, 1044.0132992594479
1820, 1043.7947339910386
1922, 1043.248909252103
2426, 1042.6533730586568
323, 1039.372098688292
311, 1039.372098688292
2148, 1039.23646257252
876, 1038.175247878699
878, 1036.2528022428512
1570, 1035.9353013487516
2332, 1035.225210254172
1538, 1034.9427235659316
2892, 1034.549285241987
713, 1034.301374331629
2849, 1034.1546564773607
1303, 1033.6658123113914
639, 1033.349062154587
1338, 1028.357592471987
870, 1028.2964316151438
2326, 1028.253238735226
1832, 1028.131917361096
609, 1027.6028341038361
1401, 1026.935135349524
1952, 1024.201070020613
2237, 1023.7184890486716
2197, 1023.4037093889181
1470, 1023.203366716941
596, 1021.9045053135546
1819, 1021.4886952996253
809, 1015.6609999189003
2880, 1015.227338061046
877, 1015.1713895619237
2133, 1014.9106376379591
1414, 1013.971230818865
349, 1013.9616992355752
2843, 1012.8709308045054
1917, 1012.7109025286722
1549, 1011.2007971351275
1552, 1010.8005633092785
1367, 1010.3977493300316
971, 1008.9220951799314
636, 1008.3697082475123
693, 1008.1047204992475
1483, 1007.6519474534645
1767, 1003.926847998457
1272, 1003.2022855683989
1621, 1003.0481457108831
1014, 1002.2737818626117
3229, 1001.1527775062544
739, 1000.9928415123412
3002, 1000.8418917603892
712, 1000.4366005096988
987, 999.5249148040871
1036, 997.967025435489
1388, 996.8591135023323
2374, 996.6122245529723
1984, 995.50611657016
1349, 994.6064301364788
665, 994.3258412316361
684, 991.3885082841731
624, 991.3885082841731
1500, 990.111115276878
1792, 989.9813127788066
614, 989.352760141529
2190, 989.189346781688
1548, 988.9293488381306
364, 988.837693370816
683, 988.608525850666
1494, 988.5486568550706
592, 988.4575669744606
1529, 987.3647168584448
896, 987.1184807458942
1493, 986.8778625536975
925, 985.6583534819255
2213, 984.6269421410036
1812, 984.6139911948652
2206, 983.4999297726292
1386, 983.141267375816
938, 981.6693710966339
1827, 981.4601071888527
307, 980.2464430093779
3450, 979.5851228237033
910, 978.9838302840669
1901, 978.6908382830595
2125, 977.8625343442167
1614, 977.4132452466162
1469, 976.3442364378984
1488, 973.6994777070062
26, 973.3782132531032
317, 973.2708407870169
309, 973.2708407870169
355, 972.7627842400601
2117, 972.3671443157447
997, 970.8697353839527
1797, 970.6769636825909
1829, 970.5914093424255
3068, 970.318706028697
1368, 969.1459381767098
1339, 968.6117046287122
1480, 968.4485766509238
1055, 968.033464368777
1345, 967.5315143980923
2121, 967.169636341184
631, 964.1821621362503
3015, 962.1243659450334
1591, 961.3474289933425
2234, 960.8848922396985
1360, 959.9560525555406
2876, 959.1700348150623
2251, 959.147192397046
1609, 958.3187462628346
1524, 958.2359637192498
2410, 958.063368316671
366, 957.389079289017
571, 956.3419285167064
667, 955.7506088495915
3023, 955.5567023743849
2750, 954.3606323311249
2901, 953.6794295472101
2834, 953.4390891395122
1009, 952.7890039313128
696, 952.6413167719617
1001, 951.6939296914828
340, 949.5824331105844
2147, 948.3316367987767
992, 947.7098534287826
1988, 947.1760956544409
245, 946.0066882549793
2841, 944.7737503573247
728, 944.2795025147138
2230, 944.047325365387
1920, 942.8168362426329
708, 942.5290628366232
2228, 941.9671984053317
558, 941.3345371985811
783, 940.5737802699705
2165, 940.5467578548179
742, 940.0964156641184
2437, 939.9476415194015
1346, 939.5267283482252
1334, 939.011337332483
846, 936.2349780120225
1831, 935.9051303504993
2168, 934.1558455872714
2324, 933.0497294868734
1340, 930.5597101177449
1816, 930.366697858933
921, 929.4729460000561
2115, 929.1201267513298
657, 928.506503603134
570, 928.3924614582508
1402, 927.5754911691457
1393, 924.8372643152896
233, 924.8052623420984
1539, 923.7421526819207
2837, 923.074125288359
1481, 921.0526607686168
1561, 920.663256120153
1592, 919.1230446537309
586, 917.4355540847245
1337, 916.968922971172
1013, 916.7908087511237
1376, 916.2551777189434
1828, 915.6813254023125
1926, 915.2235525371065
1293, 914.4478321663912
322, 913.9281547200078
310, 913.9281547200078
1598, 912.8667178460189
1511, 912.5116748217932
1277, 912.0413216625273
1944, 911.9755701232941
1522, 911.7574006916262
2336, 908.8168144476753
1918, 908.6857472195146
2253, 908.568587007775
1905, 908.3678024484763
1328, 908.2451230501098
1887, 907.386354325332
3272, 906.4494309986343
625, 906.25287762976
2907, 905.7673500571038
839, 905.7527442825112
804, 905.5484371705151
1377, 904.7460966409982
842, 904.6714810096194
770, 904.1653477327194
2369, 903.9308760417239
664, 903.1797458683615
1622, 903.151834532131
776, 903.0870525959899
2172, 902.85089906999
964, 902.8392837734808
1545, 899.6752281365129
1400, 899.4735727169842
1654, 898.3538737876223
1915, 898.1959406154875
1804, 897.7923178037476
1411, 897.6252576875296
2851, 896.1008634330501
1378, 895.2624407736878
327, 895.027064557199
872, 894.7114411269807
946, 893.9419641606588
889, 893.1374080753345
2848, 893.1321952088562
1987, 892.2896688682627
1370, 891.1498860405273
2371, 890.2722390057105
1350, 889.7697978672719
1292, 888.798172885614
1415, 887.9166018314361
569, 887.4534328146511
2150, 886.0083666402769
348, 885.98096699075
2182, 885.6447443853834
594, 885.4263588831466
902, 885.3991929407948
1283, 885.1210349085496
749, 884.1343578429392
1805, 883.64005354196
2316, 881.379019891638
882, 881.2760702154537
1374, 879.279356630808
1606, 879.2056142086245
1297, 878.9349315298367
928, 878.2620586147091
845, 877.6580738964316
2875, 877.1663946961685
1929, 875.7201890548707
1005, 873.8674190890142
610, 873.6212614384091
3026, 873.5385281628602
2137, 872.0293026375072
1471, 870.8732535915897
1935, 869.9943961000389
2887, 869.8499098792333
2164, 869.4090541825082
2905, 868.4118647876016
1833, 868.1287188618861
585, 866.5417281335425
1268, 862.5113721121312
1845, 862.4739597864061
1791, 861.6052085702765
1348, 861.3382419879712
1498, 861.0943997646817
2838, 860.7737104409579
2231, 860.2669176839245
1934, 860.1437050076494
2828, 857.3786333296056
941, 854.7570835452643
2321, 854.4661308237918
894, 853.7804862895579
988, 853.396532248557
2829, 851.9680255964694
840, 851.6678814246404
1387, 850.5130895775306
1839, 850.1520306242633
2944, 849.3046575457677
371, 849.1630489101152
578, 847.0317354043275
1825, 846.1274572202872
991, 845.7892380286755
1000, 845.5615003068777
1290, 844.6754208923923
2874, 844.2100260261421
1594, 844.0960745498279
2155, 843.9216454298138
2209, 843.2253798873438
2357, 842.6655973627796
951, 842.2357574064657
1011, 841.1065239298977
324, 840.7936390177704
1296, 839.1771310133984
1843, 839.0681291989948
1382, 838.6609135291758
1312, 838.0923752256939
780, 837.5919964398106
837, 837.0904406919042
883, 834.9545541302052
769, 834.546164705793
1398, 834.0833277187398
1928, 834.0410183310895
767, 832.7633579010634
2120, 832.7394289605024
2852, 831.8027166318739
903, 831.5218772533273
995, 829.7108382850622
1405, 829.6287463167507
1314, 827.9726965783836
1288, 827.2877422079963
2161, 825.2648860953329
360, 825.0505649007283
919, 824.436267481602
1271, 823.7599934635067
758, 823.6481025900734
2992, 823.6231693340468
2114, 822.3806797663902
1933, 822.0013697967653
2418, 820.1997033841179
2126, 819.1071819765319
1315, 818.5108833776064
3218, 817.7841446196226
2227, 817.7375796841758
972, 817.7332986277762
899, 817.5788045875881
802, 816.8858524699015
1798, 816.7210572739228
2886, 816.7146323789532
1395, 815.9490378686903
1335, 812.4669809028355
589, 811.3811060685946
1422, 811.2555028699516
853, 810.5809700639089
2998, 809.6828414699655
950, 809.2024944213813
1565, 809.0748175252667
1390, 808.4008226919773
691, 808.0575258493509
1989, 807.9931118665984
674, 807.7582979270037
622, 806.8993024346594
236, 806.7542435634284
25, 806.6033668737517
993, 806.4553860457437
1453, 805.4649178904996
856, 804.4474663295078
2845, 804.2301184016915
926, 802.1025846643358
2122, 801.1116230653561
774, 800.9288751804319
1936, 800.2748884350917
2215, 799.7477357188277
1802, 799.1472546893482
313, 798.0015857828239
1946, 797.5489730328036
1942, 797.5103779632082
1322, 796.5118719347039
1396, 796.1908208407751
2200, 795.711381443479
1505, 795.488398385054
1547, 795.0460955568274
2113, 794.582504309487
1419, 794.2305263315286
1844, 793.8124769946195
1602, 792.5908095963864
818, 791.974289008167
3449, 791.3944099249811
1790, 790.6107143693441
2439, 788.7375030446104
1927, 788.6419616985556
601, 787.8998629349005
2000, 787.4527554991693
1266, 786.6335769063392
2427, 786.1230234345101
2827, 785.0318379128037
1380, 784.1556442150239
2804, 783.6861467262485
2858, 783.1846252018465
1983, 782.9769878317126
1044, 781.7192028362152
2173, 778.6041324166571
1938, 776.4281405754485
915, 775.1062371668302
2729, 772.7946577206575
560, 772.7295866536487
1924, 771.7757162433246
784, 770.228358669597
1331, 769.6902260836197
2142, 769.6674843529282
2360, 767.3619298664405
1310, 767.3160209759191
709, 766.913764812746
1959, 766.2875375276453
2335, 765.3186397439534
27, 763.979170216082
2846, 763.7416912682779
2547, 763.6653066424776
1012, 763.2459480259153
2422, 761.7758759020118
1783, 761.3203143480272
960, 760.7564138287095
1782, 759.3533315470273
1409, 758.0978147826802
2949, 757.7732038790346
2255, 757.0351254730514
1932, 756.1116720789482
1389, 755.816432111371
1840, 755.7666226083076
772, 754.3735817763385
1392, 753.6511903139601
3321, 752.87134604757
1763, 752.4732732321746
2883, 752.0284148326615
815, 751.3341359159724
1479, 751.1337619098329
2850, 750.9826993739015
1826, 750.7084073018925
1352, 750.0676994219534
3031, 749.1451216960551
1475, 748.0148644998218
1295, 746.5167935114016
1384, 745.4841344250141
630, 745.4294248043311
1420, 745.1077242884268
2372, 744.7546588544552
1947, 744.6948801516733
2836, 744.0361449806802
593, 743.9085831147846
819, 743.0279466292253
1775, 741.766590533984
606, 740.9329592041374
356, 740.7229774107191
789, 739.9035912972585
2420, 739.7857469161988
2174, 739.6296733446051
1408, 739.1452807216143
2189, 739.0814198366606
2884, 738.8957242604822
598, 738.0302695959365
3267, 737.2576687486649
3030, 736.6355589826294
711, 734.109616566422
833, 733.8538787772429
1361, 733.7728605389287
911, 733.765957489756
855, 733.457055890645
343, 733.1971076456554
230, 731.6561853330076
2945, 731.60683161973
1956, 729.9312661309378
743, 728.9063113134621
775, 727.6011232547697
999, 727.5825756455575
2368, 727.3622895532775
698, 726.6148978662495
1369, 725.3710163180748
1490, 722.9771543474535
1413, 722.3558073440639
777, 719.7669637013681
1373, 718.7165875059899
1417, 717.8899455535472
1508, 717.6059285923538
1599, 717.2880885716277
362, 716.094085486718
1023, 715.0133030537173
989, 714.0885177196038
807, 714.0343382749071
969, 713.9591923544189
2896, 713.8773223204653
808, 713.8409752557282
2885, 712.9725388518864
1955, 712.8464181138464
817, 712.6927375869097
1421, 711.2324744139869
1842, 710.9764622953992
2877, 710.034230384732
981, 709.5461850486489
1945, 708.8450189784627
2162, 707.1378624284905
2187, 705.9134149769816
2882, 705.6977952991284
1809, 704.5497604878268
2898, 704.2233094398892
939, 703.1276079342022
1903, 702.6207899212657
2362, 701.318836741714
2334, 699.8616289783882
370, 698.3600700957574
1278, 698.3446098214017
528, 697.7010228194088
1985, 696.1142044506004
874, 694.8547078796141
574, 694.8143868931459
1823, 694.1050821297616
2001, 693.08497568934
2095, 692.3252317737908
2171, 692.0669197634278
2358, 691.7673650927925
787, 691.0721358396399
1512, 690.6564220120719
24, 690.4995521876365
2181, 689.1012577154536
2219, 688.9552736294227
2879, 688.251803071251
2116, 687.5609703869437
1473, 687.3371256020262
2160, 684.6570783511223
247, 684.6052511631074
1495, 683.8881657836389
600, 683.7584449958914
1923, 682.5739241427277
2188, 682.3226142329204
1616, 681.1074216896823
2214, 681.0794347547867
341, 681.0392353072425
581, 680.5794819611383
2855, 679.6739297903092
2935, 679.6592952644505
1355, 679.5998561536258
1795, 678.0071754205615
242, 677.1833974444952
374, 676.4133257046209
529, 675.8695972358138
1885, 675.6892954514254
2995, 675.1690534031037
575, 674.6957607048923
617, 673.9137141155373
933, 673.7204283161919
2993, 672.9797145855568
3013, 672.7865532677364
1523, 672.7254422674299
1762, 672.6111371310307
3270, 672.4653277582939
2364, 671.7703748210592
1541, 671.3114124376044
1986, 671.056170028939
1347, 670.5774877601092
841, 669.4067936692211
2248, 668.6594563494394
2118, 667.5290261811205
980, 667.3297597744538
2220, 666.4613863799846
1308, 665.4821187806814
2438, 664.8371776258334
717, 664.5210607596213
1412, 663.8512077453616
23, 662.9773567276098
900, 662.8940801995749
760, 661.359996801013
907, 659.5026425731968
1478, 657.9027988276442
1821, 657.2192265396495
579, 657.0749589709677
2996, 656.0813108955821
2890, 655.8469409045955
794, 655.7561283187665
2145, 654.7905698953444
1937, 654.4546690024648
1379, 651.3579956977313
1957, 649.7338009237385
319, 649.712899849073
1822, 649.1501599057411
1501, 648.1840487016626
844, 648.0663292101794
1784, 647.3952795005151
3233, 647.0593551837038
825, 647.0556649092651
922, 646.9910336923216
961, 646.8631108211034
2894, 646.389917034239
2932, 646.3586139686288
778, 646.2624350177434
1768, 645.8206629852356
1527, 645.4548148443507
1486, 645.3739621922994
1336, 641.648362009203
2196, 638.3080615914066
321, 637.312445953089
2143, 636.6302092606486
1474, 635.4613888704678
2402, 633.3487937436196
1765, 632.9997609914267
884, 631.0741240908752
3016, 630.6887291000644
591, 629.8830709934085
1542, 629.6649115973357
781, 629.5960483775287
628, 627.5963699201594
243, 626.2263674744537
1371, 626.1554879677878
2904, 625.6169461463049
3268, 624.0106947162678
1321, 623.7524836610469
1038, 621.4213556658528
2936, 619.7485551325644
612, 618.9151344286
1274, 618.7717015818255
955, 618.7427427342786
716, 618.6455866521328
2333, 617.8587301925802
1807, 617.6638761457023
2997, 616.5533873160294
353, 616.3512501787706
793, 616.2665708289594
945, 614.7164790499238
3451, 614.528155849644
344, 612.9325433496131
2318, 612.0865690399047
2236, 611.9636676480766
857, 610.7474450339184
909, 610.6844973473982
1190, 610.1744244792586
629, 609.628998322543
1919, 609.5912186981718
762, 608.5846389191352
234, 607.8502940420602
2365, 607.5160109153244
3029, 606.641661103309
3220, 605.1876998630363
1613, 604.9927025811777
1803, 604.9187854944023
2262, 604.858932563796
1039, 603.8134196748343
686, 603.6431330404678
1764, 603.2144809920178
1356, 602.7258093349714
3011, 601.5908935158911
1999, 600.1999524525114
2180, 598.838718355597
3018, 597.8098696046113
1211, 597.338903717599
920, 596.6178359544487
1888, 596.0004594829664
249, 595.63568870198
1846, 594.2629703010849
1210, 594.217012493007
2205, 593.532699498648
727, 592.1823655165738
1781, 589.1276634727774
2432, 587.9291500666079
1279, 587.8386582863891
1526, 586.8093012612854
1943, 586.409232546169
3319, 585.1752128326597
2135, 582.9904085125675
1482, 582.963940284451
1884, 582.7080464331495
2124, 581.1239575897218
1037, 581.0891955230866
2431, 579.2039188895419
1615, 578.9961230026197
1455, 577.0318165286649
791, 574.1708402505296
2194, 573.7191658414357
1003, 573.7063700617556
1289, 571.4767391912992
746, 568.6985597101684
744, 568.0079548362341
917, 562.8160702472981
1640, 561.8450105408893
615, 560.9190798223542
2953, 560.9178515985056
2281, 560.5964267547083
1780, 560.4843514542227
3000, 556.8852257997991
2806, 556.5295113032068
3269, 556.4052613480253
1617, 555.0127008958628
1653, 554.3681976598309
29, 554.3622740239485
1306, 552.8896628066836
2243, 549.5047688257221
1510, 548.5297201036827
803, 545.8260147231965
3025, 544.6119888224493
2207, 542.5387763760068
682, 542.1356822398142
1931, 541.6676353900932
2157, 541.3340291577055
1883, 540.5794759844944
1776, 540.1631580421403
786, 539.9318145117169
1907, 539.876106190003
3036, 539.4971942344075
901, 539.2524257700353
527, 539.0175075611128
2195, 534.8764620133167
316, 534.1456536342924
1287, 530.8468499698905
1525, 528.7900840979564
923, 526.6664369352513
788, 524.6043561036544
1810, 521.0357204576778
2193, 520.7912217933134
1267, 515.5668949927681
8, 510.0908261994136
1532, 509.677317556995
1269, 509.6389510284943
2859, 509.3670977503977
1623, 504.78229760648776
3043, 503.54554785890804
1564, 501.90278514892617
2856, 501.7506053637327
1364, 497.2632507589789
5, 495.299611211077
1951, 494.33142889767686
2435, 491.0116202231
2428, 491.0116202231
259, 490.0039470368538
2434, 489.7858067472655
936, 488.30430466558226
2242, 487.538394510261
3216, 484.5128735837577
94, 484.4506801324762
2158, 483.4050890174514
2889, 482.1291565569119
3219, 481.2800722307129
3320, 480.9058419942139
2170, 480.84729574593774
2211, 478.7458672143131
1806, 477.79030032561235
524, 475.7638245212849
1004, 475.1903569018905
2991, 473.30802256693266
248, 472.8706483469841
11, 468.6141228413518
2208, 467.3139794573352
30, 466.3605845058579
1404, 465.70508745383125
2878, 464.48916128216104
848, 464.4663387465737
526, 463.49290108903347
1890, 461.97947222151686
3223, 459.8072428415738
735, 459.616580011077
1939, 459.28000070533113
1940, 458.97509932229076
2429, 456.9061775051195
814, 454.2172072241837
2134, 453.7812947867842
3215, 449.65807556163827
3221, 448.5423346056042
0, 447.6974817161539
1418, 444.7663033172708
1410, 444.41882835558204
1882, 444.28260881051045
2191, 438.85697207159427
1309, 438.14851621099365
3222, 437.754889113644
9, 437.4809032352948
2999, 434.5272787820334
107, 434.2176709262754
28, 432.57428613680077
745, 432.2467723828311
3, 432.09361836448016
2805, 431.92348561403685
3217, 431.218050945537
1977, 428.877012923729
2832, 428.2984124055238
3017, 425.14556809914365
826, 425.1363549974702
1509, 423.2467631194067
1818, 420.9025271953214
1578, 420.8774105868892
2153, 418.858897558011
1579, 416.9614803022695
1814, 414.2285952122407
1723, 413.6949572043927
118, 413.0119237459369
1824, 411.66462486172315
823, 410.62945054365565
6, 408.38024865678193
1324, 408.3621118731665
2731, 404.44340071471436
7, 403.79577628224564
953, 402.11550166791494
112, 401.51786493064674
1794, 396.9240500468464
1484, 396.53793635624663
1255, 396.35132975065073
1788, 390.1376844796267
1358, 389.0352814296361
1785, 382.0245927347888
10, 381.79029590750565
3234, 380.7007279068969
117, 378.2186444108244
3235, 377.7751980217827
1485, 377.5650578599831
3009, 376.00633640285224
2192, 374.3617900071463
182, 373.40465245004185
2857, 371.43735366127817
2860, 367.00378002984326
641, 365.0550555896165
768, 363.8322866853984
1487, 363.575007358591
3310, 361.66958464229253
418, 360.0369285001146
4, 357.00529816096747
1577, 355.8112600228952
2320, 355.1717850139855
1661, 354.85187537657293
416, 354.3432720084818
3431, 350.15571082392205
1062, 347.4099275078649
916, 346.0513104525745
1889, 345.4951870731265
420, 342.5112622544884
417, 341.92466389129055
421, 341.08563849208394
1, 340.21143628646195
1153, 338.82847680654527
1800, 335.4655224588328
1454, 335.2590130152916
2900, 334.84803858860226
2275, 331.9911373059415
116, 331.4443959980142
1426, 330.9515262236272
1457, 330.6900677988973
2861, 329.01566586056805
1580, 328.0532694812115
1427, 325.5926986957167
1958, 324.7088306808913
3164, 324.3731230222974
2433, 323.55281277241346
1302, 323.0977730530725
2010, 322.74386749821593
1571, 322.37138344524425
13, 321.990844694775
1709, 320.70814901107076
1425, 320.502769009235
3188, 320.498315319904
1566, 317.37960925976455
1423, 317.17438999364094
637, 315.29258930006546
1567, 314.10002097938747
419, 313.44811917396373
1895, 313.095106551966
1838, 312.87124193587834
2971, 312.4805236915296
109, 312.29228286419595
2351, 311.46104248946415
1316, 310.92624475125206
1156, 310.01150634319623
1151, 310.0073602254146
3228, 306.6680256895177
1575, 305.88865399729
1864, 303.64643512361204
268, 302.35962295295036
3236, 301.7899846735604
96, 301.2231876604203
1424, 301.09772271128134
32, 300.42915313174547
97, 300.1428917341193
2801, 298.54821188937757
1073, 297.5800565961685
1440, 297.1319597370975
1573, 297.0359452505549
1632, 296.6070389502148
1216, 296.2820486024035
260, 295.50034929423884
1178, 295.36773554284184
12, 294.9601400282343
1562, 293.86481400215393
1962, 293.58867389910023
68, 293.3642683874399
115, 292.57605278399564
144, 290.21241418251896
1638, 289.91259033500813
1152, 289.63844203678457
167, 289.2034211534714
3387, 288.86235830660354
358, 287.64264341269006
1694, 287.0887846369955
122, 287.00136548400945
1180, 286.9509685386023
3417, 286.92353018200856
2400, 285.640781998516
1576, 285.54344452541625
1572, 284.1648048324376
3392, 284.0402361980077
1543, 283.6556511861265
1813, 283.5665288563889
2270, 283.3172259948821
64, 283.3074610714853
1065, 282.48332950633886
1397, 282.2558241148255
3376, 281.3988560959253
2395, 281.36462249330503
1034, 281.17831251802926
1634, 280.5407003249816
166, 279.86290401226086
2915, 279.004580089476
93, 278.4497908649182
2097, 277.2933767075998
1588, 277.11171477993054
65, 277.069619806877
72, 275.52296631933916
70, 274.2520699508226
69, 274.2520699508226
1976, 273.66530893377836
67, 273.2693635526628
1068, 272.18330481234955
101, 271.64631857606435
1061, 271.0295788480061
1220, 270.5776128205383
3374, 270.3157319229031
510, 270.25824141784
1605, 269.98855516995457
3428, 269.7957501306252
2972, 268.8651121262127
3356, 268.5846203087805
1574, 267.94757640402304
2399, 267.8100116298677
1663, 267.74738283417093
1198, 266.87922899432533
1428, 266.0645303614202
1406, 265.5158952522077
1996, 265.48452086448316
2913, 265.2588508284624
2384, 265.0140284687767
2787, 264.66230161490813
3422, 264.6227297909345
1150, 263.4184512445148
1467, 262.85703070177743
1191, 262.84486361947796
1693, 262.5829797648413
3140, 262.143834028124
3122, 262.1435455174514
3368, 261.57930380083263
2775, 261.07289338377774
1134, 260.85646053487784
2414, 260.60814057788406
1123, 259.9412856635593
3126, 259.38465948279696
95, 259.2039082182878
3406, 259.03835586520376
267, 258.9561055505796
1240, 258.91727027239034
1189, 258.50098539444775
3349, 258.34276913943495
179, 258.0721940157437
1155, 257.97702424287803
1207, 257.8745661283484
1224, 257.84305077136344
108, 257.6750394459642
90, 257.3998175479015
434, 257.32729041381316
1120, 257.29390846671106
2550, 256.7673267711018
3137, 255.78334032086485
121, 255.39568636395214
1135, 254.77682813805774
1108, 254.20899184123465
2799, 254.16375056537527
1194, 253.8208661749365
103, 253.69918970115768
3337, 253.49367456781198
3328, 253.37976231001488
1441, 253.18911585252187
1138, 253.18754878094612
3138, 252.95915469625456
1225, 252.86323767083405
3060, 252.36236357884866
1713, 252.07265414496854
3127, 251.72248164511382
522, 251.4085816198312
190, 250.9262451665236
160, 250.54465797607602
3355, 250.07560296294412
1477, 250.01060544097004
1078, 249.95585612045465
3427, 249.5638016539884
3116, 249.07504152998465
2761, 248.70851762902564
1222, 248.70706076801972
3096, 248.54550298730183
2977, 248.35401293103521
2295, 248.33566212910415
2770, 248.26536292082605
3075, 248.174898174403
3088, 248.1513106156608
304, 247.90739854649487
3338, 247.6290734715556
1195, 247.42180742623384
2378, 247.33526769111918
3390, 247.29671814612817
3104, 247.28552355189953
1146, 247.23511312125228
133, 247.1244141670222
1658, 247.00366583893197
3074, 246.6892788015317
3067, 246.49585882686202
1186, 246.26279037981436
338, 246.20255323581793
511, 245.84318964400325
1079, 245.8284557123516
2762, 245.67680046091283
3152, 245.46318788054725
3330, 245.45465382914293
2007, 245.44379828512828
113, 245.3600251079591
1107, 245.28188157172454
3124, 245.27764065538008
3087, 245.22705675717555
3157, 245.20843404928345
232, 245.17877981500644
1131, 245.10543433411016
2984, 245.08937920546654
1998, 244.79450623341592
1223, 244.6571014532762
3109, 244.6564490813741
2551, 244.62531303365543
3052, 244.4841925560849
3156, 244.42583876995556
1168, 244.35842077495823
2967, 244.33355630475916
2719, 243.8209336018379
1167, 243.80884205879292
2982, 243.77203227837117
1127, 243.57433849255813
3076, 243.33848404536593
1250, 243.0714174989569
1435, 242.96969294293564
1163, 242.73412860379304
2023, 242.7338017658142
541, 242.58498129445684
1656, 242.3128089317173
2273, 242.12679996611328
1133, 241.83314305276383
1460, 241.83035886387356
2411, 241.7384697950738
1251, 241.60905492072777
3397, 241.52551172337246
3053, 241.50254951670593
492, 241.49452062607767
3081, 241.225406327272
205, 240.90828862067406
1246, 240.77220657731098
1518, 240.62157677659303
2796, 240.34335675167983
1431, 240.25327305302554
2268, 240.1213355734128
1514, 239.88664454603787
3103, 239.40346523448807
1176, 239.2470742416116
1136, 239.17997681936737
1261, 239.10991098463657
369, 238.52836941338023
2347, 238.38852846749683
1227, 238.33883630045918
1097, 238.2772896783967
1196, 238.10846261771422
1116, 238.06610375502342
192, 237.8476585343478
3400, 237.69690783953797
1298, 237.6127944674566
498, 237.56547150096222
1188, 237.1235307887961
553, 237.09337594229038
3377, 236.99919026903825
533, 236.96365502064478
2976, 236.9628556476621
3430, 236.9415957156807
106, 236.74940477780476
3158, 236.6858016212618
92, 236.65552040212424
2350, 236.52419625498302
2028, 236.32183986423672
1881, 236.26351335882774
1446, 236.17194477339277
89, 236.15665905227885
102, 235.5926853331434
3102, 235.58666235900398
209, 235.48070781608573
2815, 235.3746118733999
104, 235.3235073876404
1197, 235.10258252008808
1213, 234.947665827712
3335, 234.83961097204337
1201, 234.69139161949542
3394, 234.64555959413406
120, 234.6078476003344
177, 234.41725324064078
1257, 234.41183408326089
3154, 234.21406005917876
2716, 234.00892941860562
1181, 233.8602100447791
2771, 233.56215763502686
3141, 233.52816143751988
545, 233.3427410733452
99, 233.2360004379513
135, 233.08987501460544
520, 233.06165487034343
2344, 232.74873618960513
3399, 232.66495035621318
1242, 232.5849354205547
3117, 232.46319455450066
2065, 232.13051586718075
1059, 232.11856199776727
2800, 231.95010959922067
2421, 231.65979366908826
1711, 231.50494250156845
499, 231.50186641068677
3414, 231.4219515430155
3398, 231.38275317339352
1719, 231.24674506198326
1208, 231.06376932179035
1149, 231.03484265369957
1182, 230.97371210717344
1593, 230.90633045240332
3351, 230.78198344343645
1217, 230.42357793385023
105, 230.4070554449365
1160, 230.19814098752377
2304, 230.11529678525554
261, 230.10064521309647
1175, 229.94941138092736
3322, 229.93713035423693
1436, 229.7979875149104
1209, 229.62085391309012
1438, 229.28904575765392
110, 229.1292522647758
3366, 228.97087590087625
1170, 228.96500953624087
3115, 228.70555393155954
3375, 228.2790054713686
1773, 228.10440776048125
1254, 227.28439136511378
125, 227.208342689405
1137, 227.17966627062177
3367, 226.86713023500656
66, 226.65099097379664
2412, 226.5528287790007
1125, 226.54731708359304
1070, 226.36569068419874
1860, 226.06672482567186
3342, 225.84757376206787
1148, 224.0586766726315
1154, 224.0428354106246
91, 223.76656436556985
2960, 223.52380913735675
61, 223.41035575177514
2014, 223.23819238981537
114, 223.2299358594456
3131, 223.1425962033413
2392, 222.83956310427433
1667, 222.76462988312386
1596, 222.76407546715262
3420, 222.73144409800105
431, 222.3279304625229
1139, 222.30108250580702
3441, 222.20579045076232
1229, 222.0849963506943
131, 222.06954498812814
2413, 221.7252646691687
1112, 221.50900935902118
1447, 221.45189426576326
1597, 221.39298196311861
1961, 221.22284798329179
2387, 221.02805050153592
2, 220.93173239661792
1974, 220.85838827356042
1095, 220.83027345687896
2396, 220.52418514472862
2752, 220.2237517735824
172, 220.19527424136376
1430, 220.12215786990942
1678, 220.05657882359537
1206, 219.97768616153385
2406, 219.8830782374997
1099, 219.69599406296575
1147, 219.66436621660557
2080, 219.5858875099664
2769, 219.48866042301336
1101, 219.42484658976127
2290, 219.23537316280223
3332, 218.98446087724406
2978, 218.9558481381618
1141, 218.92082997304448
3372, 218.80335205775506
62, 218.63322254758265
3003, 218.6216993076709
1067, 218.37261136814263
1262, 218.30711800156283
3132, 218.0797712789584
3333, 218.0243985187707
536, 217.99345768000617
1855, 217.95117068835603
1253, 217.6001017335404
2794, 217.33693529974894
2975, 217.21682688669065
2974, 217.21682688669065
1096, 217.17938290505768
2356, 217.12042267679192
1199, 217.04860773693386
2730, 216.9304315757689
3139, 216.92748305031415
2813, 216.72559183742536
3198, 216.71734967603754
463, 216.6544850709013
2355, 215.91974235192234
3078, 215.68322867067823
549, 215.6700996412459
1069, 215.6378104154699
1586, 215.45557392012978
543, 215.37725171792118
552, 215.03157393866346
506, 214.79631193727977
3028, 214.7447308937065
3047, 214.73239445886045
279, 214.7219966586699
1088, 214.6034468387136
1589, 214.57493633539912
1449, 214.37970071552618
1662, 214.33364872765122
1688, 214.25604973700132
1761, 214.21648413398685
3393, 213.79788605469966
1130, 213.7675922852519
2269, 213.4264516288862
3396, 213.19233090250515
2919, 213.13271355511424
1660, 213.12972707706203
3425, 212.94535325340263
201, 212.94287549902566
3410, 212.87173074146247
1857, 212.84165175489196
210, 212.65043959376234
1214, 212.56594092308777
2765, 212.51655156641056
3153, 212.42786854291847
1760, 212.42625889274757
1042, 212.1498196546113
2417, 211.55028992210327
2862, 211.52264785671278
2798, 211.5126036940341
1212, 211.4981273566575
1041, 210.95682483154386
1852, 210.87028179042855
426, 210.82227328646002
2983, 210.65454401749244
383, 210.65052200757293
1144, 210.39981948969455
523, 210.2344878958015
3280, 210.09892914626633
3125, 210.09011119867333
1226, 209.9174189580408
1867, 209.8050836786765
3004, 209.74234593223107
1856, 209.42266548868403
2409, 209.3900734057601
450, 209.3528280865366
3048, 209.2988101489839
1025, 209.28305659543554
1115, 209.2748111612267
2717, 208.97189239273936
3421, 208.91819966840464
1236, 208.67178280444182
2819, 208.65479874902223
1174, 208.63079514406698
1145, 208.53246713253725
2797, 208.52787965441036
2753, 208.52703553231282
2009, 208.51171073051145
3291, 208.46259650273038
1872, 208.38670064911744
1683, 208.31731696497295
3395, 208.26880355074152
476, 208.18552670529957
1083, 207.9643354917225
3334, 207.8783701636749
382, 207.59642767818622
502, 207.50298309050362
3286, 207.0543393469809
3418, 206.9172219825869
3061, 206.91027560131178
851, 206.7986568424519
154, 206.72096083506267
377, 206.48568289516012
1301, 206.40563497096457
155, 206.27233913004628
3429, 206.13306121969734
1753, 206.0454875712314
2715, 205.94287029997503
128, 205.8963604707505
1179, 205.7729896040669
542, 205.6816241205398
3073, 205.29916901564988
3086, 205.27685850163937
283, 205.25068505532727
3106, 204.9461548886115
3371, 204.89875441381247
3339, 204.75764755729116
1031, 204.75065838660484
1600, 204.53029537630638
1429, 204.46976005968963
2303, 204.44787960495577
1465, 204.36519884321166
264, 204.24043830426825
197, 204.22092234414134
537, 204.1176395187543
215, 203.72469309905878
164, 203.68875580520498
2337, 203.3535143114538
178, 203.22010878119548
487, 203.14972349438406
3416, 202.96370299016743
139, 202.9332715555083
1245, 202.76665327719985
1979, 202.73846869893086
176, 202.65631954066149
1445, 202.58571502628715
3196, 202.50193337831894
1608, 202.4474571273033
1866, 202.43507696114187
1128, 202.38242114445907
1241, 202.34586384305567
1043, 201.99514147973358
1607, 201.98156129597854
151, 201.94488117606744
3402, 201.90459710585154
3378, 201.89360822571524
1299, 201.89093459593903
547, 201.8713915450076
538, 201.69342440350744
912, 201.6229582134533
2388, 201.50716677281446
1978, 201.44749282688747
2803, 201.27607676555178
1113, 201.20317487867229
2408, 201.1419071652875
2110, 200.7801812348534
163, 200.71329370859874
397, 200.55943457998998
462, 200.52091122362242
2958, 200.50895782113824
3369, 200.4814136855632
550, 200.43421098888086
446, 200.3379666697486
2969, 200.04675604280234
1091, 199.98368867882246
1849, 199.94909349880965
1876, 199.620535674794
504, 199.54238135220658
2398, 199.46006719303625
619, 199.4353734287143
53, 199.3895377034488
1811, 199.27850591805102
423, 199.1252049150261
1973, 198.90625106550405
1074, 198.88978495994445
2990, 198.8095916002938
2973, 198.69434267581354
171, 198.66626062245217
2754, 198.65795179303825
1218, 198.64869588201796
2068, 198.42201015653993
2056, 198.34402463487655
1094, 198.34264463665343
2985, 198.32287377620617
1437, 198.2615993452278
181, 198.25943472640049
3119, 198.25366365227308
530, 198.15330168584296
3373, 197.86750652071908
1124, 197.8407987901448
3064, 197.76551517047952
2309, 197.65748990002615
2069, 197.60628675585747
3405, 197.52603532412925
1183, 197.44484448673822
161, 197.437182528807
469, 197.41863521897537
1219, 197.17417998383817
1590, 197.17174220524532
737, 196.84500576807852
1060, 196.70580584024108
2818, 196.6002665634294
2968, 196.58224135430711
1451, 196.47528289313001
3166, 196.22645326736435
76, 196.19457871992782
2279, 196.18107140283993
3407, 196.1634433100288
1030, 196.15042131823083
1200, 196.03073446494358
3381, 196.02642868594833
2966, 196.0011669022954
2733, 195.98070206281022
514, 195.91949834684877
1193, 195.87574993207664
443, 195.80671285932954
1169, 195.79712115932335
1444, 195.78317424560288
414, 195.65954450543015
132, 195.60917161077253
1865, 195.58057494043368
2100, 195.51000594787908
3423, 195.40968171262944
1247, 195.19342848731617
2315, 195.1752728281197
2297, 195.11227126415866
2271, 195.04027801890658
820, 195.00560798517714
1035, 194.94067723187473
2763, 194.9246766188581
1442, 194.91492295710876
1089, 194.91316065589513
1248, 194.82407649096294
1464, 194.79532691896804
1085, 194.52526952492744
2783, 194.45751036556265
3058, 194.4159402468694
3436, 194.28875805355776
2747, 194.2038527455336
336, 194.16712339748142
556, 193.82158260494958
3353, 193.80186678121487
1027, 193.7504047841877
3227, 193.68890345387854
119, 193.68444999719503
1117, 193.67972625361026
1736, 193.53437698351408
430, 193.21934582058816
448, 193.14459943681567
454, 193.10897156219207
2918, 193.0548443263072
373, 192.9069279204846
3277, 192.81561018426132
3331, 192.81283488177604
1689, 192.79225918851657
582, 192.76242079301278
157, 192.72561559019516
174, 192.7158800167505
3049, 192.4690739513454
3408, 192.36167186568528
532, 192.30453786030387
3382, 192.16232054243494
2979, 192.16109943894904
3340, 192.14804092322646
227, 192.12029661225262
2105, 192.07028207969475
3181, 192.01294631001483
1450, 191.9585606455993
2386, 191.94887162673135
1462, 191.9413070679978
262, 191.7663630508551
45, 191.7233190928825
736, 191.71310862837112
3108, 191.58095193283305
481, 191.5667877253362
1119, 191.48636275612304
153, 191.32418763676404
1202, 191.226663665218
162, 191.1293358631996
159, 191.08220197400232
2071, 191.07750825255303
1531, 191.03337303792736
3072, 190.85582832138527
1911, 190.64513279280706
289, 190.54027787384695
3070, 190.53349298372513
505, 190.33603334705722
2548, 190.31709223398357
146, 190.20776592989785
3089, 190.11697855896733
3370, 190.02531965008356
2792, 189.91097064571946
429, 189.89945898232025
2099, 189.87980742977552
3303, 189.8716808346044
41, 189.8702798399553
3155, 189.66521007842994
3317, 189.6641138331179
2382, 189.5061562831199
3077, 189.47463771259166
2033, 189.32433576299348
432, 189.29601228887842
2312, 189.2566363984205
71, 189.06920107207196
1230, 189.02452352865419
1676, 188.9427709580265
3055, 188.83158885834874
169, 188.774933717589
296, 188.65507973867716
2260, 188.61649676312132
1651, 188.41553802077
1040, 188.30242758517429
1584, 188.1247248304058
3385, 188.09735544191878
3118, 187.86741566197017
1126, 187.76895482225453
1066, 187.6245868553107
3046, 187.50585208678604
2301, 187.47285404252477
263, 187.3498876447946
535, 187.2676466721853
40, 187.11619326331055
39, 187.1158539997541
1166, 187.070728002534
3148, 186.97307710036102
457, 186.90054287427998
1448, 186.84153556145083
3247, 186.8112797228205
1624, 186.7848613601094
124, 186.7537990614593
503, 186.64378950120587
3437, 186.57372392407748
458, 186.52726562291494
3107, 186.52255991974317
531, 186.49926029107203
2292, 186.4052139397132
1603, 186.3751466765958
207, 186.37430288366068
211, 186.361403351243
3135, 186.19433456464066
2777, 186.18706498690415
2022, 185.96191769987183
3419, 185.92357800516496
1234, 185.92301854450383
368, 185.91069272709302
1075, 185.90198010486105
1110, 185.849945069641
1086, 185.80596788568022
2302, 185.79392124153816
1072, 185.77358220101178
554, 185.7513524913721
3114, 185.60780470659427
1263, 185.55400350023532
170, 185.50765602441788
2735, 185.24441547534568
1964, 185.02918690596098
188, 184.95606776779064
251, 184.9384391170206
221, 184.90089430900073
2394, 184.89637201085614
1452, 184.82302622006944
3388, 184.62584700336228
3401, 184.5662924219086
1239, 184.5541205986712
1173, 184.50702828149306
3302, 184.46377373140865
2265, 184.4324477418167
186, 184.34258784640602
1187, 184.27858076384598
1610, 184.23666585478648
1585, 184.17715617885614
2015, 184.12905867726047
200, 183.97099779244246
284, 183.96400803240965
1583, 183.92650794669146
557, 183.84423410199742
671, 183.6479542305183
2791, 183.46633372908562
1161, 183.32596264911695
2053, 183.3108579827064
2986, 183.29978064452223
1129, 183.2914129242053
158, 183.22669887412636
3054, 183.22333702134756
3069, 183.02471933027124
202, 182.9089344934994
334, 182.90701134544105
136, 182.8970025823366
3275, 182.85649118343102
180, 182.73845069551177
2274, 182.58092468240943
1203, 182.57795679804846
3191, 182.51454812655675
2740, 182.50999386966544
1533, 182.48423555596668
501, 182.48362399753856
2277, 182.45805262209822
482, 182.42048257114536
1994, 182.396612103784
456, 182.3919443073243
2267, 182.37387369956747
2311, 182.23015072798776
539, 182.2154352122651
2961, 182.09142025996246
3341, 182.05384556993994
494, 182.03745743283673
1071, 181.96972312149308
1215, 181.82625300059104
3379, 181.80134158047628
3179, 181.7098936162851
295, 181.70576094416754
1132, 181.70108569739998
175, 181.67547156626046
1228, 181.67211057771578
444, 181.65511258809593
2807, 181.53948422452402
2380, 181.34589909420586
2964, 181.32524170693083
3142, 181.25577645703095
1026, 181.05196317287098
2424, 180.9874977091412
2050, 180.8455441809975
98, 180.80179305984586
3389, 180.53867781517286
1143, 180.47388087415445
293, 180.4402950072736
437, 180.36510284987645
2348, 180.19467542873812
213, 180.164487521014
3403, 180.147480448803
3409, 180.11438161345623
2737, 180.08100117291
2266, 180.04227743758605
3167, 179.9591286777952
1848, 179.8785304936334
333, 179.7946913685794
220, 179.694997553333
2310, 179.59200951168157
1032, 179.53052255243884
329, 179.4877517071707
123, 179.46648135585755
860, 179.43821916932467
1975, 179.3722055069155
428, 179.24318155090302
2963, 179.18775595718637
2298, 178.9557482698741
669, 178.5646154434226
2308, 178.54409172423755
1851, 178.4934141797109
2306, 178.27461818709187
642, 178.25290723167618
2962, 178.15306887968293
2764, 178.0933014749023
2772, 178.0851215986692
3210, 178.07163500073068
1076, 178.06175201401558
3169, 178.06131283703172
303, 178.05947438663557
152, 178.03480748580637
2070, 178.01759483113267
378, 178.0174764531679
1456, 178.0115946186228
1233, 177.95049408708638
483, 177.93404250093457
2018, 177.9256854228872
453, 177.84607433399788
2006, 177.78540287785552
2989, 177.7438225568559
3189, 177.7319492442301
1260, 177.68037550206137
2055, 177.66594881396148
2252, 177.64911258047027
2407, 177.45721072264723
3205, 177.4261524704984
3426, 177.3324346482169
1090, 177.264208248582
2746, 177.04280975092428
3010, 176.87396391425006
3203, 176.8205505323327
2088, 176.75694475537742
332, 176.72712824475263
330, 176.63551512441506
2075, 176.60998579230136
2059, 176.5237579470477
1912, 176.38174549233582
832, 176.37851880414533
3065, 176.37811022384707
3445, 176.11985068384752
1252, 175.95399231654275
1432, 175.91909727889941
3172, 175.90808902066783
3404, 175.83598752541047
852, 175.72670760287045
773, 175.65944756976427
2011, 175.53986147811415
1980, 175.51434645118073
2103, 175.46623959582658
2352, 175.34599174160792
3032, 175.3151117306769
1997, 175.2677684363933
1963, 175.22608632025677
380, 175.21493490209394
100, 175.20293423140262
392, 175.1518042104783
3212, 175.10370941079168
37, 175.07669488286245
142, 175.07440784113888
2086, 175.0555511029885
546, 174.98465799183697
1581, 174.9768396537833
3182, 174.87368318367106
1995, 174.84962881151648
2389, 174.83609634573446
3149, 174.79878024616534
478, 174.74651624015482
864, 174.69924525770568
2790, 174.67219396772904
471, 174.3777326197506
410, 174.3589664154677
1466, 174.32775484522986
2223, 174.1124971303686
1184, 174.04145487586376
1991, 173.99830178192303
129, 173.92567192697635
2016, 173.69559654938757
2300, 173.5926307044375
467, 173.46298145864702
3202, 173.40473079874894
441, 173.36511593938624
2263, 173.3046263681575
331, 173.2292714234538
1177, 173.19590695424645
1259, 173.09700414892336
272, 173.06111368846828
3174, 173.05791457438517
3434, 172.97584592772074
677, 172.86480145230374
3447, 172.62519075989584
475, 172.60864284903093
3128, 172.55723835400565
2786, 172.5492733755629
1690, 172.47053873144546
3285, 172.4610991963491
2766, 172.35824043792064
297, 172.35258824017617
208, 172.27310131248996
2774, 172.27301016124977
365, 172.01977876228938
3424, 171.93791364897953
1459, 171.84406182268157
3281, 171.84231989490493
2026, 171.7084647822913
3298, 171.63535962317977
1098, 171.6307878352634
2276, 171.5405217416041
168, 171.50887103757591
3190, 171.47982365559426
914, 171.25132685565436
3214, 171.1763257927972
451, 171.174503484153
130, 170.95159650563593
1111, 170.88426338729337
3175, 170.80025340149732
2296, 170.76450294134003
464, 170.75040299153366
3386, 170.7143378183822
2024, 170.5848410068861
731, 170.50696698892756
79, 170.49565733810067
3056, 170.4290815705091
466, 170.42032707954812
2863, 170.38070298855635
299, 170.30742534503113
2354, 170.24278098738262
2261, 170.04048391611545
2757, 169.99489585765667
449, 169.99450845385888
2987, 169.90374045186812
1517, 169.891476035669
46, 169.76442959663726
3185, 169.74756268999005
204, 169.65583852173978
488, 169.6129559259983
3173, 169.57384299042067
2083, 169.5591985002873
2759, 169.52110703673893
3300, 169.47651452295636
2381, 169.4281760846074
2029, 169.39026772783168
2767, 169.2283187851976
75, 169.175960424001
583, 169.1657481761745
2817, 169.15520586786454
496, 169.1336102973599
534, 169.12499826283081
2734, 169.04306099774996
328, 168.9810047217638
1140, 168.91422040524895
1604, 168.82618602203158
2278, 168.78144691948475
1077, 168.70955411986037
2744, 168.51718792541126
173, 168.4552911258459
1142, 168.45472285662265
147, 168.40743552453046
1770, 168.39785610819564
2109, 168.23546184966236
1521, 168.10332222928685
3098, 168.09337261827218
3208, 167.9233588362427
3057, 167.83625329242722
3244, 167.67058108097805
1172, 167.64470614536387
3226, 167.63596363158425
3110, 167.61449548694983
2032, 167.59636881840686
2091, 167.24532148228064
335, 167.16304747456513
435, 167.14452260233963
2820, 167.10069754326298
3283, 167.0394117887024
738, 167.0336244882319
3042, 167.0157969332399
2224, 166.97300449446877
401, 166.9062025651512
1029, 166.80647060196367
1893, 166.7913417159433
1256, 166.78306322600807
480, 166.75967078709695
544, 166.7423804900534
3245, 166.65928333658124
3276, 166.50109855465195
3440, 166.43362247216356
1850, 166.41039246156893
2078, 166.3967198373426
2027, 166.36845223930635
2965, 166.3563366122639
203, 166.29969546607626
3292, 166.25586966767318
2748, 166.24144124341302
1587, 166.15529902379706
1502, 166.14734386452955
3348, 166.14324192789044
440, 166.06305559936644
485, 166.05186005916656
415, 166.0159957137022
2776, 166.0045254722383
548, 165.94952737436503
2722, 165.92516746025046
3093, 165.91211621344632
2076, 165.8749571127961
1443, 165.87302797358566
193, 165.80611845634388
906, 165.7217519891027
2507, 165.7101278508737
2285, 165.58391468750088
3159, 165.50228290844862
2825, 165.44425501918883
470, 165.40663496028236
2013, 165.32969253784935
913, 165.27573699502742
2920, 165.2655019000791
540, 165.25285630335773
479, 165.2442818105363
433, 165.20908417500254
650, 165.08835076200936
1513, 165.0872466765851
1105, 164.88769788972272
1058, 164.87247198641538
588, 164.57815519903528
1611, 164.41024610584165
1204, 164.3856066809743
372, 164.3705822447563
425, 164.32659922149105
1434, 164.31753968453356
1433, 164.31753968453356
1063, 164.31458572862178
1880, 164.3033525630518
608, 164.1613568349332
2773, 164.11880497804827
2045, 164.1184713993115
1675, 164.11259053179356
1870, 164.1086521430856
861, 164.04563589999896
48, 164.0191925910359
2751, 163.9207934463971
1853, 163.84377081528706
2291, 163.71408216770664
126, 163.5671430401723
1100, 163.53406718417173
3293, 163.4096004612682
676, 163.2284215899472
1910, 163.12551653121716
495, 163.0262364952077
3297, 162.97571125879008
2622, 162.9604777791803
51, 162.86518724382393
288, 162.83137460148876
468, 162.79066723041802
3006, 162.78953839177967
1087, 162.6654110413983
2019, 162.63918594669866
52, 162.6317348935407
191, 162.4945821839134
3209, 162.4710772500715
189, 162.42585793550282
862, 162.3840079621101
2415, 162.31094774359065
2020, 162.19732334131038
217, 162.06348783650876
1159, 161.8901383102517
2802, 161.88980657792828
1235, 161.82846263510132
206, 161.79476530573103
2988, 161.71267382717315
34, 161.57087811009077
3176, 161.49958648885118
148, 161.36785718326598
1081, 161.32250901732908
2723, 161.161214194913
2768, 161.15644220533753
1859, 161.11412142480012
452, 161.1042856411069
1221, 161.1011146655846
2272, 161.04908491378498
1993, 160.97688250145114
3083, 160.96805452485134
816, 160.93442930202758
3435, 160.88151115718202
1686, 160.81700536357766
562, 160.64565108728513
3213, 160.62305526646546
274, 160.61735294256474
3079, 160.56316075120495
1914, 160.45157943773438
3287, 160.40438673933673
56, 160.3252578136468
1381, 160.2599109852105
222, 160.18751616545603
1680, 160.17607412254785
1758, 160.15843359153376
3071, 160.12091197201391
607, 160.0660369527051
2981, 159.98010985281127
1237, 159.87184886919334
2419, 159.7078570271569
3151, 159.69259268932007
3259, 159.57733212722943
2257, 159.52170050374735
685, 159.390500642382
521, 159.3450471164516
1732, 159.21550737867193
881, 159.03564415043053
2025, 158.98759511845478
1913, 158.90518127352624
1515, 158.89227015160222
3084, 158.7814105028414
407, 158.7463869861956
1102, 158.68336625538086
2307, 158.44739369613424
1707, 158.32031490511486
424, 158.22666472355345
1666, 158.19627857386706
406, 158.15329500067583
2546, 158.11734210979992
389, 158.11263545238202
3051, 158.06584731286236
3050, 158.06236758491747
2810, 158.0296950897295
2210, 158.01259450916476
670, 158.0073311169129
1461, 157.99744226514792
44, 157.8419217131423
2549, 157.79864628345646
3199, 157.7776630330578
198, 157.62978280744593
1243, 157.59655757663174
140, 157.53695405977484
82, 157.51479804133854
611, 157.3862664298786
2391, 157.29829594024125
2416, 157.2652885930851
1249, 157.25035936604255
266, 157.2479139882723
447, 157.23899382833153
1082, 157.2344110568961
194, 157.14135461176005
1033, 157.06258371699474
1244, 157.04063062816897
3315, 156.99839207675544
2343, 156.9486782154079
2238, 156.8830939660287
381, 156.70836822499245
143, 156.68578708025635
3274, 156.6333991781152
515, 156.60611689963267
3439, 156.53411723093913
74, 156.5185609616312
2005, 156.49528813162055
3246, 156.48505469445064
555, 156.3907687570091
3192, 156.3793934879768
2741, 156.2783309640938
2041, 156.261108523616
165, 156.25788907825006
3171, 156.2526493608278
2294, 156.2403233625508
2811, 156.2066669758876
2259, 156.16071460130718
2795, 156.05710274178742
2108, 156.04839158452106
1002, 155.98649113082828
2286, 155.93896412700968
1854, 155.8838049665844
376, 155.8237245422466
2218, 155.75549028415531
275, 155.55198772029453
3178, 155.5189337136435
3413, 155.4079631405698
228, 155.4032037465794
895, 155.3162732934066
1742, 155.08256593078048
47, 155.05937915479743
1516, 155.05829397878202
3241, 154.85272225977369
1720, 154.71756614802592
85, 154.6501010904297
3336, 154.63874115023845
326, 154.5919424949898
402, 154.51467772623536
3133, 154.51454533285792
651, 154.4649687964002
1084, 154.43784957035095
2106, 154.43106144360212
1162, 154.38260836545646
3278, 154.25905970418893
2034, 154.25900712561597
1771, 154.20139414755633
2951, 154.1920559240546
1738, 154.12838437119692
1677, 154.11913987978232
445, 154.07908397458192
3092, 154.04006841456163
654, 154.01041026317432
1024, 153.9970867593101
2483, 153.90482231578443
2736, 153.86296468771386
2749, 153.8605243372545
1205, 153.77259227672906
580, 153.70579781172597
2808, 153.65056019917515
134, 153.49635313372355
3432, 153.48671577433876
379, 153.45040644282247
678, 153.43805867486847
885, 153.38134682891905
2630, 153.32219978742907
3144, 153.2730979804329
3204, 153.25484785899195
3384, 153.25336130707825
3170, 153.2312425959641
1687, 153.199579155068
294, 153.08790856042182
680, 153.08653027715891
563, 153.0677356864561
1122, 153.0145818177949
77, 152.97358900041112
2314, 152.909327721149
3062, 152.8827831263219
3433, 152.87911087661905
57, 152.86278583704194
3059, 152.80972584039134
3305, 152.66212201490967
1121, 152.58292115623297
3095, 152.4722895381829
3194, 152.45105740166449
3211, 152.43260164503548
3143, 152.41221882710886
1877, 152.37279301283917
1725, 152.25006343212394
3101, 152.23993307473302
237, 152.1371196194775
2093, 152.1351777112588
3163, 151.98384279200243
2793, 151.8400268704573
300, 151.823302017637
3380, 151.81410009397698
613, 151.76525580366564
2651, 151.74321422260348
2003, 151.7425399709611
3206, 151.6595028643282
2789, 151.52325591453265
1439, 151.47392141103128
1722, 151.3746044676078
3350, 151.33169908977305
35, 151.2968397147344
141, 151.28904954193038
3186, 151.25288662817758
1746, 151.2525148981835
3197, 151.22418751813933
1627, 151.21022697461441
2666, 151.1505933804552
427, 151.14152088025415
3039, 151.1167065573476
2513, 151.04668394416615
2454, 151.02257464354767
956, 151.01899621131432
1238, 150.97609989082264
3304, 150.95055115439013
1669, 150.94374293093347
2385, 150.8391206626952
3327, 150.81491035260476
1685, 150.76317850596982
1646, 150.70901306058173
2280, 150.70002275985084
649, 150.6621570310775
655, 150.60176040854063
2048, 150.45875612614654
3312, 150.41319632734945
1718, 150.38796777075413
2288, 150.32725522940467
748, 150.31657865312576
298, 150.3112467824732
2203, 150.20172960413473
3040, 150.1328966243789
2505, 150.12625498903705
408, 150.12546365108506
473, 150.07393719669074
2404, 150.06686498727055
2240, 150.03213600100193
1970, 150.01649056283316
1729, 149.9555326155669
3289, 149.82158989038584
3443, 149.80128627818976
3284, 149.74796769361325
2104, 149.7360800455628
3294, 149.72566462423381
509, 149.5852651787859
1879, 149.56804467817673
663, 149.41955968209373
2002, 149.3489696485135
1874, 149.17739547252646
1625, 149.17230812811806
3200, 149.14997564667667
3243, 149.10959164222913
1747, 149.0175538308317
1708, 148.96175945550323
2491, 148.9403867031212
1231, 148.89338220127442
280, 148.81254940894016
679, 148.76310567258506
2508, 148.75009399951045
282, 148.74665117890643
3147, 148.71625352502423
2583, 148.70555176941548
2948, 148.64916727619547
1695, 148.6334969403674
3134, 148.60484004339273
73, 148.56708128422488
42, 148.3403381203225
2379, 148.30806041843195
643, 148.3045031128435
281, 148.13908915741644
2258, 148.11517795496803
3120, 147.93387869046717
491, 147.88203586272746
439, 147.71432591258468
3354, 147.7066792678872
2721, 147.5610864105746
966, 147.5559648775947
1641, 147.50530364111472
2442, 147.2897251262422
1232, 147.26334996563048
84, 147.24861942937395
1875, 147.24637426299353
2742, 147.24513270661265
2824, 147.0518200804091
2566, 146.88109056544974
1258, 146.84591694039045
2008, 146.70811813564023
1104, 146.70592462940877
733, 146.65308119156882
1756, 146.5567178443663
859, 146.5124726095194
2338, 146.2215473439553
732, 146.169951891285
2671, 146.1353817792089
838, 146.08963739062605
1698, 146.06762126428092
455, 145.95070282541494
3314, 145.92020968017698
3184, 145.8872005590578
219, 145.75903012513567
634, 145.75556363525328
225, 145.75120608959864
2917, 145.74879777305057
2021, 145.73936944493286
88, 145.7009900524773
1647, 145.6751880235134
2688, 145.61437133550754
3082, 145.60741966563808
2823, 145.59920626032783
1971, 145.5612384953782
1171, 145.4907825803785
2393, 145.42945466608856
1868, 145.42224938232818
1717, 145.31340850384356
302, 145.29016453081283
2784, 145.25770094002866
2039, 145.19098228082933
2780, 145.17302533819318
1740, 145.14274730590645
2353, 145.10915285118494
150, 145.0900033237621
2287, 145.04057067388615
2645, 144.9950518359693
863, 144.98812669770726
58, 144.91505145490905
460, 144.89720065497613
1894, 144.868788770544
512, 144.84671434638182
699, 144.8226487514993
3146, 144.81551147387538
2587, 144.72320181006538
1106, 144.6926026553742
2816, 144.66892007822318
265, 144.59699588266406
2524, 144.5608928767043
513, 144.52665375456448
2696, 144.4787847434808
2864, 144.40749115846617
1731, 144.38212640361587
2755, 144.37023493690262
2788, 144.2984383645193
2553, 144.25363582996238
3150, 144.24330272652375
1644, 144.2322249708564
1185, 144.11524466730484
1968, 144.07905543001243
2217, 144.01550710493225
2562, 143.9986505856759
3264, 143.8997531685092
3352, 143.87677192094503
3162, 143.86314995635945
1714, 143.79261969396404
2098, 143.7917948174746
1682, 143.77254906424375
734, 143.77232603832738
1057, 143.71494692724153
1871, 143.6793061756873
757, 143.66457707151116
2782, 143.65787977968205
2705, 143.64510012282315
145, 143.55413181205077
518, 143.50737955821964
3444, 143.4992668452167
1739, 143.49181925635597
551, 143.48460174351337
1858, 143.47686250063612
2758, 143.32017789995078
2812, 143.3019627159256
2559, 143.29034422887588
3187, 143.28902956123758
3239, 143.24918685830414
2610, 143.2471932522587
1726, 143.23219906744595
1642, 143.20509979853696
255, 143.17334177515102
87, 143.12767624348572
3183, 143.07537441600348
398, 143.01373954642233
3324, 142.93217458152677
3248, 142.91453940269335
2244, 142.88930094801734
3168, 142.78804086785294
3105, 142.67189896144902
1643, 142.65893500009275
2558, 142.560490374063
3123, 142.53650197870812
2305, 142.4101709977371
2607, 142.3607026334984
412, 142.31729419550206
1705, 142.28660484327668
1626, 142.1547672469111
2004, 141.94223784068882
2017, 141.81163443589946
2101, 141.8091112778359
3290, 141.78216818179038
2514, 141.78183341173042
214, 141.7237011832999
3063, 141.6358813397584
291, 141.58086343388493
3415, 141.54092896010508
2536, 141.48237127204112
1703, 141.47548616786963
957, 141.47430044001004
2152, 141.46191442058492
1715, 141.45905526306095
3041, 141.37295535385957
2694, 141.2975850806662
3255, 141.2652337634192
3225, 141.26449747030549
561, 141.2292175039674
3090, 141.19370403092816
965, 141.07343141575822
156, 141.05812944241234
2640, 141.02801799438018
1755, 141.01447634009145
3129, 140.9956198098473
278, 140.9890182582267
2677, 140.95698102069457
2690, 140.92644163809388
1752, 140.87654360656973
2781, 140.82832167365976
409, 140.82391298468468
2030, 140.78060512815023
2620, 140.74765985872867
626, 140.7428044296631
2710, 140.73368056517145
2473, 140.6988811032845
1630, 140.67427129512316
1892, 140.45418643922773
250, 140.36175431823955
1721, 140.34636376635828
399, 140.26301947156892
3279, 140.11271156717785
1869, 140.07470020335577
3299, 140.00557157922105
3066, 139.93168143623018
3318, 139.9301134064402
2571, 139.8833913839219
2686, 139.82523192418932
2390, 139.80422804113684
1692, 139.73896415772714
1712, 139.73051428139817
2703, 139.6890745023255
3080, 139.670545807023
2102, 139.5668371299378
276, 139.53571448166417
2779, 139.51144390757673
385, 139.50083937693566
2574, 139.4816878600226
199, 139.43394868635752
3130, 139.4165706185216
216, 139.3692897258568
19, 139.2791318755717
681, 139.19235403903542
411, 139.0980065194172
2814, 139.09656400288367
2653, 139.07753371487786
2650, 139.05883674735173
404, 139.05818212704511
2657, 138.9745445614526
3207, 138.78643667921799
1733, 138.78547808557857
2497, 138.7366136062101
395, 138.68731587376251
1966, 138.64054928472447
54, 138.60603435642417
1710, 138.55080635686468
3347, 138.51204591293686
2624, 138.4890549238144
1701, 138.46453344299397
2785, 138.4569355906009
2756, 138.42453363564053
3306, 138.3713144140987
1628, 138.2915641477474
3111, 138.2187427071808
254, 138.14775084009474
1631, 137.84478449903318
3020, 137.58983889739753
1744, 137.57066992337147
3099, 137.57048339409283
2745, 137.56555932458176
1735, 137.56495255487368
1716, 137.53535094139943
2649, 137.5241239347811
400, 137.5065577196289
2111, 137.49811118007477
2096, 137.49811118007477
1028, 137.42634612552993
2561, 137.39437454709216
21, 137.35854270091303
2293, 137.26374240825896
2525, 137.24348876406276
647, 137.23543780752993
1748, 137.2256969692804
2652, 137.0346398599202
2720, 137.01205950674392
2683, 137.00472050690638
2853, 136.93772529825452
2520, 136.92436787415366
2712, 136.92046421143945
386, 136.91815804752423
2621, 136.88022059577045
2641, 136.76865730764075
2572, 136.6769510624609
375, 136.52849600351487
3316, 136.5256873523887
2289, 136.50357394653585
1684, 136.36366309760433
1873, 136.3344371701424
1659, 136.33248064450305
1670, 136.28848337568488
1463, 136.2404563163579
3383, 136.23823929575696
1672, 136.21542215829822
1891, 136.20323211941022
2601, 136.17607223445395
2656, 136.0231419213511
2527, 136.02221652746366
3265, 136.00390355696683
2340, 135.8831109654851
50, 135.88031604299437
2738, 135.7028291006499
3097, 135.65068983423012
127, 135.64783366825336
20, 135.5917133899595
1645, 135.5820478510803
3323, 135.5706836837785
1730, 135.4701780442577
1741, 135.44701900829978
2646, 135.43837981949684
3112, 135.3646839196896
3201, 135.36311421790882
1047, 135.29923091124678
1700, 135.24769813782052
137, 135.2107813986017
2668, 135.1776000920942
2959, 135.06090032546967
3362, 135.04130251365623
2568, 135.02938162510233
2681, 135.01205400708005
1633, 134.99672144038217
1668, 134.98570018277132
2212, 134.97647260943705
1743, 134.93418265039807
287, 134.7962798613415
1671, 134.7235181795411
396, 134.71672711012158
1699, 134.69670480125862
3295, 134.6569986018124
2608, 134.6035343785595
3136, 134.5602861479274
1665, 134.5394261203692
2580, 134.51808521493265
2383, 134.51064504036992
1754, 134.4386954180642
3288, 134.4307418287975
3442, 134.42042294825228
1657, 134.36035068797995
1724, 134.3029315908767
36, 134.19976313423936
2635, 134.09369773207553
218, 133.73337405606887
2179, 133.7061913520863
2283, 133.67715654954912
1941, 133.61081508560125
1706, 133.59367070855802
2563, 133.47248432962834
2485, 133.38407767317435
1745, 133.3338110486834
2726, 133.3021914296872
1629, 133.27626948465078
3311, 133.18927191549102
1637, 133.18553392785796
2592, 133.14242357327592
2533, 133.11879412478527
3232, 133.03054778298548
508, 132.9210839869301
2451, 132.89249008495074
1650, 132.8426403267248
2493, 132.7913837989873
1967, 132.77430443613122
2449, 132.76934381008505
1734, 132.741992499975
43, 132.69220050568157
1728, 132.6216616678075
2204, 132.571800298452
2466, 132.53946785539375
2611, 132.38063729200155
2658, 132.3282690425066
1681, 132.3262497065816
1639, 132.24048002577015
2597, 132.16553509952806
2697, 132.16357189902698
3254, 132.1542359868975
388, 132.05983793976003
3005, 131.98068891796552
1697, 131.96600800533884
1649, 131.9174960371516
2397, 131.8786316070696
1704, 131.85817701968054
2486, 131.79014938346734
3094, 131.66338790421938
2456, 131.63382256063014
1679, 131.61892723637007
2339, 131.58580721517296
1727, 131.56341829484077
1114, 131.51129481118988
1648, 131.41735517450604
80, 131.14540407339518
2575, 131.14121865510614
2239, 131.10039674945247
1691, 131.02082232214633
149, 130.96520967947174
195, 130.7835278616047
1749, 130.65197594756648
3231, 130.64204982284716
2235, 130.60060303525358
212, 130.54022856002706
497, 130.40289919299104
2604, 130.3052957342051
252, 130.21749047667498
2167, 130.01126261670282
474, 130.00927798160083
2185, 129.93430584860377
2528, 129.87973149012794
2461, 129.7956678600771
2475, 129.74241787886717
2655, 129.6613834119091
2589, 129.57585322961123
2453, 129.433463270345
3007, 129.40787183884382
1702, 129.34567154576558
2282, 129.3428501450345
2648, 129.31790713139134
1674, 129.03090893991498
2087, 128.94698212807333
1696, 128.92897611046433
405, 128.89531572244192
1751, 128.87952203930718
2184, 128.75693022243303
2139, 128.72302657145593
2226, 128.68808557313895
1759, 128.66633017255194
2980, 128.62793838441044
2778, 128.5824311555624
1636, 128.44234489067023
138, 128.409380901132
2612, 128.35763050131314
2543, 128.25875506804294
1635, 128.1372861678481
3195, 128.07170928457873
2693, 127.98523221297809
2484, 127.93975106427332
2616, 127.83209648452495
3258, 127.78068200437224
2299, 127.67538690562225
196, 127.65271096921818
2249, 127.62084387556295
2177, 127.61387725962406
2809, 127.56325741452861
2673, 127.47567805367218
2623, 127.43214192936694
2264, 127.27162229272946
1737, 127.24773891239799
2564, 127.2195823794527
1750, 127.12408016278376
337, 127.0688394762731
2531, 126.84287848594798
3313, 126.79680375229147
2605, 126.78118082125356
2498, 126.6907456541771
2679, 126.68167138639018
2713, 126.63978799141516
3296, 126.61936727909476
472, 126.49896843757355
394, 126.34805962899263
3160, 126.33193487754835
2345, 126.26212275763957
2821, 126.21558378851975
15, 126.19173203956616
55, 126.18113219741178
2349, 126.16353726762313
2346, 126.13471565300698
2462, 125.96413294967935
2626, 125.95360942174885
3021, 125.85510068778801
2490, 125.80696508481431
2341, 125.8000085746713
2342, 125.73684100450033
2687, 125.4922220124882
2094, 125.49202833746459
2586, 125.44586138718368
2570, 125.41390522424348
38, 125.40299747241907
2492, 125.39486156450236
2603, 125.31437960051704
2695, 125.24564254910763
3262, 125.21629749354048
3091, 125.16780839936543
1652, 125.11382815337689
2606, 125.04791952670409
1045, 125.04029774808795
2496, 124.97832447466068
3113, 124.95564547347746
2519, 124.93001986100633
2654, 124.90983161047977
78, 124.90172446850464
2629, 124.87248604143065
2455, 124.847000540439
2464, 124.80501604965302
2534, 124.76070114477687
2692, 124.73091186233798
1530, 124.68194518313453
2538, 124.67723469200811
2822, 124.66217979761707
2313, 124.64504317845478
2704, 124.60991567444498
3261, 124.46947571139468
2511, 124.44253534058764
3193, 124.42167268504197
2707, 124.31252553268732
2869, 124.14395807109842
2284, 124.14313000403583
3180, 124.06894085380682
1960, 124.02289180892582
2700, 123.97964979838186
2675, 123.95105563140832
3344, 123.70136782794607
2638, 123.67482431960777
2600, 123.52678263710915
3251, 123.47076137659413
1557, 123.45156688576317
2522, 123.43165546005591
2506, 123.373547368118
1655, 123.18152949672839
2499, 123.1735169899284
3329, 123.14378304611763
16, 123.08261566043056
2581, 123.06139124740056
2509, 123.0273367769118
2452, 122.75391226769952
2644, 122.73183171122471
2665, 122.68790116855483
3260, 122.60539854218587
2727, 122.59907880893098
3361, 122.41853023200251
2479, 122.37925732945651
2495, 122.24805021773314
3364, 122.215302493928
2662, 122.20918537824772
2460, 122.19266893183833
3019, 122.13159408389733
3165, 122.03266502667027
2488, 121.95445269781656
2760, 121.90657852093152
2632, 121.78222738578611
2079, 121.73400370429773
2044, 121.72032696180298
2698, 121.58179208876177
3100, 121.3856534448511
1559, 121.21084217447101
2440, 121.20987884519494
83, 121.20330341791681
2037, 121.18530230227097
2530, 121.05618033148315
1847, 120.48520197568186
2714, 120.4360218038612
3301, 120.346630688502
2401, 120.32739460791058
2092, 120.26527120658876
2743, 120.13404827109818
2477, 120.09441474313924
413, 120.05932598674936
2625, 119.85510879151168
2565, 119.78652895982813
2535, 119.67086779412386
2970, 119.65319789551917
3266, 119.38174441831553
1664, 119.34707970776813
2670, 119.29181280842191
2684, 119.25282775340689
2537, 119.08860814225972
2444, 118.95213340774544
2598, 118.94682840325841
2061, 118.49361419097033
2591, 118.38286590553136
2634, 118.34392800845612
3357, 118.25863378092654
2664, 118.17918848171264
2552, 117.94731258144799
2472, 117.8516757969957
2660, 117.7060797505328
2667, 117.56609403718466
2659, 117.44568083026496
2669, 117.43366552251683
2699, 117.40728778321468
2576, 117.33044543217311
2494, 117.09199621315231
2474, 117.0916035549004
3008, 117.05666716245317
2691, 116.9953943148272
2674, 116.9784857583117
2502, 116.96718418848582
2501, 116.96718418848582
2405, 116.9447429261274
2457, 116.93663807525284
2661, 116.91138699509924
3033, 116.83093874431457
2631, 116.7818760710669
2617, 116.68884382572081
2510, 116.66166118599914
438, 116.6442165961035
2469, 116.64243438576081
2614, 116.56493369672737
2609, 116.12515888546301
2541, 116.11331936872662
3249, 116.0710321352708
2542, 116.037869561759
2627, 115.96650292921454
2521, 115.8845747816714
3253, 115.85409267744018
2448, 115.79950512930829
2637, 115.66309462603913
2476, 115.56196358835983
2504, 115.48296648161094
1109, 115.32595088672115
2724, 115.17499302398599
2702, 115.17021890272088
2089, 115.0368933997776
2956, 114.99227283387397
81, 114.96390194961631
1300, 114.95863592552887
2678, 114.95484240941069
3325, 114.8764631910359
3263, 114.81414176176645
2619, 114.7934956187624
2557, 114.7015965836567
2567, 114.64908234775965
2478, 114.52826732929012
2706, 114.2917446557541
2074, 114.1551182816983
2676, 114.1477504976446
2866, 114.05615775166434
2585, 113.99953541933527
2467, 113.9521285450459
2560, 113.94322340345013
2529, 113.91844548714245
17, 113.74018801602782
2459, 113.71911242553008
2554, 113.51060261893659
2082, 113.48394709554087
2544, 113.37209756549879
277, 113.22245975313777
2577, 113.19241019183079
2663, 113.17805563337002
2595, 113.0238568778791
3250, 113.02098706879359
2633, 112.92696731225854
1560, 112.8920024579607
2628, 112.88497284816492
2642, 112.85030291832909
3326, 112.79579360570752
2685, 112.70332801003012
2482, 112.69966366178559
2573, 112.6838613791436
2689, 112.2304426050088
2523, 112.20115743893513
2618, 112.08854811632114
1969, 112.03285086827182
1052, 111.93596282746408
3365, 111.92854256740837
3358, 111.80289277863945
2545, 111.79331140055673
2443, 111.79183757489169
290, 111.7652460323062
2701, 111.73499825800975
2480, 111.7150478934658
2680, 111.67049465272423
2481, 111.582859251981
2909, 111.45839184843345
2447, 111.41597271864858
2445, 111.37146485405036
14, 111.34285138723666
2463, 111.28868483950112
2588, 111.24677954060842
2047, 111.1568844299681
2458, 111.08173557771374
2465, 110.96806426655675
2613, 110.96621706894697
3307, 110.90631470105205
2602, 110.89135175040002
1965, 110.7846811574795
2489, 110.61507949250739
3345, 110.51530292814817
2643, 110.45611363212744
2487, 110.39317300754466
3360, 110.34001163680114
2599, 110.23445608825696
1046, 110.14321122831346
2512, 110.0501746939219
1520, 110.02538393475037
2728, 109.89479383213688
436, 109.8921444098794
2593, 109.83234237010788
2584, 109.82623478481678
2516, 109.81501460416712
2081, 109.61622036613566
2708, 109.41982082856637
2446, 109.40921329507586
2540, 109.3320553785004
2639, 109.14236427101126
2636, 109.1189540974481
3252, 109.11488845554747
3391, 108.98217659147957
3308, 108.61999593333944
2052, 108.55626516664148
2077, 108.53138048709697
2555, 108.48703235859709
2057, 108.48701810557903
2590, 108.46446271077691
2582, 108.42560590666916
2031, 108.13017287501839
18, 108.10333050006865
2090, 107.95993209253888
2526, 107.55228048416917
3177, 107.55215151063793
1519, 107.49118134961114
2468, 107.30210793365261
2441, 107.14168259511735
2450, 107.06195996654829
2914, 106.87695739936295
1537, 106.82783798908164
1103, 106.6165171734135
1053, 106.56839677010939
3446, 106.55511804863937
2539, 106.55474949412277
1118, 106.29756524747553
2596, 105.85196301760043
2709, 105.78304991422736
517, 105.77831449009673
2647, 105.06554818871707
3343, 104.92570210880373
2615, 104.72494588833682
2066, 104.63307952881243
2060, 104.35209473723204
3238, 104.32177088464097
2579, 104.30236300335342
1558, 103.95831242433795
2038, 103.8538290762759
22, 103.82723487445645
2471, 103.7561185997319
2517, 103.54100278051666
3359, 103.12427725411608
2594, 103.04398464103812
2500, 102.79953369053418
3438, 102.43290152146757
465, 102.24796979358212
2040, 102.13953876963699
2916, 102.1368589557536
500, 101.94394937768207
86, 101.932142372696
3085, 101.7950999117476
3237, 101.53983736697614
2503, 101.4517147893581
1878, 101.20967810863064
2064, 101.20494628849781
2046, 100.77099408783208
2515, 100.68317971686014
2732, 100.52386193873122
59, 100.42072787072027
2058, 100.3113717031321
3346, 100.20872196153014
2036, 100.11411244334096
2682, 100.06066213818713
1164, 99.93218378732026
2470, 99.11959835078187
2578, 98.858488600709
2043, 98.58330566401987
3363, 98.5754180393608
507, 98.42099413529678
2725, 97.67860075144259
3240, 97.59307963073302
461, 97.51980833749202
2063, 97.51452117053779
459, 97.27449850071238
3242, 97.17882272082545
2085, 97.17729164713252
63, 96.61474838093204
2569, 96.55421269387672
2718, 96.50840567488554
3256, 96.19499492388006
484, 96.11552279563712
2672, 95.61901799092227
2910, 95.01761977947098
111, 94.92313677403841
477, 94.66287957933214
2518, 94.11824384134786
273, 94.09000685936626
3257, 93.7303365261309
292, 93.51857826435725
184, 93.46830339825723
2532, 92.54557133253562
1535, 92.30094033129375
2556, 91.48046879959146
1051, 91.18200189299473
2868, 90.90007921850977
33, 90.77542144760811
387, 90.45390288112799
1165, 90.43432055408603
442, 90.41312644577707
185, 90.30678041992684
1093, 89.92016575368635
490, 89.55643405045409
2054, 89.18476950624321
60, 89.18312734185717
3282, 89.01006810992116
305, 88.86658973279184
1092, 88.58433690071462
590, 88.07063461024741
1972, 87.68097314805053
2035, 87.48975219602764
1054, 87.08505500267582
223, 86.46848733730756
2049, 85.69483536446013
187, 85.6734146376636
2924, 85.42728756862162
2711, 85.31363208572333
3309, 85.24977063425077
49, 84.82059535282121
2062, 84.2742419375576
224, 83.93687786996992
2042, 83.857232327462
286, 83.62671631819562
1861, 83.51404076484086
489, 83.08449333049047
2051, 82.77162842116444
2107, 82.62363397970388
2912, 82.56863521285126
2067, 82.44174025085783
226, 82.40966028319207
1536, 80.84046600628538
2925, 80.73492591155684
2923, 80.51663404705636
1048, 80.08240980135683
301, 79.11347539035984
2072, 78.72312994154481
1049, 78.00684424004862
285, 77.93511943595844
2931, 77.86405058312566
1925, 77.3563287002358
393, 77.18863222570229
2871, 77.04744818676672
2084, 76.50182854577385
2940, 75.90048599229797
1863, 75.89294618340273
1050, 75.68876899460362
2929, 75.66088040573354
2922, 75.49897963699229
2928, 75.4707277183703
795, 74.71617946562026
1158, 74.51774121575527
2926, 74.16587805422148
2937, 73.7766292483697
2952, 73.57711516329799
2872, 73.40647932677295
2921, 73.35229396915084
2927, 73.23463653771023
2911, 73.146222037333
2938, 72.61530783883343
2933, 72.06478954293692
2939, 71.4539489959681
2941, 70.51853235123889
2934, 70.24900901273857
390, 69.93275841202829
384, 69.90474865674302
2954, 69.76645220760219
2957, 69.0658343571249
1534, 69.05966525389306
2073, 68.49077216920173
3412, 67.68986985860582
2943, 67.40024723426207
2955, 67.31724473752644
486, 66.569199838327
2930, 66.43227010354903
2870, 66.38031622836856
391, 66.2022645718292
2873, 65.88148594817868
403, 65.62265662913242
2942, 64.766096329768
2865, 64.67906131981499
1064, 63.69301525907386
516, 63.43050240455675
1468, 63.34558167993368
3145, 62.07402975719218
2867, 61.58262481951917
3411, 61.51299560485826
1862, 61.341829415773205
1264, 61.20884560215462
2012, 61.021014119624176
2739, 60.78899801108174
1157, 58.63508355695734
519, 58.62924468814793
493, 58.360350456168206
3121, 57.33719351031688
183, 55.60492502410294
3161, 54.63653435534362
1612, 52.80156434024218
