2003, 2671.1289272015047
3243, 2652.505124824396
2566, 2504.424820310024
3040, 2426.3990076045284
1238, 2372.0197691770454
2630, 2364.534703657165
3039, 2333.5220414522687
1232, 2306.0859489449986
2513, 2293.6164932181227
2454, 2286.003782416645
1084, 2251.6372625284766
1718, 2200.4181073066693
1669, 2200.2599543451693
1106, 2197.2448523861085
1756, 2196.1001107000675
2823, 2194.027636598981
2104, 2193.4814547791916
1121, 2188.6307820291995
1258, 2164.543430680053
2491, 2162.1468562133978
2021, 2139.222194761476
1687, 2121.163074090769
3200, 2116.7130494233807
3197, 2110.6749040553677
2721, 2085.1569408372834
551, 2020.9594079253643
300, 2011.7786420414407
678, 2005.916148368524
1102, 1986.975784209365
3315, 1983.3439877847904
3178, 1968.9270125542835
219, 1967.6965842747613
2784, 1957.815235923872
512, 1948.1628637374747
859, 1946.5671921738003
2788, 1935.9512377914994
679, 1925.0482045934452
3304, 1923.5654400365731
2705, 1918.8598325102437
2793, 1917.3283631342179
838, 1913.0556155265037
2025, 1906.5525427054552
3194, 1902.2702837266127
680, 1900.6561413496177
2951, 1898.5555410964462
194, 1894.7703837784788
1722, 1873.2034007748553
2238, 1867.211572499642
885, 1860.968114309923
2755, 1858.5607885444736
613, 1839.526486585237
1695, 1805.8059042112495
3051, 1788.8306971799182
1971, 1782.7121033397182
1725, 1775.6032448695505
2442, 1774.9045351240613
1854, 1774.7719838539451
3312, 1762.9781643740139
302, 1762.6380276988996
3305, 1761.7910195516922
2508, 1759.7953099392819
1024, 1758.3819949752024
733, 1753.9337826460312
1729, 1745.3670741958888
3380, 1742.010786446543
3284, 1740.2893446347375
655, 1739.7428156152685
663, 1733.1120899845146
1243, 1713.4415300748942
1685, 1710.7862726753738
1879, 1705.8185699401727
2917, 1699.111402517409
3289, 1696.2370759081434
1738, 1689.4135769340696
3259, 1675.1986682341337
699, 1674.9545967117256
607, 1666.5904037993141
2607, 1665.4413486103133
3206, 1655.0758530506175
651, 1651.6453597377931
1646, 1644.8983538570776
734, 1644.4716341008493
1894, 1640.4736928600335
3354, 1640.1152811983598
2742, 1633.9361505292409
1968, 1630.2995565963076
298, 1621.0586940779374
2404, 1618.6341910772944
1715, 1617.75671686923
2272, 1614.8625043325658
1439, 1613.79988732534
2353, 1611.8136043000873
3134, 1608.911328672404
294, 1602.203894559986
1677, 1601.3667943678176
2758, 1595.1481064220955
3041, 1594.5882573394795
1742, 1592.9791614656592
3274, 1588.8961433978398
643, 1587.345601422582
379, 1582.8166964042211
3336, 1580.790535607425
3211, 1580.220256475098
580, 1579.4980426355494
2558, 1579.427138140596
3278, 1579.1289924485015
3432, 1573.582024632007
1874, 1573.2480149195742
3147, 1567.368045103594
3186, 1567.0115162714008
2741, 1566.8563532309863
563, 1563.2250450766335
1698, 1562.9602768661234
1720, 1552.0585751607796
2808, 1551.4051629975772
670, 1550.1607788419801
1714, 1547.2317643843833
2864, 1538.2151626834084
1625, 1537.2425372192874
1859, 1532.41071733499
2483, 1531.0490461093018
654, 1528.460742514632
1666, 1523.8770265994888
409, 1523.7952645347286
2749, 1523.5810796498602
2338, 1522.3348375726143
1680, 1520.6115442987307
1703, 1518.9088317724663
2696, 1517.0125999781606
881, 1515.8792563335467
280, 1514.5942804278243
134, 1512.8902139359152
3314, 1507.5256416194115
649, 1506.8086495384255
956, 1504.905817010971
2505, 1504.8393887398963
439, 1498.2974007440191
473, 1498.1845437771522
2048, 1496.237736002742
1858, 1495.2621275864672
1970, 1494.120545199165
1002, 1492.1118743073346
2004, 1492.0965177501
2524, 1491.538725625873
3287, 1489.7085484059105
3151, 1487.9807377799643
611, 1482.1471601461014
47, 1477.5490996363974
57, 1477.5274152658326
1682, 1477.190870039758
2773, 1477.1403166379048
2651, 1477.103452105636
1740, 1476.8123643422045
732, 1476.565197613799
35, 1474.3928486358952
447, 1470.332463011711
3350, 1470.1460598727854
1708, 1469.586088564533
2666, 1466.7862329837944
3204, 1465.6973819874868
862, 1464.7992692681614
3246, 1464.0710082403475
3084, 1463.092997976555
3433, 1462.7336578661063
2343, 1461.7888219020756
2781, 1459.4451397816938
214, 1459.2948292978283
1717, 1457.554067047058
1627, 1454.8097964950573
3294, 1453.3008938796763
1707, 1452.1745793482935
408, 1451.1894288179735
1231, 1447.8715287631878
1732, 1443.508038024526
1993, 1440.6760042423582
1755, 1437.9236703089107
3241, 1437.0346090754763
3092, 1432.4720584188144
3171, 1432.3373523787795
376, 1431.6767317698245
2948, 1431.5548218896406
2789, 1429.3250049456647
1237, 1426.4462116270852
895, 1424.8360183091866
2314, 1424.787059302543
3184, 1420.5201868677202
3133, 1420.3705619347159
1058, 1413.8471627963404
58, 1413.7544014468192
518, 1413.742525177967
265, 1410.6109739111337
3443, 1409.7299794997555
1726, 1407.6602042573882
2736, 1405.762949688915
561, 1405.075308942618
2039, 1404.8802435446296
2562, 1404.2713306134315
863, 1404.0717498703032
2106, 1402.3820496667952
3290, 1396.781956412154
3352, 1393.8640094775114
515, 1392.5399136588583
217, 1391.0058620456114
3176, 1390.1235699749047
3239, 1385.048751409148
3439, 1384.9276465991006
509, 1383.180701948335
198, 1382.8910930797344
2795, 1382.6380024469331
3213, 1382.426028528028
2776, 1381.842550834064
1159, 1380.0686471722736
2671, 1379.8164074608922
199, 1379.6714889614027
222, 1378.6538965198008
440, 1378.6377348859107
2559, 1375.911642038479
540, 1375.7821521954977
282, 1375.0214107386703
965, 1372.4183776157001
3083, 1371.040388010701
2650, 1368.0541201818407
2816, 1367.1689915956172
1877, 1365.669322368018
966, 1365.356299614318
206, 1363.7342132074502
3144, 1363.3480276656746
676, 1363.216396261781
816, 1362.8599347434877
1746, 1362.2111796477702
143, 1358.7410320506535
634, 1358.093976648483
748, 1357.6246779249154
3101, 1356.516129173386
150, 1345.6036138831487
3199, 1344.3265327278461
2653, 1343.549963588423
424, 1342.377042799429
1642, 1340.058542880407
77, 1339.0319103842405
1221, 1338.5144044929698
3168, 1337.6830646768913
1644, 1337.3063211047431
1913, 1331.0395139646912
85, 1328.5748174911498
2624, 1327.31870452077
650, 1324.9021151189215
2988, 1321.5714148408672
2645, 1321.1012469629686
2723, 1319.9551671914678
2017, 1319.4078343887807
3095, 1317.9400065248874
288, 1317.6889063289796
2030, 1315.5664080495055
1647, 1314.9902681025535
3150, 1314.7988287893706
1249, 1313.7047665762086
2610, 1312.9711628309801
2779, 1312.5070096641643
2688, 1312.1372764510484
3082, 1304.9512017090055
957, 1304.6987313186928
2240, 1304.676659783564
1739, 1304.3011257294688
681, 1301.1916518336345
398, 1299.5100260489387
2013, 1297.0912649287416
2294, 1296.6195654188064
3063, 1295.7821296493132
34, 1294.471584482134
1587, 1294.1054449223216
588, 1293.4211746128524
87, 1292.5965517307359
82, 1292.2035928986388
3079, 1291.846751207492
2514, 1290.9535960294731
2553, 1289.7351299281838
3297, 1289.3771237116162
2497, 1286.2524969370543
2280, 1285.015162844959
21, 1283.1018246629537
3062, 1283.0145570738687
2587, 1281.800427778193
2098, 1280.4416268542213
126, 1279.921704073535
2385, 1278.030376038136
455, 1277.8354029260822
513, 1275.0607587758316
56, 1274.8121191799976
2034, 1273.303000419839
1914, 1272.8411184113568
906, 1272.694066081533
1630, 1271.379232191323
1626, 1269.4052244723125
2571, 1268.9448299267824
3324, 1268.8304284541541
281, 1266.5476197516427
3170, 1265.725669720412
193, 1265.3591189551562
626, 1264.2790775780772
3066, 1263.6719244232734
757, 1263.6170839234883
2561, 1263.4282140724756
3059, 1260.8715901966227
2152, 1260.3197772228125
460, 1259.3785796697343
3244, 1258.1505035874457
2473, 1255.9131482236528
165, 1254.3707400494482
2002, 1254.089522476414
3279, 1253.887668641005
1705, 1253.59399853877
608, 1252.6233536437742
74, 1250.1916842307355
1100, 1248.5809482906
3248, 1248.5329220129618
1244, 1248.4255420531374
1256, 1248.3387469278707
1966, 1248.1956719157342
2391, 1246.5910737159152
51, 1246.1761235051056
3384, 1246.151371089783
2825, 1244.0099535412
3050, 1243.228534075507
3090, 1242.8189676564455
2920, 1242.0519798037385
1692, 1240.2233426475827
1028, 1240.1454348304433
2008, 1238.944000824867
3383, 1237.8737150699787
3123, 1237.6683986136427
1710, 1237.2914079263417
1880, 1237.287217270649
1443, 1236.5951302480908
3187, 1235.2303095563805
1871, 1235.130904823734
1721, 1234.852932255553
2785, 1233.7430229511897
2102, 1230.838315890082
2203, 1230.5073150403618
2286, 1229.31551207756
381, 1229.0488844905758
1057, 1228.902673844458
2005, 1227.9496127549173
3226, 1227.2983513778536
145, 1226.201512514657
3192, 1225.7813428087566
555, 1225.4588248360196
141, 1225.0551067864767
2756, 1223.9462479227855
3264, 1223.6370258702032
385, 1222.5739623995862
3435, 1220.1592449234458
2782, 1216.2307845345038
2690, 1216.1809096044053
2244, 1215.792114704904
1033, 1211.930282492048
216, 1211.649225894609
1771, 1211.4952168936363
1870, 1210.847063333066
1875, 1210.668254018024
1122, 1210.446918009939
1752, 1210.2289670131192
291, 1206.1292691993642
1712, 1205.9720896978658
2287, 1205.7633707871753
406, 1205.5451123402631
1744, 1205.4974623504504
399, 1204.3496609206445
3143, 1202.610950945617
3071, 1201.620497092071
3093, 1201.1427584435442
3293, 1199.9398831997532
1659, 1199.3900694214578
3129, 1196.8571102306826
1087, 1195.7022341715199
2101, 1192.1799379860572
2291, 1192.0246718608755
404, 1190.7831857477406
84, 1189.0979506280719
2694, 1188.515856339545
326, 1187.718098253774
3440, 1185.3726834448923
2710, 1185.2540649726443
3207, 1182.0563563541893
1748, 1180.3075170461823
88, 1178.6441203108263
412, 1177.5065370191162
1686, 1174.4376622715827
2393, 1171.7015227551985
3110, 1171.4418153079043
415, 1171.1768522466589
1082, 1166.0373411474718
2820, 1165.5383914104907
2305, 1165.1482611605152
42, 1164.3628330394629
44, 1164.3423532113407
1892, 1164.2209622620137
1463, 1163.7728738251258
562, 1163.681558207262
2507, 1163.1881381078554
3255, 1161.225605250909
548, 1160.683172031856
425, 1160.12959491603
3105, 1159.7736727630977
861, 1158.606550809565
2751, 1157.1898917185608
1029, 1155.703194323518
1731, 1155.662207580373
2536, 1153.1420333866924
1733, 1153.0588960027035
583, 1152.6977777113448
250, 1151.3266567847807
2720, 1150.8108073322824
3208, 1150.684787932674
3130, 1150.626785865477
2657, 1150.5704666555023
3120, 1150.1432083566353
3111, 1148.7252981647055
1235, 1148.6921856986376
3162, 1146.8094766457443
2745, 1145.9838510775899
204, 1145.414878991163
3306, 1143.5206417335546
189, 1138.1776554902553
156, 1138.0482402966356
1434, 1137.3303874755325
1433, 1137.3303874755325
2811, 1137.1970381452118
1381, 1136.9810186190275
3225, 1135.0582911825238
738, 1132.6036758539653
3163, 1132.0023598635046
52, 1131.9140298725565
2572, 1131.1126118894501
1185, 1129.7279691405568
1868, 1128.3340213758997
534, 1128.0326538156926
1063, 1127.0241184774434
148, 1126.1513930787223
2652, 1124.097515609204
3347, 1122.4553587272858
1716, 1119.10966818924
402, 1115.7391886241803
401, 1111.7007402923587
2076, 1109.2102010439335
2812, 1108.4687878757566
3080, 1107.7700660684507
2641, 1107.2116140595977
1672, 1106.2620014337956
2525, 1105.603323313123
140, 1105.548848390364
3444, 1105.134816144123
3146, 1102.7937474609416
3209, 1101.7990922694844
521, 1101.0452155869743
1631, 1100.7175947481496
3175, 1098.7467200493222
2020, 1098.7432296851634
1205, 1098.4478760768834
2029, 1096.2909146883749
1105, 1095.791712683124
2224, 1093.477971787488
191, 1093.4293553536877
647, 1091.9444227775914
2757, 1091.288069268923
2780, 1090.904454541371
2109, 1089.7160120445665
2574, 1089.5628655804642
3316, 1088.8586567845161
1111, 1088.8441943796533
50, 1087.7699973416595
203, 1087.0999982059498
3245, 1085.4041289971815
208, 1084.340658256685
2646, 1084.2604595858231
228, 1084.0913940861067
2649, 1080.6021269456303
685, 1080.4540232043923
335, 1079.03960839071
2045, 1074.6473014967805
1730, 1073.3210581901922
3183, 1073.3058671621288
1735, 1072.894571804083
3214, 1072.6629268178103
445, 1071.8073174611218
400, 1069.8093413031536
2817, 1069.7987723316191
1684, 1069.7930001673578
2810, 1067.2680266187883
1701, 1067.2540731428926
407, 1066.808936833947
1910, 1066.5647891603278
3318, 1061.824947473609
1675, 1061.8064165346677
2520, 1061.6508385884492
1700, 1061.2974175534316
3292, 1061.0032095076654
3323, 1059.759699853954
2965, 1059.4306927197892
386, 1058.8123015882502
36, 1056.6045253853808
1633, 1055.1077492896331
1743, 1054.911622098074
389, 1053.369439998787
395, 1052.5418311059668
1699, 1049.8457022594569
1104, 1047.6956147162525
2824, 1047.6196832939067
2108, 1046.2852825545106
173, 1045.2902677803208
3413, 1044.6002366365499
275, 1044.5058534736552
254, 1043.7764627086535
3299, 1043.0246012490954
427, 1040.2051604425208
3098, 1038.9083763731362
1077, 1036.4167727598658
1670, 1034.4241726666096
468, 1034.1221232184098
3099, 1032.6526504884703
3097, 1031.2950478926914
2027, 1029.9838584560682
491, 1029.612290135156
480, 1025.4310531852864
452, 1025.3140403832783
3185, 1024.4139844489503
127, 1024.245214503092
1668, 1023.4098645407897
1893, 1022.6956678078606
130, 1021.7603634760206
3042, 1021.5050782605173
3348, 1021.4355317585008
2019, 1020.7130301687316
464, 1019.2909358339249
276, 1018.6258255472696
2686, 1018.3054596061249
3281, 1018.0710820017532
2451, 1016.2123256588006
1724, 1015.5157506514709
1995, 1015.4319263847498
2987, 1015.4113460975863
1853, 1014.6800104631251
3300, 1014.3292032114227
1850, 1013.9624802672558
287, 1013.8000615756849
3159, 1012.842084396381
2289, 1007.3543071729368
3415, 1007.0958736638866
2738, 1005.3142572503773
3173, 1005.2674015070882
2390, 1001.2114566270578
75, 999.9820846241436
1171, 999.3581101200263
3327, 998.3173633842235
495, 993.2315100904179
1754, 992.0861787742914
3057, 988.7119493176858
3285, 987.6579412281152
237, 986.3402015002383
2381, 986.2486897787957
3424, 984.4663008685602
1869, 984.0473381069044
2601, 982.7751893302387
3283, 981.9235064454514
3442, 979.8677544239083
479, 979.6686575723395
2527, 979.5467149672567
677, 978.8808333516253
3056, 978.7526765048692
3298, 978.6586081147377
3362, 977.6771526152496
1770, 977.0984744576228
2814, 975.9632332251196
2722, 975.9084008664721
2533, 973.6694587616948
372, 973.5938917919997
1741, 971.5092974760126
54, 971.47026442889
1643, 970.558511987989
2786, 969.4753270445494
1671, 967.5827495732266
3202, 967.5140218620619
485, 965.4161225619101
3020, 965.4133852829876
3201, 964.5466213143194
2583, 963.941208744949
2608, 963.2613121617513
2307, 961.6459586936189
2981, 961.0581417026638
2340, 960.8768055819367
3434, 960.2582154286187
1728, 959.1908594617511
2026, 958.041856784664
2656, 957.3754706545383
2712, 956.8019100493175
2293, 955.0636131120182
2592, 954.6717702278282
218, 953.104616873883
1252, 952.4699272818514
3174, 950.5026903962369
1162, 949.4981071783914
914, 949.4532579508649
2016, 949.20002963374
2959, 948.8277167531
380, 947.6665201126756
1891, 946.569301987304
913, 945.7851180718894
3288, 945.6277025403924
2024, 945.107328612817
2580, 944.5213152207862
1745, 944.3674450291217
2768, 944.2619499299624
73, 944.1733582487163
2111, 944.0534156184204
2096, 944.0534156184204
3136, 942.9987342345232
137, 942.9794112435278
1997, 942.9549598700843
1629, 942.443266515812
1967, 941.2478686426331
1679, 941.1900063986558
1665, 940.6320369212766
147, 939.8274254180454
2568, 939.6591237686712
1645, 938.7112416768132
48, 938.6223295632374
2640, 938.4953530484499
1706, 938.390272882502
2383, 938.0269684380128
20, 937.8782969377667
1650, 937.7514883803357
1873, 934.9871972436085
731, 933.9917600361557
3112, 932.8850560797375
274, 931.9646770531268
2212, 930.4223250898223
2746, 929.4030362975419
2419, 926.9928638985264
2485, 926.5419565072998
3276, 925.4972540190475
1657, 923.2810501387129
2668, 922.7472009454652
864, 922.704677701798
2766, 922.3062443358392
2790, 921.5978653106107
3265, 919.7348333234153
546, 918.82669425722
451, 917.3773221851185
3128, 916.1212662073006
1734, 915.6634419064387
2078, 915.4402021237142
2258, 915.3498224292879
1941, 914.8179090351894
433, 913.79588157721
1259, 913.5732113710434
2283, 911.9317357618504
3447, 911.8879710175947
2604, 910.482349606619
2620, 909.111283699121
2218, 907.7205816444641
2032, 907.0672243980509
1114, 907.0254976206296
2093, 906.4266447254444
2764, 906.0585113927851
3190, 905.6144588355598
496, 905.0764554751813
2103, 904.249567905596
1690, 903.871247247299
19, 903.1332217880264
3172, 902.7485924642186
2635, 902.7296840233852
37, 901.1945335089868
2748, 900.7681678992163
2263, 900.1579580601219
79, 900.1567161336375
1641, 899.4071603884917
3295, 897.0737586234113
328, 895.7187839207095
378, 894.3261585486114
3311, 894.131166465536
43, 893.4253042308796
46, 892.5634968528152
1260, 891.5562946093901
1140, 891.0131815934644
1727, 890.8171650054273
435, 890.2719448511083
2726, 888.9491387805591
3203, 888.3280660109444
1637, 887.1059125314398
2549, 886.5932853964877
2575, 886.58281891282
297, 886.5426112955962
2041, 886.290221288084
1991, 886.2680568958616
1172, 885.1399804759021
2059, 884.7841286285936
2622, 884.5001596530441
266, 883.4849354583655
331, 883.4055978545509
2597, 883.250543473052
488, 882.8931740280021
1639, 882.1506299079687
2296, 880.962992151044
1704, 880.9335160484219
2989, 879.3801486693469
773, 879.0618366369815
2767, 877.7768584236978
1691, 877.7313152669122
642, 876.7063296432218
1432, 876.4637953825401
1649, 874.4326243375565
470, 873.147514966454
1047, 872.6496230694455
2466, 871.6143614160928
449, 870.5637996254401
2075, 867.7296616532913
2853, 867.6625009223703
3065, 866.6570721666898
2744, 865.6732900979399
1681, 864.7400588825682
1611, 864.6494487679988
3169, 864.4435578392328
2456, 863.9264146466109
1963, 863.8514322701419
467, 862.948585743123
3210, 862.4871118665347
2863, 861.6818523511342
142, 861.6172444696398
3254, 861.3321901815714
2493, 861.3071376291983
278, 861.3028012656881
396, 860.8894787155673
832, 859.8166158758138
2683, 859.3869356667684
3445, 859.2474130275102
466, 859.1608921481003
2963, 859.0107245072614
3212, 857.7154025144304
2257, 856.5940247809682
1090, 855.864351755389
2461, 855.5582227342477
478, 854.5396068244678
3182, 850.8431763844211
2759, 850.0997259488076
195, 849.4605254053912
3386, 849.2660145340557
3404, 848.6489717235947
669, 847.9194582127018
392, 847.8614670318085
860, 846.8241699930729
1204, 846.0716045044659
1851, 844.2356793307262
2397, 843.8463451642218
1142, 843.0303164668559
168, 842.6938438782497
2486, 842.4024468629219
2734, 842.2100898929743
471, 840.0808633168393
152, 839.5893710781711
2339, 839.3380769669874
2285, 838.2507589436759
303, 835.8853009343372
2589, 835.7590553056115
1648, 834.6683137544102
410, 832.5583624725709
1697, 831.892860084541
2697, 830.7056142252394
3205, 830.2355454235357
508, 828.9473477530037
2677, 828.4300780602539
3189, 827.096031609044
3403, 825.5378352715974
329, 825.432089211378
441, 823.1058648371335
252, 822.865440793609
2737, 821.8021011680909
1098, 821.4046502646854
3032, 820.934820633173
2300, 820.9307846166239
2563, 820.6766494165076
1912, 819.6949480234168
2449, 817.7996604054318
2083, 816.7579707965049
2011, 815.9924911629257
2239, 815.0298884907492
411, 812.1360494136218
2217, 811.2694763653972
2621, 810.7319117700602
3232, 810.3915307577179
1233, 809.8214480892102
2528, 809.7673671317508
212, 808.6914148797508
1749, 808.0023132475408
497, 807.6381380164374
2774, 807.1417749462469
220, 806.1845180323147
2616, 806.0494259133065
483, 805.9914789749628
2778, 805.8065314315567
2091, 805.7039944566988
299, 804.449501505653
3167, 803.3371631178171
852, 803.1545368450954
2961, 801.8847636611955
2087, 801.7085064182486
3149, 800.5225593671307
2179, 797.1021585349125
3142, 795.2845662496574
3179, 794.7534160362148
2658, 794.4435930931554
1747, 791.0247176601608
3191, 790.7906455209827
1674, 790.722879043354
3005, 789.7946206355174
2612, 789.7152750791
539, 788.1239927330042
3426, 787.8647409024754
482, 787.3064224552728
365, 786.8487714578157
1702, 785.813060328446
2564, 784.5825919373168
3341, 784.0076684840773
2348, 783.2529319994884
1585, 782.7430233131317
2655, 782.1189297907732
2453, 781.1164577976683
474, 781.0092516258546
213, 780.8896161401295
437, 780.4292020569172
1980, 779.8236101095183
388, 779.3171727482361
2282, 779.0620022871724
200, 778.6788726833751
1751, 777.0693993734493
671, 775.207306458284
475, 772.4257336261212
2475, 772.163860467004
2204, 770.6955979865481
80, 770.634786229564
175, 770.5543483102524
1177, 769.469059828839
2235, 769.1727692950687
2070, 768.4556423890715
202, 768.3400756154858
3231, 768.1890655818358
557, 768.15908802852
138, 765.6264243011418
1076, 764.5787839892748
1032, 764.3183898394875
2379, 764.174277959987
3389, 763.8849600485719
3094, 763.7659313680884
375, 763.169768042572
1636, 762.8596494447481
1239, 762.231438220627
2167, 761.468553235818
180, 759.8901884366978
1994, 759.6078259448531
2681, 759.0969806285572
2648, 758.8924317609323
1173, 758.3259696978746
100, 756.5439555162712
1975, 754.3683999688539
2278, 754.1821375160923
1228, 753.2004140663753
3195, 752.1856596496746
2185, 751.6883025949894
2703, 751.3592954921836
1161, 750.9458396999671
272, 750.5866501178239
1848, 750.2932369787354
1635, 750.2084003489914
1628, 750.1932057123123
3069, 749.2789759399112
2962, 749.1453301669657
149, 748.6583172753085
2259, 748.1297169147568
1026, 747.4648807511793
2986, 747.0576135797021
1696, 746.0439808672692
2791, 745.6407593800992
2964, 745.6067865541154
3379, 745.5831617217135
453, 745.4775612384825
3114, 743.5829041076661
3010, 743.4913077159177
1215, 742.0174717605422
1583, 741.3655077086235
1964, 739.9234987736241
2424, 739.9056349723909
1750, 738.6401948147245
1517, 738.3031407062958
251, 737.6036113994461
2484, 736.9768640039531
456, 735.9298655807411
129, 735.7085731554381
332, 735.1353063903058
170, 734.9216888093548
123, 734.5292673334335
501, 732.4905203840683
368, 732.0849761993129
3258, 730.2349248848508
3401, 729.5433550874665
2265, 729.465751579734
2139, 729.3807490913545
207, 728.9414863258689
334, 728.4867471874861
2299, 727.9307118542688
3054, 727.4550260661073
337, 725.7865559751015
2006, 725.4389052856816
544, 725.0066040971658
2226, 724.454872872912
1143, 724.4365301332488
2626, 724.3375552755165
3007, 723.9799023874057
2807, 723.8184435095211
2543, 723.5689192577581
2184, 723.4311284815349
2018, 723.3313358737942
2623, 723.1210990692855
1132, 722.0195919206029
554, 719.3823393975988
2389, 718.2808169973331
2249, 717.0577595756021
295, 716.7109186619231
2261, 716.453746614512
2088, 715.9903434526993
2777, 715.1850016611678
2022, 714.7687152391039
196, 714.1497483317364
330, 713.6471911851562
2772, 713.4153316467765
188, 713.282792799273
211, 712.1549094857428
1066, 711.4708296084478
494, 711.1029737899598
3107, 707.8461078590469
2177, 707.7436427283922
2015, 707.4144765547351
1086, 707.0221561479549
2611, 706.2869737583172
3118, 706.1826178994122
1461, 705.9121914245661
3247, 705.8666864300859
3419, 705.6997482580825
2603, 704.3405651963909
428, 704.196835536614
1737, 704.0630849839058
535, 703.7728124850785
3006, 703.5777717068617
2821, 703.568203718018
2345, 702.1459805171842
2306, 701.4020294722268
2086, 701.2016643479852
2492, 698.4092382907904
3313, 698.3550280268535
38, 697.8737839528764
2586, 697.8307969362124
405, 697.8233963173915
2673, 697.5505398506964
1533, 697.5390215019755
1584, 696.5003407916198
3275, 696.4910229348909
2264, 696.3769487311142
2094, 696.2339696963932
2346, 695.3086035632799
221, 694.7822065990842
2605, 694.2021670016836
3296, 693.8498875298855
1184, 693.8095387186448
2308, 693.6958153036109
169, 692.4563615184505
2802, 692.2500831911902
2692, 692.2438811838144
2277, 692.022915626323
531, 691.6037301141675
2740, 688.6980367749863
2053, 687.3103372776864
1604, 687.1226300303927
3148, 686.8284585960655
333, 686.1066109512687
124, 685.3727465924363
1075, 684.7981126900204
1072, 684.7716084560719
3385, 684.2079884747933
1459, 683.6729609453762
3317, 682.5296982477457
2050, 682.3825312355674
1234, 682.1057303097549
1448, 681.966209632857
2546, 681.9559271924124
3046, 679.5200534195245
2462, 678.8906413980922
2809, 678.775169222166
1166, 678.5318504053347
2531, 678.0867380282964
2695, 677.9793054812213
2654, 677.3506868741798
2534, 676.7584420724387
3072, 676.6018025112827
2382, 675.5507720547716
2342, 675.305559274459
472, 675.0483393564391
3135, 674.8320812892224
2298, 674.6207653444638
2394, 674.2515998114632
55, 673.7242903651562
2980, 673.3972810016451
2341, 673.3847144264897
2538, 673.191941246713
1624, 672.5083366404109
2496, 672.3550836433776
2735, 670.8962777807025
3077, 670.116358054537
284, 670.1050908063165
1530, 668.9434654921297
2570, 668.2297696127938
1129, 667.5702193870899
1466, 666.7440448222268
3155, 666.6183696027258
2498, 665.8203951692731
2519, 665.5996079563397
2349, 664.8147148382787
1603, 663.6498758305979
293, 663.4590871195337
136, 662.4990553750293
3302, 662.4224257846685
296, 662.3555546814064
158, 661.9781174389946
736, 661.6116276138972
2490, 661.3470059534285
2302, 660.7864072507898
1040, 659.1054160447791
444, 658.8657891396196
1071, 658.7166589170705
1652, 658.473674525451
3409, 658.0188128073307
532, 657.9862536785078
2274, 657.5533540309286
15, 656.2208153752412
2687, 655.6112357653656
3303, 655.3795839218494
2464, 654.3712880854588
3070, 654.2420351355462
227, 654.0263837890601
3160, 653.9884990446099
2679, 653.1827359438923
2606, 652.9930128928519
40, 652.6174922425719
2822, 652.5955884872614
1230, 652.5683629521429
3382, 650.9865726588583
3089, 650.9374774613974
503, 650.1226179432014
582, 649.9866444534177
1450, 649.9757410231102
2455, 649.5290535175617
3388, 649.220595283516
157, 649.082348598346
3370, 648.7434008825347
3113, 648.3464203773558
3049, 647.4855922172461
146, 645.6937721043547
2979, 644.7648113632379
2792, 644.3848885921359
458, 643.2654912295476
174, 643.2093954965984
3227, 642.4497626904205
3021, 642.1709086163816
556, 641.9722302450122
2707, 641.8215217372606
3091, 641.3536764580672
263, 641.268966283621
3262, 640.579772366147
2638, 639.6492828352278
2313, 639.2932804120354
1187, 638.7970749576449
2055, 638.5680764432518
289, 637.610215143567
1203, 637.1429772547824
394, 637.0790980323843
2704, 635.3113048118779
2600, 635.3081141752353
1045, 634.6390713084004
505, 633.8417280311614
1651, 633.7571182503939
1655, 633.7099734809091
1736, 633.3627995673723
2310, 632.6859080968271
3277, 632.6811404412452
2713, 632.2863415236869
1126, 632.2142644186479
2511, 631.8938447103266
2267, 631.8795983760856
1248, 631.2904748176186
1035, 630.9064543760428
3180, 630.6105447705439
186, 630.1839032719084
1444, 630.021854033598
2581, 629.8956072912506
3437, 629.5731479182392
1960, 629.050294069878
3193, 629.031182325647
2452, 628.9397462404622
3331, 627.2863174243786
820, 627.1889745608571
2629, 627.1495644982618
2284, 626.7368879535721
3261, 625.5545202268454
1865, 625.3449691567157
41, 625.2758096897182
3108, 625.1607568896618
2352, 624.9445987416726
448, 624.6271954146209
2099, 624.2399969160414
1515, 623.6360764773742
159, 623.3059853275613
39, 622.7056552382937
3058, 622.4824767622548
2522, 622.4211713213604
2693, 621.0688501036898
1117, 620.1370467857998
3251, 619.5416489745637
1676, 618.4156488880794
2506, 618.2855812605701
1110, 618.1941653240629
3166, 617.1179787237165
2479, 616.5310774605998
1085, 616.1646220096038
71, 615.4870714660854
3353, 615.2644146626891
481, 615.0685373241674
3436, 614.7120168531576
1456, 614.5562324211019
457, 614.5452298762305
3344, 614.3700741062031
2407, 614.367893659034
2495, 614.297007040551
2644, 613.5676762545974
2869, 612.9458710508917
2632, 611.9276192104693
432, 611.7665943359796
1089, 611.452443766451
45, 610.1265181893571
2662, 609.8449991552362
1027, 607.9871630102843
1758, 607.5714328368388
1081, 605.1444042264532
1247, 605.0932256793968
1060, 604.9875032338657
2354, 604.8791571949456
262, 604.7237354832606
3055, 604.3873566068419
2079, 604.303822272127
1581, 603.8685310140203
430, 603.4680044946444
429, 603.3017883703475
2260, 602.6856988780464
3407, 601.5221197899359
2252, 600.9838072359904
3181, 600.9377260539018
3408, 600.8074673274283
2100, 600.6914331373756
153, 600.588224279673
1911, 600.4148166600152
2760, 599.0890505570802
2675, 598.6170941097919
3340, 598.5571551764679
1513, 598.530366372764
78, 598.0639918253916
1557, 597.9280927889725
2460, 597.6655567107935
1263, 596.2515248433
2818, 595.7058306433285
514, 594.8003619523904
2033, 593.8978822429526
3260, 593.7166276471249
2069, 593.6645692787553
3381, 592.7043692094586
1030, 592.5990992923366
16, 592.5773497821889
181, 591.7074214806634
2727, 591.4967956917112
1218, 591.3847939070241
737, 591.1511247228985
2297, 590.0971043297637
1200, 590.009208532569
2700, 589.9692872793831
171, 589.2927345187561
1759, 589.1022509364357
2071, 588.8276510794834
3361, 588.7544551905578
2488, 588.3147528902957
1811, 588.0271339113158
1119, 587.823104150952
2044, 587.108554998107
2301, 586.2895207112098
3329, 585.8067139103291
1437, 583.6065855040845
225, 583.1632052047162
2312, 582.6214120499769
373, 582.0203606005873
2754, 581.4574818171853
469, 581.3715289314255
3373, 581.1841009929934
2783, 580.920234769869
53, 580.8750943496976
619, 579.8903426143502
3423, 578.9695861006223
2440, 578.9538049660496
1590, 577.7024819237644
1124, 577.5190762879598
3064, 577.3082829078104
3364, 576.273822312986
1973, 576.0951801146292
3405, 575.4366082709892
2037, 575.3484353781568
1113, 575.3469281433397
2499, 575.0815951201207
423, 575.0220973228917
550, 574.7050398172765
2105, 573.9117910272763
163, 573.5273088910076
2380, 573.3142939908038
3378, 573.0032944581691
1219, 572.124756585952
3019, 571.4518088373455
132, 571.1121979698635
76, 570.5751026396189
2803, 570.3147902297419
336, 569.8127340372037
2990, 569.0001888327722
2292, 568.6607540739386
1610, 568.5821477202711
1559, 568.2254400820043
1531, 567.4713081413571
2388, 567.4362059600123
912, 566.9503475643575
3165, 566.7112815130151
2210, 565.8795419026499
454, 565.5702852553518
547, 565.0166515165275
443, 564.6441311728099
2958, 564.5016714331568
1978, 564.2781739147327
2968, 563.914717965715
2973, 563.538468490161
1979, 563.4543995066692
2530, 563.317200779071
2747, 562.6623540452272
139, 562.2384960956352
1849, 562.1021950418891
2276, 561.9029048052495
1074, 561.4787748273588
2548, 560.737636102396
176, 560.3994012255904
255, 560.2090145303464
1521, 559.8850543332924
1183, 558.2352147417081
3196, 557.9050704833332
1245, 557.051343063605
1847, 556.6672509857378
2665, 555.8735498910698
1502, 555.7781344295341
2092, 555.3160775033648
2969, 555.2246210894953
2966, 554.978841363867
3100, 554.2764030551242
98, 553.6338888626632
3369, 553.5572852624957
2698, 553.4863726080075
1091, 552.9888314500915
1043, 552.4181389804578
530, 552.0003374714778
2714, 551.6756739850202
161, 551.3645440687857
2763, 551.2908035289516
1202, 551.1771776954935
1516, 550.4721049578075
1094, 549.9728236781269
2477, 549.1213342136142
119, 549.0364716716654
3119, 548.9382848980542
1031, 548.1035243767034
1241, 548.084240618259
197, 547.4501756675926
2315, 546.3760947835144
2743, 546.3418142633427
2056, 546.312295928577
3301, 545.9576153355622
414, 545.8858377709099
538, 544.2180768573082
1445, 543.8469619133471
377, 543.6282574654267
462, 542.6471222848236
504, 542.305470612762
3339, 541.4259664769666
1442, 540.2705283453762
1169, 540.2518383759661
3073, 540.0867309609537
1664, 539.7077930353855
2271, 538.2315986972812
283, 538.1661689115256
164, 537.0872737228859
537, 537.0522150821963
2535, 536.6785480886822
3402, 536.3445532008079
2918, 536.202986476657
2110, 535.6562845387679
3061, 535.083641971536
446, 534.5398125099478
2309, 534.4735382693787
1193, 534.2682745084863
2634, 534.0999854990991
2625, 533.8730251583921
487, 533.4284503305872
1128, 533.3773799193368
2598, 533.3249567951593
413, 532.8928506393922
83, 531.4066171006092
128, 530.9682122743876
2537, 530.6126279963835
2398, 530.443669899175
2670, 529.585368358316
1689, 529.5407117894596
2684, 529.4309030591407
2985, 529.3616678633865
3086, 529.1900075602085
1876, 529.0832579569608
3266, 528.541195794989
397, 526.8812611101248
2266, 526.6663605422139
1083, 525.5222284988337
178, 525.1966554584583
382, 524.1438204295688
264, 523.6736104674734
2061, 522.4838920189702
3371, 522.0322536417367
2565, 521.4888970958095
3418, 520.7354554251982
2009, 519.9863263577947
1025, 519.5106262882084
1179, 519.4371356887314
2970, 518.3388749489646
2068, 517.8347901597454
3286, 517.7769382601182
3106, 517.569085822424
215, 517.1559044471609
2509, 516.5161813225003
542, 515.7387885724203
1174, 514.8043148836964
3429, 514.1765374812788
155, 513.5347180005092
476, 512.7975226468492
1145, 512.7761218300403
2303, 512.4139073640514
2753, 512.2085582877419
3416, 512.2006818810136
2819, 512.1386379962403
2699, 511.1063675762564
3334, 511.0619050862611
151, 510.5300200053633
1867, 510.4725151687048
2660, 510.3858257310298
3357, 509.7146139881728
162, 509.32141575370594
1041, 509.13464746620207
2472, 508.9238389631554
1429, 508.3491083800268
1042, 508.05669938262
1115, 506.9845856196336
2733, 506.6646387397446
3291, 506.56135453265114
3125, 506.3241205186187
1212, 505.94347545860586
2669, 505.89113444912135
502, 504.6943094999914
450, 504.4122613171203
2502, 503.27587170081665
2501, 503.27587170081665
1607, 502.8654120215782
2576, 501.73538146268385
3280, 501.2537553762863
1214, 500.54989655975254
2552, 500.45107266716735
2691, 500.437076425867
2444, 500.2247804090663
3425, 500.22173975281333
3421, 497.7203029798785
523, 497.52805262813644
2614, 497.05848337614833
2667, 496.37574387488655
2386, 495.6947083396225
3153, 495.1435051744037
2659, 494.7377253649689
1236, 494.52009458772
2862, 493.49540284038574
1088, 493.45005631102185
1852, 493.17728275432387
3410, 492.8675148547749
154, 492.7023326663642
3395, 492.6337459897815
1866, 492.47893799068027
201, 492.2965410396909
383, 491.8038558751426
2223, 491.1087201289843
426, 490.5893891064383
2474, 490.03856909753927
2279, 488.4793185916361
2494, 488.4787976093535
2591, 488.2456920928675
2469, 488.1119849130898
2401, 487.6082488254041
1144, 487.2060188430649
210, 486.9123972863037
506, 486.23642133684507
3048, 485.56729759282473
1301, 485.2624899768173
279, 484.9167040241408
1226, 484.6438609346636
3047, 484.286784952649
1299, 484.1741678405335
2631, 483.36798323406066
2617, 483.3453700305309
2661, 482.73690970389225
851, 482.5566953909391
3078, 481.5606581397104
2627, 481.27049745516825
1069, 481.1018834852943
2405, 480.5078004043028
1449, 480.38835030705366
1856, 479.9511810184525
1096, 479.8090413252455
3139, 479.6320724874801
2337, 479.2460335403363
1586, 478.32838196628023
3393, 477.71978996790784
549, 477.28099470287134
2416, 477.2724438477034
552, 476.81695483074037
3396, 475.71720251296676
2521, 475.08739972616144
2664, 474.0905732937097
3028, 474.07733208652184
3198, 473.831883923761
2609, 473.64569615472914
1872, 473.62294652013566
3249, 473.1868469336556
2919, 472.62635313984975
1589, 472.4228472707268
1452, 471.94111506545244
438, 469.3253174215286
2510, 469.3189888304637
3333, 468.7741818071291
2637, 468.0668725594241
2415, 468.0213392297187
2567, 467.94013406352974
2476, 467.75910193483946
1753, 466.5030666998114
543, 465.9193635824871
2765, 465.82659311772596
2678, 465.8100147438002
2724, 464.9537356495236
3253, 464.8792332890197
2089, 464.3355150627073
1109, 464.28283851380803
2542, 463.8407373461623
3372, 463.633943260058
3132, 463.5907705679499
1300, 463.3322163032912
3008, 463.0110175882594
3332, 462.8509119932777
3003, 462.78636548201
1099, 462.7664313159315
2674, 462.67332111904335
2457, 462.6106431167805
1067, 460.88787377476217
1112, 460.7037626103241
2541, 460.38718888387604
2478, 460.2474603843203
2794, 460.0587166140127
2978, 459.5919269850005
2798, 459.4565012144167
3325, 459.2590009483533
2504, 459.07669326106816
2715, 457.97927767108547
2813, 457.8995709273559
1961, 457.71524990812185
1974, 457.45883377779637
3033, 457.4204808231901
2983, 457.2659540515252
536, 457.0766909633583
2769, 456.1466678344138
2676, 455.5246371987961
1253, 455.0886955829934
1761, 454.9648780228887
2975, 454.9636077562
2974, 454.9636077562
1857, 454.6183316306882
2956, 454.2095523181303
1688, 453.46727069476384
463, 453.3926462184062
131, 453.2994235364186
172, 453.238182230441
1101, 452.24560156686573
3263, 452.0928788693949
1130, 452.06674421048893
2557, 451.964678277719
2448, 451.8355144946769
2408, 451.35947017448393
2074, 451.1619484964217
1148, 448.4831293199817
2417, 448.3804122155849
1462, 448.3205193886616
2, 447.7774882422768
1229, 447.7282551518705
81, 447.5465948745508
1139, 447.2325440455352
3131, 447.04062425342977
1855, 446.9932048989932
2706, 446.85171993023636
1662, 446.8202219001229
2619, 446.41103574184535
2752, 446.3760188817934
1465, 445.7685960287114
1147, 445.7170902647036
3420, 445.65344632325514
1141, 445.0096150339203
2702, 444.36095860130683
1447, 444.3536570816621
3441, 444.0722672917297
2560, 442.47799444929285
1464, 442.3840373430487
2467, 442.0755091325285
2082, 440.819088927421
2290, 440.47891789058275
2585, 440.3526099261877
1199, 440.30757998159714
1095, 439.7894654488852
1760, 438.17727724666105
2311, 437.2617170466409
2717, 437.1663538428337
2269, 436.9138865206926
2459, 436.69012757034784
2642, 436.4563190747749
2866, 436.3683516979468
2595, 436.1786958709639
17, 435.4181850492012
431, 435.2864759811394
3342, 435.1675873598142
1262, 434.4395747791225
1678, 434.31005051167784
1683, 434.2362530582948
2482, 433.79002019147777
2577, 433.03360103398626
2730, 431.9984271519747
2554, 431.8361841912765
2628, 431.1896496700659
1254, 430.9828884655112
2529, 430.57177950639147
1608, 430.56606212476436
2396, 429.38352445361465
3367, 428.85086311996264
2392, 428.6054056926926
2960, 428.49234234775184
1438, 428.3081343070604
3115, 427.46236819615365
2797, 427.1331095743147
2685, 427.1139990502351
3375, 427.09846349555863
2014, 426.4985716834424
1560, 425.6979553302216
125, 425.5650846682317
1430, 425.47799198032527
3250, 425.4610173628563
2663, 425.21492341184694
2544, 425.16485198994275
3351, 424.757111770849
277, 424.301939233013
1860, 424.019073639924
1137, 423.90041991167806
61, 423.31929867618146
3366, 423.19542803382313
2387, 422.9861051997139
1600, 422.74133957750723
1451, 422.3266874897927
2080, 421.6839911071689
2573, 421.40489905968644
2633, 421.1450328949023
1154, 421.0802638019519
1217, 419.7021047176373
2523, 419.39270515052283
1125, 419.01812622052006
1070, 418.9142493606587
1160, 415.98018375408253
2065, 414.9444169392864
1436, 414.9126979389104
91, 414.7427709127202
1969, 414.55956703183074
3117, 414.1691905313801
2480, 413.72142368218243
2701, 413.67278271373783
2689, 413.26949183196064
1052, 412.833622588968
3322, 412.4895586274372
2618, 412.3264534425708
3365, 411.96984308498946
2481, 411.50535035366966
2545, 411.42265049082215
3141, 411.29503918009203
2909, 411.09965078184234
290, 410.96001193955755
499, 410.5630059842178
1209, 410.5074469887323
2443, 410.4970355418196
3102, 410.46444814586533
3358, 409.876831304061
1773, 409.87665536363323
1175, 409.48302320939047
3154, 409.0714930862269
1242, 408.6604634150002
1213, 408.49063531391363
2047, 408.35279902531613
1660, 408.0014007813232
2680, 407.81089104162487
1059, 407.5100127155831
545, 407.03268757862844
2458, 406.55030399482814
3326, 405.82119416606895
99, 405.3908461056576
2421, 405.18368667836063
3399, 405.01609008770026
2413, 404.198843356519
2304, 403.89005862218374
3158, 403.3067547035332
2028, 403.2661247521624
2489, 403.2621122770299
209, 403.00342705650115
3335, 402.98480276492455
3414, 402.4243216279562
14, 402.0007420880557
192, 401.88343575940627
1667, 401.65673058165055
177, 401.104543395991
533, 401.01618777324967
1257, 400.58335934608095
2445, 400.44898570314655
135, 400.3046047632247
520, 400.0911460117159
2463, 399.2068643606585
2602, 399.0389568163285
1097, 398.40445916401865
553, 398.38963730154796
1446, 397.9388709690216
2465, 397.92520058120584
1149, 397.9221566120744
3430, 397.89605497028623
2447, 397.77722561772754
2584, 397.3876631585068
1188, 397.33963661662506
3004, 397.2334085447241
3307, 397.1418381503573
2588, 396.7255326907517
1298, 396.559241492356
3103, 396.43280315242015
1182, 394.9259511998939
2599, 394.40782825096824
1227, 394.08727533329903
2643, 393.99499779653235
1208, 393.9864527901857
2412, 393.8347505964322
2976, 393.6401683040703
2771, 393.4965328587724
3377, 393.40543835495396
120, 393.1614332357983
3360, 392.9229868366737
1881, 392.56709598325267
3345, 392.4860752189544
1965, 392.36485621877193
205, 392.313568118199
1246, 391.9159753916839
2487, 391.81982955789783
3053, 391.657627356754
1197, 391.4709109394833
1201, 391.36627941569225
2613, 391.1627184948953
1431, 390.35126165282975
3398, 390.0554621652165
3081, 389.89618480869484
1596, 389.84567139479924
2446, 389.76134921849183
105, 389.7256111016239
1046, 389.0638129412115
2815, 388.6500040735619
1206, 388.57027502842493
2516, 388.5590405475438
2728, 388.05051608493807
2593, 388.0422161917523
261, 387.08379112535704
2540, 386.9799951400861
2081, 386.7694894964704
3394, 386.29929740046094
436, 386.0966627057711
1251, 385.8705965212461
1181, 385.8314733208202
1250, 385.78715216685225
2512, 385.7821823124712
3076, 385.6846418432664
1176, 385.66291310861044
541, 385.038663370066
92, 384.10644152511475
3397, 383.6435286459476
1711, 383.25263845844205
2639, 383.08886933791706
1116, 382.60383390356805
1127, 382.4972772542561
1196, 381.91746772815503
492, 381.7338098183168
498, 381.6539003990747
3109, 381.356972006726
369, 381.2108375850144
3124, 380.573054133805
1597, 380.4791294926174
2023, 380.3236710253905
1435, 380.3014543224488
1107, 379.7391133476295
3330, 379.6714990436589
3052, 379.3818626517291
1998, 379.2896858875538
3074, 379.14619764797993
1167, 378.99869471650493
1593, 378.9773666702315
3152, 378.71529409484384
2636, 378.5946386865962
2762, 378.5629664249067
2007, 378.432649236516
1223, 378.3314594708672
2796, 378.1674118434011
2967, 377.6951835753328
3338, 377.5315872514181
2708, 377.49641498798394
3400, 377.351551110563
2555, 377.16418415523117
2719, 376.683176302955
3067, 376.48492621766513
89, 376.3255682515374
3157, 376.2521367300261
1261, 376.1998093255846
2268, 376.13483058771965
3087, 375.56434417257697
2057, 375.283065713561
3390, 374.5287039126435
2590, 374.43641832944144
3252, 374.35584654908126
3156, 373.6922072741161
2347, 373.68290337644504
3391, 373.40105221064584
2077, 373.0874691023043
3104, 373.0146034314727
2982, 372.940277494022
2052, 372.74394664626203
1195, 372.50773332537983
2409, 372.33601357452625
2344, 372.2510317067458
3088, 371.3957094250495
110, 371.1665938216451
3096, 370.88025010939543
66, 370.80810859008136
3308, 370.56277274338555
2031, 370.29630008467046
2716, 369.9016679838601
133, 369.89806497244183
2984, 369.70301178036937
1078, 369.6596797622701
2761, 369.42758881248767
3075, 369.28666143947004
18, 368.2462982830037
2977, 368.1281764731639
3116, 367.84678098879436
62, 367.7260285202384
2526, 367.35922265570605
1136, 367.2300783524804
2582, 366.75864388626155
2090, 366.33859322688863
3127, 366.270603549562
1170, 366.1416776764411
106, 365.902782087728
338, 365.4753787349531
2441, 365.3666805431197
160, 365.2946708957558
1131, 365.277707164783
3355, 365.0758631692238
3060, 364.3827377937055
2800, 364.00313955911145
2450, 363.82606206412225
1133, 363.6971731629934
3427, 363.30375879199374
1222, 362.64835729694926
3337, 361.66755790565816
3138, 361.4210560221683
3177, 360.9276413380814
2770, 360.7611374272494
1514, 359.9083814615144
190, 359.7058802777759
1656, 359.422043201875
511, 359.28833740215504
1225, 359.0335694949777
3328, 358.33857221589153
522, 358.2986633285495
2468, 357.6407462972287
103, 357.1301736634745
1168, 357.10482739071244
1520, 356.9677208839544
1163, 356.5033730033062
1138, 355.9941390843992
2539, 355.9486326643601
1108, 355.49932699770653
2356, 355.28911358717943
304, 354.5486385271174
1103, 353.11428395548523
1155, 352.91147700578836
3137, 352.55124111496156
1120, 352.2465307692924
1194, 351.96337504099307
1441, 351.74183378074173
2914, 351.70945717935547
1537, 351.6896037395726
1123, 351.37387032579556
1118, 350.4607598926548
113, 350.436461100856
2273, 349.74129847504383
3406, 349.60873536918257
1240, 349.4908653397147
434, 349.11402395773155
114, 348.9675030826512
1053, 347.9423479985275
1146, 347.4415385669466
2411, 347.1660015417857
1224, 347.0091870167046
3126, 346.4482428746631
3446, 346.2808446592068
179, 345.7359853610394
517, 345.44335668446644
2596, 344.7674747735829
3122, 344.2933654765143
3140, 343.9922534271556
1135, 343.72975826129635
3349, 343.49593212380694
3368, 343.2546218386511
1207, 343.23761162342475
2775, 343.15688036507
1713, 342.87098154609924
1186, 341.6484377325329
2709, 340.81258584382215
121, 338.9919947175902
2913, 337.7664426524501
2647, 336.8981000346551
3356, 336.5754332413609
104, 336.1921417559066
2406, 335.8303477249703
3422, 335.25859269000864
2550, 334.8614211940859
1996, 334.789879874793
2787, 334.4671400781819
2384, 333.71370555978336
1658, 333.31089594515123
3374, 333.2126962746273
1068, 333.1959556982128
2399, 333.1119272805208
2799, 332.86118603375706
2350, 332.8488543984783
1061, 332.69196196989856
1198, 332.43562350674785
3343, 332.00924850950565
1460, 331.99843981718254
2579, 331.8392855771971
2295, 331.4908496153196
2615, 331.2078949921346
1428, 330.9323281721141
2972, 330.64732995970274
102, 329.3612495940607
95, 329.27755179334025
2066, 329.2209968910163
2551, 328.15878752830514
1220, 328.05655112467053
2060, 327.98406290263654
2414, 327.7610637772679
3238, 326.50046838269816
510, 325.408338943235
3428, 324.50256679341294
267, 324.11487488732394
2378, 323.9561480675425
90, 323.9290632889755
2038, 323.8408181329309
22, 321.99389474073905
2471, 321.69067869286664
1558, 321.2669486037405
2517, 319.8351821131373
166, 319.61799942445606
101, 318.93316193927666
1719, 318.66755775501764
2594, 318.41421830880154
3376, 317.84928614354817
2915, 317.67272526735576
1477, 317.06914707572656
1134, 316.1849358757632
1519, 314.68624340302597
1150, 314.0200912375993
1065, 313.7447155647338
2500, 312.93189639038036
3359, 312.53136289548434
108, 312.19387539607146
65, 311.7246750394789
67, 311.04287287723486
3438, 310.9956290630664
1034, 310.8817964049743
2355, 310.5850896461019
2097, 310.04636775503667
3417, 309.97798447319207
1588, 309.8803050859605
2400, 309.79623957691456
2040, 308.9449871015331
72, 308.55315800308983
2916, 308.461021229368
167, 308.01576624304795
1663, 307.77182880396185
465, 307.4240360427795
2395, 307.374680243801
3387, 307.26769636011886
144, 307.1729501633487
500, 304.8719702307496
358, 304.5966542765202
1079, 304.09435541888405
93, 303.69721586486935
64, 303.68047652315056
3085, 303.58217341264697
3392, 303.47050947471666
70, 303.17999501299073
69, 303.17999501299073
3237, 302.03867505998767
2503, 302.0299935706197
1180, 301.9842996137595
1813, 301.7309404877198
1962, 301.0536076163553
1878, 299.94274348506525
2064, 299.57501094713604
122, 299.09123613017664
1440, 298.4583243716806
1406, 297.82442681180095
86, 296.76627684924904
1073, 296.4130130037046
1152, 296.3344488127374
2046, 295.8355722116513
232, 295.7060744557235
260, 295.5851683942597
115, 294.9148359940384
1216, 294.8879399374317
2515, 294.5221738421257
1693, 293.96736829733396
1189, 293.9183641949267
1864, 293.4060926756919
1178, 293.25622413672045
268, 293.1804761775706
12, 293.1633877284532
3346, 292.11176905635034
2058, 291.82974846868007
2732, 291.0324425600233
1467, 290.36737466967776
2036, 289.9066667364779
97, 288.40839434054794
59, 288.1054836974408
1156, 285.5350565427949
1605, 285.1631404080751
1151, 284.9028056323581
2682, 284.82406652851046
1164, 284.64441974087646
2971, 284.44104923387385
2470, 284.0559967757785
68, 283.3469335602685
32, 281.56514796072486
1191, 280.7321120464049
1397, 280.4468271567547
96, 279.8885983906424
1634, 279.53044448654714
3363, 278.98154600394224
2043, 277.66644527746746
3164, 277.27807886158547
1302, 277.2031050497158
1632, 276.8968232829751
3188, 276.4354572227348
1518, 276.3042902246479
13, 275.74503607772
2578, 275.7090713559792
507, 275.6030793180972
2010, 274.1502644057246
1958, 273.1271430866901
109, 272.3470873441265
2351, 270.73958400935015
1694, 270.7187439583016
2725, 270.52994963589407
2063, 269.13208794557676
3240, 268.9183324965359
1838, 268.58251940342274
2270, 267.28676093145697
461, 266.760515401141
2801, 266.61543403338754
2900, 266.4041904741838
3242, 266.0801736955519
2085, 265.8431887948739
1153, 264.6962259420137
459, 263.5866637363263
637, 262.9663012178815
1457, 262.30210098295765
2861, 261.71476380906677
2569, 261.37857353923397
1709, 261.3608629538817
916, 261.05116577697277
2718, 260.99900071484694
2275, 258.739587108797
3431, 258.64604711800956
3256, 258.05421936089596
2433, 257.1024493700111
1316, 256.8990337092573
1, 255.56538903308174
484, 255.42430265474607
63, 255.2787276174735
2672, 254.91557707124818
2910, 251.40118658649297
1638, 251.31005210931545
1800, 251.0685716534222
768, 249.6275512064949
4, 248.72035774351082
111, 248.5427609527847
2860, 248.43832912286084
477, 247.84302350927982
1661, 247.4157928774526
2518, 245.57621671062657
182, 245.56894935925965
10, 245.34039854439473
3236, 244.0868761986775
1062, 243.52459956243442
3234, 243.2818909958281
273, 242.92652430755146
3310, 242.8565996719179
2192, 242.5364811776268
117, 242.50461745989708
292, 241.92571971905008
3257, 241.79678174700436
1255, 239.1605837296954
184, 238.52857477820572
1574, 237.46306068462394
1785, 235.53803981968758
7, 234.74382288221426
2532, 234.5953203266661
2731, 233.85821368342792
1535, 233.73189955340328
1454, 233.64502553146465
2857, 233.62772309220844
1788, 230.9750046002545
1814, 230.88766612945855
2556, 228.36841819899996
641, 227.79141496456523
116, 227.54095037473286
953, 227.04411264736316
6, 226.87614006730593
1562, 226.4336770132872
2805, 226.18739197699864
1051, 225.94385075808782
1572, 225.87110947698872
2832, 225.86729773613956
112, 225.80516518613848
826, 225.60260770492948
2320, 225.44593953856682
107, 225.31826908151288
1794, 225.17646950633812
28, 225.01985942781445
1324, 224.70533226995053
0, 224.07334687715775
3009, 223.48694473041476
2868, 223.4141539068371
1576, 222.76600878506497
3, 222.66102463810506
3235, 222.4963039096197
823, 222.13675252960212
33, 221.86539196810648
442, 221.60391216844098
9, 221.2369483032044
185, 221.127634750366
1818, 220.9743397431825
387, 220.42105850223302
1165, 220.37497451172635
2191, 219.94727064038668
118, 219.47317791518014
2999, 219.40654471911503
1723, 219.29398856816263
814, 219.25084109544645
11, 219.1971062312897
1093, 218.12391895592302
30, 217.30604995729664
1573, 217.16840923610724
1309, 216.29205934839104
1543, 215.85607415396936
1484, 215.76830279556404
524, 215.2714026469635
490, 215.1060869142647
3017, 214.76656949532108
1509, 213.79586570396958
2054, 213.6023707677194
745, 213.18986919827034
305, 213.14082369509327
60, 212.9324757202784
3282, 212.7566269605417
2208, 212.67309254771718
2153, 212.57847601150607
735, 212.24258201152324
3215, 212.0787632640365
1410, 211.9921697873994
848, 211.79895626709327
1004, 211.68502719614673
5, 211.03821826826464
1824, 210.7706326717662
2889, 210.55595940844327
2134, 210.4981229703857
1092, 210.02462282044567
8, 209.99118134343513
2211, 209.65153780592996
259, 209.61383987907604
1882, 209.09617622192695
1567, 208.99326786817468
1940, 208.5844831313734
1939, 208.54034056739468
590, 208.48634794556355
2878, 208.13817829944196
1806, 207.65209836739848
94, 207.5718408604786
421, 206.5521860499659
2158, 206.19400121195994
1972, 205.52958412569149
788, 205.3102342014531
2242, 205.24427124245557
2035, 204.90899955135674
2193, 204.11736126002947
3000, 203.69644611846425
1418, 203.3646682699594
1951, 203.0410306386605
923, 202.876867159761
682, 202.70443443345152
2856, 202.50622173251543
1575, 202.23947490347052
1054, 201.60082602121423
2429, 201.47117603481297
2806, 200.98708941400588
1003, 200.7776435063324
1571, 200.60484588169612
917, 200.24151994978214
2170, 200.1443683758512
2859, 199.8946868273347
1907, 199.14716688985422
1269, 199.06846593874175
2207, 198.7745245954395
3025, 198.6637936310797
2180, 198.4509703480831
526, 198.30313074415983
786, 198.2306012087303
1810, 197.7184367606702
744, 197.35509902519792
803, 197.291893128105
29, 196.8038429904409
2135, 196.7450232044408
2205, 196.68771261114526
2124, 195.9932056557468
1884, 195.71621519795602
791, 195.67859471507705
353, 195.65030196403805
1210, 195.6186915203358
2991, 195.57393073869832
615, 195.17410380561137
1776, 194.94090459745928
223, 194.94027918278465
1424, 194.9105762548176
1780, 194.8147457232794
234, 194.79974049006663
2049, 194.7606061665535
727, 194.55662492487863
857, 194.14545362985768
3269, 194.09208460587774
1889, 194.07906403538317
187, 194.07498908066745
1640, 193.93569390441792
248, 193.47226169249947
2435, 193.38555522422877
2428, 193.38555522422877
686, 193.38456338053766
2924, 193.24100764483774
746, 193.18104610636973
3309, 192.78273968902343
2262, 192.67137756706524
1039, 192.643798266054
2236, 192.6310833848711
3018, 192.6293564686889
3029, 192.31237454977045
3016, 192.29993916896814
2711, 191.84551994381476
2195, 191.45093637422912
417, 191.4061499597927
2318, 191.2316045537438
1653, 190.58108684313902
1306, 190.50662758692437
936, 190.37022129332604
2936, 190.30506481344057
3228, 190.22444193289672
2194, 190.13454662792006
49, 190.0396848065454
1885, 190.03875272375794
2157, 189.95844429987275
1525, 189.94541719097083
527, 189.85811091400373
579, 189.60126373664764
945, 189.4756380787223
1943, 189.33583134414724
2243, 189.3097167112536
781, 189.22941557589127
716, 189.06098283015248
2196, 188.9141864208633
2953, 188.81421603929968
1356, 188.8060121389279
1822, 188.66015493815303
2997, 188.64888328584937
249, 188.6441575270763
1617, 188.50277349080483
1807, 188.1650293511182
1423, 188.0533340196136
762, 187.99424073295194
2188, 187.8673343998054
2062, 187.84133315111205
2187, 187.75452638076735
1566, 187.53014128894867
612, 187.49223070874552
980, 187.44913885019372
321, 187.05743249555715
844, 187.03231646979194
1023, 186.84902137538657
2438, 186.776883021281
575, 186.77360303609404
1336, 186.72442658017482
416, 186.63703020656573
778, 186.52175592490568
981, 186.49774142764323
2042, 186.3368322388589
1999, 186.28403002565716
1623, 186.10753908599207
1895, 185.99358772521754
1615, 185.96135840137148
3233, 185.84702920002692
920, 185.7951679604892
717, 185.76395441431134
1487, 185.56951135951417
825, 185.35452359247716
3319, 185.34026693091178
224, 185.2481169576013
961, 185.1866674047889
243, 184.99610550428068
286, 184.96312461744225
1985, 184.90539295361046
581, 184.74882743914137
698, 184.7057740722118
2993, 184.61567196037487
2160, 184.53710348895027
1803, 184.49628975243914
23, 184.33134923158292
2189, 184.12994750274854
27, 184.1063148991444
2365, 184.0544884644142
1861, 184.05111181577382
1577, 184.0192682888646
1977, 183.97834428567324
2142, 183.87315109915534
817, 183.65143894929454
24, 183.64211485751028
743, 183.60638690892182
1279, 183.60062925281542
2949, 183.49231348499558
3320, 183.0494928378433
2360, 182.8740739547053
1037, 182.71215694300219
1580, 182.71171154662662
955, 182.45021526126112
600, 182.37686292497813
2434, 182.1973898277416
2145, 182.1473488595777
815, 181.97273260216997
2095, 181.93002242894028
247, 181.82640448160308
2879, 181.75897508470052
787, 181.6903221574214
2362, 181.6879820021393
489, 181.65311158850557
960, 181.54929737504213
969, 181.52945094078515
808, 181.25072798433783
2431, 181.2271678320814
1425, 181.2184968931859
419, 181.15965681590254
420, 181.14077571143886
922, 181.07616599729582
319, 180.7568850753407
2220, 180.65350568171837
2051, 180.62209098349638
1579, 180.58240595480567
709, 180.44518564000703
528, 180.4032510723243
1038, 180.1541466453438
1331, 179.89637523903454
560, 179.89229728133836
2912, 179.77037423566387
2214, 179.75716789534934
2845, 179.75654257414004
2829, 179.70631934895283
370, 179.6244295304012
2067, 179.43484690873217
1412, 179.27338866114388
2107, 179.24268786930867
1976, 179.16482996976575
2181, 179.16294732241235
1890, 179.1113649402426
2828, 179.01522950672305
226, 178.9270456045602
1473, 178.4488563388841
2907, 178.30178328712998
999, 178.10195551550575
574, 177.93643581798443
594, 177.75829082019376
1599, 177.7439958040933
2122, 177.7079157490137
691, 177.60255506420788
242, 177.55805426979697
1840, 177.54580447702318
1308, 177.46297946067972
2427, 177.44477792469257
1490, 177.31674991870474
2846, 177.27765484379833
2219, 177.22104928623554
601, 177.18298514169157
1371, 177.09471798810745
1523, 177.00420169518065
585, 176.78681086422205
1266, 176.78170749887406
964, 176.74998330033026
804, 176.63623301592418
1211, 176.40226624743113
907, 176.11389571672694
1404, 175.9097817328509
2858, 175.79527039013854
2422, 175.7400250739264
2877, 175.7231133333977
3026, 175.68719043224615
2231, 175.68387650779917
789, 175.64620639670656
2209, 175.59082517486277
313, 175.5657992956745
1839, 175.56254729089133
856, 175.52389240101104
2905, 175.50132760434568
2992, 175.4853149382899
1314, 175.4766170086921
903, 175.45371304030914
1495, 175.40183674805962
1315, 175.23942790851675
418, 175.1401335571829
1408, 175.13530964712479
2996, 174.81888907132048
1823, 174.78745682024348
2228, 174.74180614655452
1594, 174.70363720046927
2804, 174.6965645820955
529, 174.5906540345863
2173, 174.52639559729732
1790, 174.47852954384808
2171, 174.43620299205767
1887, 174.39634933349177
780, 174.28438055499623
972, 174.26132063629274
1321, 174.25713308045053
2168, 174.1411175975348
3229, 174.11659865958637
1957, 173.95042302417735
2206, 173.90575727849463
2200, 173.85146755635782
1942, 173.78472220417734
837, 173.63243387988467
1510, 173.57043348081254
872, 173.53109946527294
1289, 173.48619612303503
1369, 173.17642395388916
2837, 173.13606521544
1984, 173.11870986671656
2165, 173.05048199319373
1508, 173.03956588065307
1427, 172.95539884894382
586, 172.947225768949
1846, 172.89104156073054
845, 172.67278053253233
1527, 172.64897922246445
846, 172.64644186636232
593, 172.57571693787122
1505, 172.42603292688133
3270, 172.4050458844078
683, 172.1938632950501
558, 172.18604535498082
2334, 172.0551226315308
1501, 171.94059050310608
2190, 171.9223257284137
1478, 171.7509986583483
371, 171.67187504370506
928, 171.592947486148
1348, 171.54068125565067
2925, 171.5362879101023
3031, 171.51032292090844
1536, 171.5068646775316
2164, 171.3758251184547
3267, 171.34512699694383
1983, 171.2226564570392
2256, 171.18561338874926
696, 170.95761438713126
2850, 170.8852613143428
2998, 170.76615644503718
1001, 170.71193556185014
1986, 170.6114789243241
2841, 170.46795197473483
638, 170.46208818844735
2150, 170.44703790135523
1883, 170.4082425584861
2113, 170.31644238493385
657, 170.31516675259812
1421, 170.2554251585714
919, 170.17606460351834
2923, 170.15090511852904
1512, 169.96979555376015
1828, 169.96255308073853
775, 169.7132056718556
1792, 169.65560525650912
886, 169.57767972269647
1488, 169.38139094871363
2321, 169.37243501784673
1361, 169.34902737884542
661, 169.33633921814007
839, 169.33134659258593
1380, 169.22793015375711
2324, 169.2104579568985
307, 169.1854344108941
2839, 169.14087987351246
1390, 169.04752632326677
821, 169.03194876804133
2372, 169.0141906854992
902, 168.9997239965181
2852, 168.97451766618335
1494, 168.9129753189079
784, 168.87571875890188
2115, 168.77927412553345
708, 168.71339448587733
1455, 168.66885228142897
602, 168.66259254998874
2439, 168.6087885556596
1481, 168.57082894754836
1426, 168.53227386661825
2229, 168.49338454851377
26, 168.40429709520734
599, 168.30599995574227
1389, 168.12428594481702
1578, 168.1098720663865
639, 168.06825343351855
987, 168.0108925456608
2117, 167.99692582912039
993, 167.90286240703384
659, 167.876065993789
1322, 167.83032457738935
1268, 167.80823685855955
1820, 167.75354736763103
3321, 167.7353847646303
606, 167.7271094550855
718, 167.719100784071
2125, 167.7056535270661
2230, 167.65330146325067
1549, 167.59354157599083
1048, 167.50770279704307
1396, 167.4773560385564
711, 167.44184615810389
938, 167.43432458539647
230, 167.2924155109419
3002, 167.232377002792
584, 167.19384002085062
3014, 167.1003335540885
2851, 167.07942173493709
2831, 166.94403044337326
2359, 166.9412584719719
2255, 166.73385651709995
777, 166.6675557447393
1886, 166.63593213337577
855, 166.62826899039098
790, 166.53440848557426
2120, 166.5160664393484
1908, 166.43573038551108
690, 166.396443311108
664, 166.33409862966397
853, 166.3174565869654
730, 166.15578996589983
1271, 166.10506072520087
798, 166.0981960663148
665, 166.04692764822624
1614, 166.0389566149661
2994, 166.01358614710767
989, 165.90431601375323
1339, 165.83566918455736
2750, 165.81831108805886
776, 165.7806292657318
3268, 165.7663437087465
256, 165.74201654127654
849, 165.69595804453724
1493, 165.69205484390565
235, 165.51308183832217
882, 165.49456900222935
1345, 165.46160338403257
2898, 165.39947349834836
752, 165.24118980613653
971, 165.22516204372025
2162, 165.15256397232312
840, 165.15250172688607
2844, 165.1444276660718
1377, 165.1057284779907
970, 165.08750533810505
892, 165.08102291359887
1622, 165.0613739499696
867, 165.00516866211368
927, 164.9949420124378
2237, 164.62364349696895
525, 164.55142688707994
1601, 164.53245375910362
1014, 164.4984669153864
2908, 164.41570192510304
1295, 164.26085504808538
1829, 164.23475821467065
564, 164.21050620614662
3272, 164.20590303576378
1330, 164.17684824965494
1312, 164.15743419654444
1413, 164.15236555807306
559, 164.14781032551016
1474, 164.09267048589442
1343, 164.04167391504885
1511, 164.0266812133471
1550, 164.00056679405347
2888, 163.9352075112542
315, 163.89998778861434
306, 163.89998778861434
1920, 163.89509956055548
572, 163.83721356738778
1926, 163.8255338254332
2141, 163.80823551741815
1398, 163.7765061980455
2116, 163.6211123362006
301, 163.5981561421629
785, 163.57627644273163
1555, 163.54997849079697
1825, 163.48756509418064
1959, 163.4130162037132
850, 163.36187461317644
1902, 163.301500131087
774, 163.2302793731666
1544, 163.12872219297572
723, 163.12556498949
847, 163.10487803097186
797, 163.07410944813657
2227, 163.0361948656307
1804, 162.98571393644485
2361, 162.91430997409356
1273, 162.90736238238227
1989, 162.86745843632022
1815, 162.8542984343349
713, 162.81621401923604
3043, 162.77552049220049
577, 162.76655846392214
2884, 162.75314443938066
569, 162.70015836167764
689, 162.6777832922767
2366, 162.61372042840688
573, 162.59712128010884
2072, 162.50314105926688
2376, 162.46892369831636
2254, 162.41700244215716
2213, 162.36199139024222
770, 162.32963914666385
3045, 162.26651791722472
1561, 162.2549310255516
1368, 162.2501802856671
1539, 162.16825996572902
2830, 162.15439972370817
1006, 162.14302334878158
1378, 162.0136602265137
2899, 161.88613597658536
822, 161.8504845591633
2369, 161.79014876141966
231, 161.77306802779742
1278, 161.730922883662
636, 161.67268218731573
1393, 161.65913144438412
673, 161.62406475334654
779, 161.57196413913235
2903, 161.54242017303136
635, 161.46971646979776
2245, 161.42245411380046
2131, 161.37370816697566
992, 161.3505790691744
871, 161.34480629887037
694, 161.32658216324464
2432, 161.2191650479246
1422, 161.19177982145987
879, 161.06428581239777
918, 160.9867381349109
1392, 160.9372649519837
983, 160.92270502598876
1352, 160.89235702067842
1420, 160.873482754234
1417, 160.7970260243281
1475, 160.77861286542492
1285, 160.75736505074246
933, 160.75513008605387
1500, 160.73317011786693
240, 160.6067915738336
900, 160.51310767598343
3030, 160.49365782191376
1480, 160.42256573631022
3044, 160.38993806220253
854, 160.37204251872603
2166, 160.3517835912749
1830, 160.30509282412928
1400, 160.28488059017747
876, 160.21754936874135
2881, 160.17921667174454
1370, 160.10931088038447
2882, 160.05966755442302
1909, 160.04643897172406
1293, 160.0258334812105
741, 160.01549723097202
868, 159.82627353344833
1915, 159.74330746754958
1817, 159.60175379521962
285, 159.5972018781477
2198, 159.5906056403378
364, 159.54241747592818
1049, 159.4411454477759
1409, 159.42146851690785
2121, 159.36965283017716
3271, 159.3313332943355
2547, 159.3102581374498
1280, 159.26149696345752
1791, 159.2257041062042
693, 159.17850873678907
896, 159.08450654524572
2931, 158.95768837200362
1835, 158.8816897811861
2199, 158.87640592805204
2154, 158.81262542933106
937, 158.75725254162097
656, 158.73927324176088
948, 158.6417602390619
2875, 158.61723063607118
2163, 158.58093548726174
1411, 158.56966677241914
675, 158.54316018968842
759, 158.54251694902035
2897, 158.49541495459673
883, 158.4378902266353
672, 158.37326060524447
1888, 158.3660584435831
1831, 158.365843676192
567, 158.31508347628085
1906, 158.28613673380784
1904, 158.22051803657584
1036, 158.19978094858618
755, 158.11705508033657
725, 158.0784371092886
763, 158.06772199702047
935, 158.0588956683996
257, 158.04347904011985
597, 158.0387016737384
887, 157.98740928553244
985, 157.93074336007584
946, 157.90476949765724
1367, 157.850372465307
2138, 157.820518704278
766, 157.80673630316358
1419, 157.80301618290812
1491, 157.77308273176885
764, 157.6667338929851
1841, 157.6655976513301
924, 157.62785009798193
963, 157.58241697385725
323, 157.53770623555118
311, 157.53770623555118
2246, 157.39938156740655
1382, 157.37759998497359
614, 157.3548411037778
714, 157.32526458276024
2842, 157.21793339918383
1346, 157.2174258120623
1403, 157.15618523272306
565, 157.1357931346558
2423, 157.12318212731432
1981, 157.0298461414043
1486, 156.97566671412454
728, 156.94146473665924
374, 156.9058321184574
2319, 156.90365001059038
1372, 156.88406913490195
236, 156.85554802679215
1498, 156.78269079070014
2323, 156.7693432930096
2123, 156.74158993640324
312, 156.6672694163382
1801, 156.66355806930042
984, 156.64470661149707
1782, 156.6060155037188
346, 156.60592640590255
1925, 156.59282445504235
645, 156.58751971214193
782, 156.5839947262644
1944, 156.57252785125976
674, 156.56101820704703
697, 156.48818267626663
932, 156.45890442765332
2148, 156.45648464232008
2114, 156.42056408831456
351, 156.41619906114596
646, 156.41535369997752
2891, 156.35237589971644
3068, 156.33547063657204
2216, 156.309005074829
704, 156.30553621334812
870, 156.2699940911664
253, 156.2648227033368
742, 156.2315761544006
1618, 156.1831180545428
1927, 156.16587655228594
1934, 156.08031929534505
1277, 156.0141332286459
1458, 155.97450497404893
942, 155.9677907603619
800, 155.95792705021904
3027, 155.92687716768464
2331, 155.9210456513179
836, 155.91663814218086
603, 155.78952015728387
2854, 155.69408262744952
393, 155.67510957218582
761, 155.62023252062738
701, 155.61613667847448
2430, 155.60367950817476
1328, 155.60283309281982
783, 155.53368646186863
1288, 155.51147983891116
1291, 155.43849573860322
640, 155.39446788221923
2871, 155.37120005397594
1595, 155.3699087234193
1292, 155.28979716311065
1387, 155.28115295686052
324, 155.27490764550646
2146, 155.2313215258576
1905, 155.19515010568608
31, 155.19408199928708
1772, 155.1850719756988
1018, 155.14428115831672
1353, 155.1314967049706
925, 155.11533039995868
897, 155.07060186953998
3037, 155.0622439097977
568, 155.00824944650827
986, 154.9942411890202
1563, 154.9939598368761
660, 154.98031787411506
720, 154.96729702552608
959, 154.90188355846766
2136, 154.86978167049546
1992, 154.80665748035713
1405, 154.7656844582682
1021, 154.7318001664899
2840, 154.6229081476399
1415, 154.56851241675145
1374, 154.4922622804076
1809, 154.4370224134479
1327, 154.43364048411226
796, 154.41813170986913
813, 154.37170883903747
2202, 154.35641470994776
705, 154.34897464875647
1982, 154.3408226766523
1789, 154.33147978046387
750, 154.32702630713175
2169, 154.32099302926503
1357, 154.27580035852196
1388, 154.24442744636457
2833, 154.16275472365305
347, 154.1517128790118
1297, 154.12719282746468
3038, 154.0814123096854
258, 154.0118562556651
1554, 153.99696285023828
828, 153.96386407386038
2233, 153.90345808601484
2849, 153.85009134017992
246, 153.81917608740858
1323, 153.81801524963453
1020, 153.81464992133834
792, 153.74547812647134
908, 153.66746309663247
843, 153.66563354175724
1391, 153.65627142532892
2119, 153.61005031619598
827, 153.5691996100218
623, 153.51163407022972
1272, 153.42668249308076
962, 153.42595615735902
1453, 153.42247650488028
2140, 153.41482510793088
740, 153.40439382553728
799, 153.3781594641099
1340, 153.36966299788295
2183, 153.35560698670113
1275, 153.3067863302578
1270, 153.28618726574882
1499, 153.2791703423835
616, 153.2523798617188
1548, 153.2437391029979
3448, 153.12740322135105
2410, 152.8875055803414
934, 152.87434105994006
2847, 152.87155691181312
2130, 152.83972560011716
2084, 152.82934842729023
1506, 152.68547427624375
2946, 152.63250414042741
1524, 152.5674048818408
2175, 152.4657782771759
710, 152.4609954510604
2377, 152.30856309377856
692, 152.30653265247574
2373, 152.30144593291934
707, 152.18429197631926
801, 152.1553348123107
1294, 152.13533275477826
2375, 152.088530204536
1469, 152.02406180878953
2129, 151.9443387460042
1009, 151.9298548921734
1265, 151.8907760049477
2947, 151.85988928557578
422, 151.85362630297405
722, 151.84246935473135
350, 151.8314636322498
930, 151.72185058060978
566, 151.5983503475299
1598, 151.57184307555113
1786, 151.50308187955488
2336, 151.47694792948838
1921, 151.39905507725578
926, 151.3608909628368
2232, 151.3365117436894
363, 151.31788966047506
834, 151.13672171188156
1318, 151.11834319121635
977, 151.10306026374477
893, 150.99140594407595
1819, 150.98877724287098
967, 150.95810835348232
1779, 150.91406824983505
2940, 150.89731144606202
1863, 150.8800919309893
904, 150.84701413511914
238, 150.82326213235243
1836, 150.81735929769596
1673, 150.80179805180535
1485, 150.79315681957564
352, 150.7909025010602
905, 150.78913244569236
1479, 150.74486906762485
2826, 150.7364764809511
754, 150.69162981650484
576, 150.6367173583804
911, 150.49221293460172
1928, 150.48180360581784
241, 150.4094802764999
1949, 150.4037645883187
1935, 150.38309058724653
973, 150.32977904253713
2222, 150.32725522940467
1354, 150.3089285305887
1930, 150.307739180848
1365, 150.27350124800478
2176, 150.22348108002004
1022, 150.19176336772523
2876, 150.13742388262662
1329, 150.13231286553645
952, 150.1235279529182
824, 150.07704200179256
2929, 150.07018592001768
3230, 149.97686068567276
314, 149.9638711693751
1050, 149.87647817470858
1808, 149.83423428460452
3034, 149.7851748737816
658, 149.77548002282757
2950, 149.56912988241942
596, 149.53302126537338
1954, 149.47588013299793
2928, 149.46450016902332
765, 149.3661513406007
1620, 149.32111309108245
2247, 149.3170275753713
2922, 149.30512030805315
1492, 149.1384310968735
2403, 149.13569601243827
1950, 149.1266607609694
2133, 149.09564850438497
976, 148.97665118683466
1900, 148.90441880326526
931, 148.68285576162867
1504, 148.64553566196125
342, 148.60849177611541
873, 148.55662349175395
667, 148.47972925551767
810, 148.47508638861805
729, 148.444892690811
1777, 148.37622372521068
1778, 148.37255366255573
910, 148.34780938765962
831, 148.32538045747407
899, 148.2661897285073
994, 148.26260942306192
2325, 148.25696672819208
1799, 148.2560037908049
706, 148.16246767559616
1837, 148.1365172838886
2144, 148.08603113213428
1898, 148.08441760109827
929, 148.07095704999335
898, 148.06500718182468
2902, 148.00052687315326
320, 147.9525255288001
1320, 147.9400165658037
2322, 147.9366015252525
1007, 147.87401223742998
618, 147.85067473771255
979, 147.83966924669022
1282, 147.82748271598552
880, 147.80934826578948
1017, 147.783095135635
702, 147.6750156879876
865, 147.66216795430242
1582, 147.5922129017636
1953, 147.5346893699512
703, 147.48257199938485
644, 147.48151408774444
1010, 147.4714453022009
1414, 147.457691208784
1591, 147.42427198372314
609, 147.39154089663933
724, 147.33920692288228
2327, 147.27885465199256
2426, 147.25918854933136
807, 147.2365038999133
633, 147.17034054439193
2370, 146.98934917403326
830, 146.97227657932837
325, 146.93999677499727
632, 146.9109253402581
354, 146.90607869556231
1932, 146.8470876302839
2425, 146.84358048750548
2367, 146.84327497586187
239, 146.841766557667
1476, 146.83250128059595
1827, 146.83163731308292
1470, 146.81122312510314
1832, 146.74467704438632
1319, 146.73915195865695
270, 146.7288221600793
1834, 146.68815376897123
2874, 146.65039874312504
712, 146.6127561934335
631, 146.61100036468085
875, 146.5479625272172
1569, 146.53062128295954
3015, 146.48407595599957
1385, 146.45361919816997
1332, 146.41245549159777
1540, 146.37063315447583
943, 146.31077532862844
1326, 146.25647415613759
269, 146.24261047891406
866, 146.22546669981375
1394, 146.2198233275855
1351, 146.15839101011574
944, 146.0833316546305
2330, 145.97346573549706
795, 145.92038533264594
2126, 145.8124965941752
982, 145.75637412791386
2880, 145.75432585488403
990, 145.6679406288778
687, 145.65012293654218
666, 145.6127985895663
949, 145.59664472764982
891, 145.58958864177453
1158, 145.54392338103753
858, 145.53526142967334
1080, 145.44466689575415
684, 145.4069728085363
624, 145.4069728085363
1401, 145.4025653642005
2000, 145.37000685616994
1483, 145.36351657003488
3024, 145.36142385390218
1568, 145.3282351725799
604, 145.32277268234256
1551, 145.3173711394947
1946, 145.31033041786094
1311, 145.2854674076235
2436, 145.25388946846982
2186, 145.2342542756844
1286, 145.1494210937474
958, 145.1366654470791
954, 145.1303388879288
1402, 145.12596788296582
1416, 145.04997879813175
974, 145.03937303817725
1359, 145.00411197589673
598, 144.94273203298712
1366, 144.86757995143316
1362, 144.83647943041538
819, 144.81947445391123
996, 144.79504325257935
2156, 144.7736246056175
653, 144.72401862545476
668, 144.7183585280812
2317, 144.71595944127642
1011, 144.65845052329715
3012, 144.6216554705688
2251, 144.60808415827498
1335, 144.60367002601947
1769, 144.5957184882624
1008, 144.42574142941254
1304, 144.34492027038658
595, 144.18953477174634
2172, 144.17811661938902
1489, 144.1726460040976
2926, 144.15217865010305
1619, 144.13471754369183
1383, 144.05603640866843
998, 144.054923370183
648, 144.054923370183
1918, 144.04571843884793
2201, 143.99518992898447
2149, 143.96178287663938
1937, 143.91480971743263
1529, 143.8784711369187
1606, 143.84548506981966
1016, 143.8385716909312
1325, 143.8126829964789
1956, 143.7612936050645
3022, 143.75388067356863
1903, 143.74946880898165
1307, 143.64120800759952
1303, 143.62656520430508
2326, 143.526001754167
1774, 143.50651770840742
829, 143.48536178120986
2834, 143.47122178930775
721, 143.43040540222825
818, 143.40314384009292
1281, 143.2295335912825
1015, 143.18555579940283
1342, 143.15346686474928
2281, 143.1484567423934
753, 143.1434538746444
245, 143.06612140318515
1833, 143.02322049074593
620, 142.95573351459805
1276, 142.95410303174688
1787, 142.90665857593794
2332, 142.7828916664526
1192, 142.7406631833972
688, 142.72497019090895
2151, 142.68608903691117
1654, 142.6580959511605
2937, 142.6496644197112
229, 142.64145013846306
327, 142.58354452370924
2197, 142.5526264437909
1055, 142.55049621700942
1341, 142.53838156784028
975, 142.53483480184448
2132, 142.53442123069922
1507, 142.4898161063982
1783, 142.47393470062374
2906, 142.47300881721637
2127, 142.43315826075212
1528, 142.43076150757256
339, 142.36954317287763
805, 142.30997007394092
1305, 142.309252155974
1948, 142.29762739185145
726, 142.26807032912933
2159, 142.25593727319108
1482, 142.24255261788727
271, 142.2186059085474
1522, 142.1823420348237
3035, 142.1807522510021
2952, 142.0464503219682
1296, 141.9841429179875
756, 141.96787248436678
340, 141.95411072190853
2437, 141.93861702153916
1916, 141.90721262122827
888, 141.8292423271634
662, 141.76595894678584
1317, 141.70270006980877
700, 141.70038208177667
3450, 141.6875379746637
2872, 141.5546955653103
367, 141.488083791292
2895, 141.38312218995526
1376, 141.3731284103928
1896, 141.30431762860607
361, 141.25754124292536
2835, 141.21983681111425
1284, 141.21204981589352
2921, 141.17625603992013
1344, 141.09595611478994
1503, 141.051634848634
1922, 141.02430262253762
1990, 141.02058420681414
1497, 140.94204609061038
1952, 140.94088282649477
2147, 140.89362446296116
2927, 140.83709093653727
1496, 140.8050560440889
2225, 140.7288620827897
751, 140.51174703440682
806, 140.46339485425162
1621, 140.42869965186156
3273, 140.3653419991652
771, 140.35005546616915
2911, 140.22788911847536
571, 140.14616680894753
1333, 140.14009104273515
621, 140.10727357496296
605, 140.0662957906522
747, 140.0654468221288
1897, 140.03125174879148
1044, 140.02044167543005
1399, 140.00615385043744
842, 140.00292745853463
1386, 139.94623750350505
968, 139.9323090394739
2221, 139.82180977547947
715, 139.78101737757586
1407, 139.76625412952492
1793, 139.75601393629282
2418, 139.70723668567433
997, 139.61768222460574
2328, 139.57625830055787
1556, 139.53437643703376
719, 139.4162734937045
1570, 139.38213372446876
1565, 139.27296558835553
349, 139.23590013708161
1766, 139.18492985565175
2161, 139.17253559182578
1019, 139.0573588329088
1767, 139.03110934160298
1929, 139.02150448817687
2374, 138.9961147624603
2215, 138.9087686586838
1553, 138.85892744166605
1472, 138.8454526275939
812, 138.74723204187183
878, 138.72445083108585
769, 138.70620957763714
1471, 138.53527378968667
695, 138.53232434312324
894, 138.4952743369176
2938, 138.4459256543051
2112, 138.39902329204114
2178, 138.35791971179938
357, 138.35595783186653
760, 138.31624804596538
1013, 138.28560769154362
767, 138.26691584449708
1056, 138.26290849151422
2250, 138.1748410929528
1936, 138.14986614697128
890, 138.11849620839627
317, 138.03174233516728
309, 138.03174233516728
318, 138.0253751459464
1538, 137.9267414981683
2329, 137.8903367679699
360, 137.83763249259053
947, 137.8098154740141
1349, 137.72002850761214
1757, 137.63959423506566
2241, 137.54263880957112
2843, 137.52976331016532
1375, 137.35385547967357
1899, 137.2667506234138
940, 137.23551427392815
2932, 137.23175289405972
1938, 137.18630288172224
3013, 137.16608538948512
1796, 137.0080652178176
3001, 136.98793740518775
366, 136.89088873681143
2420, 136.75723041148356
627, 136.55605793457707
2933, 136.53034304891852
2893, 136.52880939247603
739, 136.50547414892515
2883, 136.50291651475519
345, 136.4102386449521
3011, 136.3878863324214
3224, 136.29721045235723
570, 136.28577670807047
2901, 136.1047756113142
809, 136.08557389282103
877, 136.05064718213134
2886, 136.01929664222286
2128, 136.01052673607563
1360, 135.9719133795926
869, 135.94886617629106
2174, 135.9321007478314
1395, 135.79421656989632
811, 135.77689284610543
1805, 135.73923338201573
244, 135.6036298372734
2335, 135.49828469497749
2137, 135.4088343943319
1923, 135.34827969019344
978, 135.2001590881418
2363, 135.1222226666954
1797, 135.09068366222047
950, 135.01652332125923
835, 134.99820569978283
3451, 134.96688806087562
1313, 134.95299757226405
1363, 134.88302650053072
1955, 134.80708074546237
2885, 134.73632707185567
1917, 134.73265828927194
1283, 134.71940490867132
2155, 134.50873223871304
1924, 134.39488568318924
587, 134.38039074325218
1945, 134.3578853431136
1988, 134.2807347884347
2939, 134.27606740298643
2234, 134.2529172170649
1592, 134.24135760154235
308, 134.14741503033886
2253, 134.1390965021678
348, 134.13068692122945
915, 134.0714087342908
2371, 133.87817027088238
2118, 133.77533531901324
921, 133.71966288850143
995, 133.68886447539757
1334, 133.68401410052047
359, 133.6440435894969
2729, 133.6309315730553
758, 133.6063882932404
1338, 133.57863547824715
322, 133.51597130742908
310, 133.51597130742908
592, 133.47260446119043
2887, 133.43124077355776
3449, 133.4291437602237
3023, 133.3966256351279
652, 133.3599735047981
1609, 133.2514960394757
1552, 133.24020085840152
1546, 133.22374835582366
2848, 133.1966560985254
355, 133.1312808029389
2182, 133.10850566368657
749, 133.09657588314923
2892, 133.0616395595661
1933, 132.89368669645933
1337, 132.85725715206232
610, 132.82255014892985
625, 132.7164958857267
2838, 132.5465633348542
1816, 132.50111545070047
2368, 132.49628166788258
1901, 132.47412998925606
622, 132.4591636293443
833, 132.4527886712823
2836, 132.28167936227103
2827, 132.19642937913642
1987, 132.11375751762031
1802, 132.0948281077042
3218, 131.9289826655623
941, 131.9120314460947
589, 131.9006192923546
1545, 131.8286927961427
1812, 131.77920766871688
889, 131.71176969837012
578, 131.6235927367801
1947, 131.58442079595812
874, 131.54523215244845
2944, 131.31483444635714
991, 131.20781781346864
1000, 131.09341569649723
951, 131.0880145873358
2941, 131.0568829946982
1845, 130.90720798132068
1843, 130.86839753852863
630, 130.863044862356
2001, 130.70055069007287
1798, 130.69182937178724
233, 130.60453983403403
1763, 130.59155478690417
1350, 130.4298226161488
2316, 130.36090228649954
1290, 130.3349077658467
2995, 130.29727918733073
362, 130.28425358824316
1602, 130.27613505624473
343, 130.25768700795695
2934, 130.13477956503343
909, 130.02428179664452
2357, 129.8941673634931
988, 129.88887093465357
25, 129.8683375707892
1005, 129.6895121955272
2896, 129.5269487279107
1844, 129.46432362672138
617, 129.44303311988193
1826, 129.07586453826144
1310, 129.05492618732325
384, 128.83677809650212
390, 128.77190470543954
1547, 128.69781570357344
802, 128.6941100909051
1775, 128.57878177130107
1379, 128.5751019900494
1384, 128.52784073464576
2954, 128.50212821429878
841, 128.33845783018123
2945, 128.2968575281742
2894, 128.29506146513924
1795, 128.13972651425763
2855, 127.68654187637024
1541, 127.67555278038823
1821, 127.66702485844446
356, 127.55734234478523
591, 127.28125735326829
2890, 127.25619533197676
341, 127.20567134639643
1842, 126.83512037226224
794, 126.80320364592623
1526, 126.69096311262152
1012, 126.68276863913198
1762, 126.63379649870382
2358, 126.52951604006792
2402, 126.50867966716041
772, 126.44144057993786
2957, 126.21538058970785
2333, 126.05202861679554
1931, 126.00844713335128
1347, 125.95128988679258
1373, 125.79743218217125
1534, 125.6260096288028
2248, 125.48446444485661
1355, 125.37491568108052
1784, 125.31595234476711
939, 125.07477676273014
1532, 124.88181680040239
2935, 124.81736057554521
1613, 124.7695023132429
2364, 124.57227546109027
2904, 124.24777536296342
2143, 124.22348482541523
1616, 124.18654768881869
1542, 124.1639289501641
3036, 124.08020168299025
628, 124.04655021893223
2073, 124.0163689473954
884, 123.89921140303125
629, 123.84202484886893
3220, 123.80232186536651
1919, 123.60675465465988
1764, 123.54128557658319
1768, 123.2547326868494
344, 123.08531594019179
1274, 123.00138435666595
1781, 122.96021963423638
1190, 122.57589128240947
1765, 122.31453203417567
793, 121.61637121424023
3412, 121.61049748069279
2943, 120.90983921802206
2955, 120.41856623619597
316, 119.30525117911786
901, 119.01217051463581
1287, 118.32532321724634
486, 118.0677165601482
2930, 117.90676273622475
2870, 117.5134666763345
3219, 117.44461511839941
1564, 117.42162255738305
1267, 117.41811618627682
391, 116.91296996946421
1364, 116.8324182993206
3216, 116.3347869658662
3223, 115.98090735218595
2873, 115.7291068081582
403, 115.17172918900005
3221, 114.43599483405501
3222, 114.37911708596025
3217, 113.21539387570778
2942, 112.43706195711952
2865, 112.03784569643453
1358, 110.19071822549222
1064, 109.30169615583672
516, 108.68141896938977
1468, 108.4793882814879
3145, 104.5454224147001
2867, 103.25541387443081
3411, 102.89643876930032
1862, 102.56638797294134
1264, 101.94206231709313
2012, 101.64590264180296
2739, 101.00241287062698
519, 95.05062736750631
1157, 94.99264743549712
493, 94.32074591659271
3121, 91.83151474135579
183, 87.29613770590817
3161, 85.08312625141525
1612, 80.71239761800106
