231, 3057.8643754742693
797, 2907.2887119346087
2854, 2513.614428929533
2117, 2502.732050158266
720, 2434.173183079806
2125, 2393.723953147965
927, 2393.067401689191
573, 2355.831266005695
752, 2346.0490024553055
871, 2303.3476469113402
714, 2203.254344400276
725, 2197.527711413336
800, 2135.1315699728766
2254, 2112.137770650712
713, 2109.720952358626
2245, 2053.644366447363
3014, 2053.246984254599
559, 2050.7782801657186
2319, 2048.359883617952
3045, 2041.4545654797382
992, 2003.890576752253
822, 1969.7452417264178
919, 1959.8852253623295
918, 1938.1598009434904
645, 1935.9185422984162
3038, 1914.0622205782363
839, 1861.7304169731124
799, 1849.8768527951568
2359, 1840.2727830868603
2839, 1829.424499851236
1550, 1826.0178228594546
1555, 1808.8681550027468
2830, 1799.9792533344369
616, 1794.4703676873469
718, 1791.9111433460675
987, 1790.186331171773
942, 1739.9179436539944
779, 1723.7910681473634
1273, 1717.9067926239543
1006, 1713.378818549449
672, 1700.8277804158465
2206, 1698.1952836075006
834, 1696.9430635370368
867, 1683.5268012277536
2131, 1652.3149288591078
2844, 1649.7600886382993
235, 1642.0372639626444
849, 1640.3476202531024
1480, 1638.8156827708187
1549, 1634.8770290649422
1014, 1604.563993151063
993, 1585.647924256098
904, 1576.9797871346263
821, 1574.2368743546888
937, 1572.9230224213752
1020, 1562.977397832255
658, 1560.273830634555
599, 1541.3372223148472
1268, 1536.3476742153928
2183, 1528.943675918369
2903, 1528.2345061682627
2831, 1523.7421816382785
565, 1514.571884046353
2119, 1514.5165208405078
1265, 1501.7429244154719
602, 1494.6730742286927
2115, 1489.2677250191543
2154, 1485.1509591909119
2164, 1482.149230231292
3448, 1481.2422409952026
614, 1472.6518403521325
924, 1471.9377965709045
2907, 1462.4359482055102
1982, 1459.3256639512292
1618, 1449.959371327257
798, 1448.8041778630818
3229, 1447.1179687844613
693, 1437.8201178129054
1829, 1435.8948293818855
1280, 1433.9948745779943
1007, 1433.5101357476244
659, 1431.8406579209645
872, 1427.9042251473966
782, 1426.0630053887687
690, 1424.0568765766443
898, 1421.576412173805
1022, 1420.2508720565706
1294, 1419.870852553397
1601, 1419.5877438957093
801, 1415.5459074089488
983, 1409.9592759788418
1981, 1405.3448519851531
3044, 1402.4709469247987
3037, 1399.1725866710603
2228, 1394.4822858011087
572, 1390.3219738878631
2847, 1388.685837553174
1886, 1382.0304551710012
973, 1379.67043572178
1400, 1378.0124277951152
2908, 1377.5092948061545
1291, 1376.5278149807164
1458, 1376.1304899011332
2163, 1376.0715967086
828, 1375.6083935436823
897, 1375.302829963834
1673, 1375.13870920049
596, 1373.8489060929699
2256, 1373.5239333287873
26, 1373.024299579154
312, 1370.6536292548383
1984, 1367.6593596737946
730, 1365.2733069798994
708, 1363.5768209609148
1488, 1363.2867516557562
934, 1362.2830154369296
352, 1360.4269369627264
683, 1360.0489510557454
707, 1354.9871685267924
2850, 1353.5274344030545
351, 1351.6104408374454
558, 1350.127970977061
930, 1345.6686019974645
704, 1344.7651942965815
774, 1343.027487767634
893, 1334.4608034082958
1595, 1334.0894055928331
2216, 1332.7008430956998
1021, 1331.4870531424176
584, 1330.6206160282677
2166, 1325.7421457956625
661, 1325.022916997904
847, 1322.5919216310335
1277, 1321.6437670499215
705, 1321.3312007697352
2403, 1316.4550179825978
1500, 1313.038237085162
1330, 1311.9809069275823
905, 1311.9428596669588
696, 1311.8170435377879
2176, 1310.9660210374323
2165, 1310.4827374494173
1594, 1308.196153832836
2829, 1307.6740610320064
525, 1303.3039789146324
646, 1302.5159836839878
656, 1293.6443336689833
2992, 1290.309636697522
3230, 1289.916738648049
1314, 1283.8257196600637
1491, 1283.0902706330528
2136, 1280.4726183558523
879, 1279.5923990716492
3026, 1279.1595842616296
2750, 1278.8871592895166
962, 1277.9697721572852
2150, 1277.2204905253539
1403, 1274.8168625184717
1315, 1270.4786231002972
1010, 1268.8048593813764
701, 1260.9239740745838
976, 1260.2500576739646
1415, 1244.4424961692098
2327, 1241.2900420494025
1377, 1240.4390006447022
635, 1239.7301212545678
363, 1237.7478172866768
324, 1237.7256960275513
2190, 1237.5906748762175
2833, 1233.8553338565725
3030, 1233.8357556705744
999, 1233.409944701298
2121, 1231.9080886148226
2222, 1231.5442223468763
974, 1230.211764583166
3031, 1230.0908749003106
759, 1228.9863893195304
856, 1228.2186214837425
2175, 1222.8426889470343
1490, 1221.555595899532
882, 1216.2269958332179
1422, 1215.308791083128
638, 1215.0064055443688
2410, 1214.3337063724832
846, 1214.0435098160372
949, 1208.8080186860798
891, 1206.2967534782217
943, 1202.8108777309671
1354, 1200.5968967632214
1357, 1198.610614009622
3034, 1197.4727883332753
240, 1197.254821772736
938, 1195.555246745446
1493, 1195.380179100543
1331, 1192.7932493004987
585, 1191.6392785557707
1080, 1191.3203751406954
2130, 1190.033999052999
2202, 1185.771668187517
1370, 1185.7673935597218
868, 1185.6918710153627
792, 1185.6724351894097
2846, 1182.4398100202704
2233, 1179.8848412861262
755, 1178.6409245733344
1018, 1176.2054207488668
1620, 1176.1432806796242
963, 1175.7514540268403
1320, 1174.3168100050714
2845, 1174.1087755075116
577, 1171.8011842012536
2324, 1171.170545625331
694, 1169.6656458578516
2994, 1168.8775583136648
2229, 1168.5615671573114
253, 1167.7801218683453
804, 1167.4914765524202
239, 1163.2292446374458
1387, 1162.0090314777215
2146, 1161.7785368642071
1494, 1161.1637579151604
31, 1160.53269695485
770, 1160.2117013957936
618, 1151.0030426174637
785, 1149.1383924239492
866, 1148.4711070961746
2198, 1147.846964943814
2946, 1146.5917300986498
346, 1146.558512775326
1408, 1145.8940729010963
1820, 1136.8302818638563
236, 1136.636713572137
1779, 1136.1411572712793
256, 1133.3330645149665
1346, 1132.6539225729566
958, 1132.0379037133116
657, 1129.6807378770789
840, 1129.484155252273
740, 1129.4453654042195
2841, 1127.0591285486073
1023, 1127.0262121249991
1554, 1125.7877930443055
1272, 1124.9081097122594
2949, 1124.1302141552392
350, 1124.1072352782048
636, 1123.149908944558
568, 1121.5338697995267
706, 1120.9303828569807
2148, 1119.530930322303
813, 1116.9821099261724
1345, 1116.6506503239054
2237, 1115.0829076787331
892, 1113.1117070862829
2123, 1113.026768247363
1481, 1108.9237244012415
314, 1108.8641769123003
1295, 1107.740699685904
1419, 1106.479791014884
3271, 1105.9216961109573
354, 1105.4312467669426
1786, 1104.7819568227508
1393, 1104.3219915212292
1292, 1100.7862842256593
1266, 1094.813014991554
2897, 1093.4264027993604
2189, 1093.2398958086053
1327, 1092.1984780697137
1016, 1090.9439997920285
1504, 1090.312347282011
754, 1089.994501220433
2858, 1089.9597775470954
3068, 1089.6583215444664
1411, 1088.5863334570167
990, 1086.6683108866391
845, 1085.2710082518718
1421, 1083.270204579587
364, 1081.8051276302388
2828, 1081.4533588308366
703, 1081.1769827276112
1548, 1081.0953703017003
315, 1080.7968935980452
306, 1080.7968935980452
1792, 1079.8520474699171
2168, 1079.3693037517046
1372, 1078.9532881162665
1506, 1078.4128488435656
1276, 1077.181104843262
824, 1077.0938480270784
2120, 1076.9305626889695
2840, 1076.879374011741
653, 1074.5207048385475
1799, 1074.0523913431941
1841, 1073.5179308723816
257, 1073.0610423924522
692, 1072.9792680063795
970, 1071.3582345074226
1492, 1070.1240933839456
640, 1069.982833964308
1348, 1069.5497680285678
1569, 1066.2538588968803
1887, 1065.1324792055461
1599, 1064.317608397005
1361, 1062.0380092013168
1486, 1061.977906924565
2171, 1061.6701994310758
603, 1059.8893697169442
2376, 1059.5242827726463
873, 1059.4937548645864
1308, 1057.703381290342
886, 1056.8705207998644
1001, 1055.0656881960497
2138, 1054.6996299372597
2169, 1054.6176955228143
1307, 1054.2388906256983
2156, 1053.9988031075602
1285, 1053.5782864042944
2209, 1052.2250267996715
1839, 1051.3659357502042
796, 1049.745451062166
1909, 1049.1923974719355
763, 1048.0133624389232
728, 1047.6666190942121
1840, 1047.612186808443
929, 1047.2379301716303
2113, 1044.9008357960802
1318, 1043.7638356024531
2173, 1041.113722419371
2231, 1040.3084736866792
664, 1038.822860784658
2188, 1038.0135721287836
319, 1036.9856297518002
1417, 1036.0837368192817
1479, 1035.3832046930936
567, 1034.7874890741841
632, 1033.8271020287361
2181, 1032.3446807633052
724, 1031.5842259304786
581, 1031.2294845674676
1380, 1030.0091243781628
1009, 1029.6191321640233
1551, 1027.8133551339595
2213, 1027.4327248554957
1508, 1027.0135191964005
1339, 1026.2634621670093
269, 1025.313782120937
790, 1025.1321229061004
1478, 1024.505640622479
2905, 1022.7953819952307
2852, 1018.1301751659121
633, 1017.8107850252986
765, 1016.6880062553812
975, 1016.6312439853656
994, 1015.7784346554571
778, 1014.3922790781131
586, 1014.360026860672
2122, 1014.2238957487895
1343, 1013.8907329535529
1772, 1012.9405794049841
230, 1010.522767428025
1822, 1009.8779921468007
2129, 1009.6360005129527
932, 1008.8396950253613
2232, 1008.2350181059395
2325, 1007.9771912494303
836, 1007.4941767778088
2321, 1006.4562515058473
829, 1005.8615016134986
2247, 1005.446400216505
23, 1004.7283334562642
831, 1003.5103358782998
1523, 1003.1292334542001
710, 1002.999099782723
1281, 1002.9474354360191
944, 1001.667132883811
1908, 1000.6243631807004
342, 1000.0246610441123
2837, 997.6276211623663
2322, 997.2246262319512
1317, 995.9053705265125
1413, 995.6929232593008
1278, 995.2564570042441
2219, 995.2145168631814
981, 994.8219424350642
2186, 993.7329133300818
1015, 993.3369928081734
575, 990.5351314194803
1420, 988.5569841614008
1305, 987.0745208261183
1495, 987.0322443884783
1498, 986.7073825271531
604, 986.3408807477856
1353, 986.096186421592
1036, 985.147693522996
723, 983.9298416462059
1340, 983.7761535005783
726, 983.7126657927058
952, 983.5915567887733
697, 983.2762508330189
2375, 983.2078630401347
1582, 983.1168442974725
750, 982.5013810946986
2881, 979.5273727667701
1414, 979.4511470917862
560, 979.0512971034241
2331, 978.7596510405137
1341, 977.36789193952
2149, 976.8754339107987
843, 976.6897332820118
2162, 976.0905717402692
948, 974.0040415260491
2360, 973.1693680684075
1321, 972.4119961944584
594, 972.2814625022969
2950, 971.3717381989716
922, 970.5558894642629
1342, 970.4271233287571
2365, 969.432883855112
675, 969.3817042404395
1511, 968.2190245312864
1499, 967.3388302986915
1902, 966.8934916423777
2230, 965.2358829213149
2372, 964.7108052476609
887, 964.1122612803381
1326, 963.5710440532389
691, 963.2909663217006
2160, 962.8720592087706
1374, 962.8141436929349
1323, 960.1081136182049
1319, 959.7911272440288
1830, 959.0564990028348
2804, 957.5401464099106
709, 957.5150508935379
1898, 956.1040165065245
1801, 954.3378013661118
3035, 953.6872933390516
307, 953.5608983562347
601, 952.4936226122772
729, 952.491418112161
1352, 951.5914630817491
1470, 947.8603259199436
1501, 947.8162933583991
3029, 946.460217729501
1563, 946.0996751818244
805, 942.8391004977842
422, 942.634770245988
844, 942.1668532236991
361, 941.763235527896
1402, 940.1082588412207
1823, 938.54743151074
964, 937.9139978617171
238, 937.3260812828402
644, 936.5541870378651
564, 936.5290934220077
967, 936.2690020246256
1329, 935.040208978549
850, 934.5553055061611
1390, 933.5329946040991
1804, 933.1199466216464
2323, 933.0290781849021
1483, 932.0654589793927
1512, 930.9960543052741
241, 930.4263229657112
880, 929.8185873480627
1505, 929.5605667517328
2947, 928.7187575607256
2132, 928.4922667486201
347, 928.0965545429361
1416, 927.6914816855084
2145, 926.2889272420496
571, 926.0464862306488
665, 924.7224172033261
2888, 923.3323541911298
1524, 923.3035839143215
2151, 922.5382270728362
1394, 922.2371867959367
1389, 921.2334471142611
903, 920.1529692186577
1388, 918.7991239951231
980, 916.842490918241
920, 916.4439352974005
1885, 915.2285795316781
3012, 914.5152788853266
959, 913.8745572330886
1008, 913.5521957785761
780, 912.34027955449
971, 910.8563739615189
2095, 908.8644125663608
931, 908.768835639344
2422, 908.0636300389452
1392, 907.4418523560261
639, 906.1312797135037
2899, 906.0600336856809
977, 905.8344595419252
2361, 905.7164923533071
1293, 905.3759879760788
985, 904.9593954869429
1312, 904.9365473068356
815, 904.9325820956159
1351, 904.5631589944632
1275, 902.4405495106679
2172, 899.4044634937579
982, 899.1035805818576
830, 898.9060694033517
687, 898.8701438959222
2246, 897.6155484067667
27, 896.3499558780409
2142, 896.2050295145542
945, 895.685157754944
1489, 892.2482817755396
858, 892.2421052468322
1368, 890.825322387552
2127, 890.490822900753
989, 889.8478977520328
698, 888.1167293612181
2993, 885.1339890035965
1336, 884.5854646772117
2114, 884.264238258464
996, 883.9041290382611
1311, 883.3471785226609
574, 882.279593967425
712, 882.146793222417
857, 881.8040179905757
2377, 878.973466111836
2116, 878.7116383813017
1391, 877.2071928321188
842, 875.8085348307476
1568, 875.0767283898845
2144, 873.8687695331508
1619, 873.7823756131477
2126, 873.1681105700244
1011, 871.5992137455985
666, 871.1290228360757
812, 871.1113412941476
986, 870.9865690924141
2851, 870.0446437721929
3002, 869.6432152135916
2159, 868.9809886604886
2423, 868.8347385850061
2135, 868.3307139689563
1815, 866.4268126223097
3233, 866.3636066674568
1614, 866.0549266093104
1897, 865.915236494263
1556, 864.6604676682306
1017, 864.4481049106898
2196, 864.3832207671891
1835, 863.8414454036449
1527, 863.7433602246961
1808, 863.7253651862184
1367, 863.559004453986
246, 863.4001070293222
1832, 859.2961805292875
888, 859.2911185561703
1289, 859.1254114824277
621, 859.0530463999596
270, 858.5745426902841
960, 858.3519090769305
1473, 858.3420963642686
258, 856.9162656886781
1884, 856.877513829395
1344, 856.4620507667079
928, 856.0375900337458
1622, 855.7207013381801
689, 855.681652594813
1271, 855.5347689599008
1356, 854.079628340998
1561, 850.5708557442493
702, 850.087126188324
741, 849.9289292614872
357, 849.6239029926826
808, 849.1460737710846
2194, 849.0760449721714
837, 848.562001683299
2187, 847.6071218620671
1474, 847.4699615941311
1950, 847.4364918152967
2842, 846.988215956475
1286, 845.9106613376409
1528, 845.8277908767714
623, 845.8080143938479
2141, 845.3000790990524
827, 845.0574743110118
1790, 844.8371285143462
673, 844.0880407496618
935, 843.0381742827207
1013, 842.9995509921781
2362, 842.9497657326322
955, 842.9337116799995
2200, 840.7781748718445
2214, 840.7191092096837
1282, 840.569020397351
1992, 840.1643992219052
2891, 838.8878174651587
1376, 838.5582062008893
2225, 837.5298895509209
968, 836.5910227135838
1789, 834.9704926676776
2220, 833.8943036443809
825, 833.2193778723032
1409, 832.7263817118782
817, 832.6869666271048
1333, 831.9497800059382
1507, 831.8058523921234
2430, 831.63683178014
349, 830.7342151636815
2997, 829.5591423304078
1322, 828.9519013149884
984, 828.8374788329368
751, 828.7553247045917
529, 828.7532853830078
1942, 828.3428106913234
660, 828.2948063604312
1475, 827.8571275159504
1496, 827.0491145737718
2221, 826.9007358262774
600, 825.9629028220354
2140, 825.5871572434403
1777, 824.6528018670357
719, 824.4140572914571
1270, 824.0293808566124
1497, 822.3394001904055
313, 819.659436518657
2906, 819.4658811247245
1407, 819.03175074839
353, 817.9360216311924
1037, 817.5866820144304
1916, 817.3048323739852
3022, 816.948657475889
243, 816.8995073919046
1503, 815.4542534240769
615, 814.8329236125614
1930, 814.5100136808971
1279, 814.38807028234
3027, 813.953731951483
1828, 812.6127042140251
2318, 812.0423759120912
1836, 811.8352416266235
3321, 811.4986270019086
739, 810.479773367347
2250, 809.1967649627977
1366, 808.331984592377
2438, 806.9509715795461
908, 805.6216416042023
234, 804.552040899339
695, 804.1306086980702
2427, 804.0036351958179
746, 803.1135967388682
2373, 802.8664296613566
917, 802.7638251468865
1985, 802.6138958334993
2199, 802.2610604154705
2370, 801.8852818315911
620, 801.3969048318334
1807, 801.3912998275177
2326, 800.2461512523063
3272, 799.76537920421
766, 799.5777940981344
1837, 796.8101671337663
1954, 796.7624511756402
1817, 795.0425526897155
579, 794.7602294863764
528, 794.6448065224469
595, 793.3234224195912
1365, 793.0303633415632
2255, 792.5745906933643
2806, 791.4961849657572
3025, 791.0865265315705
2849, 790.943984704447
2243, 790.5377585687053
2436, 790.4783871081856
317, 789.6672748298296
309, 789.6672748298296
1039, 788.7100105839762
700, 788.5149911114862
320, 787.8081824479189
1332, 787.6646983067332
1472, 784.3150667401719
972, 784.2926085398981
1288, 783.4973242436597
1778, 783.2513768868317
321, 782.4445038379033
940, 780.8027389978166
1544, 780.6042076885318
2180, 780.4975975472651
954, 780.3468789319973
2197, 780.0892960855833
1654, 779.3600842772596
1378, 778.4804483513636
854, 778.343178992208
2112, 778.1517947922345
609, 777.9574184037613
688, 777.6900631389944
2195, 777.1686392008514
743, 775.8211275617399
2236, 775.8096278985953
2317, 775.645864778533
1335, 775.2625678103915
2936, 775.2349650435995
2426, 775.014910759209
1284, 774.5097144794878
902, 774.0287625736274
1399, 772.8058074468082
1819, 772.7046738466358
753, 772.5619388904856
1906, 772.429291866643
1306, 771.7151235252069
1904, 770.0518139479308
1623, 769.9745005972346
3018, 769.2865926938622
1328, 768.7835837021061
247, 767.4098604202409
1510, 767.2736013614011
249, 767.0673282449403
24, 766.9871970074388
786, 765.6742173022741
339, 765.3664261900553
1210, 765.3312888943535
1369, 764.9745000973855
761, 764.6019010314399
1834, 763.8210521718589
1375, 763.121525942897
781, 762.9733487605852
271, 762.4709850757415
876, 760.1159632903428
1787, 759.5891583976519
1362, 758.2776412017445
2241, 757.060182603248
961, 756.801214903173
1360, 756.1424288805102
2201, 753.6316844031286
1412, 752.7663113010288
631, 751.3875367859678
1482, 749.9668117247717
2161, 749.9302630727152
2893, 748.4537767195487
2431, 748.1524365623217
2998, 747.8195434370314
1304, 747.4340367586027
875, 746.1658517117746
2367, 745.96059053609
1540, 745.8917199449172
348, 745.8876167010226
979, 745.8328364981636
1529, 745.6841555028063
3000, 745.0250214995257
1522, 744.8266230694508
612, 744.686585324092
3001, 744.6091815446218
371, 743.5036201591546
1900, 743.2065801131548
1920, 742.8953236032008
1990, 742.8921366280251
627, 742.8648157159505
1325, 742.8140774469844
323, 742.6149680612147
311, 742.6149680612147
566, 742.5117089659183
806, 742.3897496461401
597, 740.4930404281226
883, 739.7136794638335
667, 737.9408431512234
325, 737.5244470510348
3016, 736.9442276208874
576, 735.4915999824668
1313, 735.4423104732646
3024, 734.1058223669289
2826, 733.9361586664894
716, 733.6936174676263
764, 732.8529873510157
756, 731.7701071364718
1019, 730.0405681178411
1396, 729.2036576558614
722, 728.5314563428294
1926, 728.3399184602498
3319, 728.201880649407
1949, 725.0052070293725
776, 724.9079559182034
1003, 723.9620150381206
715, 722.9294942858095
870, 722.5316282454334
3268, 722.5258055288282
2124, 722.4367098317019
367, 722.1889642746264
2205, 720.601952733648
2369, 719.6417578503252
1796, 719.530078662
923, 719.2906446171468
2418, 718.9009967340356
1915, 718.5900849539681
1553, 718.1283498556631
1757, 717.5278516608812
771, 717.0763060035308
1398, 716.178241033481
374, 715.531178005974
1303, 714.4784642024466
1831, 713.8093816431983
896, 713.5524015540153
921, 712.3286440004623
1921, 711.8259175875969
1539, 711.8184036450016
1983, 710.7060009858427
969, 710.4922985696187
2879, 710.4605898616668
1038, 710.3196103026609
1192, 709.4546607514015
1269, 708.762278688182
758, 708.4650536136752
1371, 708.2886629942143
717, 708.1660134414769
811, 708.1367019374785
1382, 707.6805909128603
1953, 707.640552728023
1825, 706.4032169559375
747, 706.2630226866529
2207, 705.3223553370755
995, 703.9426224865483
610, 703.7140736888089
1883, 703.4255742920935
1476, 702.9162161773951
789, 702.1674755451002
2234, 701.7861834735791
1385, 701.0984606945036
2328, 699.3326018641661
3273, 699.071752618142
791, 698.921385404658
587, 698.8631085046806
2133, 698.6186964834997
1917, 698.0658985917626
1948, 697.6062149667009
810, 695.2346240467584
769, 694.6011079779872
1640, 692.916744254308
2856, 691.5870193742147
1405, 691.5857151099649
978, 691.4973060379879
2147, 690.9869161839953
890, 690.7788093384432
1774, 690.2554405615124
1283, 689.9635573886901
2155, 689.9089677524986
2193, 689.7065601789401
727, 689.6147606374867
2880, 689.3706080300625
2439, 688.8600261944731
767, 687.5394531720585
359, 686.9199755983144
569, 686.1744818576088
2178, 685.7272822483241
1359, 685.1756157602097
1766, 685.0037867439645
1525, 684.7677933984683
366, 684.4747168137635
936, 682.911658472813
2895, 682.4425974645623
787, 681.6528358403262
605, 680.8546167347179
1471, 680.2194788236327
345, 678.6298007571748
2953, 677.2641428719204
925, 676.9179154365645
711, 676.789397428038
1944, 675.9942688558001
686, 675.9837248315423
370, 675.8704028400332
1791, 675.7897916456795
1769, 674.6128587363445
2330, 673.3611836702221
2374, 671.9626259515378
721, 671.6435004234596
1338, 670.4411078546424
229, 669.5230876304258
2901, 668.9584861087625
1776, 668.9201378431895
910, 668.539515616725
1383, 668.2466539803878
775, 667.1967004129667
2157, 667.1576952892557
2363, 666.3182125746337
668, 665.4205015681056
340, 664.8848816824495
803, 664.3971559912248
783, 664.1473337011124
1896, 663.2376365651139
1987, 663.1503739951393
2437, 661.9331842789818
682, 661.852659738087
2128, 661.5531651469174
1617, 660.9874902388297
865, 660.9038519828716
2182, 659.9503082867197
744, 659.5773709029544
2902, 659.366795031349
1349, 659.356834595729
1999, 659.2248178977804
593, 658.9302672493632
1780, 658.6399465454264
853, 658.1399867102966
950, 657.8281109219371
1598, 657.1146162325651
2932, 656.9543427371183
1469, 656.8300190183317
1401, 655.8563806180961
622, 655.3634040136241
2227, 654.8606847410807
3023, 653.9574954627735
652, 653.8594691103987
1812, 653.5492625744399
1905, 652.4878369714629
2848, 651.3207447755896
1621, 650.2268934782581
1552, 649.8116923648836
835, 649.5887614657811
946, 649.0610695006183
1803, 648.4289448660185
2859, 648.3947121850817
1793, 647.0773194850624
2843, 646.4413699905555
2251, 646.2855525824834
2158, 646.2751538586487
762, 645.8255890087739
2253, 644.5296982621596
1899, 644.3117963085821
1211, 644.1117445854159
1056, 643.5537976941906
998, 643.4660138680389
648, 643.4660138680389
3224, 642.8172958495835
2425, 642.7456684637156
877, 641.911509547855
1802, 641.2496876925848
2838, 641.2184211917902
742, 641.055341720207
1988, 640.7950405321394
2877, 640.6155039627693
244, 640.0027361007265
1890, 639.7784577102856
1767, 639.7165324941091
3267, 638.5733798277804
355, 638.2120915810742
1055, 638.1382543929288
578, 637.7478676674029
2262, 636.8047498217446
242, 636.4011634137732
662, 636.1091613061149
343, 635.577093840731
2875, 635.4032049365637
2174, 635.341487949553
2368, 635.0360843361615
308, 634.9509474911354
809, 634.7940164397712
1386, 634.620559132667
2729, 633.9637085864317
784, 632.273979138944
1805, 632.2555583552826
2898, 631.8088612498697
2434, 630.5000032471149
3015, 630.489247432971
2876, 630.4455291133853
2892, 630.4031497148146
2835, 630.2734981324653
1952, 629.5708959613445
1989, 628.85421645376
1290, 628.382261695099
3269, 628.321543585792
1570, 627.7358324479893
997, 626.5811795594605
2420, 626.4305756238231
1797, 626.3949052500092
907, 626.217123219725
2170, 625.9995445825767
589, 625.4778646732333
245, 625.2557781728129
684, 624.8494893784843
624, 624.8494893784843
1901, 624.7020551399805
1922, 624.2003819782655
94, 623.9131478489712
1602, 623.7698123964592
788, 622.9856576534437
318, 622.6329576061179
947, 620.591513820686
1806, 620.5720215496716
2118, 620.4562541808965
1827, 619.7337884614715
1782, 619.1242474472474
1546, 619.0374120624999
2834, 618.9099979036931
1591, 618.5879127619892
2001, 617.6002369313868
1334, 617.4011881064388
1297, 617.1255691128229
1606, 617.1133356926676
2332, 616.9144180582848
606, 616.749431079897
5, 616.4715154607669
869, 615.2775515681654
1363, 614.6960048680575
1538, 614.6080160208213
2329, 614.4244168338731
2211, 613.939754221404
1943, 613.6300585918002
8, 611.8156136902787
327, 611.5359288288184
1000, 611.3834360789722
2242, 608.5984920112787
2547, 608.4693493878948
1934, 607.6053666553993
674, 607.2850424068646
1609, 607.1869306554959
570, 606.4499627548889
592, 606.0001383847748
749, 605.5825907706776
2334, 605.3752488022801
527, 604.9647412472365
1615, 603.6880408139358
3450, 603.4923772107695
3270, 602.977257472951
2336, 601.9076259154817
1337, 601.7176122405987
11, 600.6188631804318
889, 600.4126832047908
1959, 600.3166608740247
1907, 600.1334983690626
941, 600.0576504803039
988, 598.9756433692368
2134, 598.959537129236
951, 597.2097240373497
878, 596.5052918779551
29, 596.0381264844825
777, 595.7552010649526
1418, 595.6221180789436
2215, 595.1794296383483
991, 594.0687494732508
1004, 593.9260740059585
1882, 593.3696779159882
855, 593.1338304800739
322, 591.6834627557824
310, 591.6834627557824
1918, 589.6443647380253
1005, 588.1205573287389
1935, 587.1282429287488
625, 587.1117612829995
25, 586.7509101982699
1350, 586.5804439035231
1309, 584.7295208930053
1833, 584.661920289789
1977, 584.6218638015432
1404, 584.4223063903266
1946, 584.3051682553291
1957, 582.4512100787222
1928, 580.9060079041362
2996, 580.6458980655909
1410, 580.6294531691059
1395, 580.5177948186627
1986, 580.357324498806
1927, 580.0743653020187
2208, 578.7195543865716
248, 577.9283049609494
2887, 577.5372318049133
2884, 576.4483390020575
911, 575.5028906784933
1044, 574.2587528174721
915, 574.1669412972491
341, 573.8484588936985
233, 573.3590269677662
630, 573.2337764769046
2435, 572.8064265646956
2428, 572.8064265646956
2855, 571.8046019556233
1592, 570.5647664699194
1816, 569.9042754503558
848, 569.19524151065
1929, 567.707607299159
814, 565.1064931268461
3320, 564.7295516798625
1653, 564.3510974737658
2371, 564.1146088377665
1810, 563.9061615426536
1310, 563.7587929715903
2316, 560.0064248948274
524, 557.4386282169964
2281, 556.9564660270304
1453, 556.4153446618341
899, 556.320821331264
2874, 555.4134290570049
30, 554.392504051763
1795, 553.8296408421751
526, 553.2684239535573
3449, 551.7925793423877
2805, 550.6527548873833
2886, 549.8967461946257
926, 548.5627204726468
2137, 547.7593121151083
1545, 546.8543901854049
1723, 546.5415429286397
1379, 546.210242136029
2896, 545.9925447448759
2000, 545.6055827532509
3218, 545.4576964134259
259, 545.1763693731715
833, 545.1419728581913
2191, 544.1047573795639
1783, 543.6888513866184
1509, 542.7482502077481
933, 542.7328381981977
1373, 542.1183656385863
894, 541.8609168004526
2889, 541.0190797562971
772, 540.4579070839131
3451, 540.1267801995256
0, 540.0731799993457
2357, 539.3383136303255
2882, 539.2239678401221
735, 537.5123498029915
1798, 536.5904740979835
802, 536.5712594217858
1296, 536.5029701806358
1951, 535.4093060425603
356, 535.2294652512694
1579, 534.0099857329359
1932, 533.3372862817871
818, 533.2882182435156
1845, 532.2602456417515
1355, 531.4812426743866
1933, 531.4119645092925
2944, 530.5644940182042
1484, 530.4784414850036
2153, 530.2832534890582
1347, 529.1853862359397
2832, 529.0667762460708
1888, 528.9765749051069
360, 528.3153117008661
2836, 527.1516782995552
1809, 526.3125495239516
2878, 526.0574927308776
1384, 525.8733540349984
1578, 525.3139089349326
1547, 525.2576471261627
1846, 523.772214143306
900, 522.9105992346886
841, 522.3466742513202
1843, 521.2744716846687
2248, 520.887870978122
118, 520.5027970635145
1012, 519.7163165280218
819, 517.2224293011031
2890, 517.0926073767307
2402, 516.8271256905472
1826, 516.4714952260712
1936, 515.9515485593871
2827, 515.1874742054302
794, 514.9900050899067
1455, 513.1006184776481
598, 512.148629506853
1784, 510.4430420650806
1775, 510.4184754488975
3215, 510.0577480607549
1526, 509.60819800645936
745, 509.4016005876645
1565, 509.1643179920352
107, 508.0432118341678
884, 507.97784144610097
1844, 507.9463198670513
939, 507.7843001596816
1956, 507.66516283493445
1938, 506.96456321089426
807, 506.8236625171763
2432, 505.26892335993176
2335, 505.10837768483196
1924, 502.93133051223964
629, 502.5535630990433
28, 501.5498825187862
1763, 499.6720761043568
3013, 499.46604114651427
1903, 498.95559025552666
2999, 493.0591122506379
9, 491.0948844415914
1814, 491.07677316130184
2945, 490.0574041935162
1939, 489.26698478749114
1940, 489.17634478304666
628, 489.1137067016142
2883, 488.5628382553806
1324, 487.9612754712029
3, 487.53869364344894
591, 485.29865364957266
826, 485.11623463317096
1818, 484.7196098048635
2364, 484.36939920981445
1923, 484.0172444920814
1842, 483.7191835905346
1947, 483.67362174522736
362, 483.26928425921267
1613, 483.03544719999167
823, 481.8151824010253
2904, 481.6212653113442
1255, 481.49132873613837
2731, 480.85978280895677
953, 480.70155711491674
1937, 480.6560736365417
1955, 479.3064071018262
1274, 478.9081270664506
1487, 478.88015360381763
1616, 478.4625763741571
3009, 477.68371802571835
1485, 477.4797737221925
2935, 477.4136906889831
2358, 476.9668837286513
3234, 476.81804944208955
1945, 475.76504543339405
344, 475.3790733509482
617, 471.8719674807175
2885, 471.5761598848361
1781, 469.6213218162485
7, 469.09076555944245
2991, 469.0733662292628
1762, 468.53693621703337
112, 467.56674351268134
1821, 467.0497921060281
2429, 466.14553238986275
3235, 465.03772571990544
117, 463.78673193793185
10, 463.30577576970194
6, 462.12728977746565
1889, 462.01509189083754
874, 459.9001852013055
3017, 459.4061057041821
3310, 457.7938493720957
2995, 455.8754669269011
1765, 455.867477225312
2857, 454.8947812880684
760, 452.8437016691671
2192, 452.09991958385933
1768, 451.99057191677275
2143, 451.5103014829194
3011, 451.37468890276136
1764, 450.8922253779365
1824, 450.8445436304
182, 450.61089588719824
1541, 450.5269512746846
3043, 448.8184089641115
793, 448.65656769142976
2860, 448.4905309424213
3220, 446.5250155953035
2320, 446.15519273306705
1785, 444.6560972524821
1794, 444.09621108423227
2894, 444.0170586178096
1190, 439.31285647776394
1788, 438.2466358610345
1577, 435.2045480477548
2333, 433.71670447638945
768, 430.76874567065653
1661, 430.71213402554366
1931, 428.9449679086866
1542, 427.94057403156637
901, 426.5020526038598
1287, 425.5897781576543
1919, 425.18514838968844
641, 423.75611891111754
909, 422.1743698251823
416, 421.83256380813935
418, 420.33655438089284
3431, 414.9631474452218
1267, 413.60592529684146
420, 413.0430609065083
1800, 409.9737988958542
3036, 409.43904682237337
1895, 406.87933713237976
916, 404.0058836118194
421, 403.2560883425109
4, 401.4141238014067
1571, 400.9543353574109
1709, 400.5458454502682
1062, 400.31016575308445
316, 400.27539140869914
1153, 397.3927449243517
417, 397.0234845590466
1580, 396.0154794514641
2900, 395.39275665934304
2861, 390.8528735471111
1532, 386.9661924815101
1566, 386.7744212358799
1, 385.3359042823548
2010, 385.2334763125398
1302, 385.04832055824085
3188, 383.1800862998467
1564, 382.64934587196296
3164, 382.6373435448987
1457, 381.6510863049208
1567, 381.26791091526843
116, 379.6171370945857
1364, 379.212376471943
1427, 377.80277324459314
3216, 377.10816452051546
637, 376.77099468859376
1425, 375.893871270437
1316, 374.91059521775276
3219, 374.2678187837487
1958, 371.92044311638693
1426, 370.0560005328732
1575, 368.6576979170639
2971, 368.40353465679596
2275, 367.41183720696915
419, 366.5185372994589
13, 365.32418814957737
3228, 363.80262797449717
1423, 362.7646144700869
3223, 362.17288861781134
1454, 359.5668348010699
3236, 358.1331746961073
1632, 357.44022022077564
1573, 356.7732633263789
2433, 356.7639182847978
1151, 356.2910257538744
1638, 355.9700022544678
3221, 354.9043655066257
1156, 353.7321865465938
268, 352.83394749272844
1864, 352.78112693796425
1073, 351.489401989324
3222, 351.28751605352903
1694, 351.27658362905026
1440, 349.8046177291218
1562, 349.48541485143403
32, 349.1477078033695
1216, 348.624060632377
2351, 348.3951784643628
1838, 346.6508233810831
260, 346.11357393413857
3217, 344.6935184030693
68, 344.1480997041171
1178, 343.94470235177647
109, 343.6963439948026
1572, 342.94741396293534
96, 342.52679014943925
2270, 341.5444347255031
1543, 341.1663741381412
97, 339.3429248291841
1976, 337.5596698511034
1358, 337.2955850776873
1962, 336.97220247429277
1152, 336.0754469308263
3387, 334.18886496119944
144, 333.9056795786088
1397, 333.8999292201154
167, 332.56179379540725
12, 332.536999433785
358, 332.47201137143423
1424, 332.22567937876823
3392, 332.0770409736416
3417, 332.02481975158327
64, 331.7985835508061
115, 330.37729389978847
1576, 328.45679577389757
2395, 326.47459366354616
1034, 326.2616169631934
1065, 325.4854117403388
2400, 324.54712533220936
2801, 323.7008908529183
1588, 323.687638058367
2097, 322.9149412634823
3376, 322.61490885551206
122, 322.21546230233827
1180, 321.2790951243524
65, 320.8684127738762
1574, 320.46070408922634
72, 320.4595183970608
1634, 320.03474613109796
1813, 319.9953382922659
166, 318.84365680593925
70, 317.7598029202343
69, 317.7598029202343
1605, 315.74351878297455
2915, 315.317517917025
67, 314.4920876558887
1220, 314.4483336481843
93, 313.7340317070346
1061, 311.92866181267163
510, 311.6384534347536
1068, 311.385564826359
2972, 311.0145872565259
2384, 310.75204401479056
1406, 310.55084399956434
1663, 309.3992000753417
2399, 308.5010763925111
101, 307.7584532385444
1693, 307.71480620154273
3374, 307.51743520269946
1428, 306.7466821580877
1996, 306.3530974855925
3356, 306.2761483277844
3428, 305.2391122314279
2787, 305.12267035600485
3122, 304.78305553596965
2775, 301.2161185248626
3140, 300.9403562654206
2913, 300.76904014726546
3126, 300.57747189303007
1198, 300.4337544837852
2414, 298.9628617186001
179, 298.1832191012962
3406, 297.7345276325598
1207, 297.5787109621736
3349, 296.8682958097011
1123, 296.76100819047036
1224, 296.60644941297636
1120, 296.1035633398803
1191, 296.06146840148193
1155, 296.0341117467425
3137, 295.0901050667492
267, 294.4303357419986
1150, 294.24432097739924
95, 294.16459156422843
3422, 294.1280905141775
1713, 293.2706205764962
3368, 293.1646865228159
434, 292.99131324957625
1240, 291.92404110862566
3138, 291.77325498302554
1108, 291.392315803723
90, 291.0355915618758
103, 290.5566858600128
1441, 290.33715289786124
1225, 290.1373107048204
3328, 290.09861088160073
2799, 289.8298345703459
1477, 289.5867632556775
3060, 289.54438897086936
522, 289.38881835473114
2550, 289.0820853263422
1138, 288.49008526518514
1658, 288.01376336184575
1189, 287.94747746927777
3337, 287.61165383903386
3127, 287.2976297593484
1194, 286.7369284927801
160, 286.3164872471551
1078, 286.1093131176051
232, 285.9955613322752
190, 285.9583494728894
2761, 285.53756932767703
1222, 285.0431219451424
1135, 284.9727768980923
1467, 284.7620575710443
3075, 284.3856355491083
2770, 284.22304782424766
3116, 283.7779703688714
2977, 283.58970077750854
3104, 283.33757118742875
3088, 283.3178333539133
1134, 283.03865477082115
3096, 282.6319816496652
121, 281.884234463037
3152, 281.8110624255643
338, 281.47043994630883
3390, 281.4530985540109
3355, 280.963033669022
3074, 280.90755472971483
2378, 280.6610785703262
3067, 280.5736279507315
304, 280.56592682680684
511, 280.5187170496763
133, 280.3876114973651
3157, 280.2961788694614
3156, 280.13159825263085
3338, 279.97619617133483
2551, 279.5648362817564
3052, 279.36717715707414
2007, 279.2083215940794
1998, 279.0969216751699
2762, 278.7869715185272
2967, 278.1359452161455
3427, 277.8648171178686
3109, 277.8425875929897
2719, 277.75079209745456
3124, 277.54276869525705
1195, 277.4175294627325
1435, 277.39367044123475
3330, 277.32677313572106
3087, 277.1979755319156
1079, 276.96936179166306
1460, 276.7286683740017
1107, 276.33639717816294
1223, 276.29606680395403
108, 276.2099360266327
2984, 276.089312510778
1146, 275.9788113690811
1127, 275.85674006680296
3076, 275.8033234642156
1251, 275.55866783767596
492, 275.05582062624234
1186, 275.04625239129155
2023, 274.9221777415196
1719, 274.62654946299995
2982, 274.56877809183896
1656, 274.5515539459063
3053, 274.2771755678539
1518, 274.2232294164528
2796, 273.8649943849052
2295, 273.8648150683126
1167, 273.76311831031586
1250, 273.60908196099444
541, 273.22354148551096
3081, 273.14535252037257
2411, 272.4569593284852
3103, 272.3827529083505
1431, 271.9815578073317
1131, 271.31120416386995
369, 271.2311739858467
1261, 271.1394140646204
1227, 271.10054341056343
205, 270.9383573800997
1116, 270.8055286153538
1168, 270.52920739883626
1097, 270.4858923457224
1246, 270.45969980620265
113, 270.34653129668345
1514, 270.0031578652309
498, 269.9752978753076
3397, 269.9548734126102
1136, 269.9218051655055
2268, 269.918333626807
553, 269.8133665606405
1298, 269.53948814970846
1881, 269.2373686210612
533, 268.9777113651396
192, 268.94927713247506
2976, 268.69915438802445
1446, 268.52431169496475
3158, 268.0730130654547
2028, 267.8696909187346
2815, 267.76226588785505
1176, 267.06960580158426
2344, 267.0112438958919
2347, 266.97002174861206
1133, 266.71095589421714
209, 266.6610202584678
1188, 266.54107725156916
2771, 265.9782481924804
1163, 265.8450378563521
545, 265.677654929771
3430, 265.661427153312
2800, 265.4696982627922
1197, 265.3768929403829
3102, 265.2697214935573
135, 265.2364446598139
2273, 265.19262923119516
89, 265.08129723651405
177, 264.8787848620931
3154, 264.81129822902915
1196, 264.6879728997247
3141, 264.11064589056167
104, 264.0604631515966
2716, 264.052328697263
92, 263.8804938396003
3377, 263.4745589234806
1201, 263.4150741035692
1257, 263.13067530844813
1213, 263.008132999181
2421, 262.7107920959575
1242, 262.6635416982283
2065, 262.6469961153639
499, 262.52087820455966
1059, 262.493414168528
3414, 262.028485223556
3335, 261.7108832489612
3400, 261.6663996461185
3117, 261.5942904537714
1436, 261.45296818467796
102, 261.04805503110447
520, 260.13438450046016
261, 259.92162036271765
1217, 259.48808774605743
3115, 259.203816973459
1181, 259.0088852328828
1208, 258.7089707643108
1593, 258.57982867484384
66, 258.44942680274096
99, 258.3883162471034
3351, 258.3154156955032
1438, 258.23486166788757
120, 258.20840789903315
106, 258.0691737435909
3399, 257.8359483979256
1182, 257.6974782647162
125, 257.69700011436055
1773, 257.42021859474085
1160, 256.77552721228676
1125, 256.6680412665525
1137, 256.64153817894345
1711, 256.58649011365253
3394, 256.5109433673992
3375, 256.43653348467194
1254, 256.34284853185665
1070, 255.61946112656335
2412, 255.60144410689068
2304, 254.84765906095757
1175, 254.81269011117234
3398, 254.60557811533315
3366, 254.2759747634507
1667, 254.2155627561073
1209, 254.10995315364252
3322, 253.63328749050817
1149, 253.30734844545012
105, 253.23553087997297
3342, 252.987734896769
2960, 252.6108268886747
3367, 252.44472837283308
2350, 252.3339205354149
1860, 252.12599346239227
1170, 251.55226604987877
3131, 251.53205274935056
2014, 251.4539738667762
2392, 251.36951273560666
110, 251.1224806664511
1148, 250.4506702729907
1229, 250.2467624410998
131, 249.54662651331017
114, 249.2996437832651
1447, 248.94675991403622
1095, 248.89541102378644
2080, 248.41903172768698
61, 248.1880670205546
1596, 248.13245086861895
91, 248.0877675572853
1139, 248.00338744940402
431, 247.98773325996572
1112, 247.7466354784455
2413, 247.33467706000602
2752, 247.24358439342552
1678, 247.18154130541816
2356, 246.91556368577548
2387, 246.81390938539582
1154, 246.7790418500555
1099, 246.62682420416505
2396, 246.60189829831225
3132, 246.53127841818977
2769, 246.52929182558975
172, 246.44311627561396
1961, 246.39390797693736
3420, 246.33888418473063
3441, 246.29557970098836
1974, 246.2460831243742
2978, 246.2189145893049
1101, 246.15807553522453
2, 246.08127480019826
3003, 245.9366700405589
2355, 245.69927391414865
2406, 244.8312758721326
1067, 244.76018727422462
536, 244.722053267525
1855, 244.71368439460164
1662, 244.3720209315215
1147, 244.05022659896798
2975, 243.9906947062001
2974, 243.9906947062001
1253, 243.9445413070023
2813, 243.75506229718405
62, 243.64459706713544
463, 243.1873916174686
3332, 242.79075277663108
1141, 242.75319789059262
3372, 242.70558069310584
1096, 242.529124367919
1430, 242.51387372028793
3139, 242.3554566102513
549, 242.24262204555555
3333, 242.22409415119574
3028, 241.98742877750632
543, 241.96525846885345
1262, 241.74669843773592
3198, 241.43351086044987
1589, 241.4273662985113
1199, 241.1474078612439
1660, 240.93482717030295
506, 240.86364149215493
1586, 240.7968666236872
279, 240.77659258442785
1449, 240.73514797330023
3078, 240.70524734639423
2290, 240.63753894803378
1069, 240.60497393133795
1597, 240.34627539147044
552, 240.2676138663821
3047, 240.21460086584543
2794, 240.11888431963072
1206, 239.7216977767844
2765, 239.55515849591038
1088, 239.3394929885028
2730, 239.2627654812802
2417, 238.83182269289347
201, 238.59784932467343
210, 238.5855283203882
3153, 238.15594013168916
1857, 238.010944175141
2409, 237.78956670124737
1761, 237.61058155249913
1688, 237.56804317850026
1683, 237.38846508434045
426, 236.66083299877374
1214, 236.6530722198829
2269, 236.43137602965118
3425, 236.40407382520195
1852, 236.36259970941308
2798, 236.3243582769252
383, 236.23074662104128
1042, 236.00928954686603
2919, 235.6826057334771
1856, 235.67959723493973
2862, 235.62207212410433
1212, 235.60871433820134
3410, 235.16440052290164
3393, 234.84245094098083
3048, 234.80118038355667
450, 234.57759567878895
1041, 234.5465768997688
1025, 234.4354631297811
1115, 234.2360361242131
1760, 234.22502555696667
3280, 234.04644030251015
523, 234.0360565281903
2753, 233.65254213388343
3396, 233.5201906205015
1872, 233.43030836310186
1130, 233.37996674511996
3125, 233.31633940166992
3291, 233.01379338920336
2009, 232.8655402035838
1236, 232.71909948403606
2797, 232.55674014254902
1226, 232.5207735400678
1867, 232.34215643820195
2819, 232.31520847720802
1753, 232.17794310369325
2717, 232.10406139450478
502, 232.05448204744135
382, 231.73629798465836
1144, 231.5211584380677
1145, 231.42710397520165
154, 231.34532986420308
3286, 231.1883422504685
3061, 230.91255776845586
1174, 230.76025143881216
2983, 230.749300960614
542, 230.49819011723093
1083, 230.3159511021703
476, 230.3120830746656
3073, 229.92475771421812
128, 229.80198902361914
377, 229.56647110021214
155, 229.4822277473247
3429, 229.45148348122902
3106, 229.3506335526346
3334, 229.08551419868806
2715, 228.7781261584562
3421, 228.66782679650615
3004, 228.53874188403523
1179, 228.255274888893
283, 228.23190068381157
1301, 228.19118996838324
537, 228.0999135048643
197, 228.09623918255704
264, 227.94686304853155
851, 227.50138125107182
1608, 227.46033849906658
3418, 227.40168280621538
3395, 227.34596442294938
1031, 227.04403025217619
3086, 227.0352850274053
1600, 226.95419849884522
164, 226.91108262679614
1429, 226.63250903817317
1445, 226.62363075903542
3339, 226.5038452232538
487, 226.49136001740817
3416, 226.32147081434925
1465, 226.04555319088922
3371, 225.5498125356868
1245, 225.27705851944103
139, 225.2597612546427
1128, 225.22956640890504
151, 225.16025663153644
176, 225.0277372457645
547, 224.95471305562344
912, 224.4445474895754
2388, 224.21090307196465
1241, 224.19620910959873
3378, 224.05526863329695
1299, 223.93019738075512
3196, 223.92131497144825
1113, 223.86410362270777
538, 223.80892573312994
1979, 223.74110914145677
462, 223.72431403974466
2958, 223.6226434784602
1607, 223.49929282789606
2110, 223.4872745908021
2303, 223.47636885443148
2337, 223.40797285275363
550, 223.29717198679285
215, 223.2835615695925
446, 223.22820892063956
1091, 223.05935760148333
504, 222.87036711193934
3119, 222.8376206286196
178, 222.83591505550962
163, 222.7966286417807
2969, 222.71264998576305
2803, 222.57246200041817
1043, 222.51948816945304
1978, 222.30545715975492
1849, 222.1037005093511
1876, 221.86616045521131
2398, 221.85445397490773
1074, 221.3633732446424
2056, 221.31711770143997
1866, 221.2844489494049
2068, 221.17367862419107
2990, 221.06746397034124
397, 221.0170805202193
2973, 221.012353760647
2408, 220.9667371934123
2754, 220.85754226363667
1437, 220.74055007926694
530, 220.68661352320728
3402, 220.67513191092124
53, 220.42079984405686
171, 220.28379228574386
3369, 220.24767361636415
1094, 220.1789581491806
1218, 220.15203570764317
469, 220.0733681125778
1811, 219.94860825825842
181, 219.70727794099366
1973, 219.68009098272682
161, 219.62388113363943
619, 219.61073800988916
2069, 219.50786850611289
1590, 219.31716084334192
3064, 219.2469154661628
414, 218.85086555380116
1442, 218.71992832972632
423, 218.62238658194792
1219, 218.46402899734093
2818, 218.2057095982625
2968, 218.02537902486796
1169, 217.9786757361529
443, 217.77634643584975
1060, 217.44026812804987
1030, 217.39608086502218
1464, 217.36928986152228
3373, 217.14441382938145
1689, 217.04991851893024
3407, 216.93081480267153
2763, 216.81376014083344
132, 216.76641454646898
2309, 216.76199337758894
1183, 216.5971856063518
3166, 216.58807365972106
3405, 216.58705912498678
514, 216.5508440216358
1035, 216.52326919934626
1089, 216.43956684283305
2100, 216.41097083809234
3381, 216.29240009469083
1865, 216.26882686063175
1247, 216.18074606177686
1124, 216.1636143950173
1200, 216.08632394600176
2279, 216.02179858306638
820, 215.78393470726164
1444, 215.72027350658195
737, 215.57654704027215
2966, 215.57494805469588
2783, 215.3856885318004
336, 215.34815349249484
1027, 214.77559784998218
2985, 214.76625169032766
448, 214.65396627694827
1248, 214.5620379275471
3058, 214.52762009352534
76, 214.30266016724525
1736, 214.25178934992584
1117, 214.15819031969068
454, 214.0070173589329
373, 213.915920680707
1085, 213.66499837842872
2297, 213.50086669068642
119, 213.45947018051677
3423, 213.3454657060945
3408, 213.3322978386071
556, 213.31902750095668
162, 213.2237705944348
174, 213.1350777153851
2105, 213.09966090429901
3436, 213.0902523898062
3353, 213.0530309968417
3227, 212.96654474110642
262, 212.83708111254754
227, 212.81905421162077
3108, 212.63023559788536
157, 212.62091865371866
3049, 212.6004076155282
532, 212.5405468023605
1193, 212.5037158880801
1451, 212.44994853542505
2979, 212.43713859210848
45, 212.36535249106376
2315, 212.29646861326
153, 212.19376404544724
430, 212.17074711773586
3277, 212.03937280792613
481, 212.02238856086817
3181, 211.99367169357095
1119, 211.96568650885044
2747, 211.9321849853904
3382, 211.78387199636285
1450, 211.71431914969162
582, 211.6698447126276
3331, 211.53150870265503
2918, 211.42704305850492
159, 211.34394341468382
2733, 211.31698064693214
289, 211.29259101144572
2071, 211.27604148019037
2271, 211.15556150334584
736, 211.14431526788104
3072, 210.63871531474027
3070, 210.59844424632183
1911, 210.5813042296312
505, 210.54820038218634
1462, 210.49121358532582
2548, 210.43116673276646
1676, 210.40138118302937
146, 210.33552006435758
41, 210.32046852702936
3317, 210.07900492643907
2099, 209.9798062974713
2792, 209.95842891658626
2301, 209.8982599312565
3340, 209.76205723364419
2033, 209.68119926668308
1531, 209.5669446689322
3303, 209.53986787515186
71, 209.46315338477737
429, 209.40550631554007
2312, 209.34817489236087
3089, 209.27534066801906
1230, 209.17657325326837
3055, 209.10637253297003
296, 208.67689478264376
3155, 208.6649774076932
1040, 208.62632666596497
3077, 208.3772523131624
1126, 208.25347837359732
1584, 207.98533096912817
432, 207.8785809687646
3370, 207.8490940179712
3385, 207.66948406596973
263, 207.6616001114263
2382, 207.6529929915918
169, 207.50643689704432
3118, 207.48477455498517
40, 207.4634001205289
3046, 207.2416504408066
39, 207.18669902205943
3247, 207.12414609302996
1448, 207.0879217733076
1202, 206.88241216600423
457, 206.73922534510032
535, 206.5712103587785
2386, 206.4560541619739
2260, 206.374270126314
3437, 206.35581008192173
1066, 206.31644907647947
1452, 206.25634702738054
503, 206.11228369007915
1624, 206.10950367577038
1651, 205.8193548272896
3148, 205.7839168284227
458, 205.74986064114492
211, 205.70245751186968
1234, 205.56429147621353
1110, 205.56425071146094
3107, 205.56337823994852
1075, 205.53559638988244
2777, 205.44964659616716
207, 205.34439448407002
1072, 205.3367862033445
1086, 205.25007283736457
2022, 205.2355112900881
554, 204.8981495479462
368, 204.87965518191731
531, 204.8639672430208
3135, 204.81634153444233
1603, 204.78601917366194
124, 204.73068762244333
2735, 204.64027710199082
221, 204.32680833981817
1166, 204.16630515325824
2394, 203.92963542936656
3114, 203.8620985989466
3388, 203.78163035278106
1964, 203.7664686133383
170, 203.6740321794927
2292, 203.41892988529233
188, 203.41480058919592
1173, 203.24822123476832
3302, 203.10635578040868
2015, 203.00780290741935
1263, 202.94330810806085
284, 202.82739727731612
3401, 202.79247465081863
3419, 202.6501657955911
1239, 202.64049358741553
2274, 202.60367277826776
1585, 202.59932433344443
2791, 202.53613293584453
2302, 202.42259904588622
2986, 202.37226434570914
1583, 202.36597274742286
200, 202.35384828584552
2265, 202.34339664021843
2053, 202.1664174989661
3054, 202.05360602930435
251, 202.04182072100403
557, 201.83517293621253
158, 201.8042768757279
334, 201.7604568513487
671, 201.6664409070968
202, 201.56928226107772
1610, 201.55671239817488
456, 201.50031451393772
501, 201.470190673083
136, 201.41162950856645
2740, 201.3650207427132
180, 201.33069565518275
482, 201.2728535891829
1994, 201.26530112629376
494, 200.9961095882749
3275, 200.94360945369908
1071, 200.92364581869668
3069, 200.7644271401639
1187, 200.7449357728188
295, 200.64857688274432
1533, 200.64786149146366
3379, 200.63771139156333
3191, 200.49204773505215
186, 200.48924158946758
1228, 200.46143599671
539, 200.3807100331732
1161, 200.26873241142906
1215, 200.13064033980524
1129, 200.12574369391035
444, 200.01774807363026
2964, 199.99404064672456
2050, 199.90230842619783
2807, 199.63566833867208
175, 199.449648011912
3341, 199.11808993822942
2961, 199.07552349398773
1026, 199.05906982440737
3179, 199.02451931296463
293, 198.96489205209764
3142, 198.8180236854346
437, 198.58289615377504
3409, 198.53351344769408
2308, 198.20214802390126
2277, 198.183959858796
3389, 198.03988638839044
213, 197.9055367734738
220, 197.87788756538217
1848, 197.86073010619657
2737, 197.842631510502
98, 197.83462816696638
1203, 197.82222884890078
333, 197.72305559563122
1132, 197.66043881860296
329, 197.565394040599
3167, 197.4161162121318
1032, 197.38992662745656
2267, 197.20225272052016
1975, 197.02096074817973
2424, 196.70706608549168
123, 196.70420031243233
2963, 196.66388042096088
1851, 196.64048132194142
3403, 196.63553317150894
2310, 196.3861706902539
428, 196.3735736985362
2772, 196.25676513020835
1076, 196.23537093352385
2070, 196.17619382159987
1143, 196.13990431033494
1233, 195.8258403430159
453, 195.77299914035098
2018, 195.746430930054
303, 195.74599170970671
483, 195.71754151538985
152, 195.68803959584199
860, 195.67275436500796
2311, 195.65334730880747
2055, 195.60389956204278
2348, 195.52199892664163
3210, 195.49040411205002
2764, 195.44012637714255
2298, 195.3736192232939
2006, 195.34463620922202
3169, 195.31780853055187
378, 195.28146611887198
3010, 194.95347321388562
669, 194.94311780483199
642, 194.8836567604596
2989, 194.84910698802165
2380, 194.7191868051734
1090, 194.6722375112662
3189, 194.6053940930921
1456, 194.54326778485205
330, 194.49288811851838
2088, 194.42368542544335
2962, 194.4183260383092
332, 194.29997956772104
2075, 193.89374419619622
852, 193.87097090738692
2407, 193.86077446897517
3203, 193.84412317457281
1260, 193.8396427543198
3065, 193.7787777095977
3205, 193.71956883416885
2059, 193.63558851192118
1912, 193.54372047612722
2306, 193.3372848018168
2746, 193.30865625087318
3032, 192.98697341816475
2103, 192.97124143577358
1432, 192.82354279728193
1252, 192.81561080667606
2266, 192.78227485790103
2086, 192.7756671146293
392, 192.66933794485732
3172, 192.5646267730255
2011, 192.45204524172846
478, 192.40961632792235
3445, 192.40019980055752
1980, 192.2863645783432
3426, 192.10983396245393
3404, 192.02379894959358
2790, 192.01048499289558
1997, 192.00738548204615
546, 192.005666485591
380, 192.0043507141217
832, 191.8843007910498
3182, 191.80485057261248
3149, 191.7854006080864
2389, 191.74049821596293
142, 191.63687485659838
3212, 191.50411601359212
471, 191.4771641650641
37, 191.43619755580994
1995, 191.41109791020043
410, 191.26737974465541
773, 191.13041382009683
1963, 191.06074566387923
129, 190.89285465497701
441, 190.448297531725
467, 190.33692011437975
331, 190.22676052143274
1259, 190.2123086634146
272, 190.14371293076556
2016, 190.13658841307657
1466, 190.00157659812433
864, 189.98202321386685
1991, 189.88515546486843
3202, 189.80648862237535
2252, 189.74627214052055
475, 189.69842450495727
3434, 189.61164744236513
2263, 189.49938600604088
1459, 189.49794797902447
297, 189.429311531906
1581, 189.41916496889965
2300, 189.293373689611
2786, 189.2798991633358
2766, 189.16110691677784
100, 189.0483999594492
2774, 188.90864444036893
1184, 188.84955259766005
1177, 188.78189851611603
677, 188.70247217100365
3174, 188.60195272421151
365, 188.58076183254084
3128, 188.55530138603032
168, 188.3969170378646
2352, 188.23813607023078
3285, 188.2002485056086
208, 188.09507632385368
1098, 188.02869131051165
2026, 187.98924651936568
3281, 187.90750558611597
3447, 187.83367358108094
2354, 187.68279314793955
1690, 187.66334136081178
451, 187.54328892942425
3424, 187.3996540900444
3190, 187.34250040237413
2296, 187.19303021485254
130, 187.18521250097044
464, 187.00571915429975
299, 186.9261170550624
3386, 186.89062953773526
3298, 186.8469218564555
3214, 186.81305119685106
2863, 186.78632243479558
466, 186.77056840467714
1111, 186.6446059303191
79, 186.38121587788476
914, 186.37615305773755
488, 186.30582792749829
2757, 186.21758373267747
3056, 185.98839874308624
449, 185.9654476986583
2759, 185.91544166453085
3175, 185.79665427594256
2987, 185.65208861416085
2024, 185.55899605427396
2083, 185.4884616801794
75, 185.37096806046742
204, 185.35836766435136
731, 185.28928217284638
2734, 185.23775670823576
3173, 185.22309317114534
496, 185.1843868986602
3185, 185.07641377537718
2767, 184.9768020908877
2029, 184.86453567525086
328, 184.81767972818594
1140, 184.73950900036218
3300, 184.5967354728638
2817, 184.49040692606744
534, 184.3019972648326
2744, 184.2722942689744
2223, 184.2179735193751
1517, 184.13808193165343
1077, 184.10014407330428
2261, 184.0677673965153
2109, 184.021871275793
173, 184.01916550187173
583, 183.97842965540713
1770, 183.5254165575352
2032, 183.4997674956407
147, 183.3957758443175
3098, 183.33214963588006
1604, 183.32300461065353
46, 183.25135363491117
3208, 183.23929107036736
3057, 183.18082368939744
3244, 183.10349318243937
2091, 183.01314685268528
2381, 183.00941981617916
335, 182.9146913457408
3226, 182.88802319784887
2276, 182.7994299663856
480, 182.62880684078402
3283, 182.57201610474456
401, 182.33203303056564
1172, 182.31155521881362
2820, 182.29702313788957
1850, 182.27710409124813
2078, 182.26560902256898
1893, 182.2278676290217
2748, 182.1770387136552
203, 182.17332056993288
3110, 182.05599714748473
1029, 182.0018080100857
435, 181.99474925636477
2027, 181.88755035315276
485, 181.8340873172166
3276, 181.69590330042288
738, 181.41975085645032
1142, 181.409062049997
1256, 181.38720522169754
3042, 181.36840149452476
1502, 181.34255636631175
2278, 181.280604563099
415, 181.23688324315464
2722, 181.10369995393836
2224, 181.05047191292138
2076, 181.03014393703816
3245, 180.99733918848668
1443, 180.99627183069913
2285, 180.98851834288737
3093, 180.9649064734643
3292, 180.94976080551717
3440, 180.9315555945575
470, 180.92581224994413
1587, 180.7874761759779
2965, 180.7697747551406
440, 180.57727248093687
193, 180.45904158822202
2776, 180.435945130305
479, 180.3491365913336
544, 180.31316289027723
3348, 180.28864334853264
433, 180.12939958052505
2013, 180.08364255617906
548, 180.04461765672949
1521, 180.00245713560102
906, 179.81410066151736
1105, 179.81329665308525
650, 179.79419708791235
2825, 179.76125495321
540, 179.6897659177757
3159, 179.55385974183787
372, 179.5466817039361
913, 179.4733430846063
48, 179.45155002235805
1434, 179.4235160757073
1433, 179.4235160757073
2507, 179.39969265667867
2920, 179.28428911178847
1675, 179.05856838432058
2415, 179.03122358796654
1880, 178.99602710020147
1853, 178.9656433681021
1058, 178.9605542042904
2773, 178.8557571801078
2751, 178.8362539191861
1870, 178.82074801601806
1513, 178.70990193273698
2045, 178.57406706705427
588, 178.47621965845138
2622, 178.41799920815075
608, 178.3208473540204
1910, 178.22542908824096
1100, 178.21141005259366
3293, 178.1445760642068
126, 177.9589702001825
1063, 177.87997114814567
468, 177.76514036516102
1087, 177.675976112119
1611, 177.6215798919619
495, 177.53289109821543
425, 177.45876554890333
3297, 177.44232446080952
861, 177.42047829953182
288, 177.38115051680268
189, 177.2547792150482
52, 177.1817139525331
191, 177.14950590852638
2020, 176.91331137697213
2291, 176.9058604270466
676, 176.78343435675106
51, 176.7117256418194
3209, 176.56539553619507
1235, 176.54561452762505
206, 176.27072148032394
217, 176.05098307916134
1204, 176.00827578221993
452, 175.9744367915894
2988, 175.80401178239129
34, 175.78991116440295
2768, 175.78787266323585
862, 175.7769609269986
2802, 175.76896043581797
148, 175.68066924590434
2019, 175.62805100454509
3176, 175.48546238062005
2723, 175.23082378633174
1993, 175.20208601396288
1221, 175.11278508560562
274, 175.1095559951762
1159, 174.9247487841476
3083, 174.89941067413565
3435, 174.66505460206685
3287, 174.6513021850566
56, 174.5965278454316
816, 174.59037424659923
3079, 174.56891703571736
2272, 174.4615449664273
1914, 174.33802870398299
2981, 174.2195532915982
3006, 174.18471768437152
3213, 174.15686165951723
1758, 174.1273148091575
1859, 174.1242710709852
2210, 174.1183235502526
562, 174.09399392161083
222, 174.09165557010843
3071, 174.00352994417358
1680, 173.75574577011506
1237, 173.63503375491024
1686, 173.53270318798718
607, 173.27488344418833
3259, 173.13982233135215
3151, 173.06152988528612
1913, 172.85974097550678
2025, 172.75098241960626
3084, 172.6171313701797
1381, 172.51285128855773
2416, 172.44287922830935
881, 172.20292109400634
389, 172.13565520166406
407, 172.0017751154174
2257, 171.99033613228917
1732, 171.89915752759782
1102, 171.88979450260896
3050, 171.87000009952845
1081, 171.86763705430656
685, 171.78862555465696
2810, 171.7781445081989
140, 171.7502877964464
406, 171.72074270127663
2419, 171.70946681003483
44, 171.6610392343621
3051, 171.62130456847575
1461, 171.56268302490665
2546, 171.35457050187878
198, 171.2737231569131
1707, 171.16466053652184
266, 171.16414984522805
521, 171.12122029707626
1515, 171.0604783442811
1666, 171.05306736307992
2549, 171.01844852932217
670, 170.96206337670264
2391, 170.95815478355942
3199, 170.83647038501326
447, 170.82739542717968
424, 170.7364018290047
194, 170.6366426265065
1033, 170.4689519558663
1244, 170.36035089922476
611, 170.32272585717337
2041, 170.30426842138561
515, 170.29189554014178
3315, 170.22617840623806
381, 170.2176618410596
1243, 170.20569138252674
2005, 170.17024527629226
2811, 170.05569693430465
1249, 169.98088695990828
2307, 169.96592990704775
3192, 169.91392909711496
1082, 169.84743428726523
3274, 169.83414570646485
3439, 169.78854660733802
2795, 169.69177889618422
2741, 169.63687409579666
82, 169.5888450734859
2238, 169.5701861457502
165, 169.4976928916052
3246, 169.45417877704924
275, 169.4073446692909
2343, 169.35336949831733
2108, 169.30332016902926
555, 169.0045898444899
143, 168.88730915735852
3171, 168.8609283115361
3178, 168.78306751786266
228, 168.75104084467398
3413, 168.66870504853821
74, 168.6615872360766
1002, 168.58553332564296
1854, 168.4159874950181
2106, 167.98500263487637
2286, 167.84935380635778
3133, 167.8006637635174
895, 167.79834836585556
376, 167.766132052705
2218, 167.68000020665457
1742, 167.56301060963514
445, 167.53329322577184
2034, 167.52017162716854
2294, 167.4991615224266
3241, 167.41556870939775
2259, 167.28066972991226
47, 167.27325803920695
2951, 167.1702859853198
1084, 167.1346677223285
3336, 167.01472720703984
2736, 166.95337887328182
85, 166.8642257702142
3278, 166.8034493091767
3092, 166.76025269800493
1677, 166.75047297927344
2749, 166.73768844496396
1516, 166.62584160381493
651, 166.6232434844751
1720, 166.61251008571534
379, 166.53562979262915
2808, 166.51629925534067
134, 166.3592860849505
1738, 166.35235414317225
654, 166.27992439643316
326, 166.27636391953217
3384, 166.1796543572709
2630, 166.13505521834662
1122, 166.12762017765598
2483, 166.1162328135519
1024, 166.01233134730967
678, 165.9773876728073
580, 165.94709104192043
3432, 165.93092100995614
3144, 165.92904127307045
2093, 165.9263714652991
1205, 165.85422762947655
57, 165.8452969453148
294, 165.821437609264
3170, 165.76113727975712
1687, 165.7147079753662
402, 165.70136912250967
3204, 165.62529415849838
1162, 165.55667642903197
563, 165.37486813934981
3143, 165.24650894223538
1771, 165.11758629134866
3062, 165.0685333766811
885, 165.05003169208095
3305, 165.02840635342986
3059, 165.01571160916248
1121, 164.97989821601143
3101, 164.91774020579254
1877, 164.86346260539528
680, 164.78902401979715
3163, 164.73964022182423
3194, 164.66738684084436
3211, 164.60827167739825
3095, 164.5829130620495
77, 164.57510622488653
3433, 164.55504767542573
2314, 164.49484787263097
2793, 164.42618940774912
2789, 164.26695451335672
1725, 164.24760130951654
1439, 164.22089836165358
2003, 164.21527380138
3206, 164.10355227399816
141, 164.0706917640876
237, 164.0596197657575
3380, 164.01599816367082
2651, 163.95752717546145
300, 163.92141011512305
613, 163.77057167533306
3327, 163.60695754384201
35, 163.52321154362062
2513, 163.39743054807624
3039, 163.38870753830383
3186, 163.37423563556462
3197, 163.27953151386413
427, 163.2679983448791
1238, 163.26324432754325
1722, 163.22246232949408
2048, 163.1957017011963
2454, 162.95746248942226
3304, 162.91624113441142
1627, 162.86913317640216
2666, 162.7420232068745
298, 162.73719962101018
473, 162.7339415478559
2240, 162.71066774135457
2288, 162.61372042840688
408, 162.54457398543042
649, 162.5375886834399
1669, 162.4543274322642
3350, 162.40793226667085
2404, 162.3997780105973
3312, 162.39158517847736
655, 162.33297871580405
1646, 162.2437439314819
1746, 162.23864620316476
1685, 162.19224234492034
3289, 162.13339548551411
1729, 162.08072929803885
2280, 162.03437921351534
1718, 161.97977326402997
3294, 161.95530389037992
748, 161.9384586557669
956, 161.91385525663773
3284, 161.91015984376094
2505, 161.8682725131976
2104, 161.84888603655958
2002, 161.78030163057608
3040, 161.72826711364024
3443, 161.68939499468482
2385, 161.6749387833235
2203, 161.4019597690695
1874, 161.36430652449368
2583, 161.27854578328203
73, 161.11180308639652
1879, 161.10034240770062
280, 161.05208082421873
1970, 161.04458955587074
663, 161.03579137907766
3243, 160.98657828389952
1747, 160.91003942374763
3134, 160.8922029782113
3200, 160.84638508716588
1231, 160.7862742517926
509, 160.75264453149404
3147, 160.69639787526347
2491, 160.5572049872845
281, 160.4958759562872
2948, 160.40372893028743
42, 160.35416822189347
491, 160.3121630614088
1625, 160.28420938719972
2508, 160.25469835716876
1695, 160.17989043451985
1708, 160.07892010961217
439, 159.96236009677645
679, 159.95887430147872
643, 159.81395401739206
282, 159.77529501131207
3354, 159.54468803710836
3120, 159.25540251037086
1875, 159.24955372871386
1232, 159.12903151370514
2824, 159.09348269648143
2721, 159.01272815202594
2008, 158.95427614347582
2442, 158.86869236038842
966, 158.85783809200407
2742, 158.79692966253566
1104, 158.68255631255292
2379, 158.61537892042284
2258, 158.61384213086822
84, 158.4448010050558
2566, 158.41746437135154
1641, 158.28850344246828
2671, 157.98814841898454
1258, 157.92642473306088
733, 157.8375807092071
1756, 157.68180052642984
455, 157.65218029691314
859, 157.5382294664495
2688, 157.4386760551428
732, 157.32120310919146
1868, 157.28094413780354
88, 157.26590594530924
1698, 157.2566525427875
3314, 157.18443968999762
2021, 157.18053608076656
3082, 157.16623858797817
219, 157.10530656911112
2353, 157.05228786966123
838, 157.03572305619284
2338, 156.96626564179988
2393, 156.96349359233236
634, 156.93497798738272
2823, 156.8580478420672
3184, 156.84960671306538
302, 156.7359225230408
2780, 156.6996335704966
1971, 156.66854829887947
150, 156.6578257203971
2917, 156.620697946012
58, 156.5666734001094
2784, 156.56649599833605
460, 156.37910440919154
2587, 156.36258433442555
512, 156.31849728887505
2816, 156.25616168208546
225, 156.22250219261932
1894, 156.1988037410163
1647, 156.187025044235
2645, 156.09908611309476
513, 156.01101524064268
863, 155.990022917136
2039, 155.91864665987742
699, 155.80526505865987
1717, 155.73656477013427
3146, 155.683927693577
2788, 155.64878624014926
1740, 155.6310861368866
2755, 155.5897770706752
1106, 155.5831212871812
265, 155.5560358382272
2696, 155.47595037719194
3150, 155.37127957290622
1644, 155.3666237094669
2098, 155.33449830935558
1171, 155.2744781709126
2524, 155.13985835364787
2705, 155.13824132710604
2287, 155.1375280865689
1871, 155.1328824875181
1731, 155.0797555442333
2782, 155.01917023531374
1185, 155.01299737223235
1968, 155.00667184521714
2553, 154.99748843980473
2562, 154.98545403111174
145, 154.7941786743323
2864, 154.79011712768732
3264, 154.7641952942045
1739, 154.7136697895745
2559, 154.7126845266956
518, 154.64848746396717
2812, 154.62382334050474
3183, 154.54408880785834
1858, 154.53433367207418
734, 154.50420265473716
551, 154.4907611537636
1714, 154.374479371592
3352, 154.34470207914651
398, 154.33673953786342
1682, 154.28027813226288
2758, 154.23855806248224
3248, 154.23260192494993
3444, 154.14944687977427
3187, 154.14908334177858
1057, 154.10508596209027
3239, 153.96507392345416
3162, 153.84416777191248
3105, 153.80662952683957
3123, 153.79914642205023
757, 153.75345081466065
2607, 153.69159735041197
2610, 153.66726787597864
2558, 153.6130782124123
3324, 153.57208424158864
1726, 153.54553436570407
87, 153.40954393036114
3168, 153.4086273675874
1643, 153.3695835879013
1642, 153.36848937662407
2217, 153.3409229973935
412, 153.33728627711508
2514, 153.29052348929736
255, 153.1636053076122
2101, 153.01420987143237
2244, 152.9916775865791
2017, 152.8415909864333
2004, 152.80208487437474
291, 152.60914050881635
1626, 152.57100522544988
3290, 152.5013279546389
2536, 152.4892353979436
3415, 152.45492224572118
2305, 152.41803635857946
2640, 152.41103265880403
1705, 152.3536246142559
3063, 152.32169817444725
1703, 152.30741909755673
2694, 152.26949344438827
2677, 152.23126121382725
278, 152.09972471842406
957, 152.0701595102008
3255, 151.99509278418995
3090, 151.99393795505458
156, 151.98451453543518
561, 151.95777524070633
3225, 151.9079010134577
214, 151.877089699293
2620, 151.83647531860757
1715, 151.79750744040814
2690, 151.71564002145135
3041, 151.70116896333874
2781, 151.68116768877962
3129, 151.59348327059885
409, 151.51975952658645
965, 151.37822958052502
1892, 151.3082717621854
2710, 151.29211180693446
2703, 151.28940526691963
2152, 151.17805124455825
1755, 151.09850421830134
250, 151.06338390546858
626, 150.99155884605014
3318, 150.95405781722977
1869, 150.94985217764776
399, 150.92051490560638
2030, 150.85080151899828
1752, 150.8059202321838
2473, 150.74957262550703
2686, 150.71518917270444
3299, 150.7054601003662
2390, 150.59760913687128
1721, 150.57724910821605
1630, 150.53816813739053
3279, 150.4182701093846
276, 150.3304855301421
3066, 150.22678958924956
1712, 150.14498976924176
385, 150.10235536475162
411, 150.081266752896
2571, 150.046277974334
3130, 149.9900139659477
199, 149.92157585916806
3080, 149.91549375296933
2574, 149.89785946853644
1692, 149.8581289573668
2814, 149.84349758267984
2779, 149.82540614561216
2102, 149.78991727699102
216, 149.77938452051615
19, 149.76429280178766
2657, 149.45184283891135
681, 149.43016628769843
2650, 149.38847621678985
2653, 149.27578975724313
2497, 149.24161999448103
54, 149.22278003029894
1733, 149.20682093157896
395, 149.19261276397512
3207, 149.05613652294215
2756, 148.96545289963444
404, 148.91162941271386
2785, 148.90725516741986
1701, 148.64585742339244
1966, 148.56682500595753
3347, 148.56186974429193
2624, 148.4337743613152
3111, 148.30746754511316
1710, 148.2416791628887
3020, 148.17372037137957
3306, 148.09660751788536
1628, 147.93743432403457
2561, 147.87400044314523
2111, 147.81783277144103
2096, 147.81783277144103
400, 147.73119887760936
254, 147.60255474215194
1028, 147.58849820049798
21, 147.5522476808255
3099, 147.45642553656222
1631, 147.39858592901356
2745, 147.37656557166326
2649, 147.35892850939888
1716, 147.25017648613306
2621, 147.15190935085113
2520, 147.11710247873182
1735, 147.1103694919157
1744, 147.0519837191938
647, 147.02596125766618
386, 147.0091571804823
1748, 146.9056832914826
2525, 146.80697252702836
2720, 146.73876355854844
2572, 146.72773827502698
2652, 146.60238373318137
3316, 146.60085910522974
2683, 146.5804215057844
2293, 146.5074288131694
1873, 146.423536430338
1891, 146.2827315610127
1463, 146.27106011161044
2641, 146.24504849885653
2712, 146.18600654133775
3383, 146.02966331666838
1659, 146.02064869249145
1684, 145.94966989801276
3265, 145.90391967625854
1670, 145.89937984979179
2601, 145.84146008789412
2289, 145.78271399638317
20, 145.6629756808112
2738, 145.66084259322318
2527, 145.65224614320329
3097, 145.6438835703254
50, 145.6341673653791
2853, 145.61272870460093
1672, 145.50901991694735
3323, 145.4358671988027
2668, 145.2897147442417
3112, 145.27904100964594
2959, 145.2195762283359
1047, 145.21582966747175
2681, 145.18546587127568
1645, 145.1519552247173
137, 145.1086457943651
2656, 145.0447455165552
127, 145.00682499900546
3201, 145.00354491603093
375, 144.98433126386948
1730, 144.98239029288146
2340, 144.94899673457195
2646, 144.87169722032255
396, 144.77598620172876
2568, 144.7459492348697
287, 144.7107344005041
1741, 144.67878340784983
1700, 144.5918873032814
1633, 144.58922314684008
1668, 144.4675639878161
3295, 144.45956844232603
3362, 144.31951331310998
1743, 144.1629042925129
3288, 144.13722819862923
2580, 144.10524397734534
2212, 144.1000618016727
1657, 144.08140172349877
3442, 144.07707389184756
3136, 144.04735974275818
1699, 144.0368834193975
2608, 144.01165797841207
1671, 143.89714814675247
2635, 143.82005661561314
1724, 143.7964886952461
1754, 143.63362821514727
1665, 143.52087388378388
2383, 143.46769118827163
218, 143.45555762282086
36, 143.44960728087722
2563, 143.17463435565526
1941, 143.02664500503406
2485, 143.00963005800818
2533, 142.828403767313
1706, 142.7740618808743
2726, 142.69912338191105
3311, 142.68949219400938
2592, 142.62087800855397
2451, 142.58270874688816
508, 142.54816578911175
2283, 142.50840009087224
2611, 142.46041403223649
1745, 142.29065101036255
2493, 142.28331212690418
1637, 142.21091920335172
1629, 142.16564493063905
2179, 142.15295593956066
1728, 142.13405872951992
2449, 142.06855590617585
1967, 141.9819097209686
1650, 141.86525268259308
388, 141.78503585952242
2597, 141.72798132429938
1734, 141.68629186068821
43, 141.65425719749715
3254, 141.51237218037267
2466, 141.46877040914615
3232, 141.4657955981676
2204, 141.315754038455
1639, 141.18610698807464
2397, 141.17224128514215
2456, 141.08200445060237
2697, 141.06641503099223
1681, 140.97064913012397
2486, 140.95601099801607
3094, 140.90853774463463
3005, 140.8881195570981
1649, 140.8847773428139
1697, 140.79192977764038
1704, 140.78646891128432
2658, 140.673811743725
1679, 140.66577092093863
1114, 140.61374836757682
1727, 140.4108513484287
1648, 140.37467703866875
149, 140.32680625975794
2339, 140.2615527380196
80, 140.11280191241684
2575, 140.03784263834717
195, 139.9382810948355
1691, 139.90566578165334
2239, 139.6255215247108
497, 139.56295405976124
2604, 139.45817371435606
212, 139.34469641898312
252, 139.26160526670364
1749, 139.25005052819435
474, 139.11132149125405
2235, 139.02200358920973
3231, 138.9009541088839
2528, 138.82617559145675
3007, 138.6941197596781
2655, 138.58303115716694
2461, 138.504921297661
2475, 138.45056105687962
2167, 138.33316818682346
2185, 138.29730413071593
2453, 138.05693943033765
1702, 138.03441417242217
2589, 137.9431543552718
2282, 137.87714622861856
2648, 137.84412693044752
2980, 137.80339575782517
405, 137.7588838726954
1759, 137.55082031202247
2087, 137.46184490157205
1674, 137.43533702303185
1751, 137.40767779353487
2543, 137.32815503940859
2778, 137.27269616769453
1696, 137.25396382767343
138, 137.18250481961337
2693, 137.05777751047125
2612, 137.02162556237363
2139, 136.90008359404882
2184, 136.8570944550395
2226, 136.8373026521391
1636, 136.80116599661827
3195, 136.69895511470415
1635, 136.60745186319053
2616, 136.56874738071147
2484, 136.5029109595761
196, 136.43210154453126
3258, 136.38960803014183
2809, 136.33133964617534
2673, 136.23488211169575
2623, 136.0221290222512
2564, 135.96172536434517
2299, 135.8194644911221
337, 135.66367606547496
2249, 135.6092919012708
2177, 135.60033178881395
1737, 135.4850952743681
2713, 135.3842271502006
2264, 135.32726542897353
3313, 135.30944604151307
3296, 135.30919961476027
1750, 135.30098887245632
394, 135.28429404871338
2531, 135.26374412206988
2605, 135.24448329882034
2679, 135.2340228677047
472, 135.0360058348745
2498, 135.01933602606758
15, 134.88133076812957
2626, 134.80591843602107
2821, 134.7336808210281
55, 134.67188025434157
3160, 134.5575177565998
2490, 134.29108036015234
2345, 134.23964475802367
2462, 134.2299946213794
2346, 134.12875343180846
2349, 134.1134775543061
2687, 133.97184273379398
2586, 133.7882201326798
2341, 133.67696107330312
3021, 133.66713104240227
2094, 133.64839399336523
3091, 133.64133059436756
38, 133.6384817003693
2606, 133.636405763602
2342, 133.5990701403371
2570, 133.5690748148033
2492, 133.55757292911235
3262, 133.50667112103207
2695, 133.50384228964865
78, 133.43439862740576
1045, 133.40634732906236
1652, 133.38025017023836
2519, 133.32595502885752
2603, 133.319811738553
3113, 133.3094189449838
2496, 133.26711450971843
2629, 133.22658681448084
2538, 133.2122620204948
2654, 133.1594756550976
2534, 133.10305726046678
2464, 133.0989429816804
2511, 133.04960074770477
1530, 133.0479089785936
2692, 133.03332858457375
2455, 133.01617781877385
2822, 132.962753572564
2704, 132.89811094853445
2707, 132.89021240036394
3261, 132.83369319159675
3193, 132.627165021833
2869, 132.46554477230856
2313, 132.4020738849127
2700, 132.3751983570257
2675, 132.29857314629763
1960, 132.07611277023761
3180, 131.99767738811303
1557, 131.8281058961504
2284, 131.78506744328638
3344, 131.78137497951025
2522, 131.68422011790054
3251, 131.65698972950565
2638, 131.5757326776591
2509, 131.52487743219154
2600, 131.37039270233706
16, 131.30701832017579
2506, 131.23610121497745
2581, 131.2177284403462
3329, 131.16412100185815
1655, 131.0617795629503
2499, 131.00844241030342
2727, 130.63646381542506
2452, 130.4892192188773
3260, 130.4425504840925
2644, 130.41811335762173
2665, 130.38447331186063
2495, 130.3383447057508
3361, 130.2407912055918
2662, 130.2065653284702
3165, 130.14031969196742
2488, 130.07800477713786
2479, 130.0323364018629
3364, 129.99968815535058
2460, 129.9180781614686
2760, 129.82632384787257
2632, 129.75016450921245
3019, 129.65519882662238
2044, 129.5286911327365
2079, 129.41858695975225
1559, 129.40864397109002
3100, 129.26246869435838
83, 129.1723230625952
2698, 128.94344079879875
2037, 128.80903422532725
2440, 128.76323684221447
2401, 128.7286203328339
2530, 128.5495783412236
2714, 128.17836856134187
3301, 127.97072498906806
2743, 127.95892348599263
413, 127.789280503929
1847, 127.77630355897973
2565, 127.68082207111611
2092, 127.63417946161871
2477, 127.50640363812123
2970, 127.36598107123602
2535, 127.25179901158849
2625, 127.11487115135618
3266, 127.03539032491145
1664, 126.70136962165148
2444, 126.65772182782847
2670, 126.5721724737516
2684, 126.52341907183303
2537, 126.50295483266275
2598, 126.33739864290729
2591, 126.17658666338929
2061, 125.78498882874904
2664, 125.75819915751912
3357, 125.72210052168315
2634, 125.42364928253382
2472, 125.27930932556531
2699, 124.95831683643416
2660, 124.94154153744515
2552, 124.92496140577636
2667, 124.89014854781524
2659, 124.70531643149981
2674, 124.66585767148828
3008, 124.55902555237932
2457, 124.47874249255442
2576, 124.43879307714259
2669, 124.39585623285645
2474, 124.32494842649717
2691, 124.24004388174933
2661, 124.19407048216249
2631, 124.15575173219197
3033, 124.12166155897214
2494, 124.11406934708086
2510, 124.02280645531884
2469, 124.00730523718728
2502, 123.99007699581018
2501, 123.99007699581018
2405, 123.97246166182146
438, 123.93672439780406
2617, 123.82952013914203
2614, 123.74319589876855
2541, 123.69740949738015
2542, 123.35746630166972
3249, 123.28397097801636
2627, 123.28018809015263
2609, 123.2761609234818
2448, 123.01418445268413
2521, 122.97012488043043
2637, 122.86584544831977
3253, 122.85904669713311
2476, 122.62577829852872
2504, 122.61827021878247
1109, 122.51291506306949
2702, 122.394998103987
2724, 122.23145906383786
1300, 122.09875676586226
2089, 121.99385914750779
2956, 121.94175554388269
3325, 121.8278695889802
3263, 121.79680352696334
2678, 121.7260441465825
81, 121.70190578612392
2567, 121.58704653221423
2478, 121.48509187755725
2557, 121.40079880075304
2619, 121.30646399253133
2706, 121.1706974189072
2866, 121.01595445261555
2676, 121.00617463826396
2585, 120.99322102847091
2529, 120.91189028879809
2074, 120.87456202323675
2459, 120.7553876103411
2467, 120.7492145914331
17, 120.72944240432297
2560, 120.66823713864059
2554, 120.3986602407376
2082, 120.26152970153312
277, 120.07905347875031
2663, 120.00182221709133
2544, 119.9365735319019
2577, 119.91675007280314
2633, 119.90629598871689
3250, 119.75590843007345
2685, 119.64874984290716
2595, 119.64160173006013
1560, 119.6059329816074
2628, 119.5720314484632
2482, 119.50783303047848
2642, 119.49737218521074
2573, 119.25705649175065
2523, 119.11462982570134
3326, 118.80500077607702
2689, 118.75793961420918
1969, 118.71140792038635
1052, 118.57521397345207
2443, 118.54211361853328
3365, 118.51963144176405
3358, 118.44287664249232
2545, 118.43429876624477
2680, 118.42130427813595
2618, 118.36113078498664
290, 118.30688524037737
2701, 118.24727153871395
2481, 118.1890679817703
2480, 118.18640649845776
2909, 118.09073815706509
2588, 118.03508853125138
14, 117.91018514717295
2613, 117.90894761842138
2447, 117.77874865291794
2445, 117.71056903872604
2465, 117.67830364912422
2458, 117.6585620937278
2047, 117.58216990945446
2602, 117.50114547313237
2463, 117.48225062378874
1965, 117.47458875265475
3307, 117.39909491496954
2489, 117.19075945301111
2643, 117.08025946232104
3345, 116.97914312724336
2512, 116.67476434691862
2599, 116.64679864404302
3360, 116.62543659002199
2487, 116.55849912917651
1046, 116.5392110044236
436, 116.5101292047556
1520, 116.42699529942988
2728, 116.22901304478594
2584, 116.20531195414034
2708, 116.02430619841151
2593, 116.02246959995445
2446, 115.91119883688258
2516, 115.87593883450866
2081, 115.8681765060661
3252, 115.53300334961841
2540, 115.51915602405515
2636, 115.46669541653606
2639, 115.39890097649673
3391, 115.14536656840268
3308, 114.94896901323634
2555, 114.884476086051
2582, 114.76330161739077
2052, 114.73300896672362
2057, 114.71323074672738
2077, 114.70761372880992
2590, 114.6411744157249
1519, 114.3260716393816
18, 114.27856341187689
2031, 114.21927036937517
2090, 114.03918945972991
2526, 113.67578343344955
3177, 113.64104824619014
2468, 113.44206732359274
2441, 113.21534333213182
2450, 113.0811577073314
1537, 112.98872949390716
2914, 112.91392115271438
2539, 112.62814586106317
1053, 112.5900043787767
3446, 112.52380024835112
1103, 112.49877557788768
1118, 112.28829703543235
517, 111.63406211933545
2596, 111.62428341736423
2709, 111.52786153261127
2647, 111.07793614372235
3343, 110.76603896936852
2615, 110.37542893584387
2066, 110.35519487384276
2579, 110.19118797913657
3238, 110.16870612390512
2060, 110.03821239696488
1558, 109.57693636333396
2038, 109.52670698514542
22, 109.51200654871437
2471, 109.4519147696002
2517, 109.08251227986663
3359, 108.70899094510655
2594, 108.61732783262936
2500, 108.4732829072989
3438, 107.95872675706048
465, 107.87773235965382
86, 107.64715870415468
2040, 107.64463831285475
2916, 107.52168223942577
500, 107.40859439725625
3085, 107.24337928864
3237, 106.96995204588218
2503, 106.93367008464006
1878, 106.74818225159572
2064, 106.5493828034816
2046, 106.08911012996369
2515, 105.98640921362345
59, 105.76368397056453
2732, 105.65051084171972
2058, 105.63370735981353
3346, 105.50098175227335
2682, 105.37453409115386
2036, 105.34040023234374
1164, 104.96370513756422
2470, 104.3106586173974
2578, 103.87476664082396
3363, 103.70797435053868
2043, 103.69100075848952
507, 103.58703004982551
461, 102.69557406046526
3240, 102.6378180345803
2063, 102.5134296754321
459, 102.50324480017325
2725, 102.3878684157643
3242, 102.14517264060068
2085, 102.12691946094047
63, 101.75174097107895
2569, 101.48185085771392
2718, 101.39142170715299
484, 101.0088526992766
3256, 101.00861274225322
2672, 100.41806026095284
2910, 99.78670866725803
477, 99.44742624458247
111, 99.4469096122637
273, 99.05652907098502
2518, 98.81415340737861
3257, 98.35624601315794
292, 98.13793400604968
184, 98.08487319932637
2532, 97.06107756101834
1535, 96.8390677024803
2556, 95.84398888507978
1051, 95.56355484548914
2868, 95.36048898488596
33, 94.99138519030069
387, 94.79849194460694
442, 94.72193336232753
1165, 94.62578943678933
185, 94.60811913556594
1093, 94.20561609395268
490, 93.87837905254004
2054, 93.36929218901092
60, 93.36009256162254
3282, 93.16280539424146
305, 93.05716357793675
1092, 92.70291869637451
590, 92.17989662632709
1972, 91.73141325177902
2035, 91.51488456457332
1054, 91.12545503614119
223, 90.52868798241623
2049, 89.57008041985634
187, 89.51200827102046
2924, 89.32651748901209
2711, 89.28640819785213
3309, 89.08050216456769
49, 88.44768844328489
2062, 88.00178777300927
224, 87.73297339575954
2042, 87.55698283955233
286, 87.28116963763225
1861, 87.17299449525736
489, 86.7830528913602
2051, 86.39714861304422
2107, 86.19649336600908
2912, 86.15630930201716
2067, 85.96398708883798
226, 85.87301820955228
1536, 84.24217296274185
2925, 84.18416128611413
2923, 83.91455042973067
1048, 83.45130289010407
301, 82.38548667698971
2072, 81.89694327295886
1049, 81.21699949865773
285, 81.12053068202806
2931, 81.11058920078473
1925, 80.50003158431517
393, 80.32424758771921
2871, 80.2337014231681
2084, 79.4738512995733
1863, 78.93215994162692
2940, 78.92219646010982
2929, 78.6885508627527
1050, 78.687550328607
2922, 78.505257967059
2928, 78.4513080403882
795, 77.63711455821357
1158, 77.44924460744402
2926, 77.06828809259608
2937, 76.65153834435404
2952, 76.42116320181928
2872, 76.25557461778189
2921, 76.19252420962131
2927, 76.0678542285586
2911, 75.98195545487435
2938, 75.40776794408548
2933, 74.81114607520786
2939, 74.14929347313011
2941, 73.14440611231872
2934, 72.85492220667767
390, 72.53286594853081
384, 72.44029214080624
2954, 72.27817466765461
1534, 71.62426558940707
2957, 71.58660770867046
2073, 70.98609553025953
3412, 70.06020103369858
2943, 69.80566936404563
2955, 69.72155069743634
486, 68.90310339284763
2930, 68.75423811341116
2870, 68.7080402099565
391, 68.51749160733021
2873, 68.19320878507122
403, 67.89913075827573
2942, 66.9920931268798
2865, 66.90078324469616
1064, 65.83208466978316
516, 65.4847209762984
1468, 65.47066850368829
3145, 64.10938510031994
2867, 63.58560414090448
3411, 63.50824960237505
1862, 63.327567119188295
1264, 63.19529658725529
2012, 62.980661309356336
2739, 62.73418894247391
1157, 60.44946148359924
519, 60.44628669397725
493, 60.15852934552316
3121, 59.062965263889886
183, 57.23438464838137
3161, 56.216276357789475
1612, 54.2670981824757
