1954, 3100.075341195464
2375, 2217.6584918870694
1008, 2165.91011161074
1950, 2144.6004032018645
2826, 2060.975561325838
697, 1971.1911790140475
2835, 1965.68342798914
756, 1909.285024457356
2322, 1882.8552277287258
2144, 1878.259879122214
1930, 1826.9832890949763
875, 1780.183071574617
908, 1770.35107896832
2843, 1764.3634752164194
979, 1753.2125453384308
977, 1749.4385711894422
2373, 1744.6722556512455
605, 1729.4016916486185
3024, 1726.7860529184825
706, 1682.369595246489
715, 1655.093020334535
2140, 1643.2312726577654
1921, 1606.9040376289079
2317, 1606.884371523087
2136, 1605.6515778239789
318, 1596.678231792863
1834, 1591.2091721805089
1789, 1583.7056491564476
1774, 1583.5967782044725
1896, 1557.9303649016094
729, 1552.1799384877645
1916, 1548.9668028478159
2222, 1541.8647306546618
1918, 1538.1251277649046
1778, 1536.2287759569099
994, 1524.217306528257
2834, 1520.5349737244244
1569, 1498.5777962851532
710, 1493.9882576089951
1568, 1491.5544285934013
644, 1487.6250980640614
2377, 1476.4098576556912
1777, 1472.9440814059114
688, 1471.3933786877226
246, 1465.7898691509222
703, 1465.0145811081045
2842, 1464.2356068070014
258, 1463.4403704175058
701, 1460.358637189385
660, 1459.2449245994458
771, 1459.0404276828847
640, 1456.887641164245
827, 1455.685014102009
675, 1455.5620371062455
2138, 1445.4742990284346
1953, 1429.6970271343791
1808, 1428.632892302546
1017, 1426.972282345743
1897, 1426.6210631377523
830, 1424.2492342604141
1766, 1422.6207099213534
325, 1421.184975273381
1311, 1419.226663226556
959, 1415.5808383739343
633, 1415.3071605144532
1793, 1412.6058374029383
2840, 1394.0760485683545
1900, 1386.8799212044873
1619, 1385.3497202184444
568, 1384.976686994858
2221, 1384.460436157406
1779, 1383.055623801446
766, 1381.805936611836
31, 1381.1440407763723
998, 1369.2761750537784
648, 1369.2761750537784
239, 1345.3907886923405
1476, 1345.1473931293697
705, 1343.5617447427396
1929, 1338.7638902758729
1833, 1336.2113193388836
792, 1333.1516543611426
2374, 1324.1849104197402
2326, 1320.5080127404024
765, 1312.2878739548025
700, 1307.053284162631
1015, 1304.5055826286628
621, 1303.9373022076543
666, 1301.7620013964486
1827, 1301.0918301675713
3022, 1298.3289442070748
2950, 1296.8193102783573
754, 1296.029212695037
741, 1279.5100289501495
565, 1273.5788937994928
2233, 1271.699282673564
1385, 1266.38376602097
1801, 1262.7883140818135
1296, 1256.9995680875259
983, 1256.0826867238459
2425, 1254.5716963490645
986, 1253.2724037069272
422, 1252.4267881322692
1922, 1251.3344545141383
750, 1249.1013228163106
873, 1246.5505329554073
1787, 1246.2953168569704
2216, 1241.4324476791837
603, 1240.1657213036667
1915, 1234.707173645817
361, 1224.952746227997
2437, 1221.178915644957
363, 1219.1936158721903
1909, 1217.087952735168
940, 1216.931535396991
1898, 1216.0964755456105
869, 1215.5706854673965
1791, 1215.5528656861006
320, 1213.39232072098
2908, 1209.0142900084918
2891, 1208.6351852445905
843, 1202.7600688755003
929, 1202.5539531581826
1906, 1201.0806549441168
2330, 1197.2086311009014
1503, 1194.6799832859367
2430, 1189.3465323961605
308, 1186.4729762674388
759, 1185.7136654063956
1904, 1185.6667976449007
954, 1183.7687615721225
1563, 1183.070341949698
1799, 1182.9013817043647
1286, 1182.2873957582467
796, 1180.1790526422628
1948, 1179.1274532808552
2329, 1170.5398812233616
2201, 1169.0988064306923
1342, 1163.9809086319206
241, 1162.525861451647
1783, 1161.7409902902637
1830, 1160.7536430817752
2426, 1158.7336659806936
2906, 1147.8130395503745
270, 1147.7845830008334
2186, 1147.5204613388016
229, 1142.0709957919394
1349, 1141.5442290399578
1399, 1141.2638495731915
967, 1141.0038822114598
747, 1140.9524466928024
1020, 1140.787888213555
345, 1140.4050711834827
1507, 1140.2072701150942
2159, 1139.8252548419625
898, 1138.314420791464
271, 1137.4535286928801
2895, 1135.3980593700705
1016, 1132.509018521094
1323, 1132.2501123249783
809, 1131.3352315590905
2423, 1130.9892147498922
753, 1128.8237535044434
976, 1126.6222647708446
1837, 1125.795122054174
2827, 1125.3646621815592
974, 1119.655765121519
963, 1118.212841259486
2874, 1117.4034339490977
806, 1117.0757626078048
763, 1114.8168074877958
2141, 1110.2524144709314
880, 1107.7980714323528
810, 1107.1517764796067
924, 1106.5592228588632
1469, 1104.7138259122607
1926, 1102.8378285124536
566, 1102.4218467766623
2893, 1100.561603591928
799, 1099.3904686844471
2876, 1098.2164349583552
707, 1097.5410185985309
1920, 1096.4760045913022
1620, 1096.3824427652357
2331, 1095.3615273174028
865, 1094.4735778211993
1944, 1091.5952037317275
984, 1089.0200494347616
1366, 1088.6855518965651
893, 1088.2909741234564
1504, 1087.6636845654746
811, 1087.079697097529
342, 1085.3541842219909
1949, 1083.5264401422394
1835, 1082.81794851069
702, 1081.8949713568113
2178, 1080.6980986448589
1592, 1080.2324179753573
625, 1075.1185211799386
1932, 1072.5480643582468
595, 1070.8528720513957
2851, 1069.7026765998894
2123, 1068.7700035745188
1021, 1067.3646493130307
2130, 1067.2294502442328
990, 1066.5013459641011
2183, 1065.560441162056
719, 1065.512601631384
1365, 1064.4625514225722
712, 1064.2551608285705
721, 1063.5077528899371
813, 1062.3337555578426
947, 1059.496650337144
3273, 1057.599726436738
244, 1056.854502959236
2137, 1056.5908013480878
1551, 1056.2246925428276
1757, 1055.7833157055861
761, 1054.461618684679
652, 1054.3262180606046
2323, 1052.4037032133238
632, 1052.044987671351
570, 1050.8998078716152
312, 1047.1251427062457
346, 1045.4459014756203
1956, 1045.197987093346
800, 1045.139028761695
1905, 1044.8391472343717
1362, 1043.9962527774449
968, 1042.037074867382
724, 1040.30958603803
367, 1039.6146048296423
890, 1038.8548207332879
1416, 1037.469043979402
2127, 1034.8393969887304
801, 1033.9518291615473
854, 1033.5659168771685
350, 1033.5122818454897
1992, 1030.6549201795988
1990, 1029.8877114700108
1673, 1029.846443380314
1952, 1029.8150667097007
978, 1028.2831412496002
755, 1028.024276008325
1394, 1027.9713836995988
740, 1027.8557733774687
1928, 1027.5374316793711
805, 1027.2995173154231
2369, 1027.240546752344
1327, 1025.200601728915
673, 1024.91175537084
1786, 1023.036659739753
931, 1022.9921577610309
1899, 1021.4423294173617
1836, 1021.0357043589354
975, 1021.0212828941291
687, 1019.7296523532517
667, 1016.7700751332982
2131, 1016.6217699903505
2946, 1015.8810574862256
314, 1015.5478178302599
627, 1014.903056917132
1797, 1013.9408268447966
1383, 1013.5718883062016
897, 1013.5576016871984
238, 1013.0155354523636
836, 1012.9452727512969
1282, 1011.6217821153448
245, 1011.5364399161595
726, 1009.6757616598837
351, 1008.5921673872244
2875, 1008.5100480143855
1497, 1008.3340066132802
2232, 1008.0307051891882
322, 1006.5275109537661
310, 1006.5275109537661
3230, 1005.5954167401919
996, 1004.7083968344219
934, 1002.7155991544518
2225, 1001.0200854536102
973, 1001.0153672479937
1010, 1000.8387199531522
1782, 998.4489391534808
2830, 997.507525795388
722, 997.2931908554339
1529, 994.9908359147079
1540, 994.1879110528533
798, 994.175087181816
1317, 993.3568214477967
1056, 992.8260199507465
2176, 992.2214270661506
785, 991.598313661207
1270, 988.9395232931754
257, 988.8373705154927
2357, 987.4123235554363
1499, 986.5916291331179
1044, 986.0257901180813
689, 985.392293440138
1320, 983.5721789402726
567, 983.3877769555587
949, 980.9790816869994
2175, 978.1184666285136
1815, 977.828529538614
577, 977.6960659589877
525, 977.5861555545384
1018, 976.2507656706366
352, 974.4954316526832
1841, 973.4492125722544
1934, 973.3782356049969
985, 972.9427120245501
2332, 972.7197397725639
911, 972.4089423198178
1767, 971.8988029587367
3044, 971.6654778859497
783, 971.4175151695457
1935, 969.6434518005054
323, 968.9102100709808
311, 968.9102100709808
889, 967.7337250070009
751, 967.2397890189715
231, 966.8752738087941
1989, 966.8071634873529
1382, 965.3383344703071
850, 964.9324108788632
1901, 963.8399805997309
1022, 963.5655071408927
888, 962.559446801934
1453, 962.421687634356
2163, 961.7117477988071
656, 961.184236831873
1606, 959.7377262741114
1284, 958.6958317751363
2169, 958.6064021557283
639, 958.5701818595579
2316, 958.4120259298045
2371, 958.0565737455988
2229, 956.9116128063247
822, 956.296483653764
2251, 956.2225233435183
723, 954.4812182463546
2436, 954.3945114735046
948, 953.8577526175093
925, 951.2799527653709
1908, 950.3634019562552
866, 949.9959659379005
1556, 949.4814569845436
831, 949.0398973403258
887, 948.912400891565
941, 948.6010088542242
834, 947.4119897505291
779, 946.3945538441482
2403, 945.862812025366
602, 945.8499835124245
3450, 944.4155383863143
3224, 943.6046730629585
2367, 943.3356276949874
910, 942.6136690255073
1831, 941.8968573590004
2325, 941.5368013901991
2903, 941.4359455883049
3015, 941.0024061499803
1924, 939.8638853685203
672, 939.310273561
576, 938.195968937269
2151, 938.0223687777316
269, 937.8691093268093
835, 935.899262528227
692, 935.524027071968
1955, 935.4389738490374
1332, 934.679680369907
2246, 934.4088151653274
812, 933.0341432208304
695, 932.2982868253681
684, 929.1402393334088
624, 929.1402393334088
354, 928.319133817562
1552, 928.0813832272872
2947, 927.1460577364548
1528, 927.0752064409297
2883, 926.721034088087
871, 926.5939067312709
1471, 925.9577468079825
714, 925.5138265717925
1927, 924.9802908785621
3027, 924.8887396691061
653, 923.9709081254517
1538, 923.908171889263
1351, 923.8339114108109
874, 923.7140145890293
646, 923.1423502595952
2836, 922.3804340194727
790, 919.594946553455
662, 919.5818532595665
2327, 918.3724666213998
764, 918.3117788367782
720, 917.3715739026578
2132, 917.0576016483232
2847, 915.7631005739066
559, 914.4595911815776
2146, 914.3138392654954
256, 914.0868346147902
1000, 913.9947924583939
240, 911.380650738476
2202, 911.1088586570752
1982, 911.1039264186082
951, 910.8203423833793
1546, 910.6378143483355
339, 910.4931621524366
1763, 910.068907886314
938, 907.9346327607426
3038, 907.7062243963983
1933, 907.1882234040154
1917, 906.1212847938314
2363, 905.9438847477265
1769, 905.7906280164367
1816, 905.1526098921391
2885, 904.6773505433413
1363, 904.5296947734026
962, 904.1873952587467
1273, 903.6874695876735
776, 902.701759002263
638, 901.2509205746437
1297, 901.1814304379109
1192, 900.8522869102717
1845, 898.2555106254913
597, 897.9821077933809
659, 897.2779958918445
1006, 896.5641101932817
1792, 895.8854256115857
2128, 895.0172505262758
3012, 893.9142975397027
1338, 893.7028660666089
891, 893.4499824305237
2198, 891.8376209102373
2119, 891.8209627647026
1902, 891.8002110131038
1285, 891.707986703381
1005, 891.6867933434199
1403, 891.2679270743276
1319, 890.8116672350769
878, 890.6975639482766
2328, 890.4536169585301
1325, 889.5104161664219
2336, 887.983185540733
1936, 887.5325698392519
1609, 887.0484391270038
1937, 886.5057954317631
1313, 886.3638440246112
668, 886.1399198106275
1291, 885.9136865285507
2839, 885.2016584198914
3271, 885.1896680147266
1386, 885.0030043369494
1350, 884.6560095758864
592, 884.5631152564532
2902, 883.9727555614899
933, 883.6457839263599
573, 882.3638455227264
1832, 880.7049903210651
1959, 880.1621888906105
1825, 880.0702771016228
2841, 879.671546772087
2892, 879.007412382392
921, 878.7078522459507
1276, 878.6814484176314
1938, 878.5668906740797
1947, 878.2848306475128
1359, 877.7258843618381
25, 877.5588476035846
2833, 876.3818425003839
233, 875.766128025207
997, 875.291617082105
2166, 874.0479377176529
742, 873.6144679504906
1375, 872.9538016852005
2376, 872.4433442865378
1550, 872.3896766395593
1354, 871.4833667354397
694, 871.2148709509107
802, 870.5654577942331
818, 870.052434628513
1621, 869.7715641805011
664, 867.9169459430244
359, 867.6348008000505
928, 867.591999061024
1472, 866.7494559676638
1007, 865.1709622882198
2247, 864.9414648645737
661, 864.0601093289778
879, 863.930955906023
896, 863.6664055078418
1458, 863.5563447066978
1582, 863.1637330423748
2837, 862.508153471897
824, 862.0910379337422
360, 861.5073544155185
2884, 860.7869899091529
2245, 860.7027112048528
1019, 858.1881423350654
1826, 857.363456664233
970, 857.1150203796747
1357, 856.4086630006688
1553, 856.16954262749
587, 856.0195371609292
235, 854.8353975108237
569, 854.8341313431196
2149, 852.1800677021057
1318, 851.8069899009101
1506, 850.9776450793544
2881, 850.8947120311935
1333, 850.8668877867088
1843, 850.8147899267339
1001, 850.5667016312779
728, 849.9870822873087
2848, 848.548371828463
2439, 848.3937075931847
1775, 848.3117276770959
1981, 847.5958147008007
2256, 847.2028522775045
828, 845.1715065804492
1591, 844.9126585580249
1809, 844.1631268916018
371, 843.7093135015381
1796, 843.5971233166345
775, 843.3988694234937
1817, 842.991752071568
704, 842.644220616477
797, 842.3732117915491
2359, 841.8808367194569
718, 841.573699577822
1828, 841.426726290934
564, 838.9676590371937
2899, 837.6913137225281
2854, 837.5558469002351
2324, 837.0909419806336
2361, 836.3485315341513
1554, 836.0160609189088
2129, 835.7273798422464
2254, 835.6780242088668
1654, 834.9035295143012
2230, 834.2714999608087
3001, 834.2156853317673
1353, 832.5869362339557
1903, 832.3174717164746
2418, 832.3166114103855
665, 831.7044148844885
752, 830.9696917836666
760, 830.4384652604867
2199, 830.4042168817334
578, 830.0750435670595
1544, 829.7580498293272
1305, 829.3180794621545
899, 829.2029636934395
1545, 827.7232716945474
620, 826.5151082614324
1946, 826.2958315242179
1804, 826.0090701985077
635, 825.3071231396573
988, 822.8633002337575
982, 822.5629449564751
1337, 821.8254581001831
713, 821.7977396659909
877, 820.795258544433
1341, 820.6656894608371
892, 820.6517938301708
3218, 820.4101700758627
2886, 820.0643796430069
622, 819.8791106713994
2849, 817.9871529533734
2234, 817.9395842160299
1805, 816.7103969790656
932, 816.524088825258
870, 815.070476319054
3002, 814.8013110040556
2831, 812.6314933829397
894, 812.0416929618743
2944, 812.0321930120463
2358, 811.9920830796325
821, 811.0375181402648
935, 809.8748306103287
340, 809.1439875275939
683, 808.6483674139076
1334, 808.3265449605369
958, 806.8202242879121
807, 806.2397346756576
1496, 805.4243497161573
2227, 805.3927347167854
571, 805.3195761499536
937, 804.5819216199918
902, 804.325624484701
926, 804.1926857389284
658, 803.8501488082421
347, 803.7962123560118
2133, 802.9599291576735
1886, 802.7757955069313
1080, 802.3236221964497
2366, 801.8852818315911
1812, 801.5545231304511
1618, 801.0177735926181
711, 800.6385369558201
1372, 800.3748556405387
1570, 799.3049535817009
584, 798.8938079606787
819, 798.3362333502258
355, 798.0902444336551
1555, 797.5609240905236
1307, 796.0515009326235
886, 795.4873164866788
2894, 793.7108248712398
1343, 793.6574992936058
944, 793.434432702049
1945, 793.2909339526334
3014, 793.1844219027321
950, 792.5582449190155
876, 792.2703736761283
1401, 791.9295430222426
943, 790.5690544775343
357, 789.8389157088917
946, 789.6771982480124
1772, 789.3906244401595
1012, 789.2024867734503
847, 788.9110994739727
1565, 788.6899330540116
2887, 787.5951979141713
362, 786.6876099003198
253, 785.5140151408625
849, 785.3769177925367
1294, 783.8521724793561
927, 781.659688131983
3229, 780.8096151668989
1839, 780.7201845114895
971, 780.6940762490261
2197, 780.636714818432
2190, 780.5667867199882
1265, 780.418990663005
2213, 780.0797984487604
2255, 779.8971250333609
2888, 779.5673827568836
374, 777.9547268443864
2432, 777.8867767696203
2750, 776.7151019964168
2321, 776.5283499717737
1601, 775.9344326886903
942, 775.3786878113149
2882, 775.0424760142483
2998, 774.9408201269217
618, 774.5867139501598
609, 773.9417533448851
594, 773.5979739949385
1829, 773.3848574185523
1595, 773.2803228231666
366, 772.1401680509588
1391, 771.747933626851
842, 770.9091092817287
780, 770.2171020661442
674, 770.1454040857325
1923, 769.5927744996097
1614, 768.9330045667247
1275, 768.2664776848427
1326, 768.0937980430036
1539, 768.0878600748771
1388, 768.0289722366966
2112, 767.7966664618489
1492, 767.2353537284511
2319, 767.192466389325
2804, 766.5656594472525
1844, 765.9609152894935
623, 765.4735562935703
1762, 765.4380812343161
2880, 765.2910067323766
829, 765.2458466120526
2250, 765.0829531288477
749, 764.2985429584214
2154, 763.936326127246
1367, 763.6109302370751
867, 762.10160165056
725, 762.0165815244186
915, 761.711104611601
599, 761.6812188136064
1330, 760.3940894783586
3448, 759.4080933993168
598, 759.3018747180266
2182, 758.8302018185315
313, 758.3360977923385
991, 758.21285292684
1055, 758.0592075927452
3321, 758.0332191100508
782, 757.3139095077281
690, 756.3490253747394
1329, 755.4009537981399
1370, 755.2532582029422
3034, 754.6009660324944
930, 754.5079373066437
2844, 753.9832074134897
730, 753.9155934825462
2241, 753.4912104227772
1368, 753.3346042266755
1339, 752.8431979443453
2335, 752.7320956565317
904, 751.6720743010854
2253, 751.1909861645012
1310, 750.813182955372
1378, 750.1028395500672
2901, 749.8519327117837
1384, 749.7475195093659
1598, 748.3876914546506
1470, 747.1839743307254
853, 747.1449533922581
2215, 746.7955219436203
2897, 746.4666247869238
2838, 746.2575717304057
905, 745.9228467718879
2994, 745.6786257997712
918, 745.3563814287182
1360, 745.1425799632901
1988, 744.6475602088626
1346, 744.1155517151103
307, 743.9115894221168
3037, 743.1466705803023
1820, 741.0213089911932
3267, 739.5010846341793
1987, 738.5230843780436
2729, 737.2083769919606
868, 737.0418628830964
1491, 736.5013923258189
846, 735.7635589909712
2165, 735.340894838052
2168, 734.7100162219419
2156, 734.10184317059
1304, 733.989614313116
589, 733.7003392671031
939, 733.4738735931962
327, 733.3203469516397
739, 732.6504327831484
767, 732.6150986500376
952, 732.5667123636576
3272, 732.2706610745189
1819, 730.3190689941691
1790, 729.4047689277418
3035, 729.084023299236
2228, 728.6497108969974
2148, 728.5384975587035
972, 728.3988329693418
2237, 728.1671479436873
1984, 727.7439253209827
3026, 726.8007449305927
1014, 726.7267880238246
1511, 725.6298453463423
1344, 725.6226816722154
1345, 724.7601814424636
317, 724.1009584696723
309, 724.1009584696723
964, 723.9569062180597
2231, 722.704975641501
1407, 721.9166431238958
1013, 721.1663460075322
1489, 721.0924255421179
2945, 720.786955707853
872, 720.2044662585062
1547, 720.1553143307231
558, 719.6259812210664
772, 719.158718399201
315, 718.8169376840344
306, 718.8169376840344
3011, 718.7645742250778
1561, 718.5835108115057
3023, 718.0512663473729
1009, 717.6190497540533
616, 717.3070908317641
1288, 717.1738498153223
1802, 716.9786411042058
1798, 714.8891470435709
572, 714.8157168729379
855, 714.3242931031846
784, 714.2050857660128
1036, 713.5463173685501
1281, 712.8941062229467
1414, 712.3060045364804
758, 709.7002000830129
636, 708.3835772012893
1842, 708.1235165853737
1396, 707.748764645622
1983, 707.3771840523558
596, 707.1298723574415
1393, 707.1201869406293
696, 706.7272675559885
606, 706.5124119065559
1283, 706.1506287965019
2147, 706.0947922743059
2907, 706.0166621152056
2935, 704.8424333137697
774, 704.1866107541688
769, 703.8520423168411
2206, 702.9135435065349
1488, 702.5869804606314
1293, 702.0154191652058
1493, 701.8599120101795
2000, 701.8093029390188
1494, 701.097836371055
1622, 698.1715433085742
1271, 697.9967187750041
1616, 697.9274802510704
2172, 697.8465820242602
804, 697.6263359197521
2143, 697.5580493341708
2209, 696.7892999349232
1280, 696.5289620253246
1303, 695.7138524360375
1395, 694.8407714117927
1481, 694.417374042457
3220, 694.0371428118884
708, 693.9606598048091
845, 693.5712830121096
349, 693.274508167139
770, 692.3346527733012
3013, 691.9220878977949
1500, 691.3906032450293
2142, 691.2781094014526
645, 691.2174323412627
1919, 690.3745737094224
858, 689.769108210065
1542, 689.725122138653
794, 689.2234909757568
348, 688.9812172401275
1548, 688.9488587852262
3045, 688.4314907375298
2828, 688.2043362274862
586, 688.0896915296264
2877, 688.0324028399473
610, 687.9212133703462
1986, 686.3906470380073
604, 684.6606198427114
3449, 684.3303209385546
909, 684.1906882177236
631, 683.907409282877
1011, 683.2487385519455
1768, 683.1454970984008
657, 681.5045855023126
2410, 681.3430699418182
2117, 681.1482991148218
1524, 680.858852305036
1369, 680.6203796839578
1549, 680.2027062349792
2125, 680.1723945303575
1957, 680.1434483351596
2427, 679.8828717902569
709, 677.7961658118815
1290, 676.8589430743657
1602, 676.650102157746
1398, 676.5747847889065
2115, 672.9925552299601
1887, 672.8610831639718
2829, 672.2847746464282
1483, 671.2727681807357
987, 671.1961127097833
837, 670.1318332422986
26, 669.8764991468306
693, 669.8093439840314
1942, 669.6938505608732
2372, 667.8422425442232
2896, 667.2580061926317
2905, 667.2521222195667
2200, 666.0793502841038
1541, 665.7903858410982
364, 665.6114201359878
370, 664.9874390200865
1348, 664.6886719491583
242, 663.1867169270124
593, 663.1324330512476
3451, 662.8183519292619
777, 662.5738789247922
1373, 662.0385168754303
356, 660.5361697538988
614, 659.7997768752447
585, 659.417385157145
2995, 659.3499872015453
2360, 658.7053647816924
1340, 658.6482579604664
628, 658.393319329078
2161, 658.3669836742037
1390, 655.2952428663729
3270, 654.6548112540032
1888, 654.2621709572708
1505, 654.111624139767
1475, 653.8849181017937
882, 653.7435611425458
1272, 653.1330688359405
1315, 652.5014482319764
2334, 651.6983127528847
1347, 651.6140068535868
2547, 651.3909960774216
1594, 650.5127060578122
2121, 649.612023390235
27, 647.896402526721
236, 647.6433727476758
789, 647.4921979283108
1328, 646.6336168453521
1480, 646.2136348515692
1377, 646.084170040134
2890, 645.7426825113539
3068, 644.8994920369688
1765, 644.8880478649446
617, 644.704027158839
743, 643.815939273572
1522, 643.789323665238
528, 643.0960329101109
883, 641.9427432583472
839, 641.8179906468164
24, 640.9205506906696
793, 640.6790663199371
1374, 640.310491531466
2122, 639.3670942004037
1498, 639.068601404389
1400, 637.9410758212114
2364, 637.8784636345691
840, 637.514712148734
1411, 637.1631752359717
2333, 636.676905395217
2155, 635.8817013468757
1402, 635.845348692977
2150, 634.8197600802928
787, 634.7003472722228
1415, 634.3842373028392
1376, 634.261664159592
903, 633.8409030627973
960, 633.77780152539
2164, 633.7561088552271
2879, 632.9331415129192
247, 631.411315162723
1795, 631.0986158617504
995, 630.6841189943456
601, 628.8809198796379
1380, 628.8491635207304
992, 628.1233868433192
324, 627.7366599817574
1405, 626.5172810465167
343, 623.6755564872376
2898, 622.9890055823181
1268, 622.9005266379498
1764, 622.1389844096657
691, 621.3293775360855
1277, 620.6841840276788
2422, 620.6440072644598
833, 619.573945113584
841, 618.8991291738632
1312, 618.1209670998494
900, 617.3065881743321
2126, 615.8360760477788
698, 614.4943716090071
560, 613.993683281284
1314, 611.9496566674898
1211, 611.1380949347705
856, 610.3871621030913
1190, 609.9144222913793
230, 609.6257803636049
1840, 609.3338048148136
1331, 609.3004093561237
969, 609.2579792719081
1292, 607.3455783845199
2992, 607.171228508276
1387, 606.5051011866794
2362, 606.4754732571233
919, 605.9606773852862
1419, 605.3799595105667
1821, 605.0864552798843
2113, 604.7122197367044
2845, 603.8837401774191
1335, 603.3999383095156
2996, 603.0000475908863
2368, 602.8944979910267
907, 601.6602754319221
1409, 601.0389207829261
884, 599.9274450401624
2173, 599.8982513359556
2189, 598.9579304036497
2187, 598.8599299395348
529, 598.7913380632104
1274, 598.7667150071131
2120, 597.8603149515633
2852, 597.5635062978258
717, 597.5252560918419
2174, 595.6494486018216
808, 594.9629315956421
2949, 594.4269867014498
817, 594.2757241060738
815, 593.4766871550455
2858, 592.2336422171325
1266, 591.9887532801375
630, 590.9825762555994
1931, 590.5778981625018
591, 590.1296662685813
1355, 590.0589294397485
1023, 589.9418276381763
1392, 589.9364036209087
341, 587.5374561453909
1784, 587.3735332889681
1803, 586.8267452404303
1389, 586.084593761165
2438, 585.797264853224
2420, 584.5418767623426
1421, 584.5279739097487
3030, 583.3722409423132
981, 582.553727257102
2214, 582.4762404273006
1599, 582.3503505144334
2114, 581.0275731308722
2262, 580.9248581306417
1653, 580.845042685973
1322, 580.6740681216382
1781, 580.3728690797117
1422, 579.5699577937878
1479, 578.8733731908696
2188, 577.4815351830001
2181, 577.1016229286964
1473, 576.6991595304536
2248, 576.5785648645118
2001, 575.0937912607939
1613, 573.8710612115685
2855, 573.8029342618257
1943, 573.1203374025644
1508, 572.2752175121557
993, 572.0326567741708
1413, 569.4621585786961
3016, 569.2349922784757
1985, 569.0553324966455
2846, 565.0839930407724
2904, 564.0058766957446
1408, 563.7634942839774
2220, 563.7418081941473
999, 562.8761419597372
243, 561.6585937162456
2993, 561.072443395872
2162, 560.3199303532194
3031, 560.1494373951235
600, 560.123500498394
980, 559.7165857677775
527, 559.0316911333883
344, 557.6419097863447
1352, 557.4922350154663
629, 554.934954899568
2219, 554.548597715882
1512, 552.8530122406853
1379, 552.8366533197856
3268, 552.6273471173291
2160, 552.331280619651
1361, 551.1980039720783
581, 550.982593737181
1490, 550.1294109114683
574, 549.9219436316073
1295, 549.4060650615661
2196, 547.8335212955958
1823, 547.3572284096095
2936, 546.9447000348496
579, 546.4103908085916
1885, 545.3258829830842
2850, 544.9945147755608
2180, 544.609880506437
781, 544.2193747146731
2281, 543.7200152022031
2145, 543.6151939571386
1526, 543.6072215818075
1420, 542.4015959775965
575, 541.4694469045272
961, 540.225849623486
1364, 540.1548151193676
1822, 538.281208199479
1846, 537.7621406900694
2095, 536.7307428359642
2318, 535.7891103075473
989, 535.6955868048996
249, 535.4358347651412
1417, 534.8980888590357
2402, 533.4480785967992
686, 532.4178924634178
1455, 532.1616347306335
1412, 531.7302499428364
3319, 531.5839128607232
1486, 528.3769063803325
2118, 527.4494354430154
2236, 527.2342037284424
762, 526.7310749545328
1615, 526.0529921048324
1336, 526.0514509322826
1495, 524.0591088884248
2171, 522.7337404487878
825, 522.5499606138704
2116, 522.2508152153462
1308, 520.4316205304943
1907, 519.6203346079617
321, 519.2470290808578
1371, 518.9192248341157
234, 518.7478291303545
727, 518.5046224525684
901, 517.9705483003918
2205, 517.7506044165261
1003, 517.6160713638067
23, 517.6120992987084
1807, 517.1945506142077
778, 517.1269452456402
716, 516.9104478526236
353, 516.7702690502268
1321, 515.6335370537486
1523, 514.6043944072104
612, 513.4216827734992
316, 513.2368390697369
844, 512.6466321218728
922, 512.3084158992431
2997, 512.0531516599173
1278, 511.7760848392756
3233, 510.30232179906915
2124, 510.11110075128596
1883, 508.6483128618367
2365, 508.3027121362942
1478, 507.6434546845392
3018, 507.4666223383165
857, 506.6588311483348
3036, 505.6779094851589
1287, 503.170113166492
744, 502.260758688325
319, 501.9763873988091
1776, 501.4215736123766
1039, 500.070779896394
3219, 499.6779038034949
2431, 499.2499180068135
3000, 499.1396903551864
1210, 498.4061409844301
1038, 498.2712505629568
29, 497.92475059074366
3269, 497.8357687476225
2932, 496.69420631222766
1527, 494.4815051239201
1810, 494.1900101257922
682, 492.9610883476168
3029, 492.96031249559246
1267, 492.6784678124201
1474, 492.59132606968103
1501, 492.37275532497995
1884, 492.1590254453546
1532, 491.67340696514674
1999, 491.3685923705286
945, 491.0604683391399
1564, 488.6771955746187
917, 488.47056046589404
2135, 486.4207634799811
1037, 485.26333021378133
1356, 485.1504444549686
791, 483.93715356132833
955, 483.54010333580624
3216, 482.818756314088
1279, 478.9815676369929
2207, 476.8508723428828
2806, 476.6553974289099
2194, 476.57037949296443
615, 475.3639507431793
3043, 475.34202949583266
1780, 475.33282302153515
3223, 475.29765226293944
920, 474.3380231864225
1482, 473.9282745653008
259, 473.4012076982328
1617, 469.6012068677956
2953, 467.93426048758886
2429, 467.7116677782321
1951, 467.51775144023134
3025, 467.44486648441455
1640, 466.5884798724885
2157, 465.9543084070723
803, 465.9219443182725
788, 465.4118938842177
2193, 463.2276864145406
8, 460.09173089956835
746, 458.6517308724421
1306, 455.8546896558149
3221, 455.83924259006625
2243, 453.8798155977924
2889, 453.63732109773474
2991, 451.906606891645
2195, 451.8627619979375
3222, 449.6079674604491
923, 448.96110987104043
1289, 448.3556955633832
526, 447.7542212623411
786, 446.73151137685915
2859, 444.67290404688174
1939, 443.37956107614195
1940, 443.195878876873
248, 442.29567687690115
936, 441.26012629404283
3320, 441.15067337711184
2435, 440.83288586810323
2428, 440.83288586810323
1510, 438.0407667018167
5, 436.4550304692136
2856, 436.1560337894843
2242, 435.6330643236614
1525, 434.48041710291176
3217, 433.5292193239936
1806, 433.213859117782
2211, 431.60686528828705
524, 430.6959964584729
3215, 429.5401538862004
1890, 429.1924142984035
1269, 426.6756580055258
2208, 425.1760180013341
1004, 423.8742279229034
11, 421.19177376187235
2170, 420.28162353219955
30, 418.62431758645226
2158, 415.89695756648433
94, 414.8351619795273
2878, 414.7096754190771
1623, 414.4011420745683
0, 413.7902800156427
826, 413.0837575298495
2434, 411.3987464335831
735, 410.1888053522172
9, 409.7169910423909
848, 405.7193100335027
107, 405.5178644341263
3, 402.90660040665216
1977, 402.6028939405085
814, 401.36004572566264
2191, 401.03187326239237
28, 396.60146752202644
2999, 395.49955892838375
2134, 393.80956613034033
1882, 393.03946373490226
6, 392.09626218639556
1824, 391.5099872292333
3017, 391.20381914010716
1794, 387.54701514253946
2805, 385.9982235278068
1818, 384.7798153238497
1404, 384.48183994373795
1410, 383.534911658764
1788, 382.5638283449597
745, 381.85797795495915
1723, 381.56836929539975
1309, 381.3131839234846
2832, 380.89992435770324
1418, 379.93723468237965
1814, 376.44839032389484
1578, 375.44444087872284
7, 374.87540281307423
1509, 372.8200859735474
1579, 372.730175131201
1785, 370.6772166721486
1358, 370.40682967958276
1324, 368.87085009956274
2731, 368.39420575053333
823, 366.95727455714643
2153, 364.89602122456927
118, 363.1667322346041
1255, 363.03864723238115
953, 359.82207217517373
112, 358.4675001525544
10, 349.9914561558351
117, 346.43716093414645
3234, 346.3920721468738
1484, 344.9438824428928
418, 344.7567963893734
182, 341.7518112241883
2192, 341.0760497620287
1485, 339.84544440158083
2860, 336.9377022661432
4, 336.4845066862339
768, 333.83040011892814
2857, 333.6723523927612
417, 333.43851736422897
3235, 331.27429767936474
421, 330.74663888921356
1062, 330.4100786526115
3009, 329.69786717136407
1661, 329.4313261224043
416, 328.8705623016394
916, 328.409353064854
641, 327.57971430079556
3431, 325.1122592366078
3310, 325.0129694843505
2433, 323.0764995298018
1487, 322.27623762177774
1, 322.1147225729297
1153, 321.37039201003023
1577, 320.40372190822956
1889, 318.37309477502305
2275, 317.3812454788226
420, 316.71131510710353
1454, 315.0123156855826
1800, 314.31038033207574
1426, 313.4600096399724
2320, 312.81470639713547
1457, 311.63215050621284
1958, 309.9919775669126
2900, 308.9090433418555
1427, 308.29239009991994
2861, 307.70168723010147
116, 307.41679822569944
13, 307.2270224214593
1423, 307.2100292037307
419, 305.25824753931965
3164, 305.2133203178512
1302, 303.91649359982785
1838, 302.81658673405497
109, 301.9381388684124
1425, 301.49158892556875
637, 300.70901833307454
1709, 299.94820738623037
1580, 299.78787182724636
1424, 299.2580465484474
2010, 299.12049416287033
3188, 298.38009929670784
2351, 297.7712970501756
1156, 297.00551747497815
1151, 296.4978988622195
1571, 295.05925678617393
2801, 293.9983668133727
1566, 293.6087596286928
2971, 292.28757281324687
1567, 290.4316663942185
3228, 286.23350263054823
1864, 285.6128078600164
97, 284.75008582551817
1316, 283.8681924852046
268, 282.7028970179824
96, 282.5746164569724
12, 282.51543693929426
1178, 282.5104717344732
115, 281.5004836176558
1575, 281.4453951605623
1895, 280.6833383382251
1180, 279.3375768502382
32, 278.458239955631
1440, 278.3713886836754
1073, 278.19626712050234
1152, 277.4282029470044
144, 276.8958025420985
1962, 276.870462081241
167, 276.3533853073116
260, 276.1961091117688
1216, 276.0021026844522
1632, 275.2884496767417
1573, 275.0885608359265
1562, 273.8730163136843
122, 273.5353823636102
3236, 273.33138590641977
2400, 272.4700009635975
358, 271.9005769926204
3387, 271.5965865952721
68, 270.941356123953
3417, 270.81112595038167
1576, 270.0157084650296
1065, 269.52765288590376
1638, 269.267740339425
1813, 268.1740403127757
166, 267.20898508359994
3376, 266.18717143379087
2915, 265.6807810943541
3392, 264.46769383186466
93, 264.1225205537215
1634, 263.95881283922427
1572, 263.883655991529
64, 263.6700669436092
1034, 263.6437280227489
2270, 263.1462490316597
1694, 262.9402195384753
2395, 262.6741814647282
1543, 261.6566840739803
65, 260.2254142884127
1068, 260.1124512772535
1397, 259.70777868274797
1588, 258.84913979926444
2097, 258.39868978709853
1198, 258.3638230478404
1150, 258.00599962213147
3374, 257.2593124749383
72, 256.98708505146857
101, 256.84587231060675
1061, 256.71413100351884
67, 256.56389169646917
1467, 256.4694689880138
3356, 256.058079856303
3422, 255.75837496811175
70, 255.36849067181504
69, 255.36849067181504
510, 255.30098800071497
1220, 255.27688096306923
3428, 255.02493197809517
1134, 254.79555790119866
2913, 254.67092091055557
1663, 254.52337071240981
2972, 252.94111675902832
2399, 252.44384966382856
1428, 251.98350398718915
2384, 251.11635164883796
108, 251.0750814977916
1976, 251.03906611616006
1996, 250.67280883849546
3368, 250.58869447066954
1574, 250.11079357801728
2787, 249.8364488111478
1605, 249.66130281272163
1240, 249.59174278401173
1123, 248.88487293857077
2414, 248.83185192859668
3140, 248.21631246872488
2550, 248.09111825611177
3122, 247.77407300675208
1135, 247.3569357171395
121, 247.29748837469938
1155, 247.19985231732235
2775, 246.67574354549612
267, 246.29693527224933
95, 246.28905647279512
1406, 246.06422967196426
3406, 245.53317158127297
1191, 244.98794058013797
1207, 244.65061363904513
1194, 244.55095877950012
3126, 244.48123791425866
1138, 244.34006361900006
179, 244.1295678631127
1120, 244.10803435670195
434, 243.9705147245625
1224, 243.85418181983883
2295, 243.5097768655531
3349, 243.49901077631904
3137, 242.66480586920483
90, 242.51308624688176
1693, 242.35851587908587
3337, 242.0249555375141
1189, 241.93929752957428
1146, 241.05076322120004
1108, 240.6596135760304
3328, 240.1167117939431
3060, 240.0635414877999
103, 240.0252454104038
3138, 239.91206065385938
1225, 239.75374763613758
3427, 239.70454732406424
1186, 239.53032194688276
3355, 239.3812268091506
1078, 239.35678220918032
3127, 239.3540850611013
1441, 239.2979522802914
1195, 238.83557681833068
522, 238.74697733784595
1713, 238.74688596606475
2799, 238.58658237333623
1168, 238.35772819398548
160, 238.1556881328988
190, 237.59958411770643
3338, 237.407625288021
2984, 237.11619107074583
3116, 236.80604933247173
1131, 236.71812505707803
3330, 236.5147646872502
3096, 236.30960730518066
3088, 236.16694900749968
2761, 236.01846283765153
2982, 235.9045703410383
1107, 235.87055915794915
113, 235.85365720330313
3075, 235.74374529644203
1163, 235.72530992530648
304, 235.69833108387596
2977, 235.59510620423217
1167, 235.54821591697794
3104, 235.40461833392143
1223, 235.37351361839592
1222, 235.24674567530192
3390, 235.1067194968293
3074, 235.08595319338173
1127, 234.94858153296073
1250, 234.86598103882747
2770, 234.8162265793575
3067, 234.80765668493115
2378, 234.7832198370569
1133, 234.61447396210644
2273, 234.5284827705095
133, 234.50207253991533
3124, 234.42103044508238
2762, 234.18555560835117
3152, 233.69000367129632
541, 233.64355536498266
2007, 233.63601721313182
2023, 233.50640791838032
3157, 233.49662860957602
338, 233.32763268787502
1998, 233.323772323133
3087, 233.23029686319538
1656, 233.18557385026907
2268, 233.11803210363564
1477, 233.1047956099529
511, 233.0921264720016
3109, 232.91513390262196
1246, 232.78007547219318
1658, 232.39325027678416
3076, 232.37692320750665
3052, 232.21958061679376
2967, 232.14959951395193
1136, 231.92959803025448
2350, 231.67741969652462
1176, 231.41403192097772
2719, 231.29941984101927
1196, 231.29868126352974
3156, 231.258338832042
205, 231.23084473907602
2347, 231.14801321379406
3397, 230.92338574031996
1251, 230.91093480365166
106, 230.90023132744417
2411, 230.7841744304627
3053, 230.70627402663234
2551, 230.69322445153261
1435, 230.67106380950642
3081, 230.61269069600434
1079, 230.266657135685
1514, 230.10375525569535
1261, 229.68221134435964
1431, 229.64024465053527
232, 229.55415896464353
1460, 229.47627069748185
492, 228.9970676679183
3400, 228.85551320737468
1188, 228.50904281448018
3103, 228.44260939041206
192, 228.25878597877193
3394, 228.23888806318436
2796, 227.99639277307145
1181, 227.88380134464094
3377, 227.81831777750162
3430, 227.79352950311207
1197, 227.50559389231702
1097, 227.49065742137947
1201, 227.4227181232122
92, 227.34227345925996
120, 226.84387591128905
533, 226.74002625227376
1227, 226.64079735758074
99, 226.62126504017834
1170, 226.49884128063306
3102, 226.46234517233293
1213, 226.44831991836114
104, 226.26764036236648
1298, 226.22431788769507
1711, 226.09192927056876
520, 225.97907119328397
3158, 225.8870624859888
369, 225.8063420033102
553, 225.79746540801892
498, 225.61467017677967
1116, 225.59069893211648
2976, 225.41957096070493
89, 225.33849022735834
2028, 225.27646868654938
3335, 225.27569746357696
1208, 225.16915257476495
177, 225.03771477687144
1182, 225.0323681203124
1446, 225.01311963604698
1209, 224.75729940537934
1149, 224.6915589126936
1257, 224.672404646685
1160, 224.59515205600903
209, 224.5651463214982
1881, 224.55799471162197
1518, 224.4555161815186
102, 224.4470034222856
1242, 224.25310975034014
3154, 224.0257814576496
3399, 223.99141898228834
1175, 223.61024681628706
3141, 223.23052825147542
2815, 223.04249334902772
2344, 222.89867526258797
545, 222.76652161998902
3398, 222.67661857522126
2065, 222.5925257832255
3117, 222.57713611782876
3322, 222.57164309143354
1593, 222.23133441044845
105, 222.07916203777714
2716, 222.00829345657766
3351, 221.92215799470586
2304, 221.45682192696248
135, 221.4078867005933
2771, 221.29434788981396
1059, 221.25041076668316
3366, 221.11292145619967
110, 220.71708361178125
261, 220.5422346934742
3414, 220.44726670341913
499, 220.35310633562818
2421, 220.25874395512398
1217, 220.15421107969934
1438, 219.55694743254483
1137, 219.28006358935673
1154, 219.26916238021207
1860, 219.23268850865975
3115, 219.00094684530083
2800, 218.90647754999318
3375, 218.71976209149827
1254, 218.6177932562345
1773, 218.56993222607457
1436, 218.46979185004696
1719, 218.30521273052636
3367, 218.18265261393873
1597, 216.8351748614301
1206, 216.75854232566286
125, 216.3753220698531
1148, 216.2727061161624
3342, 216.23750250592892
1430, 216.1805876992513
2412, 216.15579483728374
1125, 215.61482550103176
91, 215.5341616517982
1070, 215.4940782542164
3420, 215.45465339798247
2014, 215.31811275641704
1139, 215.24530552703976
3441, 215.2332905331689
2413, 215.19683496904318
2290, 214.76869983625969
1147, 214.45794807914803
1262, 214.35573774582915
1596, 214.19976465113956
61, 214.10695937442813
66, 213.80907135811742
1112, 213.58672172639012
3131, 213.48519124166376
131, 213.45125235015914
1447, 213.34931328621144
431, 213.27626156878122
1141, 213.23459031290676
1678, 213.14432905477818
114, 213.10289506769044
1961, 213.09186153113362
2387, 213.03991317032012
1229, 212.54587963936595
2960, 212.4938789605263
2, 212.44609800396788
2392, 212.3835133098408
1974, 212.3037798705582
1199, 212.29334784236744
1667, 211.98845706549008
3332, 211.46653074341202
172, 211.38704839178624
1099, 211.33971210060693
2794, 211.29510998497548
1067, 211.15570177385598
3372, 211.02399082687165
3333, 210.43694731998852
2769, 210.41258515959714
2396, 210.39908731875374
2752, 210.34775281693453
62, 210.16540128751762
1095, 210.10158543088323
2080, 209.96636181736045
3198, 209.92594252614109
1101, 209.81251581649005
2978, 209.77829514367596
1096, 209.57251442720633
3003, 209.2983583163824
3139, 209.10911638093282
3132, 208.96674278335723
1130, 208.8312933952586
536, 208.77976717091803
1688, 208.67911194646146
1253, 208.41920658542173
1069, 208.2869711815496
2730, 208.14893548373632
2975, 208.01534658580104
2974, 208.01534658580104
1855, 207.76564776695145
3078, 207.54910183289843
463, 207.32908675868052
3396, 207.3063630537191
3393, 207.28708451331633
2813, 207.2491591773735
549, 207.1771808787468
1088, 207.15298715050682
279, 206.71088462835883
2406, 206.6728447086145
2269, 206.63287865916985
1586, 206.62337321232766
3004, 206.5970654963233
552, 206.5565607882612
1761, 206.34615028876706
506, 206.19595166445865
2983, 206.18659949837567
543, 205.99845899028386
3047, 205.8806554820259
1449, 205.63744415406072
1214, 205.6193811852756
3410, 205.49221390790905
3425, 205.44307319597934
3028, 205.3783481595128
1144, 205.24833399156165
2355, 205.0971345866198
2356, 205.07124017841045
210, 204.94549946174834
1589, 204.94496188432848
1042, 204.92217814931445
2919, 204.82860978156253
1212, 204.46013180357116
523, 204.31131037079976
201, 204.1795869605696
1662, 204.02463300427078
1226, 204.01287709918125
3153, 203.93629171987135
1041, 203.8724029865192
1857, 203.55541165253737
1867, 203.55466195989374
851, 203.37171596097969
426, 203.35573943189218
1660, 203.1512385066506
2862, 203.00869997615496
3421, 202.82656647948377
2765, 202.76803020123677
1760, 202.6637115341197
3395, 202.61454693936034
2417, 202.4916185880835
1852, 202.4099134231901
3125, 202.3632819109617
3280, 202.2840044046007
1174, 202.26166127745552
1301, 201.84405192304246
2798, 201.78684533135498
383, 201.3778369219827
1025, 201.37219205131484
1083, 201.34552825117794
1145, 201.32180272324328
1115, 201.20571057924604
450, 200.75039201740904
476, 200.7210308098851
3334, 200.70402627611702
2819, 200.6305465988252
3418, 200.53556984505707
3048, 200.376712373474
2753, 200.36694343521793
3291, 200.32692568851462
2009, 200.23367164907225
1236, 200.17527297989017
382, 199.98166583582696
2717, 199.8034414644611
1856, 199.75231785197096
1179, 199.66139296444825
1600, 199.6580686375963
377, 199.57778217400073
3061, 199.57757269989423
1872, 199.48267384634192
215, 199.0298712408346
3286, 198.98979579714512
502, 198.8727697003216
1031, 198.68303896257012
1683, 198.5165737839701
2303, 198.39193140174984
155, 198.3395584529965
178, 198.24231398241577
3371, 198.15202168249516
128, 198.13821378970178
283, 197.904301999066
2797, 197.8716903376672
1866, 197.8644427467252
2409, 197.85055356980934
3086, 197.84824611766123
2715, 197.8447291051712
3429, 197.80726069911904
3073, 197.63812624287934
3339, 197.5600659159084
154, 197.4530416180972
542, 197.25732196998342
1429, 196.99345808087162
1245, 196.89171866944596
537, 196.85508075092318
2337, 196.76018367020515
3106, 196.71155183032937
197, 196.67754795961233
2408, 196.61483122457528
1979, 196.56084760565503
1043, 196.5277077411859
1753, 196.4828691940703
139, 196.4823077047822
176, 195.99562457777373
264, 195.95473354888804
164, 195.8726642944202
1299, 195.85656358468685
538, 195.75043158102903
3402, 195.69420392115725
397, 195.66208173704464
1978, 195.34522347799935
3196, 195.34198153760107
3378, 195.21617223918145
487, 195.1078996183591
2803, 195.02883672742186
1445, 194.8139345008759
547, 194.6852666036806
1607, 194.66818880992443
3416, 194.6406148297446
1241, 194.53146440963306
1465, 194.40922243467418
163, 194.3072881128394
3369, 194.26679237333985
912, 194.25899194003864
1128, 194.20519034074164
2985, 194.1474515323145
2388, 194.00923512181495
1113, 193.70233940325136
1849, 193.57400169149375
151, 193.55118832010194
1124, 193.49211718484622
619, 193.47874884033848
53, 193.41506107295245
1608, 193.3331329161993
2958, 193.30524533924856
550, 193.1342324291868
423, 192.93736767665865
1811, 192.9361742196028
1183, 192.93402941725515
2969, 192.6441318121632
2110, 192.5451327723348
171, 192.19981609964913
462, 192.1244181900606
446, 192.10066890624984
76, 192.0261629638773
3405, 192.0030709507392
2309, 191.84552934767675
2271, 191.83734330880915
1091, 191.8299808137463
1218, 191.82463048743952
3373, 191.7494841065391
2733, 191.73061547526478
1973, 191.70470936652046
2398, 191.6451219561944
1193, 191.57523238348347
2754, 191.50547578795707
504, 191.3057655249466
1074, 191.30029027360146
1876, 191.29087100579753
2966, 191.26217094328604
2315, 191.11604253815256
181, 191.06001805213862
2069, 191.05375779805343
2973, 191.01983960070362
2297, 190.9141294053576
2990, 190.90906643057775
1437, 190.84139937453298
1200, 190.80385122675563
737, 190.79340547150844
1094, 190.76860228321107
2056, 190.61114901013653
1060, 190.49624979560323
1451, 190.46720123624576
530, 190.39381791234464
3166, 190.20939585746999
2747, 190.20566548564452
514, 190.1974331362644
2068, 190.13472268803667
3064, 190.12997111212889
3407, 190.03011767103249
3423, 190.0175297222289
1444, 189.9820141347327
1169, 189.92163644135934
3119, 189.82606152807668
2279, 189.76063494083562
1219, 189.721102196773
1590, 189.44745012465182
3381, 189.43119442953392
161, 189.4132456680208
469, 189.39326364756874
414, 189.35303766668432
2818, 189.29908044214534
1865, 189.27070942210247
2100, 189.1645756538275
1085, 189.1356364101307
2968, 188.99835438838429
1248, 188.976537613863
1030, 188.94184707834862
1247, 188.83197655580156
1035, 188.5566444014091
132, 188.41286486790156
1089, 188.27115172106747
820, 188.23584934034298
1202, 188.07098893451652
3436, 188.0148165151295
556, 188.0102981315829
443, 187.87683498756235
3227, 187.85712480099718
2386, 187.69935151449138
3058, 187.5831452178956
1442, 187.47744322090392
3353, 187.42131070369922
2763, 187.24470381364034
2783, 187.2390875121188
3277, 187.02886727309593
582, 186.8300278637755
3340, 186.81741484885458
1736, 186.7542270535637
119, 186.70249430489505
162, 186.6663021861938
1464, 186.66441339333556
336, 186.63625604822832
2979, 186.6281778579229
1117, 186.6207812034493
174, 186.61876565918664
430, 186.59410580956302
1027, 186.55384882817637
448, 186.54442979774242
3331, 186.50080342835807
157, 186.39890934849478
532, 186.34136989165899
1450, 186.1132369624976
3049, 185.98538667923657
3382, 185.91316613025822
2918, 185.8921607655276
454, 185.8119498928812
227, 185.4873814748193
373, 185.42066325466197
2260, 185.35603950030384
736, 185.34192337594544
3408, 185.2520905474142
45, 185.16400567956973
3181, 185.15274356319262
3072, 184.95199030556319
1462, 184.74012559232435
2312, 184.65931432272527
3089, 184.53458103819534
1119, 184.4313963649104
481, 184.43042910037903
3108, 184.42144005835087
2105, 184.34727265658782
3370, 184.2709421181448
2548, 184.23900682596937
2071, 184.17995722330332
2382, 184.17030350422763
159, 184.0905380026215
262, 184.04912574428474
3070, 183.92541209460305
153, 183.91987794948312
1689, 183.89585720408928
1651, 183.7983410196606
3317, 183.76305346742586
432, 183.71810500627205
289, 183.69698383540154
1911, 183.68056443935552
3155, 183.65393254597055
146, 183.60332058124854
429, 183.58634334152669
3303, 183.43547966363343
1166, 183.40687948996663
1531, 183.39430371245737
169, 183.34557614666878
3077, 183.27625482859668
505, 183.25815502708275
2099, 183.13010496411164
2792, 182.9480802318527
71, 182.71477457108136
2292, 182.65120823061395
1066, 182.54492168065218
1230, 182.52064444345763
2033, 182.4974809296667
1263, 182.42304389426124
1676, 182.39761976821686
41, 182.3856413215532
2311, 182.1197789825765
3055, 182.08225888199058
296, 181.90938895364312
531, 181.81486189266474
2301, 181.73489504170863
3385, 181.67934600986584
3118, 181.64091885721106
1584, 181.5897171111829
1040, 181.45155752085265
124, 181.40117603840923
535, 181.22438425668335
1624, 181.08574670558457
3419, 181.00541647223864
1603, 180.7889920191934
3046, 180.72190949320083
211, 180.71041306893366
207, 180.68433022929523
3148, 180.67701622873628
186, 180.5716162916492
1126, 180.56207977511414
1448, 180.35376459425993
3107, 180.32876914010194
2302, 180.31619237410175
1187, 180.30051148194892
368, 180.2484104646129
3437, 180.24165247198766
3247, 180.16470050088827
251, 180.1229561625173
263, 180.1111498301984
457, 180.0293890847687
2022, 179.9969221142018
458, 179.93161045651055
3114, 179.93152363177026
1075, 179.89669979467538
2777, 179.85242356730416
188, 179.84303245738147
39, 179.8348902188177
3135, 179.81881890246126
40, 179.80395527584128
1203, 179.7848777429154
554, 179.65229105006236
170, 179.63791920277396
1086, 179.57448284740454
1072, 179.43990498043038
503, 179.4386908563837
1161, 179.3600251725843
1964, 179.24353026272038
671, 179.21464998551093
2267, 179.20710135787155
1239, 179.1983426655637
1110, 179.1424232700993
3401, 179.07891306825505
1234, 179.03968512286986
2277, 179.0276218205049
2266, 178.99869497546237
1173, 178.86812201785224
2265, 178.5784361515247
200, 178.51077448513502
1585, 178.50366558850504
2735, 178.4676090496871
1129, 178.39345715623548
2394, 178.36273438474646
557, 178.1976743713943
3302, 178.13353007821758
2015, 178.10673186645852
2986, 178.05730397872182
1583, 178.02799390730496
221, 177.9776848548871
2961, 177.75860422087766
1610, 177.7403822346641
2053, 177.6030891002049
3191, 177.53876061801532
3388, 177.50444534099708
2791, 177.40848507249243
284, 177.3983191723502
1533, 177.34249409209872
3069, 177.2370781748325
3179, 177.209657159827
1143, 177.10225861306986
3275, 176.989231556111
1132, 176.82228317165027
539, 176.81776351009552
180, 176.79647137492105
2380, 176.78068353707306
3054, 176.76293393779292
202, 176.75292134139718
482, 176.73381047614575
158, 176.73155836255074
334, 176.68800213492676
136, 176.48889751531357
3341, 176.43715123088526
1452, 176.24774404006857
175, 176.1082488444601
456, 176.09093478560789
1994, 176.09012473916792
501, 176.01817791168122
2274, 176.00800082912323
3379, 175.9564030898526
2740, 175.95439072159388
1228, 175.9096970147911
1215, 175.85159297705607
2348, 175.84749554854943
3142, 175.8407304196574
2424, 175.78577511306872
2807, 175.57319285200265
494, 175.54853918970042
2310, 175.54184014347925
1026, 175.3462040537718
98, 175.34374654635712
1071, 175.13671522534992
2964, 175.0022985612911
3403, 174.97614387378678
295, 174.9458531614378
2298, 174.8872976744722
444, 174.8786135949896
860, 174.64927624642343
293, 174.64291021667327
3389, 174.6132867230252
123, 174.5906350374602
3167, 174.32930501249706
2962, 174.2693395344802
2050, 174.2377844343871
2306, 174.23028487228095
2737, 174.22906790236075
213, 174.17639515276304
2252, 174.10930207454274
2963, 174.06144540282318
437, 174.03260486891736
428, 173.86170673356838
329, 173.70197170375866
1848, 173.69221159816058
220, 173.63782784581292
2352, 173.46769318054166
1260, 173.3821106476859
3409, 173.37735990756775
669, 173.36664464828388
1032, 173.33421347913202
333, 173.28037046474464
1975, 173.2283329398397
3169, 173.22704084419735
2407, 173.2234889740202
642, 172.9489925139081
3426, 172.87681523402992
2764, 172.84665672987984
2989, 172.8204931587889
378, 172.73081896730005
2070, 172.70418800577363
3210, 172.69141107179075
2018, 172.66016970300544
303, 172.63329839268718
1851, 172.62918630675037
152, 172.5693655265421
3189, 172.538574851926
2746, 172.46265261011422
100, 172.35353731454703
483, 172.24906668130217
3205, 172.1722903612639
2055, 172.0333749093584
1456, 171.98001164129948
1233, 171.92420511846402
2772, 171.86289151958755
1090, 171.82350005177483
1076, 171.77129090783953
2088, 171.67077200721639
3203, 171.55075761501823
2075, 171.50514621972795
2006, 171.4952856879622
453, 171.4575881968598
832, 171.36743175868645
1184, 171.27801357392642
1252, 171.1841617374147
1432, 171.17045274488066
2308, 171.15993285184342
2059, 171.13175409999624
1963, 171.11016519104086
3445, 171.08375358385712
3065, 170.9289399292253
2223, 170.78161740292668
773, 170.75687718963664
3172, 170.69909326961627
3404, 170.67509918653363
1912, 170.64266613957471
332, 170.5610400324499
3010, 170.5441198633904
330, 170.38116255467833
37, 170.3321099263835
1581, 170.2186116206143
1177, 170.14238197056204
2103, 170.11874274220324
380, 170.11136724595846
852, 169.98608761185602
1997, 169.97631642042933
864, 169.89997106924528
2011, 169.8830019176532
2276, 169.84520388292708
1995, 169.8112350834319
410, 169.74228298482552
392, 169.72440113687443
2086, 169.66639271776046
3212, 169.65998938935013
546, 169.6476716867353
142, 169.5666238532176
1980, 169.53124712311927
3032, 169.38506494955266
2300, 169.38495914158455
3182, 169.2779382586143
3149, 169.124792688784
2016, 169.06186506256017
2263, 169.02723031043095
2790, 168.941986329749
2389, 168.91644294598254
478, 168.81971304135942
471, 168.7622246002665
1466, 168.74672997860728
1991, 168.44902214393449
3202, 168.43041080642956
467, 168.1580448565951
129, 168.08780308827872
3174, 168.07379682270846
914, 167.9211568928143
3447, 167.69507725461543
1259, 167.6630454559527
208, 167.63658945412132
3285, 167.6304190839509
677, 167.62161533483967
331, 167.61692266133085
3434, 167.50982987503286
2786, 167.478518283075
1690, 167.45327312801217
441, 167.3006915161822
3128, 167.28978209367165
2766, 167.1703423767579
272, 167.1273087612286
3424, 166.9364806825139
2024, 166.92611621836534
475, 166.82436129373735
3281, 166.8179532970699
3214, 166.80857374284764
3190, 166.7883784266674
3298, 166.77091441357942
168, 166.7505826127462
2026, 166.73933775743845
297, 166.69175699211826
46, 166.6462403644424
365, 166.51980085560996
3175, 166.43589848581053
2774, 166.4210572744609
1521, 166.11369831247075
130, 166.10205237025832
1111, 166.04445449262596
2278, 166.04292603208185
1098, 166.0221719415848
1459, 165.85297507282093
2261, 165.71177763515303
1517, 165.69347023543426
2381, 165.69065293240547
451, 165.59866653500944
464, 165.50614989173994
731, 165.48186639409923
79, 165.47788825490827
1142, 165.42713477633902
2987, 165.3742407741551
3056, 165.30718479233803
1604, 165.30402511061195
2296, 165.30382983319416
2757, 165.19170321140552
204, 165.0486237484342
75, 165.01967225269345
3185, 164.93122303775561
449, 164.83221578434444
3386, 164.82514459672967
1140, 164.8112027821985
3300, 164.7875570458989
2029, 164.72901625984755
2863, 164.68137441993284
583, 164.66238057872502
466, 164.5853676225933
2817, 164.58475959243447
2083, 164.58365561911538
534, 164.539704235363
3173, 164.44446116140188
299, 164.43668570524352
2759, 163.99174231604374
488, 163.9319983897415
173, 163.9163742159588
1077, 163.78618981571438
2109, 163.69216776026843
2767, 163.68757668074667
496, 163.64901341586744
1172, 163.61827488429148
1770, 163.59333689004774
2354, 163.53944331464268
2734, 163.4417914638585
147, 163.41252418761906
328, 163.3480923334125
3110, 163.23157838075022
3208, 163.2057670225123
3098, 163.13785610599828
2744, 162.99452826505774
3244, 162.98170322989947
2224, 162.95241395373097
3226, 162.93694440899014
3057, 162.87363886660702
2820, 162.86999601666582
435, 162.85202900394276
2032, 162.81479723084422
1256, 162.67748092439967
738, 162.44717917793866
2091, 162.42906221889947
401, 162.37775120615956
335, 162.36734545792666
2965, 162.3403646647827
1029, 162.33427449228944
440, 162.2526653007929
3042, 162.22885791630486
548, 162.09826595973226
3440, 162.0629572107712
2285, 162.05958767903337
3245, 162.0449054608574
1893, 161.85937923167276
3283, 161.83216469411968
480, 161.66139504262884
2776, 161.65215492002497
1587, 161.61591459718278
1204, 161.54014199364806
193, 161.53659128928217
2507, 161.5060584744559
3276, 161.4653142944471
415, 161.4478770772488
906, 161.44719184917736
3348, 161.4434100666039
2825, 161.43977929527833
3292, 161.41151235540661
544, 161.41139893608997
2027, 161.3666681077306
1443, 161.34844290529585
2078, 161.3159704098361
3093, 161.1983400307438
2076, 161.15441271306975
1513, 161.1529969141528
540, 161.10175269511763
485, 161.07781435573276
1063, 161.06730344378613
203, 161.0214227623277
2920, 161.01651041969538
1058, 160.97386912088402
2748, 160.95036359472215
1850, 160.94152981149512
3159, 160.92421318965643
2013, 160.87981478202397
2722, 160.83420117016252
425, 160.58354982334177
650, 160.5369046590479
588, 160.36944757323676
2291, 160.35144806975026
913, 160.29736439055304
433, 160.284526814475
470, 160.1496384273074
1081, 160.1075633270087
479, 160.08740015729512
1105, 160.05281416671386
1434, 159.89476010209256
1433, 159.89476010209256
861, 159.82441714628663
2773, 159.6982326375655
608, 159.69512112816312
1502, 159.65422613031637
2045, 159.56121651336056
2019, 159.5024385129879
1880, 159.47714885298444
126, 159.4377086693054
372, 159.42451026074187
1870, 159.40164629653535
2751, 159.38717483682527
51, 159.38298138449377
1611, 159.21485468023877
676, 159.14027444822284
1675, 158.96224030546418
1853, 158.89164186181569
1100, 158.8300869904328
3293, 158.82882058820303
288, 158.66376079317763
3006, 158.66329886904026
48, 158.60028165217986
862, 158.5843723898122
1159, 158.46748486457312
52, 158.39066867164308
3297, 158.2617602231698
189, 158.16715959554656
1910, 158.12923800276496
1087, 158.0997716827592
468, 157.94166078672424
495, 157.86036774229072
3209, 157.79530785984022
2020, 157.7469122283283
2272, 157.73746214720134
206, 157.7296739567241
2988, 157.71590777621736
217, 157.68897112102977
2622, 157.55995304468263
1859, 157.47842995583653
191, 157.4630436745541
1381, 157.3753769888444
2419, 157.31673934167137
1235, 157.26422350989452
1221, 157.16708993988917
34, 157.09279023426492
3176, 157.08402485891102
521, 156.7926563262235
1686, 156.73215989770517
2802, 156.71274973193496
148, 156.69677747832375
3083, 156.6887939023805
3435, 156.64309872051683
1993, 156.53422450926146
2723, 156.49226752257385
816, 156.48755068153767
3213, 156.34010270165442
1914, 156.29334498276714
2768, 156.27272116687672
607, 156.21638830171145
1237, 156.16726797035844
562, 156.16421619105893
3287, 155.9937308648395
452, 155.9420290544855
1758, 155.9271536953252
1680, 155.8682269792058
3079, 155.8592171346043
3259, 155.84690224766294
2257, 155.7212897418305
222, 155.716059563659
3151, 155.5791415721587
274, 155.5648571945002
407, 155.5009210974922
3071, 155.46292059391774
56, 155.43737967776988
1732, 155.43327091772798
2307, 155.29030690635156
685, 155.27148651018388
2981, 155.0570222774947
2025, 155.0365466626405
1082, 155.0123415358298
1102, 154.96401372641105
2415, 154.95984325705862
1515, 154.95722415039046
881, 154.91718737567186
82, 154.46106430751257
424, 154.4521733060408
3084, 154.42059259789158
3051, 154.3606488469757
1913, 154.23731235162532
2549, 154.21809311169437
1666, 154.18966926819297
1707, 154.14797190137253
1243, 154.03647886665902
406, 153.96435507998436
670, 153.95239130555245
1249, 153.81668387503697
389, 153.60116306751766
2294, 153.5680295300342
3050, 153.54485758036063
2810, 153.53880562195306
143, 153.53251410043163
3199, 153.44554306578047
447, 153.34521421497885
74, 153.33672704808393
611, 153.2977354596102
44, 153.23401779070323
3315, 153.22515527334232
198, 153.11491567437807
2546, 153.0713044565486
140, 153.0471857396698
194, 153.02063959676138
2343, 152.93442599060577
2238, 152.92798564028445
2391, 152.76123952373197
1854, 152.6702077088473
1033, 152.58976681927447
3439, 152.5866642247812
3274, 152.58551759329615
1244, 152.54625172795494
515, 152.50144225530184
1461, 152.48425006947534
266, 152.46033150378835
2259, 152.39225687523924
1516, 152.3511630401387
3246, 152.33854695090682
555, 152.32603202310347
376, 152.32213316139092
3171, 152.3039623750842
1162, 152.29515568014955
165, 152.2215194524397
381, 152.199300084656
2005, 152.1514921103942
2286, 152.12330939295688
2218, 152.11361180873988
2741, 152.08362205971932
1002, 152.0610391004718
402, 152.04328607637237
47, 152.0172572488928
2795, 151.84898314156865
3192, 151.73383860409945
2108, 151.6346437721085
2210, 151.62433822537471
3178, 151.56593459629042
2041, 151.5237248457905
2811, 151.50013468281466
1771, 151.40005810074473
895, 151.31794409242485
1742, 151.1727219886063
85, 151.08175952826588
3241, 151.03720358580338
1720, 151.03252075395707
3336, 150.9329486948114
1084, 150.90849008662013
228, 150.8676425556039
3413, 150.84186847318298
651, 150.7835269292484
275, 150.75790117227595
326, 150.7488151126396
1205, 150.69136643250653
2034, 150.62984653294197
2416, 150.58134524075848
2749, 150.41969497050533
1024, 150.40291725241184
3278, 150.33609745460694
1738, 150.2885004864824
2951, 150.28307672176095
3133, 150.2523585890364
654, 150.21253904907283
885, 150.1572902381664
2483, 150.11865630955452
2106, 150.1044837383726
1677, 150.05423504322377
77, 149.97005894374144
3092, 149.95698052437479
580, 149.8536821270061
680, 149.82395850833134
2314, 149.79890456370416
2736, 149.72780527403515
134, 149.55723404674285
2808, 149.54427655577635
3432, 149.53774529479375
2630, 149.51736917747323
678, 149.51201690049828
445, 149.46827639905084
294, 149.38745384090385
3433, 149.3797355346685
379, 149.34894895677937
3305, 149.31489704898442
3144, 149.2358758944933
1687, 149.22115719471418
3204, 149.21521625004047
3170, 149.19342614833545
563, 149.137624517163
3062, 149.07378908084334
1121, 148.9488787729582
3384, 148.89985770881293
3194, 148.87821885658732
3211, 148.78383424529758
3059, 148.7767626396515
1746, 148.67746121937188
1122, 148.63224827433356
57, 148.62621831381722
3095, 148.59893084855693
300, 148.48480500739848
1725, 148.43547701853885
1877, 148.29740604393322
2093, 148.25170884161304
956, 148.15104911742324
3380, 148.12281926758635
2003, 148.12170660038333
613, 148.11659001191714
3143, 148.11230352949252
3101, 148.08187863563884
2793, 148.05651781988504
3350, 148.03732154409417
3163, 147.9778072884573
2651, 147.967924025088
237, 147.88403516447622
3206, 147.83446983174827
35, 147.80535598196386
1722, 147.75505759215648
2666, 147.75004196514456
3197, 147.67632341022022
1669, 147.66232474271143
2789, 147.60847003399982
1439, 147.58636844634609
2385, 147.52704690368742
3186, 147.49153146936894
3039, 147.4894892945354
1627, 147.43928692313568
2454, 147.43722425817415
1970, 147.41712028827766
3304, 147.32193300256696
141, 147.32049446813357
427, 147.23956596220077
1238, 147.22789046106143
1685, 147.20104895013213
2513, 147.18662959552177
2404, 147.1317141230703
3040, 147.06500338111982
1646, 147.0190372692791
655, 146.9973584004901
2288, 146.98934917403326
509, 146.94368878130948
1718, 146.9218565966191
2280, 146.89616357169712
649, 146.7961394883237
2048, 146.7662225262171
3312, 146.68414301366815
748, 146.58687298491458
298, 146.56136634633796
3327, 146.54120887117998
408, 146.53596643680925
2104, 146.3793271448507
2505, 146.31466243206077
2203, 146.20053609823924
3443, 146.1100396096399
3284, 146.05846060577036
3289, 146.00267264861247
1879, 145.99874473720254
1729, 145.9584900598626
3294, 145.95539060927075
473, 145.95418476549023
282, 145.90951830990878
663, 145.85357233932675
3243, 145.79523731732183
2240, 145.77629594421168
679, 145.68786432209714
1625, 145.63115244523595
3200, 145.6292747856429
1874, 145.57171735959807
2491, 145.51206481007495
2002, 145.49236718183624
1708, 145.3806067225663
280, 145.22985515001005
2508, 145.1584470276825
1231, 145.11518028810076
3147, 144.93721189209762
3134, 144.9366520040157
1695, 144.9322995159652
643, 144.76002863760607
2948, 144.62198960313316
2583, 144.46913827717373
1747, 144.40718925598097
2379, 144.3955314340397
3120, 144.24685751335426
73, 144.2452916229114
42, 144.2336955772901
2258, 144.20436695003573
439, 144.16508091251762
281, 144.1561116645515
2721, 144.0775109451331
1641, 144.0463661112108
3354, 143.94597353671426
2742, 143.90363646262395
966, 143.9035633197437
1232, 143.81949377840914
84, 143.79636078457935
2442, 143.7656861753115
1258, 143.7277271225729
491, 143.61750445980772
1756, 143.49840469136961
859, 143.45084193258708
2566, 143.37095787576877
733, 143.3452529512209
1647, 143.28257193645692
1875, 143.28183586096614
1171, 143.1770291780591
838, 143.05896020284013
2824, 143.0192486707185
2338, 142.91584209864604
2008, 142.8033485062846
732, 142.6401926257555
2917, 142.6120884405854
219, 142.5823806347259
1104, 142.51025182539237
3184, 142.49618494138872
2039, 142.48173697719477
1698, 142.46346732788817
2823, 142.40902252355477
2021, 142.38483776188386
3314, 142.3778807272282
1971, 142.2971390722456
2688, 142.2191113973014
455, 142.1676760526869
634, 142.1493464950541
2671, 142.12346745478067
88, 142.10548604641355
2784, 142.0754015724655
1717, 142.0228486734899
1740, 141.95676000658548
302, 141.95395147419674
2287, 141.9309540924651
3082, 141.9024775627799
225, 141.84595480985573
2645, 141.8239722727984
1106, 141.7772430538339
2393, 141.62440155873765
2864, 141.5811062912345
863, 141.56939548997872
1894, 141.54338595639354
699, 141.50180731230216
265, 141.47685326455402
1868, 141.47579585915932
512, 141.43360767902217
150, 141.41219426272139
1185, 141.34300362575985
2524, 141.2763027232426
58, 141.2585363978711
2780, 141.25422948843956
3146, 141.25360677678427
2816, 141.2373679205265
2353, 141.21486045279164
460, 141.20589975345302
2755, 141.18555048820159
3162, 141.1294097675118
2696, 141.02581329739826
1731, 141.0049378299337
513, 140.98524449167826
2788, 140.95403322037396
1968, 140.93386516863532
2217, 140.858563838953
2587, 140.80716968666604
3150, 140.79196258323907
757, 140.71642157346287
2553, 140.6873964203766
3352, 140.67156828211344
734, 140.5343028658578
1682, 140.51486764926213
3264, 140.51341216111095
2562, 140.46864512137512
1714, 140.46243288781574
1644, 140.4019741014758
518, 140.29365096516545
1057, 140.2715492770882
1871, 140.26364978753844
551, 140.23453060883426
1858, 140.21884438087653
2705, 140.19698816086728
87, 140.18827555490816
3444, 140.18741765938617
2758, 140.1852763945166
145, 140.15774659971197
2098, 140.14157861784233
3239, 140.0692746758128
2559, 140.04974629443984
1726, 140.03972521139465
2782, 140.00926526212828
1642, 139.9947841190273
2610, 139.72680717131294
3187, 139.72343325672912
1739, 139.6539181532228
398, 139.636030938326
2812, 139.55931491239818
3324, 139.55074716553514
2244, 139.5486639482395
3168, 139.48761302348177
3183, 139.43601300260306
3248, 139.32337622768966
2305, 139.23155972859666
2558, 139.11391646302212
1705, 139.10613657589482
3105, 139.10073037961854
2607, 138.96932358603476
412, 138.89971550869106
2152, 138.8987474905062
3123, 138.88131957838218
1643, 138.86504044244407
2004, 138.85391100537416
1626, 138.79998822074484
214, 138.77634985155711
3041, 138.52332999705268
2101, 138.4290800339125
3290, 138.41876639539302
1715, 138.41699253350333
3063, 138.40753242945874
2017, 138.3910442831317
291, 138.34307332432087
255, 138.33262839619977
957, 138.24858902051898
1755, 138.18999074525414
2030, 138.0917717868325
2690, 138.0870649809417
1703, 138.042334059058
561, 138.0407840780002
3415, 138.02493299989004
2694, 138.00576131606883
2514, 137.97845941743537
965, 137.92996951431562
2473, 137.91163006237787
2536, 137.86144269388114
3225, 137.84046962835464
3090, 137.8005014682456
3255, 137.7605314909462
1752, 137.71795299115612
3129, 137.69063079867882
409, 137.64108460486997
626, 137.61732837866177
1630, 137.57504624146878
156, 137.5540374763159
2781, 137.54344269638165
2710, 137.32819556512547
2640, 137.32818177016702
399, 137.24111640711715
278, 137.2053254097724
250, 137.1510712155147
1892, 137.14285675658954
2677, 137.09238047347307
1721, 137.06070165604538
2620, 136.95142794282145
3066, 136.9496912064346
3279, 136.94070517888667
2571, 136.86142912387294
3299, 136.72725454946965
2779, 136.60466843247124
404, 136.59775229033642
2102, 136.56232983292566
1692, 136.49085799160525
1869, 136.4867894729013
3318, 136.37026775587452
3080, 136.36859927372365
216, 136.33829561531522
2390, 136.32153338109137
1712, 136.3034437761253
385, 136.3029129192938
2686, 136.23930004671467
2653, 136.23270304067805
199, 136.21335366940673
3130, 136.14488919702646
276, 136.11111576904472
2574, 136.09488420580146
681, 136.09330292331546
1966, 136.02903529852722
2650, 135.9622997267778
19, 135.76008869519703
2497, 135.75588447383888
2657, 135.75019277817574
2814, 135.60959162372922
1710, 135.55259719011408
3207, 135.5457015202389
2624, 135.5220752541762
2703, 135.5098467872071
2785, 135.48894191079737
3306, 135.45528373778984
395, 135.41305473349726
3347, 135.40142273660817
254, 135.3980713342329
1733, 135.3967410280776
411, 135.38168615213277
2756, 135.25885288201295
54, 135.1535679806936
1701, 135.14732508766838
3111, 135.08976056808189
2745, 134.91113292844398
1631, 134.84080807042875
1744, 134.75945925509203
1628, 134.73695369849403
1735, 134.50013681059434
400, 134.47468904374023
3099, 134.47336248562533
1716, 134.46260012868257
3020, 134.44726440689863
2641, 134.4242927645108
2525, 134.41875678865617
2652, 134.37990225818214
2649, 134.379042630415
2720, 134.34226716635578
1028, 134.33434812493064
21, 134.3293710026005
1748, 134.30754300868017
2561, 134.29272722221492
2293, 134.2862158952277
2712, 134.27155836561883
2853, 134.2413309160387
2111, 134.24025434110885
2096, 134.24025434110885
647, 134.19480715332412
375, 133.98493411341093
386, 133.9750821332195
2683, 133.94959252732914
2572, 133.62579228850302
2520, 133.60347311796374
2289, 133.57977680152877
3316, 133.57832811932622
2656, 133.50559499808531
1672, 133.48947763773464
2601, 133.403612118651
3383, 133.39110411828193
1659, 133.3676002891031
1684, 133.29955727807388
2621, 133.291845939268
1670, 133.17544292774218
50, 133.1735666814662
1463, 133.14882335756744
127, 133.09304656385865
1873, 133.0596440209752
1891, 133.05846227364754
2340, 133.052504409433
2527, 132.95065135801602
2646, 132.89063812990312
3265, 132.85027793641845
2738, 132.58949551746264
3097, 132.5640387201041
3323, 132.53248007389826
1730, 132.48171141650425
1741, 132.43984950769436
1645, 132.4147078791314
1700, 132.39561556538266
137, 132.3387646689316
3362, 132.3358602906612
3201, 132.25738469863148
20, 132.23929707260504
2668, 132.17900603923542
3112, 132.1680999977272
2212, 132.16537201687393
1743, 132.1343252927998
2959, 132.12573181498155
2568, 132.0404359382521
1047, 131.93958811001542
1668, 131.9360443860228
1633, 131.9227194777405
36, 131.9095546719441
2608, 131.82768425986933
1671, 131.82053468915026
1699, 131.78896966998707
287, 131.7865335911382
1665, 131.74611587234628
2383, 131.66908385227083
1754, 131.60681250983757
2681, 131.6063159598322
3295, 131.6025518848001
3136, 131.58198631016245
396, 131.56407621006494
2580, 131.46336155175283
3288, 131.4606211423026
3442, 131.39724018337367
2635, 131.36535610798308
1724, 131.2600427918362
1657, 131.11670817566338
2179, 130.98315570854461
2283, 130.94642212162407
218, 130.7707702496146
1941, 130.65307515674624
1629, 130.62359389573442
1706, 130.62001432181498
1745, 130.59678675890856
2485, 130.5871206246253
2563, 130.5063054993601
3232, 130.32537207511723
1637, 130.31948808901575
2726, 130.29909133712027
43, 130.25471039495295
2592, 130.25204701284557
3311, 130.18880665456473
2533, 130.10150453912684
1967, 130.07211174542732
1650, 129.99536967228394
1734, 129.96588355718848
2658, 129.9374020607898
2451, 129.93186183182053
2466, 129.92420166899066
508, 129.88910224840478
2449, 129.70067789520226
2204, 129.65943942353607
1681, 129.6356141985374
2697, 129.60692812458814
1728, 129.6022688498158
2493, 129.58669815514878
1639, 129.44777682004343
2611, 129.40182605373397
3254, 129.27849411458837
3005, 129.19087157517154
1704, 129.1367061342995
2397, 129.12847036461486
2597, 129.11230363297395
1697, 129.10566378223257
388, 129.07108298977136
2486, 129.05069181087705
1649, 129.05013564409498
80, 128.92266051277656
1679, 128.87011868803066
1727, 128.80997211124438
2339, 128.8040511814215
1114, 128.78450344966913
2456, 128.6577675062361
3094, 128.57173673344016
2575, 128.48801054701215
1648, 128.46823089369983
2239, 128.43681147014215
1691, 128.23127788298936
195, 128.10407148344444
212, 128.0549045098766
3231, 128.0361629082224
149, 128.01532375029657
1749, 127.94311958638811
2235, 127.89014525166347
2604, 127.84178791527613
497, 127.59832711874486
252, 127.45426928607135
2589, 127.39517991631007
2167, 127.33562126377704
2461, 127.3182701432656
474, 127.2878910654123
2185, 127.20380977816728
2528, 127.12329295447667
2475, 126.99892078184175
2655, 126.88303925762628
2453, 126.84071848155882
1702, 126.6860927958406
2282, 126.65734170905017
2648, 126.62740444949294
3007, 126.60354128766875
1674, 126.4625875802186
2087, 126.41488012038052
1696, 126.27248500988496
2184, 126.22600085953061
1751, 126.2127042821786
2139, 126.10920972437407
2226, 126.06845335655613
2778, 126.016546038328
1759, 126.00834310296368
405, 125.94719420675293
138, 125.86194006525561
1636, 125.8161166756018
2612, 125.7899222831005
2980, 125.64413425874311
1635, 125.50935673061758
2543, 125.47905788693448
2484, 125.45808775259863
3195, 125.43618518756143
2616, 125.42087033466524
2249, 125.20121583242782
3258, 125.18708288427403
2177, 125.14795629314027
2299, 125.13436762213999
2693, 125.06130376393227
2623, 124.89492283890601
196, 124.8851398987274
2809, 124.7802895210742
2264, 124.73362891620846
2673, 124.70129903784759
2564, 124.68957005447258
1750, 124.64880475995508
1737, 124.6331016595279
337, 124.52339940583283
3313, 124.19142895955537
2531, 124.11989679433101
2605, 124.10022849287324
2498, 124.06936910426538
2679, 123.93092667776253
3296, 123.90478941558906
2345, 123.82018939957496
3160, 123.80208310979282
3021, 123.76706721550859
2821, 123.74242200005204
2713, 123.73859545231069
472, 123.72955935766517
2346, 123.72397700798761
2349, 123.64730816918801
394, 123.56982748006124
2462, 123.53884553480505
2490, 123.51083870266906
55, 123.46796663389766
2341, 123.36304806108106
15, 123.31463778532155
2342, 123.31411589948893
2626, 123.2753259582997
2094, 123.16378515449325
2603, 123.10580788173395
38, 123.08833685921033
2695, 123.04199994501819
2492, 123.01778733741918
2586, 123.00441718080864
2687, 122.89244878761427
2606, 122.85226197605985
2570, 122.78689062644649
3262, 122.62486532121353
2496, 122.56473966519323
2455, 122.48218442994283
2654, 122.46013962025094
3091, 122.4599802116496
1652, 122.43866379488668
3113, 122.43220726985017
2692, 122.41935453341935
2519, 122.41685565838347
1045, 122.39272409722065
2313, 122.32100952828718
78, 122.29436509007853
2534, 122.278868548035
2464, 122.27252606754327
1530, 122.21835197553037
2704, 122.18990977202891
2538, 122.15491766026021
2822, 122.15112670325938
2629, 122.09975944797512
3193, 121.87758474963553
3261, 121.83429514301409
2284, 121.81466115138001
3180, 121.64846529467869
2869, 121.60740678491862
2511, 121.59856653163168
2707, 121.58469858323134
1960, 121.55201710743653
2700, 121.5509843191751
2675, 121.28382328348542
2600, 121.2750848227234
2638, 121.22640767373372
3344, 121.18069103225137
3251, 121.04469747124045
2506, 121.0011244732386
2522, 120.82165038188914
1655, 120.7810200937893
1557, 120.70514417498676
2665, 120.61273662784076
2581, 120.60719854664228
2499, 120.58637328556452
3329, 120.56994362992957
2452, 120.56809739398113
2644, 120.53282196297016
16, 120.48639811995024
3260, 120.25209681321756
2479, 120.24105887384012
2509, 120.15074992531376
2727, 120.10717315321882
3361, 119.98450236414453
2460, 119.92364268601325
3019, 119.86782158982876
2662, 119.84052585990617
3364, 119.81116761928432
2495, 119.70639980081882
2760, 119.57657566319531
2079, 119.5371646926038
2488, 119.50563744307385
2632, 119.49389417762917
3165, 119.49285571000942
2044, 119.33856366194757
2698, 119.30613598235827
2530, 118.92675743803345
3100, 118.89451091686321
2440, 118.89039532887375
2037, 118.86203109541529
1559, 118.62947560622112
83, 118.58900433825276
1847, 118.35570817123457
2092, 118.13803581908957
2714, 118.11748575389826
3301, 117.97049462539285
2625, 117.91427487319065
2743, 117.82957310413727
2477, 117.75189165694322
413, 117.61585285490746
2401, 117.4719184985129
2670, 117.38547618074685
2535, 117.22673858677699
2970, 117.15764386040799
2565, 117.1031648734842
2684, 117.10161405388098
1664, 117.08319342305067
3266, 116.99676778483854
2598, 116.91895098505833
2537, 116.91526227428747
2634, 116.50298907480742
2444, 116.43763220292008
2061, 116.37067700087339
3357, 115.94772014563912
2591, 115.94517821670884
2552, 115.80169393368425
2664, 115.7750234443214
2660, 115.61598494306156
2669, 115.6025073159952
2659, 115.58957106656204
2472, 115.5014200239004
2667, 115.43900373094851
2699, 115.21776768233006
2405, 115.20177594789946
2576, 115.19772183420766
2502, 115.03113740605293
2501, 115.03113740605293
2691, 114.87669762609298
2494, 114.85242955782815
2474, 114.83628353510225
2614, 114.66819545376298
3008, 114.65632008935667
2661, 114.63644894515318
2631, 114.59726253190675
2617, 114.48486218391305
2469, 114.47152134246936
3033, 114.46749417982122
2674, 114.43459803698649
2457, 114.36626043407027
2510, 114.34877674814182
438, 114.31105795907386
2609, 114.095419356903
2627, 113.86654435176666
3249, 113.83861286270412
2521, 113.74695104571937
3253, 113.70919562750275
2541, 113.65890651809252
2542, 113.61361629690164
2448, 113.4780558380267
2504, 113.42184410001794
2476, 113.39981920643618
2637, 113.35830457140528
1109, 113.14868684396554
81, 113.12217598031741
1300, 113.11116758046393
2678, 113.10056954140491
2724, 113.08546261971969
2619, 112.96646276471006
2089, 112.95136782847258
2557, 112.93957108493159
2702, 112.92739533652566
2956, 112.87944053504884
3325, 112.80288062353652
3263, 112.71773657561663
2567, 112.69743718477902
2478, 112.38229221948741
2676, 112.27267007004791
2706, 112.230274978374
2074, 112.17197115882405
2560, 111.96649770127455
2866, 111.94745371618774
2585, 111.75947004519449
2467, 111.73853195521413
2529, 111.72080619355755
2459, 111.66263716121071
17, 111.5645185909142
2082, 111.40457398505191
2554, 111.40231989361004
2544, 111.27924329519514
2663, 111.18072199239148
2577, 111.13075044755284
277, 111.09458736189657
3326, 111.07346235388975
2595, 111.06278014297519
3250, 111.00021086277116
2642, 110.97413782003389
2628, 110.919269799965
1560, 110.78875677314588
2573, 110.76540600234394
2633, 110.65544783663842
2482, 110.65326987317303
2685, 110.51412091332303
2618, 110.38825084105116
2689, 110.2911113683715
2523, 110.0982250028105
1969, 110.04309598065893
1052, 109.93625759000597
3365, 109.88971716207551
2701, 109.87160635960642
2480, 109.80230377401895
3358, 109.79291031964061
290, 109.73591923926665
2481, 109.73277231477503
2443, 109.71480289664377
2545, 109.64201803608205
2680, 109.59063033329521
2445, 109.4885820074683
2909, 109.4588316217735
2447, 109.45702012287062
2463, 109.39422022617467
14, 109.32398624510567
2047, 109.25447431654894
2458, 108.98153158001061
2588, 108.96829090577438
3307, 108.89456241888163
1965, 108.82249596757092
2602, 108.81103212919861
2465, 108.77823349845578
2613, 108.75396870873415
2489, 108.57869918080715
2487, 108.55230643718329
3345, 108.53658253151272
3360, 108.51686807619912
2643, 108.32647088883168
2599, 108.22103803403826
1046, 108.18444314287414
2593, 108.06829489081026
2516, 108.03858386787662
2728, 108.00196406777292
2512, 107.98405175778275
2584, 107.97339034745701
1520, 107.90455070980894
436, 107.87987613907796
2081, 107.74737948110514
2540, 107.57726852423873
2446, 107.43683195492018
2639, 107.31414875142642
2708, 107.27454107291702
2636, 107.22277039602801
3391, 107.18773301795822
3252, 107.10709359658122
2052, 106.69081486186455
2057, 106.6591284928509
2077, 106.65041270828955
3308, 106.63029883983077
2590, 106.59071740016184
2555, 106.5503174966788
2582, 106.45454183633863
2031, 106.31919643336667
18, 106.25629254787695
2090, 106.15261723820484
2526, 105.77938293809216
3177, 105.75896112118275
2468, 105.48868650869393
2441, 105.3933551301421
2450, 105.33956787778834
1519, 105.24109124207507
2914, 105.09000646653054
1537, 104.97966482116192
1103, 104.93393153188089
2539, 104.75583850752938
1053, 104.72132786672405
3446, 104.71935406425722
1118, 104.63235689273915
2596, 104.18793384619482
2709, 104.08948627266909
517, 104.06824697002683
2647, 103.29878715794894
3343, 103.14489086365101
2615, 102.99200811768542
2066, 102.90994913557208
2579, 102.68162031104858
2060, 102.65028997669158
3238, 102.63401446742955
1558, 102.2403953528959
2038, 102.18388440449353
22, 102.11896897343638
2471, 102.01319943556801
2517, 101.88450441572574
2594, 101.39668642609156
3359, 101.36888693669147
2500, 100.97818868919938
3438, 100.79107338138714
2916, 100.57363034844673
2040, 100.49645772530883
465, 100.45507765107695
86, 100.30739060360688
500, 100.30246470457412
3085, 100.15847999153831
3237, 99.91635111821532
2503, 99.86997281234632
2064, 99.62204972776073
1878, 99.54824699725674
2046, 99.21751946693527
2515, 99.1288654481547
2732, 99.08180132698934
59, 98.80235835201326
2058, 98.69817796703246
3346, 98.6642685093123
1164, 98.65090233528635
2036, 98.58369212562212
2682, 98.37220569253961
2470, 97.5691768858167
2578, 97.3215322772343
2043, 97.0732377065282
3363, 97.03643411771594
507, 96.84939666461617
2725, 96.33549915705518
3240, 96.04737438398597
2063, 96.01259059697007
461, 95.95322547241375
3242, 95.68796622952135
2085, 95.64393910388739
459, 95.63931046203483
63, 95.06261974696241
2718, 95.04516170109677
2569, 95.0396394412319
3256, 94.75606540324661
484, 94.6064829760279
2672, 94.15207907482248
111, 93.76895155474149
2910, 93.5775719724466
477, 93.23872436089191
2518, 92.70984169832184
273, 92.5894118315596
3257, 92.34384884107494
292, 92.15594511692623
184, 92.02224735570476
2532, 91.17256413257692
1535, 91.02053765073039
2556, 90.14518388947269
1051, 89.88255336437194
33, 89.67837737051259
2868, 89.57680087707085
1165, 89.21124662173439
387, 89.17382956165753
442, 89.16357314232245
185, 89.04912806792936
1093, 88.65859012272186
490, 88.22652884917571
60, 87.92669325437839
2054, 87.91735080658218
3282, 87.76619037974432
305, 87.6505082481287
1092, 87.3534502465112
590, 86.88530802701125
1972, 86.47313500620886
2035, 86.29532079326478
1054, 85.79906256849759
223, 85.15043131793243
2049, 84.51764021844303
187, 84.50718358953594
2924, 84.26436257785092
3309, 84.11323232773907
2711, 84.09799706487897
49, 83.90272502741765
2062, 83.13702702089142
224, 82.8901884373486
2042, 82.76890603556022
286, 82.55359884026387
1861, 82.45189436181471
489, 81.97699930740882
2051, 81.70271608272216
2107, 81.57476390999103
2912, 81.50673930546972
2067, 81.42018587036729
226, 81.41020299850071
1536, 79.81104539436639
2925, 79.74169477214316
2923, 79.50413732774986
1048, 79.09520088158644
301, 78.11705234958424
2072, 77.81171612390787
1049, 77.06145444929227
285, 76.99404118153176
2931, 76.87751893476148
1925, 76.4446450140699
393, 76.21105078930042
2871, 76.1782822946355
2084, 75.61512261196155
2940, 75.01140052415633
1863, 74.99992685083969
1050, 74.80214853698205
2929, 74.78008493266107
2928, 74.64841303479137
2922, 74.61469387197374
795, 73.86518802261487
1158, 73.65701190383434
2926, 73.3101864030162
2937, 72.92906615726399
2952, 72.7542556234719
2872, 72.57974769389998
2921, 72.5195084523615
2927, 72.41024591298206
2911, 72.2464231406944
2938, 71.77172550624907
2933, 71.26208587154676
2939, 70.66172709190997
2941, 69.75010664895657
2934, 69.48708431008946
390, 69.17570647168984
384, 69.12383957455765
2954, 69.07579348826451
2957, 68.33600852819228
1534, 68.32410901233445
2073, 67.76824047447879
3412, 67.00330175744944
2943, 66.70433333856904
2955, 66.57097994848179
486, 65.8955207096802
2930, 65.7832941927174
2870, 65.70560224934356
391, 65.52779257346235
2873, 65.15657331765037
403, 64.96434823280914
2942, 64.07615592387822
2865, 64.03342238444047
1064, 63.07043781246591
516, 62.88322092881407
1468, 62.73803745834768
3145, 61.44981198709153
2867, 61.00216991676455
3411, 60.90919518640079
1862, 60.765437730985774
1264, 60.61172800975093
2012, 60.45050108988828
2739, 60.22276158147425
1157, 58.11273080288357
519, 58.08424720423733
493, 57.83662641664067
3121, 56.84211157920956
183, 55.13811432916685
3161, 54.18327951527453
1612, 52.37837050251295
