667, 1530.991390318461
2436, 1416.7450576309218
320, 1393.065070218184
1056, 1372.9435795225363
1769, 1321.8260081016483
967, 1297.156904154246
422, 1276.827978255956
1568, 1267.236933503138
998, 1251.7732644385515
648, 1251.7732644385515
880, 1240.2779077016378
1899, 1238.1957208047231
827, 1237.602930284173
915, 1236.9981266966106
747, 1232.5896255149603
244, 1228.5396178891003
595, 1226.8943757667264
668, 1213.1323445634218
771, 1208.3724583295154
666, 1206.8419044842858
662, 1206.5302718042697
1017, 1186.8833945652689
270, 1182.8597842185218
750, 1166.7785250694674
1619, 1161.6395832659473
931, 1157.2485285327812
238, 1156.9274455446734
325, 1154.1424449422243
2317, 1151.3560157010224
977, 1147.1554968454277
1192, 1145.2910618002256
1777, 1140.0757125094367
756, 1130.8742893415013
644, 1122.171173460456
1950, 1120.0307672883293
2159, 1114.960566621717
3012, 1105.5381998876114
1837, 1103.0471633408408
740, 1098.9260023137388
1055, 1096.5698818557162
877, 1084.890233869725
751, 1083.8208452211686
2144, 1083.3898782796302
835, 1082.0232115288725
3450, 1081.8596971523596
715, 1081.7213706682758
675, 1080.4529018485125
875, 1073.590684441114
632, 1072.2965508686307
1385, 1070.3449205403647
1270, 1067.664671281482
792, 1067.2613610712094
1774, 1060.3614098933824
620, 1057.5083584497968
1953, 1056.9037893119962
1767, 1056.8680431009577
1929, 1056.0497879185748
1359, 1056.0376168700943
1898, 1052.7135989856815
959, 1051.988441267162
568, 1051.9254725859055
755, 1050.758597396558
229, 1049.5209077585703
1018, 1047.8205293217427
1808, 1047.6823659530824
603, 1047.160654175923
706, 1047.050058276398
878, 1041.9961359500562
1592, 1041.9960150043073
2322, 1032.3579997927945
1349, 1031.5722804351753
979, 1030.5518628253767
813, 1024.550664056658
1819, 1024.365383942441
1900, 1023.1317398715146
246, 1019.4095248092892
887, 1019.0953080275622
271, 1018.7115636754645
982, 1018.358774562782
366, 1017.9892232668873
729, 1017.383428841861
811, 1015.9987234953413
1815, 1015.9817314791378
3022, 1011.7390081022977
2370, 1011.5364399161595
2127, 1008.7527298452267
753, 1008.7479137131266
1351, 1005.4326718209797
346, 1000.3207634757583
2140, 998.6381112292751
1416, 997.9900144143924
1383, 997.0688956320181
705, 996.5029861636051
1362, 995.5348585329446
1954, 995.523429801816
908, 995.5047043786137
688, 995.1463153330503
692, 993.65961825847
2363, 993.3166474913724
2151, 992.9911481336092
866, 991.5133254964535
257, 991.2473762784173
1332, 989.5055354350851
2891, 988.5434148112342
2425, 986.6578206163438
2426, 986.2567153319346
1019, 984.7068303680767
1325, 984.0398735638397
1591, 983.9543235305827
323, 981.7210947633116
311, 981.7210947633116
1319, 979.6901647154444
1337, 978.8219750319752
986, 978.2831690701449
830, 977.9889021983802
824, 977.3884968887623
1609, 977.3728868387607
1365, 974.699146280363
850, 973.4667429002683
1507, 970.7677177868693
1827, 968.6082119205042
831, 967.7618113636322
564, 967.5758753365351
2330, 964.660250045666
633, 964.6441062718721
576, 964.290234196187
1582, 962.5432104490006
929, 962.1847955257911
2950, 962.0446899412298
2367, 960.1325157229751
1540, 955.8103831245919
2375, 952.5933307977944
893, 952.0551268915805
985, 948.4399555473312
2222, 946.0066882549793
2423, 945.7379239053816
363, 944.5978024831785
764, 943.6199579271349
1553, 943.4015343622353
2843, 943.1861595422707
934, 941.0957656662307
1817, 940.0203897989942
2138, 939.8871385785595
345, 938.9703914610668
1342, 938.8761885650999
710, 936.8239599114809
2880, 936.5265762117072
3024, 932.3059092530988
605, 931.5813169853122
1563, 929.7374233949307
984, 929.0716481004602
1916, 928.1437139115687
2947, 928.0664937445632
308, 925.9767008753003
1323, 924.5302972043917
1296, 924.1915757558705
1008, 923.4951884186254
1363, 922.0686443198516
1284, 921.9797536405566
1930, 921.5394121132676
350, 920.5266417913281
1796, 919.7398183720074
1922, 919.5431678358389
1546, 919.4888307762685
975, 918.6626044096064
897, 918.2113276107431
1366, 917.8749222197698
761, 916.9571914068244
2895, 916.4076669936225
2892, 915.8064403259418
597, 914.7203652200219
1021, 914.5184221742387
1538, 914.472023385283
342, 913.5241185493642
879, 912.7019487423881
1779, 911.4791982804727
1529, 911.4483572550445
1841, 908.9438957798641
1401, 906.8599806250941
31, 906.3747014061329
1554, 905.5054352495616
890, 905.5021305262737
3001, 904.0255546047439
1357, 902.378457428969
1836, 901.3538383000208
1327, 895.1232768806943
997, 894.995359016925
1992, 894.8081145083332
1949, 893.7223363842041
947, 892.2290412000416
1497, 886.6882663631377
2186, 886.4464669602523
239, 886.3835501930149
240, 886.1123122573085
1469, 885.219293672835
665, 884.8470772691767
741, 883.2756023246643
1375, 883.0964823545255
1391, 882.8524725687513
971, 882.5679364903409
2247, 882.4942099121204
1990, 881.9613075087268
2826, 881.0506561186111
707, 881.0239600479503
2128, 878.1124117788236
983, 876.9751667184678
721, 876.5973857809081
802, 876.4994275053563
940, 876.4872581524951
1897, 874.9806883220961
625, 874.7426642584334
1286, 873.0659623777484
2332, 872.9934423871358
869, 872.0053003267534
2881, 870.8438911712921
314, 870.6962732845687
233, 870.5362802785653
2835, 870.4337706515917
978, 870.1579931342629
2316, 869.9583434950749
1015, 869.5655178268488
1896, 868.7658734565085
1009, 866.6023048329399
1551, 863.330187163005
3230, 863.2574092048405
712, 863.1541844549403
749, 860.5612119309667
701, 859.9661147391565
1499, 859.9111826648693
360, 859.8298519769244
1757, 859.5968231449452
790, 859.4374482909568
854, 859.1612765059882
318, 858.8565451728406
672, 858.5948385767234
991, 858.0783705204393
1821, 857.9456387066397
765, 857.8894118976199
973, 857.7943832943877
694, 857.3571780730159
1921, 857.3143970241618
970, 857.0494100927928
1935, 854.774118971496
2175, 854.0800476665053
1394, 853.3589417342672
592, 851.9209459945191
785, 851.8482826701429
2847, 851.722720850231
1297, 851.2768549054283
2329, 851.201956292107
2178, 850.4475370849827
1948, 850.2962736368083
2149, 850.1454859251935
1504, 850.0877793424588
754, 850.0319977558999
1816, 846.8364851710932
2371, 845.576406836786
689, 845.3054339144155
1338, 845.2633627456414
1673, 844.822166893377
2944, 844.2868742605133
1386, 839.487298887159
779, 838.4351633462286
1904, 838.2946327277763
354, 837.6671853656592
2945, 837.2477864689882
1766, 836.2487823835539
766, 836.2080463725478
1388, 833.8819900001796
810, 833.0966475177567
3015, 832.4100194550894
1595, 832.2960729472192
640, 832.2829840868756
1545, 831.6518346175604
2000, 831.1395448439296
1569, 830.9892640917351
2875, 830.9689399543468
2112, 830.4225177897747
1382, 830.234674508854
812, 830.192482532871
1341, 830.123276742991
2369, 829.7846892818199
868, 829.5892087407537
1621, 829.3226041998606
653, 829.0933687767069
1906, 828.8888785105753
2403, 828.2810189849404
1403, 827.7337007496596
1010, 827.3045994987734
1618, 826.9988330641806
703, 826.5051596802654
1952, 825.7020125503818
2995, 824.8702110378231
1407, 824.5246638750098
2946, 824.498657205658
847, 824.4588570854951
2201, 823.3826615732995
1005, 822.5663227817903
954, 822.3977231294386
865, 821.8979079355837
1020, 821.8962175926401
1344, 821.2767160387782
1395, 819.3829243779245
932, 818.7652986583896
2906, 818.7618167328528
1016, 818.053522780157
822, 817.6963219993191
782, 817.5100442380424
2241, 816.224507536502
1528, 815.598796310332
2137, 815.3165518272596
974, 814.8589682062413
722, 812.6030412088337
1372, 812.2124244102818
1793, 812.1590872873969
2221, 812.0598903805521
801, 811.7974681048507
776, 811.7600694901819
2130, 811.7467666694359
3044, 811.4105503807348
1354, 810.6415943605144
1843, 810.2438358031901
800, 809.1454273462074
2899, 808.3033815092579
639, 808.2866028387032
836, 808.1327978345716
962, 807.7100193828244
976, 806.717817781831
723, 806.705891423877
2833, 804.2731441353529
1503, 804.238829479963
1982, 803.8305825712717
2376, 803.4844081028538
1311, 803.3084453763943
1453, 803.298532739244
1938, 803.0166669289445
3034, 802.8829161381807
763, 802.8116738985319
359, 802.2453054930265
664, 801.9080870285695
2377, 801.7944835564217
935, 801.3468699830146
1275, 800.8643852419034
587, 800.4082199081266
886, 799.9538481028752
2842, 799.4965222172879
2547, 799.4700477479629
2373, 799.2876271587202
695, 799.0827147373449
1932, 799.0089904127938
1598, 798.7963590584961
315, 797.6911091661246
306, 797.6911091661246
1570, 797.4835538114069
2233, 797.1894506950008
2357, 797.0424745768446
1317, 796.970808432252
2893, 796.7911954122699
1622, 796.5285524702867
1305, 796.5192483448293
944, 796.1268140792106
361, 795.5364186546094
1548, 795.5211292572251
1333, 794.8331119117416
2908, 794.3034148687823
1293, 794.278475730819
1789, 794.1463143839648
798, 794.0127987923565
1506, 793.2744497640035
2998, 792.5187691579869
2328, 792.2795440466231
1798, 791.9644996205913
2361, 791.3634448367226
1011, 791.1821820047832
943, 790.9857612241923
1902, 790.2420453879738
1285, 790.2115977757638
871, 788.8049220571434
1334, 788.5959815322799
2840, 788.3493017507095
1329, 788.1089085633633
818, 788.1039456873998
898, 787.7694763380688
2323, 787.2997036896484
697, 786.4158197495555
1310, 786.4080727165483
623, 786.2174490522542
2163, 785.7348304842119
1778, 785.6046625291525
1936, 785.5085603506527
2902, 784.9071675258803
1367, 784.7564365642376
566, 784.5175985446241
2331, 784.3257350551762
759, 783.9804898050685
1496, 783.3131146351164
1320, 782.9735505427487
2176, 782.8418193635041
3038, 782.4699458748083
700, 782.3735538318849
1368, 782.0863402348213
2876, 782.0767901366514
1561, 780.7584254028746
1273, 780.2034451775262
2119, 779.7277272697262
636, 779.5166537964824
948, 778.7043670277171
1343, 778.1527412854485
3224, 777.7982508232994
1620, 777.5389238680252
635, 777.3442940674202
2216, 776.4877478033176
1820, 776.3973408912206
1414, 776.1521480713684
2903, 775.553826791176
591, 775.0750178791396
269, 774.1063801193981
1830, 774.0628875079013
584, 773.4537929908722
2132, 771.6602205289022
883, 771.6480575646581
1405, 771.0236153635092
1304, 770.9563199813708
565, 769.7700318812603
2849, 769.7524686680603
834, 769.1042390021902
322, 768.8579671318138
310, 768.8579671318138
841, 768.7572564640814
2874, 768.5012629658197
2430, 768.0516732941663
1476, 767.1202980817204
1981, 767.0322675044251
1399, 766.526906551984
2156, 766.188502540236
702, 765.2341584111371
1791, 765.1824393431918
1313, 763.1695570634774
2838, 762.9176637672743
2232, 762.6947833501248
1812, 761.8754991185662
351, 761.7343530408746
1924, 761.3215017880603
570, 760.6058198701309
3027, 760.5164245803156
253, 760.3478078952514
1934, 759.909197511506
2437, 759.8143409801847
1022, 759.363536510725
1944, 759.0338217861834
1831, 758.811940399361
1909, 756.9618301391323
2136, 756.5481070951325
1539, 756.3159663305453
799, 756.3091078093131
589, 756.1720382234995
627, 756.161140467975
3267, 755.3409492538117
2888, 755.2064526448503
724, 754.1988587119653
1565, 754.1458200880302
1905, 753.5341997335203
2336, 753.4719253113338
849, 753.2782397486383
805, 752.5590865449926
1378, 752.4156765910006
1786, 751.6312520118719
572, 751.3890126825456
892, 750.8818913228953
1601, 749.8082630625006
988, 749.7674367586292
317, 749.550240361299
309, 749.550240361299
618, 749.4360731104493
2883, 749.411654141565
726, 749.3782002744817
3002, 749.3334489994149
1955, 749.1593045572107
1915, 748.5871448644846
1000, 748.5353211212708
364, 747.9841054548424
1006, 747.6249653801967
1614, 747.6139251244127
876, 747.1984358725716
828, 746.9462262891125
1360, 746.7769196348962
1845, 746.6087732597526
347, 746.4828980946806
2141, 746.3656679753426
1007, 746.0894588567932
1384, 745.6808236499418
891, 743.8359589848642
1483, 743.0602186083909
780, 741.4568705103842
1044, 740.7526182013784
2199, 740.5591337682287
704, 740.3818224598289
1492, 740.3759636890176
809, 739.6640961376419
952, 739.4151470432878
327, 739.2651177469016
796, 738.0235524142877
730, 738.0138473875304
258, 737.7467896788112
924, 737.6936492066812
1491, 737.4825877625349
3023, 737.2702780606935
559, 736.6133837531806
1318, 736.3344718366849
783, 735.6983562167052
1797, 735.6311197838171
1282, 735.3810410797236
573, 735.3537860497526
1281, 734.3092740412361
1013, 733.2331608693705
1917, 733.1411356920797
3037, 732.7547054705686
1928, 732.7280600951932
2225, 732.4791266938029
1350, 731.9811671117601
1080, 731.948136498686
1844, 731.7949137374629
843, 731.7870189091547
1547, 731.6601447330221
1801, 731.3589774553641
2131, 731.2501821620868
845, 730.7820979911369
355, 730.770914786814
2894, 730.3613806894354
621, 730.2839653615898
659, 729.875582278626
1294, 729.619161260443
1552, 729.0484996303584
1307, 729.0001267273008
1340, 728.986573204821
2827, 728.33689277816
340, 728.1074052525855
742, 727.9046477154293
867, 725.9350828354319
307, 725.6288673557775
1330, 724.8675019808683
1326, 724.6461393122784
1920, 724.0913384535631
806, 724.0489843390909
3273, 723.9029526451574
942, 723.7212357558689
1411, 723.3099038007258
1272, 723.2752431982416
1481, 723.199875986296
2851, 721.6162254021557
846, 720.3697283615197
599, 720.0182844337622
652, 719.9353653464959
1918, 719.3687915268854
656, 719.31866226643
752, 719.3060554523337
1956, 718.5758590041927
1335, 718.0758377867068
357, 718.0402953995346
367, 717.3388054901999
1472, 717.2795684957653
683, 717.27299315053
1809, 716.4433645341588
996, 715.4762388739111
638, 715.0272470277503
2885, 714.8298256848146
1276, 713.6639226399839
870, 713.6544683106994
1544, 713.4989522212843
2183, 712.2955638942924
1522, 712.0565572398231
2166, 711.8896644582045
2197, 711.5864711843768
2319, 711.1259678813908
894, 710.8426448890123
1919, 710.4942011460463
858, 710.3684135883236
1376, 710.1537713113004
660, 709.0728605495967
349, 709.0469750154552
1947, 708.1108037854069
1493, 707.6246846976634
2335, 707.3211911940247
2901, 707.213744256703
1283, 707.0350395947065
1265, 706.8353232878095
718, 706.7654840649606
2251, 706.129417133123
525, 705.7431916606502
720, 705.3512776134144
2146, 705.1316112893646
1799, 704.7961222521992
994, 704.7178992175386
1345, 704.1281491911997
674, 703.9486344998813
586, 703.72554593652
1012, 703.592362879222
896, 703.2780845517194
2359, 703.0947418945244
2321, 702.98422080304
2229, 702.9515819740225
661, 702.0300469593647
990, 702.0058300168948
1555, 701.8458043527125
2326, 700.3526923579436
1303, 700.3159955141086
2253, 699.1852641598113
3272, 699.1682629175148
725, 698.845792917424
1908, 698.1013077437251
1014, 696.846525536503
3013, 695.7752035815381
760, 695.3804672508845
2250, 695.2534925015248
1835, 695.0768402018101
972, 694.457470809859
235, 693.903412010896
837, 693.5430221430753
3014, 693.3700962043511
772, 693.3130698439869
1550, 692.7677144967628
946, 692.6347892998153
3035, 692.32182445403
1556, 692.1857622691166
930, 691.4022996249706
1602, 690.5100252514023
1500, 689.250019956275
1489, 689.2488726980133
963, 688.9130794255606
2202, 688.833389735579
2844, 688.5515333887598
1833, 688.5411783389877
2123, 688.361895286105
690, 687.9397758178296
958, 687.6719362967838
873, 687.111051417874
657, 686.4336132138316
558, 685.4319185261145
578, 685.2779895113102
1988, 685.0003158210117
910, 684.9612420183762
829, 684.8938606098784
1458, 684.7369255734128
1825, 684.4475674716175
2834, 684.1754634534401
1768, 683.662770828791
2129, 683.4960439908523
2831, 683.2366715477325
2439, 683.1789748109286
1945, 682.870984976847
1927, 681.8836829330917
609, 681.3460786205449
789, 681.1361518359582
2887, 680.9893513889654
3218, 680.9807456328817
2882, 680.7951804587818
882, 680.2524780611717
26, 680.2453358482666
821, 679.9555934339644
658, 679.4278311844005
2155, 678.9525284613856
719, 678.4418728024389
598, 677.4689232350329
231, 676.7603064357352
606, 676.7372537730638
2198, 676.5165949991924
2256, 676.3712075503212
1292, 675.9938242559558
673, 675.2295432703778
2327, 674.5697559403899
1290, 673.5963648218122
797, 673.4742820025613
1775, 672.8518058454556
1959, 672.8409549683896
1542, 672.8316250881018
2234, 672.5712323229238
840, 672.0385206756874
1348, 671.2493480968901
2410, 671.1673470157378
356, 671.1553603450238
739, 669.6961236995821
939, 669.6772905927601
949, 669.0201577479482
2841, 668.4550523001074
1374, 668.4468542374375
241, 667.9607860442028
1987, 667.9145811454749
2254, 667.7714257195936
1805, 667.7002631403075
339, 667.5009092368706
2324, 667.2782599185285
941, 667.1777254432676
2154, 667.0406102377488
2325, 666.9743579259981
1834, 666.9284438079904
874, 666.9223834746961
1280, 666.341977037767
933, 665.3546923123037
602, 664.9906358336042
1886, 664.9762397465946
1933, 664.6072859981801
819, 664.4342403872859
1772, 664.040378345725
1398, 663.8739604934538
2165, 663.2522258892076
889, 663.1870120463195
1763, 662.3284717930057
804, 661.3100895845473
1989, 661.3054136695013
1288, 661.2553776867583
604, 661.0711105618791
842, 660.9188629944576
610, 659.3549022746694
714, 659.3494992241582
1792, 659.2577770583296
1842, 658.5267672592184
696, 658.1612553913641
2245, 657.6045872702582
1787, 657.5529619010995
693, 657.0725331265967
938, 656.9231516373598
2169, 656.2594966171808
927, 655.9473752416835
758, 655.8132036673569
1984, 655.5049483651479
3271, 655.4220403832215
2852, 655.3014207453543
2148, 654.7803799333542
951, 654.3094657907401
833, 654.2863814626108
1353, 654.1014586493835
899, 653.658596297626
770, 652.2432702331733
1828, 652.2140928721524
3321, 652.0313368037996
2133, 651.5825983456624
1541, 651.5136026574094
567, 651.3647341969627
3229, 650.9388722216437
601, 650.7436302071351
713, 650.5947989354063
596, 650.4992817125861
1901, 650.3514103420848
2358, 650.09257003144
2246, 649.8712633661839
926, 649.1814472980677
577, 648.6167261977855
1488, 648.4078812173325
2333, 647.6809375003423
2884, 647.6236587000218
1549, 647.0453444872361
1377, 646.344114812782
1392, 646.3335577245736
964, 645.9994888805442
1409, 645.8567917662035
1339, 645.1200467197433
2190, 644.5626123237403
1494, 644.3361817371677
1346, 643.0220475565467
918, 642.974715565802
2213, 642.3372070512617
2374, 642.1801509547297
1926, 642.091092436952
903, 641.9866165816214
928, 641.771205103572
2121, 640.7952522169932
684, 640.0550482833395
624, 640.0550482833395
1415, 639.6318823792462
2877, 639.3643137755727
1291, 638.9264467442595
968, 638.8990845997721
313, 637.3019390888385
593, 635.6339363798224
855, 635.582552540351
1380, 635.4647148726995
1390, 635.3578974972203
2168, 635.2744006235813
1903, 635.1576715091735
921, 634.9136493000716
2230, 634.7910015572689
2830, 633.2673241512911
3068, 633.184031755705
3045, 633.0413652042222
616, 632.757889678686
2150, 632.5836290523094
709, 632.2886984843974
569, 632.2374902809756
2364, 631.9949952634856
1942, 631.8135079586251
622, 631.5192967708359
594, 631.278222875325
2750, 630.3026085415323
1393, 630.093687927449
775, 629.3883137541048
1524, 628.5806197396516
585, 628.5097031374739
904, 628.4700807237916
2237, 628.1911348078571
902, 628.0281026043822
1762, 627.9429319523834
242, 627.7819218816079
2182, 627.6197507320072
2227, 627.1546236928147
1471, 627.0711951339254
1402, 626.8644098526423
807, 626.3094208078163
2848, 625.6328691709602
2366, 625.2557781728129
3449, 625.1414563017984
1887, 624.9305775203134
960, 624.5752881788591
925, 624.3177471652609
24, 623.9133236166834
1765, 623.6202371700039
1328, 623.0732856464527
614, 623.0036981650593
1505, 622.7360312214021
1001, 622.0057533484711
2854, 621.9216426573702
1470, 621.049746385298
1396, 620.6069732197905
25, 620.5611809646116
687, 620.1728117926316
1839, 619.9256344536598
2896, 619.9196547917189
2143, 619.5342880241551
1832, 618.9252852612856
691, 617.4207690986372
784, 617.2996915791625
2897, 617.2861096248918
2886, 616.9436315838433
2837, 616.817292628772
2172, 616.4456505695761
2228, 616.4221721466535
1347, 616.2675014054271
2115, 616.1399265251513
1389, 615.6592009457722
2248, 613.8568453494457
888, 613.3725138295903
371, 612.821029069879
2905, 612.0735214947597
1783, 611.6499565172991
2996, 611.6087828199954
1373, 611.5803715996254
2422, 610.8625492658155
560, 610.1000013430454
1379, 610.0929794223109
2147, 609.5038087575101
1616, 608.919466305775
1764, 608.6935782374451
1352, 608.5310901129327
2231, 608.4057142352827
1946, 608.3990750845481
1983, 608.2108646006513
1606, 606.5347544530264
1312, 606.2259265099619
1498, 605.6518961563021
2994, 605.0844182895963
2206, 605.0640911876453
348, 604.0599080704924
2839, 603.967289313716
905, 603.7523250235274
1369, 603.7008416293751
352, 603.3970672791753
1355, 603.3902898934093
646, 603.2832021468147
2858, 602.8844432297711
312, 602.660358994192
2161, 601.141201867276
794, 600.489380012501
2402, 600.2079914961388
3270, 600.0996997138382
2334, 599.6951246467897
937, 599.5573081526959
2992, 598.6034076019093
1804, 598.3837819055071
1826, 598.1897499300003
909, 597.8374231956637
2907, 597.2074568564681
717, 595.849370003127
853, 595.2832482039906
1480, 595.2224685551394
2368, 594.932398117761
256, 594.5839494067754
600, 594.506593491431
987, 593.1461968533738
1387, 592.8213137177383
2255, 592.3524839854201
2935, 591.8077365079074
2174, 590.5697798859334
571, 590.0551446367621
2427, 589.385867058219
645, 588.7039036760559
343, 588.4346072674489
2114, 588.0481870274361
839, 588.0113574838767
362, 587.6718965783124
1268, 587.3748422767031
1419, 586.3194714715172
2209, 586.2492122713572
872, 586.2138063339107
2120, 586.09471708447
628, 585.8798052558262
574, 585.0165389830529
787, 584.7294637069069
1594, 584.549998144767
1420, 584.2503906318061
793, 584.1139954700109
344, 583.7892491737961
247, 583.7632224038771
1422, 582.9307744456173
1266, 582.1601610675402
1361, 582.1039722288964
1322, 580.7618179391063
777, 580.0242942778023
698, 580.0067059798721
950, 579.7611773287257
2360, 579.6091296699327
2122, 579.5468548876306
1455, 578.6474995263802
2173, 577.1639741219261
743, 576.6640238245034
969, 576.612498577491
27, 575.9500035998906
1400, 574.3140197623086
617, 574.0166615138362
856, 573.8295689948393
2836, 573.805559852465
2829, 572.5269643357656
630, 572.0079652963216
2993, 571.6870590002421
2125, 571.4594937027917
817, 571.3859938155614
1654, 571.2780463321341
2879, 571.0179832979093
1370, 570.9061300387876
1986, 570.815841133852
2117, 570.741468058099
1508, 569.0829880920221
961, 569.0540424715967
2828, 568.4163476741503
2932, 567.2654334599332
1923, 567.2456845390038
1782, 566.6700297252025
370, 566.5288619418733
236, 566.524402053932
3031, 566.3085701840054
1512, 566.2466235456324
815, 566.1366500325892
1295, 565.3699703250722
1511, 565.1573035810197
529, 565.1141705782051
808, 565.0141859746586
1314, 564.187056625722
884, 564.1423041167773
1421, 563.721155883388
989, 563.2850749373159
1823, 562.4147401841568
1190, 562.3584327830579
2200, 562.3436198581599
2362, 561.8675580952275
1277, 561.7972487893458
2420, 561.3761827662057
708, 561.0085015159709
1784, 560.75710985775
2126, 560.7551005412223
1937, 559.9550918579181
2855, 559.8387181315286
995, 559.718447287967
1413, 559.3680421271616
3448, 557.9916997050485
781, 557.938964762364
2142, 557.2267840445467
1036, 556.906661219316
2845, 556.3984219191655
631, 555.9761606315842
900, 555.1860466555074
2846, 554.8768295069524
980, 554.7680233137904
528, 553.012598872358
341, 550.8051250640317
1038, 550.2283232091825
1846, 550.1955310721067
1331, 549.2658425968247
1417, 547.5715631717212
2095, 547.518969858251
1795, 546.5217850723528
1412, 544.5506424255304
2215, 544.3770544175154
316, 544.348534435822
2904, 543.6402879242122
1957, 542.6600660417555
2949, 542.5281040473768
2113, 542.3978136820762
230, 542.3798798775969
2898, 542.0287898926944
1790, 541.6778749841986
1473, 540.9379175122077
1802, 539.8833563676942
3011, 539.5559997413815
1840, 538.9264027599792
907, 538.1922847322372
716, 537.0325781242572
992, 537.0221465397848
1495, 536.3540065294742
243, 535.6490386329727
1274, 535.1681786852395
774, 533.7311360622244
999, 533.403620510048
911, 533.0711632282527
3016, 532.7529285647365
629, 531.644948986358
1278, 529.6035353941702
3268, 528.5218126264286
1408, 528.0840465725702
581, 527.6321585615884
1271, 527.6007591166169
1371, 527.4478249585349
981, 527.2084416650297
2729, 525.9107548269124
825, 525.8329818096031
993, 525.6020105742014
1526, 524.6617187446412
922, 524.2530306627395
901, 523.8594329067839
2189, 523.5695526414152
2160, 523.0010240497929
1308, 521.7265453903533
321, 521.0567279043611
2804, 519.9578475258487
1599, 519.0126460905817
728, 518.978178928888
2418, 518.818782430924
2438, 518.131035415842
2001, 517.4192076028984
1523, 515.8238718173889
1564, 515.6295890278162
1999, 515.4408357196772
1985, 514.8299560741694
2997, 514.6769249522266
1829, 514.566836136155
3026, 514.3277112336851
3220, 513.994654775817
2171, 513.8123526030457
2850, 513.2882518259576
1532, 512.8384980465855
2187, 512.5606718014494
1615, 512.1402496754628
2214, 512.0120429255714
2162, 511.86220263490105
2890, 511.39720954919454
249, 509.73599483311386
3233, 509.1341970349762
2318, 508.1496966197823
2164, 508.1198347175252
575, 508.057310253016
612, 507.6865410441042
2431, 507.5799392665715
919, 507.0809698302643
1478, 506.9410876652975
3269, 506.2424116182282
2262, 506.17403678973994
2432, 505.6152497062912
23, 505.47631943224735
1501, 505.1458128893772
579, 505.02324191161557
955, 504.18681592364936
2116, 503.83303889451753
1287, 501.6700777219321
769, 501.6227666241415
3036, 500.5301565658887
1336, 500.28372891748296
1885, 499.47963948377867
1364, 499.39411684709785
1315, 498.8581096027623
1475, 498.3256925723846
1023, 498.0637458215359
1781, 497.44329706773465
778, 497.236413223403
686, 496.993877559968
1039, 496.94585325426493
1479, 495.5546343600182
762, 494.329432345575
2953, 494.32727433210385
374, 494.27347762797154
2220, 492.67271597837555
2118, 492.0656145803664
711, 491.95289282712196
2936, 491.03535682416043
1810, 490.38670515457096
1279, 489.61015047331756
1527, 489.58074998796485
2196, 489.1540763480138
767, 488.8764215900718
527, 487.62924368037443
2188, 486.6580080520634
1822, 486.59782879723076
1613, 486.49797449418776
2219, 485.74558721090256
2181, 485.39465535009964
844, 484.68100389580036
234, 482.6776112742577
3216, 482.25811611932255
744, 481.9070782679866
2145, 481.4165083974723
353, 481.1152255649455
1267, 481.0249036398363
1653, 480.7009224125079
1474, 480.672554101392
1490, 480.63348800289685
1617, 480.5868935127353
2372, 480.1553340782945
727, 479.7235740351938
1807, 478.8231465749895
945, 478.27113548878305
29, 477.5481592178725
791, 477.4003432968872
3030, 477.37136966608745
1803, 477.1375416951538
682, 476.27260915464166
1356, 475.423265962087
324, 474.6258571941886
248, 473.44587148093893
3319, 471.4848749318845
803, 471.33035061094057
1776, 471.1379532575294
319, 470.3555961051858
1003, 467.6058089035312
1210, 467.1214162142303
1780, 467.01437383241847
1943, 465.6404372185014
857, 465.2768787615019
3451, 465.097525704669
3219, 463.63765974129484
2236, 463.07164683453874
1951, 460.5740327347437
3043, 460.2826930861768
2124, 460.03937318783983
1907, 459.7956780395345
3018, 457.0756080714778
1037, 456.8275357328179
2205, 456.1733620506766
2180, 455.63312034934273
1306, 454.5393402796358
2157, 452.606808222291
3029, 452.01984412054543
1510, 451.0233933980879
2991, 449.61707406397636
1321, 448.887911162758
3221, 447.07562580970983
1884, 446.7925013237047
2135, 445.7978921577407
2194, 445.2439898733288
788, 443.7617331139636
3000, 442.50811782489944
746, 442.4557573831794
1888, 442.0388597999319
3223, 441.2767409462071
920, 440.8511735087389
1640, 437.59342305481357
1486, 434.7131552165512
259, 434.67588687737356
3217, 434.1777067107643
923, 434.0247815655454
1482, 432.0560620516324
1211, 431.0450817972606
2207, 430.9461325529882
2434, 429.471907435241
2243, 429.28287179896273
615, 428.1561492133436
1525, 425.84705781773937
2435, 424.73924291183727
2428, 424.73924291183727
3025, 422.5962774324539
2856, 421.12278248290335
1004, 419.93086677926925
8, 419.2869063356218
3320, 418.4474838126761
1931, 415.6739968176923
3222, 415.262774600976
1404, 415.03107454747055
2365, 414.89573914149213
786, 414.12203558801673
2859, 413.368386084133
1289, 413.05463781698234
5, 413.04650403394373
917, 412.91847327608764
94, 412.52303872243954
2193, 411.7059773364792
2242, 411.5608409184103
2878, 409.26400974845865
2889, 406.5846491804839
2806, 406.35037035366094
1939, 406.1746515696938
1940, 405.9515097601503
848, 405.21140143932337
526, 403.681035489011
1883, 403.1641538640285
2158, 402.924858123825
2281, 402.80913609772745
1269, 400.6711957549088
524, 397.6886567091607
2170, 397.0423210548836
30, 396.1352678563929
2429, 395.8043362934366
1623, 394.82961802080814
2211, 394.3476589894267
745, 392.7494761039711
2208, 391.37033712463864
2999, 388.61222799548705
2134, 388.2429343892789
814, 387.8559375562909
1818, 387.14160821084204
1358, 385.0291068490241
2195, 383.8268463157507
11, 380.97998338409235
9, 379.95209104920207
28, 379.49557613824845
1418, 379.00489024225107
107, 376.69027722715526
1882, 376.4196455706552
1410, 376.2452798536171
3017, 374.84231656454415
823, 371.4909683212571
1806, 371.39586654438534
2191, 370.7786305910477
1509, 369.0087782412233
3, 367.89094468271537
0, 367.6528427230781
735, 366.800055072306
2153, 366.20431146121336
1824, 366.0790666973759
1794, 365.5797742843151
118, 363.83221128200637
2832, 363.0492266043454
826, 361.1371408269914
1309, 361.0054957361704
2805, 360.4454726399425
1324, 360.32568987292245
112, 360.3236798915844
953, 360.0781230682453
1814, 359.5998386146448
3215, 358.44409722926054
936, 358.16836890353426
1890, 353.54395176380217
1579, 351.35221325951903
1788, 348.92921321300656
6, 346.6161089865701
1723, 345.34138221499757
2731, 344.89088828615905
1255, 343.9453839960318
7, 342.2840961953073
641, 339.6106018909007
1578, 339.4621610848465
3235, 338.87933557415556
1785, 337.7601973510691
1484, 337.3869669091075
2857, 336.6314025061823
1977, 334.98294331470515
117, 331.94954905634825
10, 331.01765068015976
3009, 329.8285585546867
182, 329.4628384816721
2192, 326.7943094974975
1062, 326.0395313575388
4, 324.7580830521426
3234, 324.17307961560215
768, 320.8414931065858
2860, 318.78831142788414
418, 317.9339721613932
1454, 315.1161843532761
416, 313.37297991513583
2320, 313.2011106137582
421, 312.734896939541
1661, 312.3329578672517
1487, 312.1437989428371
3310, 311.6796256654573
3431, 311.1814495389804
1577, 309.4316277188498
1485, 305.1726737377638
1, 302.5358058724913
916, 301.5300231283791
417, 301.3024506963865
1426, 297.85982191951564
2275, 297.22876631691724
2900, 296.21362093451313
116, 294.84509735954185
1889, 294.43806106632826
420, 294.1431114579937
1580, 292.6250293880175
1838, 292.37812615839533
1457, 292.0401089599947
109, 292.00995530323195
2433, 291.3999377344153
1800, 291.2175993296795
1153, 290.7983330369487
1427, 290.615464374236
3164, 289.95659481622175
2861, 288.3082918075368
13, 288.03196869524345
3188, 287.479553787168
1425, 286.93670646724735
2801, 286.41374499781506
2010, 286.141370908124
1958, 285.30367272458864
1571, 284.1938860269664
1423, 282.08315778107095
1709, 281.92171449694484
1302, 281.24218645572415
3236, 281.2132229492432
1316, 280.5518737548388
96, 280.48259650713317
2971, 279.32020314895806
97, 278.03773489383934
1567, 276.40379712464005
32, 275.9164643637131
1864, 273.99385313701424
3228, 273.2368810464265
1156, 272.8029102982606
1424, 272.51858780740605
2351, 272.3094217278647
1151, 271.93754015289625
268, 271.84011669390736
1632, 270.9813116239473
1575, 270.872028242127
115, 269.90301142785415
1573, 269.6458927365352
68, 269.46789479008993
122, 269.1346707116044
1634, 268.43939520019114
1962, 267.6643244182719
1073, 266.39784779371007
1562, 266.2232325094848
12, 265.9687908549545
1440, 265.7154728577991
1216, 265.65309887541247
637, 265.6149001463608
260, 265.5240675786392
1895, 265.1588270621955
358, 264.31180700324506
1566, 264.2148042337972
419, 263.707452798056
3387, 261.68478414007126
93, 260.89005187390023
1638, 259.76986133523275
1813, 259.43538589765296
1397, 258.84355957405785
3417, 258.8130417395004
2400, 258.80273929674206
3392, 258.6994005500315
1180, 258.5584510909738
1576, 258.4049606673104
144, 258.36158978919946
167, 256.9587810230844
1694, 256.9539731978369
1178, 256.3863227001587
1034, 256.3281050151059
64, 256.2760019482644
2915, 255.21109534423218
2395, 255.1896009718097
65, 255.16353886683393
3376, 255.04771146855546
67, 253.54347986608727
1588, 253.1785122995782
72, 253.1295839580233
1572, 253.0500727641963
70, 252.65733617881233
69, 252.65733617881233
1065, 251.62949683072412
1543, 251.55937714743362
1152, 251.500321046771
166, 251.47310244737568
1191, 251.409787765562
2097, 251.11343979582384
2270, 250.18759353992783
1467, 249.30880318452267
101, 249.05581296318456
3428, 248.69128706964486
1605, 248.42635154208315
1189, 246.62468828674866
3356, 246.3407360930196
510, 245.87814903585598
1220, 245.4598371858089
3374, 245.45787248484675
1406, 245.01498375653253
1068, 244.85118533423767
1061, 244.2892535980495
108, 244.22993083348453
2399, 244.01056711522844
3422, 243.88020604265637
1996, 243.7518058317587
2972, 243.72216119329548
1693, 243.57721528859884
95, 243.4454785715762
1428, 243.2238518153493
1663, 242.5397994011828
3368, 242.44686445641617
1574, 242.175702235762
2787, 241.91803084237787
2414, 241.67504099381833
2913, 240.95535507254198
90, 240.77475630092985
121, 240.62617413183563
1976, 240.03388116097855
3140, 240.0070531272447
1198, 239.59098179918647
2550, 239.071716698747
1134, 238.6243318144082
2384, 238.38400198333136
3122, 237.55190355621167
2775, 237.4629356640334
1123, 236.77838341899732
3349, 236.73774199400714
1224, 236.72353864806476
2799, 236.49816308107577
179, 235.8093408812699
3126, 235.57239118027815
3406, 235.55756129286019
3137, 235.2641847962994
267, 235.0320291012877
1079, 234.97537225332425
3337, 234.6499587322325
1240, 233.9018021268249
1150, 233.57349113438482
434, 233.48570989011864
1120, 233.21801008173952
1441, 232.8986859376755
3355, 232.7404628677866
3328, 232.6666779031142
1108, 232.63141752598304
2378, 232.1850631653563
1477, 232.00155573673467
1155, 231.7881707998215
103, 231.77817398529712
3427, 231.71200225868475
190, 231.50506991873144
3060, 231.37881927818523
113, 231.33808412108084
1225, 231.22873716893022
3138, 230.70154532681522
3127, 230.53004124401204
1207, 229.9040042828918
2551, 229.71853253026163
1713, 229.49607153704
3116, 229.3497266240618
160, 229.33810142516347
522, 228.95976283808932
3096, 228.6028696567302
3088, 228.364640411861
304, 228.2825609554688
1138, 228.2537204707349
1135, 228.20340335583566
2770, 228.0550569315352
3075, 228.0423942629975
1222, 228.02671667431005
2411, 227.97432629566424
3338, 227.82484113552655
2977, 227.75537935391137
1078, 227.6311446610646
2761, 227.51307506248412
3104, 227.32768139982315
511, 227.3105859457615
133, 226.94804836975325
3124, 226.76346209453033
2762, 226.7049273342619
1194, 226.66036579946334
3390, 226.50239488702928
3067, 226.38677805685964
232, 226.24724508009635
3087, 226.2406304719394
3157, 226.16859041976988
1195, 226.02833683549196
3074, 225.94272547867348
338, 225.75553039534628
1658, 225.71893378546625
2007, 225.64221959829024
1518, 225.26627420657476
1460, 225.00853444431556
2967, 224.83285289183036
3152, 224.82259917596102
3109, 224.7569322044807
1656, 224.7424422427067
2719, 224.65756739054268
3330, 224.52575224856608
3156, 224.44232843790908
3052, 224.14427120157865
3076, 224.14074873747248
106, 223.62766960067216
1435, 223.49670180257553
3081, 223.37107216257598
1998, 223.27700841318693
3397, 223.09157089042122
1131, 222.96052671084126
1107, 222.91129052737566
2796, 222.8811330221302
492, 222.7949109941602
2273, 222.5654030046498
2295, 222.16192447138496
3400, 222.1583918217876
1163, 221.96803473282742
205, 221.85786641687005
1250, 221.67081186693568
3430, 221.61913005198682
3377, 221.61268698221906
1223, 221.5700076046245
369, 221.4258289106414
89, 221.38080823135795
1168, 221.20606220442608
1146, 221.13742213975928
541, 221.06331879332583
1167, 220.88893240044771
3394, 220.84537202780027
3053, 220.80631186801756
1246, 220.7455604388351
1116, 220.71956781362897
2984, 220.71797862528646
1127, 220.70038596426392
102, 220.66335585320846
2350, 220.6345798421962
498, 220.58335612334108
104, 220.32952189745882
1431, 220.23052536797647
1186, 220.04707524941415
2982, 219.8483825506225
3103, 219.8376553283254
1514, 219.7213897032967
2023, 219.63071786343713
1298, 219.51165067988953
2268, 219.4958483081074
1251, 219.4650207287588
120, 219.43410409612162
1227, 219.1859594040427
110, 219.16884857649632
3398, 219.0995513705228
1133, 218.9523551438808
2976, 218.7839184072283
1097, 218.46164944224765
3158, 218.21338201911288
3335, 218.2064682908876
2716, 218.0320416833336
92, 217.98907531984136
1176, 217.86136710639929
1881, 217.673323735054
1446, 217.4204215948451
2815, 217.3602656110081
209, 217.3321486781017
2028, 217.32755486872065
1593, 217.26141844252535
192, 217.2562198117772
553, 217.2538274160446
1257, 217.14436710884587
1261, 217.03168112106098
3102, 216.83958454246638
3154, 216.83047699970209
3399, 216.55457506436676
2771, 216.49388011863758
105, 216.40771314991161
2800, 216.18751915927214
1196, 216.15432498202006
1711, 215.93275295889956
3141, 215.75704402924177
2347, 215.73502175118
3117, 215.73392979436233
2344, 215.62490197584535
2304, 215.62235173098787
1059, 215.5821384681121
1188, 215.40785645298317
177, 215.39799991024344
135, 215.39501211728555
533, 215.05111692588724
1136, 214.817398973941
1213, 214.70684113547716
99, 214.35050900848088
2421, 214.23121931740621
545, 214.22830301207398
3414, 213.9139746209632
3366, 213.7508815514867
499, 213.68726734783857
1149, 213.3840095798631
1160, 213.1564760627591
3351, 213.15376280771218
1217, 212.84302553798432
3322, 212.61415876449277
1201, 212.3745216511658
66, 212.37399749065318
3375, 212.32766858722127
261, 212.29283077345067
520, 212.29151391019118
3367, 212.1142125866869
1181, 212.08350131777877
1209, 212.0467359029586
91, 211.9557318379265
1436, 211.86505438967208
3115, 211.8520038405624
1197, 211.83644075138153
1242, 211.83549521157843
2412, 211.61544585512112
1438, 211.16852347214848
2065, 211.08022117858582
1070, 211.0330656119317
1773, 210.67456614411816
2413, 210.49582543913272
1182, 210.37341770274205
1175, 209.95647646924763
1125, 209.67458031333976
61, 209.67159605715523
125, 209.50213175864488
1596, 209.45353297538142
3342, 209.27850669361473
1208, 209.244305795649
1719, 208.90211015482373
1170, 208.1970403753991
2406, 208.05842428980517
3420, 207.84117547247104
2960, 207.65109885629212
431, 207.5506169564881
1254, 207.3097036170791
1597, 207.06335787730643
114, 207.05569142836995
3131, 206.67729211103588
2396, 206.63133097908303
2392, 206.62257109505728
1860, 206.55143257881522
3441, 206.3062148498913
1961, 206.0201864914769
1137, 205.83123122888514
1154, 205.81376480227738
2, 205.8098398498806
2387, 205.80827690920904
1148, 205.67796996971495
2752, 205.61796548895558
172, 205.55989848081188
3372, 205.17764999217016
131, 205.15731450415322
1101, 205.09296850915163
2769, 205.00722332235134
1095, 204.99176865172356
1678, 204.98106843788878
3332, 204.92350263664025
2014, 204.8386027030386
2730, 204.73157784534706
62, 204.71795891225636
2290, 204.5937398139424
1447, 204.58987618924667
1974, 204.56392229599115
1229, 204.54848252747485
3333, 204.17267740257978
1112, 203.86480650861336
1855, 203.7468239130424
2080, 203.64840801344405
1139, 203.59158614033228
536, 203.52631165761764
1253, 203.4945347352757
1099, 203.46689241342872
3003, 203.07243742545157
2975, 202.81708961197336
2974, 202.81708961197336
2978, 202.7090388264245
1430, 202.708351519158
3139, 202.47564108814598
3132, 202.46534222564907
2356, 202.43998248220493
463, 202.32323770089707
1761, 202.1562020531529
1660, 202.0164337091252
1147, 201.71632477735767
1667, 201.54494102750414
2813, 201.42149058840192
1206, 201.11965153079663
3078, 201.0710637848506
1096, 200.9824364320917
1688, 200.97666445186576
1262, 200.85374247079676
1586, 200.84667165668301
543, 200.73208444921494
552, 200.72738923727906
1067, 200.6489506645899
3393, 200.533842999838
2269, 200.49574547107582
3198, 200.4767052779033
2794, 200.44927927026583
1141, 200.25428222252262
1088, 199.96794276444592
2919, 199.94827810606316
1589, 199.88152569606052
549, 199.78897739733372
3047, 199.67494573547114
3396, 199.59326560518636
1760, 199.41083382172806
1857, 199.37054762001654
506, 199.27191986354927
3028, 198.93409685444803
1069, 198.76464655189295
1199, 198.56861887189146
2798, 198.5298363881248
1449, 198.51444621982276
3410, 198.50004315731996
3425, 198.37818225111153
201, 198.3240423398103
279, 198.32333361181918
2717, 198.3199520062013
1130, 198.31564529676243
2765, 198.31391680896243
2862, 197.83140472308213
3153, 197.68496558291108
2409, 197.5360569273275
1852, 197.24143220253134
2417, 197.17309513382432
1042, 197.0491193091616
3125, 196.9012805576356
3421, 196.78391679165244
3004, 196.5050490836787
3280, 196.26599338429
1214, 196.13542345703203
383, 196.0399287247084
1856, 195.80253855679968
1662, 195.76502587022128
2819, 195.56289168595308
450, 195.56225054343548
2715, 195.55359977430695
3334, 195.54249614586197
1236, 195.51904977291116
1041, 195.48971614478822
3048, 195.48898158304877
476, 195.4762114201117
1212, 195.36527041765305
210, 195.29055143422275
3291, 195.22613851897387
1115, 195.12725743212428
2797, 195.09624235226286
1872, 195.0802972880964
3395, 194.90745310150453
2753, 194.63893649232074
3418, 194.43464919143696
1867, 194.304454634876
1144, 194.28480639290026
1025, 194.22716399182335
426, 194.1735535830829
2009, 194.15198548758852
502, 194.14056893564083
1465, 194.05170526491003
2337, 193.7881996049035
2355, 193.77365891730753
1683, 193.6879768623694
2983, 193.57202664825047
3286, 193.54088594318537
523, 193.46541976941384
3371, 193.35847479401795
851, 193.31209926653358
154, 193.1729728383238
3061, 193.11941989614584
3429, 193.11218076991105
382, 193.05098656604042
3086, 192.95252168108598
1174, 192.8986693170615
1083, 192.7438952731007
1145, 192.68918097549113
1226, 192.66280471218036
155, 192.41272404234488
1607, 192.3934393687054
1429, 192.3757740075081
1753, 192.27919313365388
3339, 192.06403104431237
3106, 192.040809165392
2303, 191.8205730430803
377, 191.8150486819068
542, 191.483638641693
1600, 191.44358502396344
128, 191.32741032702504
264, 191.2532510994978
1451, 190.90447083529642
3416, 190.52815954953783
3073, 190.52202548509692
283, 190.39038466964396
487, 190.31836107765014
164, 190.24688084711337
537, 190.11554929274274
1301, 190.05230981404654
3369, 190.0147928474206
1031, 190.00084050554744
151, 189.91987398412968
1241, 189.73045538607286
1128, 189.71883982784448
215, 189.63456220614506
1979, 189.49294120590483
3402, 189.44989564636256
3196, 189.42093967621528
1179, 189.11059868569643
197, 188.91369827301634
3378, 188.8805745514532
176, 188.87598252388239
178, 188.54752582534437
2985, 188.48456433806655
139, 188.47811693874405
2110, 188.46550115611268
1445, 188.3575444983787
1245, 188.26090359714726
446, 188.24869345801883
1876, 188.24379866291412
912, 188.16138637396332
1299, 188.1299452231791
462, 188.05089456755152
2388, 187.83954442211902
1608, 187.81042212565788
1043, 187.6807166942334
2803, 187.62922853017972
2398, 187.60039278035754
1866, 187.37729781057047
1091, 187.35987621196153
1978, 187.32675611272072
423, 187.26882519610095
2973, 187.1515503909542
3373, 187.10152466713393
2958, 187.08890608461107
3405, 187.03270026478373
2309, 187.01733247782713
1811, 186.99294577463442
504, 186.9727153949433
1973, 186.87919028124125
2969, 186.87489705534549
1113, 186.69822309413786
550, 186.65847419108113
2068, 186.61694263009295
2733, 186.49414626047334
547, 186.48053069809467
2990, 186.45549862928607
163, 186.4444073521874
1219, 186.32343133181888
53, 186.26001436820835
1074, 186.23758425935463
538, 186.2374437387346
1094, 186.23506047450817
737, 185.91975649372407
1218, 185.86232839007286
2279, 185.81659642119004
3423, 185.8040425369083
1124, 185.7672426876805
171, 185.6844633540329
1437, 185.63711025840877
3064, 185.5584277081216
1462, 185.47711058866898
2056, 185.4404357384523
2754, 185.41132595391747
530, 185.40328775882085
619, 185.4017220595445
161, 185.39720673299354
1464, 185.34029146512057
181, 185.2719231631492
1849, 185.13982929680267
1590, 184.92709257136252
3407, 184.85598628574903
397, 184.85416920447963
1030, 184.79419257760898
3119, 184.77845274225155
3381, 184.7595726754593
2968, 184.74523683259045
2818, 184.67994010787774
469, 184.63393428177002
3166, 184.42506270391402
1060, 184.26103635377166
2918, 184.2512318421409
2271, 184.12135868379877
132, 184.06428398464467
2408, 184.03916323801405
443, 184.01727755132654
2315, 183.73258330436002
2763, 183.702258695718
2297, 183.62851578488414
2069, 183.5620738854202
2100, 183.559673061319
1444, 183.45599774559264
3353, 183.3708515976024
1865, 183.26134198090273
2386, 183.22054696312932
1183, 183.0789370991646
3340, 182.98534006533396
119, 182.9801442723858
76, 182.97621853769013
1193, 182.9529932819958
430, 182.94390950741973
2783, 182.92902366550766
514, 182.8220705351454
3058, 182.77219722517233
1247, 182.6032639876037
820, 182.55436422359284
1117, 182.28182148130162
336, 182.2802046603567
3436, 182.21248496815716
3331, 182.14134164917172
1442, 182.11878629381937
3227, 182.05638360070537
454, 181.99908146331356
1248, 181.98857761917978
3277, 181.80734282221573
448, 181.79041305145174
1027, 181.73430485421773
3181, 181.71512673961365
1089, 181.65887071148097
1736, 181.65420440557014
3408, 181.6523361122833
2966, 181.65130148334902
414, 181.64852357825848
373, 181.63380982042065
556, 181.63292245673176
1200, 181.50429941509154
174, 181.49609305879022
1035, 181.45926343931743
2105, 181.36717138273067
582, 181.35311213866711
3049, 181.1400358477667
1085, 180.9564736797945
1531, 180.77750605942654
481, 180.74517884315546
227, 180.68254272783938
262, 180.6191311277343
1119, 180.50448728309723
3382, 180.31863184988725
2747, 180.24514403764096
3089, 180.22903130809252
736, 180.13920120308444
3108, 180.08286163991676
3370, 180.0628368362402
159, 180.05546168376995
153, 180.01282874718143
1911, 179.95782576270653
157, 179.79233329166306
2548, 179.7666059987875
532, 179.74138961046575
505, 179.55999440475048
1450, 179.5028607831023
1169, 179.433051748543
3070, 179.40692456013164
45, 179.36647790669986
3155, 179.36282006081592
146, 179.29218252425176
3072, 179.25155126583854
1689, 179.17874867767378
2792, 178.95442977480886
429, 178.89451466708553
2979, 178.89023447795938
2099, 178.87862734618722
3077, 178.8595723809066
41, 178.84256746649507
3303, 178.7746623598069
1202, 178.55977014210927
3055, 178.533407921149
2071, 178.49043178671656
432, 178.47656463108953
1651, 178.19189618755
296, 178.01086829682586
1676, 178.01003400892074
289, 177.84776969129265
71, 177.73265285417625
2382, 177.65887907423203
169, 177.65451090016418
1230, 177.5161940118905
2033, 177.43502854606953
1603, 177.11320269337753
1584, 177.10746938367524
2260, 176.99881142476957
263, 176.95353216193922
3385, 176.90135924469394
39, 176.8974762511207
2302, 176.83060597961298
1610, 176.74126452849146
3148, 176.683049276535
457, 176.6210767236866
3317, 176.59637115678984
3046, 176.5489662903714
1624, 176.5307890445458
1040, 176.44839241427428
3118, 176.4373902896371
503, 176.32826165478224
3437, 176.2932984515562
2312, 176.2753726617306
3135, 176.23424064530224
1126, 176.1241228255231
3419, 176.11204175449075
40, 176.02934550592
458, 175.9331167252672
3107, 175.74082100330915
1110, 175.6031340895764
1448, 175.588533108265
162, 175.52188145801287
1166, 175.4529820710477
207, 175.31263332412863
2777, 175.29719250720433
1234, 175.16960206068302
3114, 175.1399300946922
2735, 175.13470880766593
535, 175.02921308973035
170, 174.91678455784125
554, 174.906102909401
2394, 174.89513050531642
1072, 174.8111301154264
2022, 174.8062284144435
1066, 174.77805414896025
2380, 174.7743970567744
1075, 174.70056959276158
3247, 174.69980527847062
124, 174.69775757688987
3302, 174.64574771757552
1452, 174.46499255271524
2265, 174.4393284907667
284, 174.36626164749617
221, 174.3076196716272
3388, 174.271864262462
368, 174.18803179237747
3401, 174.1593232178997
1964, 174.09280340165358
211, 174.0160031862273
1583, 174.0120952572602
531, 173.87561080332674
1086, 173.83904442920667
200, 173.5857634264272
2015, 173.45413149912093
158, 173.45303487215043
557, 173.4415495222503
3069, 173.36669659585482
2292, 173.34867862673022
1239, 173.29869570592535
2301, 173.23240716822824
136, 173.2246829667478
1585, 173.19172837560274
2267, 173.14984454684736
3275, 173.14748010923935
2791, 173.0389013515686
251, 173.03810677192405
2740, 172.93407532718632
3054, 172.81467703468158
444, 172.66792133880995
1533, 172.49262347929354
188, 172.42710621033513
180, 172.41899856010087
1173, 172.4142051447397
3191, 172.38279440536007
501, 172.3106186325628
202, 172.26216011590097
671, 172.1122439462047
1071, 172.067987021335
494, 172.05954855760515
2277, 172.0358741816595
334, 172.00851312062284
1994, 171.99588351481216
1263, 171.99008476855337
2986, 171.94353082211276
186, 171.93710975368967
1161, 171.90099964221156
175, 171.8329914753956
98, 171.8224057890058
3341, 171.81739773898087
2053, 171.76249938696995
2311, 171.74992018988874
456, 171.65534403099952
1187, 171.65325504132107
2424, 171.60252353981065
3379, 171.45906887500314
1215, 171.45394826617223
295, 171.41993334871938
1203, 171.41053546582086
2274, 171.38832837231158
3142, 171.38032756411377
2807, 171.37573890978382
2348, 171.25126160336274
3389, 171.16142103898986
2964, 170.9339150653234
482, 170.93049799271535
3409, 170.76533799610408
539, 170.74225756635835
2961, 170.73017137033912
213, 170.71695149015844
1848, 170.49020218240182
1228, 170.47987108215358
2252, 170.30578452721923
2737, 170.29173929516392
3167, 170.27886166993864
1129, 170.27364394055866
437, 170.27188602854343
2306, 170.22074778263868
2050, 170.21261002621029
333, 170.20241795926515
1032, 170.17877108323
1456, 170.10205687580464
2266, 170.0916438808455
2298, 170.0423857371296
1132, 169.9200849446265
3179, 169.91834482712383
1975, 169.90724476050767
428, 169.8073966472536
3403, 169.78442717497327
293, 169.76888920905523
220, 169.60331225528697
1026, 169.595696529409
1143, 169.41286440239043
329, 169.37251150707695
860, 169.25023102633403
669, 169.15572909954088
2963, 169.13757109697448
2006, 169.12443995329343
3426, 169.08774865101944
3169, 168.68987326568052
453, 168.60947739715738
2310, 168.4876034726757
1076, 168.3725890963652
642, 168.34387377816103
3189, 168.32874299187654
2772, 168.31586580834278
1851, 168.23242154738605
303, 168.21734391048636
3205, 168.20396258676155
1233, 168.09056518424683
3210, 168.0209544095527
1581, 167.9826999898611
2055, 167.92053282604547
332, 167.88314349070882
330, 167.88002409970554
2018, 167.84038876897046
378, 167.8105692035644
2764, 167.78228462829708
152, 167.73816906451148
483, 167.57179448032613
123, 167.500478171918
2308, 167.4512299394708
832, 167.4476404958703
2352, 167.40038118205823
3203, 167.34215592700158
3010, 167.31707553598844
3445, 167.1850096050764
3065, 167.08897325173288
3404, 167.0886414615093
1912, 167.08484610525596
1260, 166.96252187196094
773, 166.93193775320069
2989, 166.89626007999556
1980, 166.87914681305043
2070, 166.77215072938822
2746, 166.71819886732925
3172, 166.63629050431877
2088, 166.62567999042182
1466, 166.60915661265832
2011, 166.5920099989159
2223, 166.43636437659143
2075, 166.43201582772664
3212, 166.3848195200212
1090, 166.36621566090892
3149, 166.2892201497899
2059, 166.1807812828429
142, 166.0431031442448
2962, 166.02091810342665
1252, 165.9561983349357
2389, 165.85741259933988
380, 165.7875365783223
864, 165.67359873252929
471, 165.554169446729
100, 165.5097419848886
3182, 165.5002464700509
1997, 165.458775300047
478, 165.4073739703123
3032, 165.3472434383269
1432, 165.28306843070132
37, 165.23163939402303
852, 165.14082503648632
1991, 165.13866356071034
546, 165.07825590869763
129, 165.06100925200397
1995, 164.97895119858933
392, 164.9707021509398
1963, 164.94677653296566
2103, 164.82619768451283
2790, 164.7682558230127
2086, 164.7038135153508
1690, 164.68188362151906
2300, 164.5983690012289
2263, 164.5179466762422
2407, 164.41084647670226
272, 164.29142931059806
441, 164.19313452019358
3174, 164.18637817996455
331, 164.1628671078694
1184, 164.10752897302874
2016, 163.9776266323523
3447, 163.94184127388854
467, 163.92667319366413
3285, 163.7115428905005
3128, 163.65510649900475
365, 163.64862329572645
475, 163.6339324583836
410, 163.62752038555396
677, 163.51608830162274
3424, 163.4435504836734
2774, 163.43208242860976
1459, 163.38380077986434
3190, 163.31195246131654
3202, 163.29767544237893
3434, 163.28378669576674
3298, 163.28314602191608
2026, 163.09437231013223
1259, 163.08036037526404
2261, 163.05354572410866
297, 162.9149096644392
2786, 162.79071806115326
2276, 162.71330214119178
2766, 162.71041902948915
1098, 162.6126069086703
3281, 162.54532507410602
3214, 162.42239844731498
79, 162.41165326803713
731, 162.4068272866906
208, 162.36472883351058
1517, 162.35691419030567
451, 162.17443329772212
1177, 162.02776800956514
1521, 161.99430366172922
3056, 161.98793899881449
168, 161.94715416356976
914, 161.94068614906965
299, 161.921519040336
3386, 161.91301787394335
1111, 161.90440940868038
2863, 161.88816469939647
466, 161.8260308574533
449, 161.81132994495107
3175, 161.762419365476
2296, 161.74000402683512
130, 161.697891760536
2381, 161.59024313947236
3185, 161.52495847220652
2354, 161.46467939850587
3300, 161.43776624073743
2278, 161.37824129449493
1604, 161.27673843413058
2767, 161.10438574171587
3173, 161.08747673913936
464, 161.03849595816257
2083, 160.84030034836854
488, 160.8270554134543
2759, 160.74781997908346
496, 160.6253770515031
583, 160.5443814739847
328, 160.53271194102834
2024, 160.47519843013222
2817, 160.44507994306477
1077, 160.40940412118633
544, 160.25352469811588
147, 160.2281916034039
2734, 160.2187116489887
46, 160.2002939199626
2757, 160.19898777860763
2029, 160.19357378806637
2744, 160.1803628383529
204, 160.16094789635213
1770, 160.14370586139583
3098, 159.9482674746336
534, 159.9433859949729
1142, 159.8701758032371
75, 159.85129915207523
2987, 159.80148886092482
3057, 159.80102732937354
173, 159.77809940785696
2224, 159.5443065983922
435, 159.42554524766877
3042, 159.27839666971911
3283, 159.17571792860173
3110, 159.13642199791263
1502, 159.0942336207543
738, 159.09086051576693
3208, 159.0811069935504
3276, 159.06332910246007
2091, 158.94123845197745
3245, 158.89775723833185
3348, 158.72974279205366
2032, 158.72008848052403
2109, 158.6959942928747
3244, 158.662027513669
1513, 158.65648229876632
2507, 158.37069496298864
335, 158.36568850321467
1140, 158.33453369436268
3292, 158.26409120184545
3159, 158.23693020425588
3440, 158.20304066207336
3226, 158.17280710564825
480, 158.17201881044974
1893, 158.09121615325398
913, 158.05306347878357
1850, 157.93753755351042
401, 157.91739803689168
2722, 157.88839644565485
2748, 157.77688891412956
1256, 157.75298110506913
203, 157.72085139236358
2920, 157.6568773774322
2820, 157.5988582083091
1204, 157.51500875725924
906, 157.50825022412099
1587, 157.5020033600295
2027, 157.4785016390628
2078, 157.4564468432906
485, 157.40545709469527
1029, 157.28873861204136
479, 157.27555543102187
470, 157.1991469670898
3093, 157.07895560956905
440, 156.96585895607862
2776, 156.95775461826517
1443, 156.90118591425377
540, 156.86735298341097
2076, 156.85444786889883
2013, 156.8307208683457
1172, 156.7819502369627
433, 156.72575326753585
1611, 156.68008402409103
193, 156.64802797644694
588, 156.63916054238462
2291, 156.63188913250477
415, 156.59270994127328
425, 156.56054092373495
1105, 156.52055132858248
2965, 156.509343785838
650, 156.42493635747965
1675, 156.3701994223435
548, 156.3155587847267
861, 156.31493404212392
1058, 156.29193843578926
48, 156.23988348450246
1880, 156.1451057339476
2825, 156.08127112537161
372, 155.93983336092884
2802, 155.93006485514283
608, 155.91241126684864
3006, 155.90599105923118
1853, 155.88997842861417
2045, 155.88476189643052
1870, 155.73726754726218
3293, 155.50979097849776
1100, 155.45611536862836
495, 155.4174166484042
2751, 155.39637859824484
676, 155.37568091096816
2773, 155.32384055213473
1434, 155.2011299048203
1433, 155.2011299048203
1910, 155.17054848684634
3209, 155.14822489814256
2622, 155.0722276531068
1063, 154.8796140445217
3297, 154.8407020666153
468, 154.81823756583486
191, 154.77323264027467
2415, 154.66072464251306
2285, 154.5856310424547
126, 154.52090420905245
862, 154.51097589597038
1159, 154.46454196172724
1087, 154.34098896880298
1081, 154.34061140620463
52, 154.28680757078533
217, 154.20326416707277
288, 154.07017034451616
1686, 153.98272092932024
3176, 153.73028114481556
1381, 153.68952000910195
2020, 153.68439481020525
148, 153.67721182411978
562, 153.66387928869688
2768, 153.63289364637328
34, 153.5643997631477
1235, 153.49015391449245
1515, 153.45635731570064
189, 153.45220082134645
3083, 153.4179483525154
2257, 153.41341679099352
452, 153.40011299337894
51, 153.36592125643637
3435, 153.3490452884383
816, 153.34080986781555
2723, 153.30641674298138
2019, 153.30114848807764
1993, 153.19167931053758
1859, 153.11029163515948
2272, 152.99700784599827
206, 152.98052757788003
3213, 152.90672570976452
222, 152.84904710929592
685, 152.81244689260288
1680, 152.78021575087305
274, 152.77847659433723
2988, 152.62017569560913
2307, 152.58646394326112
3079, 152.584455071391
2419, 152.54491022600254
3071, 152.52364217108232
1758, 152.48689705877894
56, 152.37985690218264
2981, 152.33385510517132
607, 152.25191305194187
1732, 152.24353472382288
3287, 152.21860988415725
3151, 152.0811844551288
3259, 151.88649510719335
1221, 151.85300644257038
2546, 151.7508608832287
1914, 151.72106143001284
881, 151.67381719911774
521, 151.57809318056871
1237, 151.44269905675
1913, 151.2023501406926
3084, 151.18630082499803
2810, 151.18493802573832
1666, 151.1477845151799
1461, 151.11046578069627
1707, 151.07273012492914
424, 150.9684275483397
389, 150.95761664891367
82, 150.91669951383332
3050, 150.86793288504487
3199, 150.72036655535922
670, 150.70202801076445
2416, 150.66857771073077
2549, 150.65065402276764
2025, 150.61700389754063
1102, 150.58313423623147
266, 150.4883730427397
406, 150.4790162349229
198, 150.4058586964964
44, 150.38231795731028
3051, 150.3676878948204
611, 150.32886388282185
2391, 150.23552011116374
140, 150.08775122932744
2218, 150.01812586153824
1243, 150.00901876803292
1244, 149.955518759439
555, 149.93813360220278
2343, 149.85448491622478
2294, 149.6233656246655
1249, 149.59621054976833
3171, 149.5900035582912
2259, 149.5799374923344
381, 149.53680808840565
1082, 149.4978737374828
1033, 149.49611268728395
2238, 149.43357087399698
3246, 149.43063367532707
407, 149.35380927561266
3315, 149.3348966388449
2210, 149.3134665399703
194, 149.302999275507
3192, 149.278626295846
1516, 149.24484764812178
3274, 149.24270931329553
1002, 149.22695127575315
3439, 149.21853654775066
2108, 149.18991759296247
165, 149.14258095447352
2041, 149.1323079374005
447, 149.11438863802258
2286, 149.09144344130027
2005, 148.9539401841406
143, 148.9276023821324
2741, 148.8912149559765
2811, 148.86826339443502
376, 148.86783190618786
74, 148.6385594791924
3413, 148.6211358323741
228, 148.5891258606097
1742, 148.49566558642317
895, 148.44633162315424
515, 148.30146235663778
2795, 148.29746544383985
326, 148.17928089012892
3241, 148.1632207055961
85, 148.09602704290367
1720, 147.9863463767303
3336, 147.95548319865466
275, 147.9293047174879
3178, 147.92393241713077
651, 147.82471034782645
1162, 147.73982144021005
1854, 147.5264628134642
445, 147.4945334601519
654, 147.48735516057104
1738, 147.3845595284213
1677, 147.31867739889742
3092, 147.3032895651165
3133, 147.2584548389117
3278, 147.24552563723728
1024, 147.24452956220108
2951, 147.20016754142117
1771, 147.15678278079824
2483, 147.0874834420569
47, 147.08620179034403
580, 147.04091826895697
2106, 146.96152043549154
2314, 146.89294893386852
2808, 146.86442425542086
3062, 146.77147717522297
1084, 146.75613259233288
402, 146.75281353719134
3170, 146.6885670575111
3144, 146.686570393603
2736, 146.56781190837933
3433, 146.52845986083793
3204, 146.51625256634867
563, 146.4354423579243
2034, 146.3876285329958
3384, 146.3762486993466
3059, 146.36961480501742
134, 146.3564230915412
3432, 146.32514371889647
885, 146.31312849261099
680, 146.3023839296149
2749, 146.29962421397153
1122, 146.21314221224185
237, 146.20243380133658
678, 146.16918884305042
3095, 146.10711267347347
379, 146.09747803483742
1687, 145.95515245812567
57, 145.9519939796894
1877, 145.76581955110214
1725, 145.7359299359542
294, 145.70635753413035
3143, 145.69846402759183
3211, 145.69256761568482
1746, 145.68734184100902
3305, 145.67180946418833
2630, 145.64534542063865
3101, 145.3695388996366
1205, 145.3353920741122
3194, 145.3081592461156
1121, 145.2429933289674
3380, 145.20449311416718
2093, 145.19834880052483
77, 145.1580781982891
613, 145.14502005338693
2651, 145.13169260397055
1627, 145.07084418315267
3163, 145.0572069019052
2666, 144.99091135789854
1722, 144.90834681840784
3206, 144.89251731925964
427, 144.87847746680484
3186, 144.8713457896405
2793, 144.82068666632208
956, 144.68518719805917
2385, 144.65459862996167
2003, 144.61908638855317
3327, 144.57810810274293
3350, 144.53362303181763
2280, 144.49976766799404
2789, 144.4665987058851
3197, 144.43348339964794
141, 144.36003952637833
300, 144.3486806877076
1685, 144.29310079367843
649, 144.25385149664646
748, 144.2511921510256
1646, 144.2093004968729
2454, 144.20390263504754
1439, 144.16709989663755
655, 144.1484623992383
1669, 144.12374180067332
2505, 144.07491645697027
3304, 144.05261047785922
35, 144.04214831201108
2513, 144.025242835018
1238, 143.94169437615727
2203, 143.89497421374858
2379, 143.7874154908278
3039, 143.7854421595547
1718, 143.6864147753844
3312, 143.61851045398632
3443, 143.60955114723558
1747, 143.5169655778849
298, 143.41205418900753
2240, 143.40042904969107
1729, 143.38723843756142
3294, 143.16359943658227
1970, 143.12013266605817
2288, 143.06612140318515
1641, 143.06590091291386
663, 143.05793576854106
2583, 143.04797655284435
3040, 143.03221857903438
3284, 143.0252055546873
473, 143.02366822182643
1879, 142.9772297319227
1625, 142.92169063131587
2048, 142.88580638643174
408, 142.88380048461931
2104, 142.8569418914718
1708, 142.81292219374126
1231, 142.76739425281153
2404, 142.72904931296785
3289, 142.61071406485485
2508, 142.60397860981107
2491, 142.57355756892844
2002, 142.54168007876459
73, 142.52352132820872
679, 142.47967744091778
509, 142.42669165939895
2258, 142.34302439583192
1874, 142.32586134958956
3200, 142.3100559739806
643, 142.2698832496327
1695, 142.20666887409553
2948, 142.17626856135138
42, 142.06754710315235
3120, 142.05715259496267
3147, 142.049628446428
3243, 141.91795332573446
3134, 141.89308574506208
282, 141.8549178161636
84, 141.75100951998593
966, 141.65094302048914
491, 141.64456710948951
280, 141.58188589762918
2442, 141.2620352466397
225, 141.1398525874902
281, 141.12819395376494
3354, 141.00276534580095
2721, 140.95567025109523
2824, 140.91375828978093
439, 140.79115831240514
1104, 140.66417908252726
1875, 140.59251549779748
1756, 140.53325848235454
1647, 140.51872963906004
733, 140.40942615395167
1232, 140.396193397282
2742, 140.39611440970495
2566, 140.28339681362107
2008, 140.2651621694604
859, 140.22529342860813
1258, 140.17068695098047
732, 140.1530588623126
2338, 140.05809930478685
1698, 139.9068777997448
3184, 139.895377865297
634, 139.81678292565599
455, 139.7151799881712
88, 139.68426727873668
1717, 139.62538313301084
2393, 139.62249813898393
2671, 139.5582808306549
3314, 139.53511485602013
3082, 139.49385749189688
1740, 139.45041559284803
2917, 139.44783237526556
2287, 139.4319537616975
838, 139.42239603501764
3146, 139.382469780786
1731, 139.37694699813053
1171, 139.29693982712985
2021, 139.25241204594775
1868, 139.23413242673055
219, 139.23031590710596
863, 139.22672342665146
1971, 139.189609623806
2780, 139.09706611204365
2524, 138.99464476629907
2039, 138.9568427959152
2696, 138.88554560313594
2823, 138.83655626765923
699, 138.8052314282477
2784, 138.77742978243822
460, 138.75877753684696
150, 138.714781039902
58, 138.70200626692693
2217, 138.69186753547584
2688, 138.65360877943786
2553, 138.6466035462771
1894, 138.6194625193167
302, 138.6114690893122
2353, 138.55856814625426
2587, 138.53826522501066
2562, 138.40386734694
3162, 138.30292184416138
3150, 138.29828251848633
265, 138.2593281756604
3444, 138.2160608669223
1106, 138.17961351296165
2816, 138.15301179026838
1057, 138.1294470173503
3264, 138.0889721370095
1644, 138.07767406125404
1682, 138.0320432441025
2755, 138.03148079117605
513, 137.9940688728937
757, 137.9843691409018
2864, 137.97651656648074
1968, 137.96992430243452
3352, 137.8927085034896
1714, 137.8881690894559
512, 137.8876887407628
2645, 137.84126712287878
734, 137.68600569230412
1871, 137.66027123724652
2788, 137.61128413341706
1726, 137.60982996219107
2098, 137.58688339451362
2812, 137.5483789078471
1643, 137.5129268149654
2782, 137.5053954486527
3239, 137.44191346032378
145, 137.34671547042336
3324, 137.34387334387876
1739, 137.32593297509345
3187, 137.29673826244613
2244, 137.19458914674178
1642, 137.1543733472866
2758, 137.07857335958738
2305, 137.07507830376386
518, 137.01736330117564
3105, 136.99690605426036
87, 136.9695480564762
3183, 136.96366790318814
1185, 136.92119906874285
2705, 136.89682512591915
3168, 136.88487507632368
3248, 136.857659904057
1858, 136.8403957470503
551, 136.82445755527354
2610, 136.74653219068782
1705, 136.73697979712364
1626, 136.69040324467218
398, 136.59827863381824
2559, 136.54771608284446
2558, 136.5435290447274
255, 136.41514151621098
3123, 136.3295790165488
3415, 136.26950440933376
2152, 136.149773129948
412, 136.12733787393157
2536, 136.1011409057878
2017, 136.02174449416938
3063, 136.01112927052435
214, 135.99427224123787
957, 135.9516455433827
3225, 135.81775624157407
3290, 135.80673881260725
2004, 135.78356949810075
1715, 135.75142362658767
2101, 135.62587177176883
1755, 135.59581436981347
2473, 135.56269529766865
278, 135.52402649704095
3255, 135.50605740824
1703, 135.50057632409766
2607, 135.48318012848972
2694, 135.45151745067085
291, 135.44497628893765
561, 135.4151358280194
1752, 135.41383814065378
3041, 135.3892245000071
3129, 135.35479071963044
965, 135.3520094762901
626, 135.29030330882674
2690, 135.2831989415146
2620, 135.2744817654863
3090, 135.23191881046912
2514, 135.22614770379178
156, 135.12655950252582
2677, 135.08859415789453
2710, 135.08626247239337
1630, 134.94851868695366
1721, 134.84270201011947
2640, 134.83871439631676
2571, 134.83348070563795
1892, 134.8101517424182
2781, 134.66320218906694
2030, 134.61009629390702
409, 134.59012539239998
3299, 134.57478588671455
3279, 134.56822581852305
1869, 134.49136870829835
2390, 134.43165902086685
3066, 134.41253383085578
2686, 134.3527253088833
19, 134.28016266965383
250, 134.25433304136092
3080, 134.23586900048696
1712, 134.23183341564348
2574, 134.1953864931138
1692, 134.13880554087365
3318, 134.06882518560076
1628, 133.93397806399454
276, 133.90371474422528
399, 133.88340693037296
3130, 133.86349435205796
2102, 133.78065859981737
681, 133.58655857626735
2657, 133.5574532156366
2650, 133.52091947370087
2779, 133.47991997353486
411, 133.47805833059076
199, 133.45826100351974
1701, 133.44103497761984
2703, 133.40482057759684
2814, 133.38806728141444
1733, 133.28752398945662
2653, 133.26665357003176
385, 133.22642089942497
3207, 133.21948046622984
3347, 133.16478407732467
216, 133.13976300393495
1710, 133.0677715900828
404, 133.0440073257034
395, 133.01193346939365
54, 132.97247253340004
3306, 132.94574445900565
1966, 132.77437502018614
1631, 132.73567922367286
3111, 132.73267709441856
254, 132.6629012432872
2683, 132.6274132378602
3099, 132.5723979970994
2649, 132.5527138271667
2624, 132.53989791159964
1735, 132.46300677977894
2293, 132.4578626179884
2525, 132.41388965187429
2756, 132.3658659415216
3020, 132.35334180075427
2497, 132.27196745744897
1716, 132.26921110582637
2785, 132.26514401593764
1744, 132.19631535747882
2111, 132.18420403219108
2096, 132.18420403219108
375, 132.10715350076637
647, 131.9346231746192
2853, 131.91095192553527
2712, 131.9072111146077
1748, 131.8816213083277
2621, 131.87197162865064
2745, 131.78917125274668
21, 131.7633048212334
2601, 131.67233039074304
2520, 131.63956742254402
2652, 131.63899279995053
1028, 131.63828681106972
2561, 131.63677818787366
400, 131.51812009643456
386, 131.47071339284977
2656, 131.43029339364722
2641, 131.42943891896465
2289, 131.39867435397284
2572, 131.34870163313607
3316, 131.20126670720447
1684, 131.16034083425993
2720, 131.10199933595302
1670, 131.05228968922938
2527, 131.03069049303446
1672, 130.9835273731995
1873, 130.93509251113247
2340, 130.8862450007738
3265, 130.86076625000587
1891, 130.78841061931536
1645, 130.73276259771293
1659, 130.6663242811239
1463, 130.60751339857487
3383, 130.59089045874276
2646, 130.5743505515708
1741, 130.44093675998172
127, 130.41672056266603
1047, 130.30503737379195
2212, 130.30057956655222
3323, 130.29263176643101
3097, 130.25662977223053
3112, 130.22133886748998
20, 130.21542337791516
3201, 130.2149732114005
1700, 130.1263092408725
2738, 130.11656456198799
3362, 130.08140511579498
2568, 130.07104582146366
50, 130.05135646755073
1730, 129.9796726814365
2681, 129.95146405395016
1671, 129.85405613685873
137, 129.82664969805077
2959, 129.80981176505347
1668, 129.77345617744305
3295, 129.73165523484653
2580, 129.72726695089753
1633, 129.6635184297219
3136, 129.64329430450593
1743, 129.58740429882673
1665, 129.56111265713352
2383, 129.51114706242964
287, 129.49702331181862
3288, 129.4578297861753
1699, 129.4476641027277
1754, 129.43799825818658
396, 129.4323642483073
2608, 129.24836712481667
1657, 129.24464776529848
2635, 129.20368367043002
2668, 129.14831940624845
3442, 129.09947869287728
2179, 129.0854815799104
1724, 129.00281776979875
2283, 128.91722772292425
36, 128.7622810021047
1941, 128.57968436459842
1706, 128.56747369741353
3232, 128.5260996136368
2485, 128.46849980755962
1745, 128.44409443272446
1637, 128.4374248788072
218, 128.38854146650462
2726, 128.3847660113738
2204, 128.36901992038662
1629, 128.34655685719002
2449, 128.20697992040283
2592, 128.20430403801026
3311, 128.1593996357803
2466, 128.12871012501049
508, 128.01678395702743
2563, 128.01215967794172
1734, 127.9079414679282
2493, 127.85592856993729
1650, 127.73441517882301
1967, 127.65996435199035
1681, 127.6042805708266
1639, 127.55185633957953
2658, 127.53186733806949
2533, 127.52176375992576
2611, 127.51900456012227
43, 127.39017449239475
3005, 127.36195866284423
2451, 127.3388237950505
1697, 127.33858652459374
2697, 127.25147019675497
3254, 127.23678571886632
1728, 127.21489833238982
1649, 127.13437532634997
2597, 127.09021323110129
1704, 127.01157584388996
3094, 126.9986336371341
2397, 126.99035080837322
2339, 126.9267064935309
80, 126.82880519692091
2456, 126.72192456491642
1648, 126.66995414074306
1727, 126.66674534325686
388, 126.648036058778
2486, 126.53176716695882
2239, 126.53169086525162
1679, 126.48219863295301
2575, 126.40349245620442
1114, 126.37887777766207
3231, 126.25738690174413
2235, 126.24001376922052
149, 126.19964980933368
1749, 126.12742799829905
1691, 126.02879715951754
195, 125.90037315971061
212, 125.61249106788121
2167, 125.58584966350418
497, 125.54451053470233
2185, 125.52014621728311
252, 125.44559569471856
2475, 125.28755269624959
2461, 125.21824883031839
474, 125.20772713657331
2604, 125.15949015626914
2648, 125.13575977646089
2528, 125.02783253587157
2589, 125.00754335100753
2655, 124.98089169159977
2453, 124.94585741330042
1702, 124.87139898475618
2282, 124.83429894843718
3007, 124.78058927739559
1696, 124.57451960039647
405, 124.49824356943363
2184, 124.4958766191252
1674, 124.4265343028595
2226, 124.32523349065586
1751, 124.29755779371087
2139, 124.26760810405904
2087, 124.17292223916017
1759, 124.00795240062169
2980, 123.96028943904159
1636, 123.83446670724108
2484, 123.7848304034026
2612, 123.75881414520846
1635, 123.70565873390295
2778, 123.60750801555427
138, 123.598154194415
2693, 123.51776639586659
3195, 123.4018715221385
2543, 123.31624818144758
2177, 123.28677538716967
2249, 123.27699018783589
2299, 123.27161415377921
2616, 123.1683855940178
3258, 123.13574694483766
2264, 123.06951913621789
196, 123.06662781399116
1737, 123.02500826056996
2673, 122.97383716521897
2809, 122.93591483265662
2623, 122.87734919108175
1750, 122.65703244963188
2498, 122.56383240505835
2531, 122.56356545706278
2679, 122.46116991171633
3313, 122.38512217548777
2564, 122.36331162682676
2713, 122.27210682387657
337, 122.22247544729564
2605, 122.15374858768001
3160, 122.11134217086855
2349, 122.09919829277835
472, 122.0914141441301
3296, 122.05222277340846
2490, 121.98822328473769
2345, 121.89124728134281
2462, 121.84700671493772
3021, 121.78285828091208
55, 121.76609297069982
2346, 121.75557154150091
15, 121.7266125777898
394, 121.64976432407289
2341, 121.61569553761382
2821, 121.52442765845527
2342, 121.44950980343073
2687, 121.25209533327174
2626, 121.09674368153055
2094, 121.074331536408
38, 120.97830968109854
3262, 120.9635266370811
2492, 120.93939785203811
1045, 120.86845643367423
2455, 120.86524276753552
2570, 120.82547697532112
2519, 120.78964627353359
3091, 120.78637640955145
1652, 120.77035866030344
2603, 120.76971439459986
2695, 120.74134500776916
3113, 120.70623381864407
2313, 120.6889936808499
2496, 120.64233686625951
2586, 120.63969594719498
2704, 120.57644936143183
2629, 120.55555049650282
78, 120.49662549408998
2464, 120.4723370425658
2538, 120.28284845473074
2692, 120.26191567221314
2822, 120.21969207831381
3193, 120.18279015002256
2654, 120.15816359878592
3261, 120.12588794235366
2284, 120.10115337807483
2606, 120.08320011969204
2511, 120.07367175829425
1530, 120.05784546188316
2534, 120.02568585289266
2869, 119.98647790393568
2675, 119.87447221822534
3180, 119.86971900662527
1960, 119.82006582118821
2707, 119.77710606192295
2700, 119.73329337349708
3344, 119.56705787008393
2638, 119.50936815704632
2506, 119.41708585676285
2499, 119.38757798350117
2600, 119.2788407838926
2665, 119.13000011019828
3329, 119.11241456217999
3251, 119.0770954859853
2509, 118.98765825404209
1557, 118.90319163877159
2522, 118.87174470294772
16, 118.86101427471766
1655, 118.78690841990296
2581, 118.78294378190729
2452, 118.58604914080769
2644, 118.55300464438834
3260, 118.48451384478292
2727, 118.47238971006803
2479, 118.38685361502012
2460, 118.35844448107203
3361, 118.29561025473575
3364, 118.2836523843634
2698, 118.15210057661938
3019, 118.08760672932196
2662, 117.88088775370097
3165, 117.81237438032858
2488, 117.74682081864974
2495, 117.64293621507782
2079, 117.59371613600631
2760, 117.55329215223684
2044, 117.50365312934191
2632, 117.40992868394221
2530, 117.400862869389
3100, 117.33831497995146
2440, 117.1967916312051
83, 117.18074676622372
2037, 117.0879856584604
1559, 116.59268669779307
1847, 116.53084014440951
3301, 116.34737644018008
2625, 116.32943173091239
2092, 116.24856909949247
413, 116.1479725759538
2714, 116.08350605544109
2401, 116.04537729219531
2477, 116.02497524042784
2743, 115.98541902684335
2565, 115.90525796379166
2970, 115.76778991876445
2684, 115.71934921499522
2535, 115.6730649091885
1664, 115.4442958207963
3266, 115.36670931148161
2670, 115.35290454698463
2598, 115.32792985667294
2444, 115.24208303710137
2537, 115.18259926591514
2664, 114.6922305515913
2061, 114.6725649356261
2634, 114.39320405544082
2591, 114.35434277242615
3357, 114.34598937516509
2552, 114.34275907800861
2472, 114.07862054411949
2576, 113.72810146506757
2660, 113.7273135997049
2667, 113.70764318615727
2659, 113.63677491990002
2669, 113.62581533724328
2474, 113.58257797123761
2494, 113.58170614937063
2405, 113.45808922773068
3033, 113.35969189989288
2699, 113.31297300845674
2502, 113.25827956430435
2501, 113.25827956430435
2457, 113.2488045389663
2674, 113.22817501769778
3008, 113.15988813786497
2661, 113.13128767053728
2617, 113.11398642477339
2691, 113.05044559910046
2510, 113.0231653660378
438, 112.99034068609471
2631, 112.91254400664795
2469, 112.75287957560143
2614, 112.56459979563787
2542, 112.49186882789164
2448, 112.48079096153423
3253, 112.30331846185967
3249, 112.27960898669384
2521, 112.2562348647675
2627, 112.20477505473866
2609, 112.20339309299438
2637, 111.98459415346078
2541, 111.94189232365251
2476, 111.85224609278099
2504, 111.77480716596673
1109, 111.60216991959214
2724, 111.54362386232889
2702, 111.53487290290693
2619, 111.5037005759254
2956, 111.39767330272518
2089, 111.39074140122163
2678, 111.36747700041231
3325, 111.23733535073141
3263, 111.19714203421535
2557, 111.13020935350124
81, 111.09343031804706
2478, 110.90722872265516
1300, 110.88440913119551
2706, 110.81822436178743
2567, 110.74225939995124
2560, 110.6601196972537
2074, 110.55822043024878
2467, 110.55460904412855
2585, 110.522371406196
2866, 110.4804796305237
2529, 110.45881482281466
2676, 110.34855663295345
17, 110.19225761818056
2459, 110.16840396584284
2554, 110.10394400864628
2544, 110.0772591426295
2082, 109.86123588868047
2577, 109.77428457927817
2663, 109.69521180337016
2573, 109.66604218564727
2595, 109.64115156618557
277, 109.63077440505901
3250, 109.59412747285411
3326, 109.57526492377475
1560, 109.34417439851464
2628, 109.31160072478764
2642, 109.272818044494
2633, 109.24189924117668
2689, 109.20658309788543
2482, 109.16426418184243
2685, 108.92426698256907
2618, 108.87669615517622
3365, 108.5362894406385
1969, 108.52311432181949
2523, 108.49459394646382
1052, 108.47156290739368
3358, 108.40243021782452
290, 108.39762080370573
2443, 108.3964075999546
2480, 108.38552531412493
2545, 108.37253248666055
2701, 108.30539017876208
2447, 108.28577788170453
2463, 108.25606411148084
2445, 108.22572416033448
2680, 108.22325063783711
14, 108.09092117341208
2481, 108.0681934114804
2909, 107.814509567169
2588, 107.80342083307065
2047, 107.72804080862869
3307, 107.57032709241177
2465, 107.54573148889965
2602, 107.53605334807455
2458, 107.52597467012812
2613, 107.37431433367729
2487, 107.33300871463591
3345, 107.22505721283311
3360, 107.12728902139371
2489, 107.11635815489507
2643, 107.02523820059349
1965, 107.01867566415365
2593, 106.94903792059071
1046, 106.91138927051443
2599, 106.88137592668352
1520, 106.82901619619383
2516, 106.77237269522907
2512, 106.72479897217829
2728, 106.6946869371862
2081, 106.39209178591729
436, 106.38848516910649
2584, 106.34152341609442
2540, 106.09887585571401
2708, 106.04327395940187
2639, 105.97726003422189
2636, 105.95901021095389
2446, 105.9132222899062
3391, 105.83858966200623
3252, 105.82418944426553
2077, 105.38140540365207
2052, 105.37117165794938
3308, 105.34219864694988
2582, 105.29944795446134
2057, 105.24312089152494
2590, 105.16957118760241
2555, 105.0701559145958
2031, 104.92558100516847
18, 104.90383828248898
2090, 104.80112385160695
3177, 104.49640659029558
2526, 104.27273002519495
1519, 104.18947376446464
2468, 104.1765336356804
2450, 103.93675227707314
2441, 103.89142608014035
2914, 103.7254932814602
1537, 103.61179149567235
3446, 103.60856794540383
1103, 103.54750830080673
1053, 103.54010195454633
2539, 103.45115716482273
1118, 103.06134032398863
2596, 102.96416292223795
2709, 102.73534094006123
517, 102.71739151009012
2647, 101.9150965282493
3343, 101.90308447305613
2066, 101.7932454210355
2615, 101.76788729797505
2060, 101.42761224088852
3238, 101.30198724851692
1558, 101.14536864043566
2579, 101.12071529641905
2038, 101.00030262979206
22, 100.95970883290406
2517, 100.91003225262804
2471, 100.78267807937587
3359, 100.39499681355848
2594, 100.14088506959898
2500, 99.90036148230097
3438, 99.52652023377077
465, 99.31402911944419
2040, 99.26682894666673
500, 99.19342852973216
2916, 99.1162839606533
3085, 99.0504168319576
86, 98.91509650673983
3237, 98.76682223869102
2503, 98.59442589277951
2064, 98.53134931714857
1878, 98.36325974559772
2515, 98.05590986249187
2046, 98.04101291517176
2732, 98.00163891353125
59, 97.90311939667177
2058, 97.60239496625432
2682, 97.58042702077513
2036, 97.51195443263171
3346, 97.46798015956807
1164, 97.36191146069152
2578, 96.54258867882545
2470, 96.38271062683293
2043, 96.01967928038454
3363, 95.87964097664906
507, 95.78743293515242
2725, 95.26597068713978
3240, 95.06468295332229
461, 95.00611750257941
2063, 94.99690121640606
2085, 94.76201624156141
3242, 94.70193646689161
459, 94.53213278351852
63, 94.21572625071263
2569, 94.1405040284838
2718, 94.0803318100079
3256, 93.85060604066746
484, 93.83971221637859
2672, 93.21545168149217
2910, 92.58490167041316
111, 92.55718237500982
477, 92.25376966261264
2518, 91.71747021667694
273, 91.6741560011883
3257, 91.44811243776601
184, 91.17129232485264
292, 91.15383622608938
2532, 90.30411201010682
1535, 90.02671468286138
2556, 89.25782307167869
1051, 88.95302206018538
33, 88.82001017251234
2868, 88.62206136852642
387, 88.30154501171683
1165, 88.24880825521018
442, 88.18112519236824
185, 88.16507690314374
1093, 87.78310836121946
490, 87.48022969340491
2054, 87.15868462944745
60, 87.14001387222075
3282, 86.9641541216698
305, 86.70356972409832
1092, 86.60635144492798
590, 86.04284407427842
1972, 85.6947663126303
2035, 85.49863196395688
1054, 85.073714623258
223, 84.62382759384626
187, 83.80015230868294
2049, 83.79257603469246
2924, 83.50121447607494
2711, 83.42365121021403
3309, 83.37600603278013
49, 83.04521842561795
2062, 82.44304107493578
224, 82.14121263313018
2042, 82.01212677783097
286, 81.79752980992943
1861, 81.65772729702263
489, 81.26785603711424
2051, 81.0162908045023
2107, 80.96871724854986
2912, 80.78934752377533
2067, 80.71359166581311
226, 80.67001223562933
1536, 79.1592872681372
2925, 79.06616237045914
2923, 78.86284446507983
1048, 78.53803919476992
301, 77.59935891047368
2072, 77.14734576300481
1049, 76.45438673569207
285, 76.36666372965924
2931, 76.236405978018
1925, 75.87764141190455
393, 75.697993117851
2871, 75.45704851557785
2084, 75.07914106765828
2940, 74.43792181496269
1863, 74.42790466818494
1050, 74.25895682575052
2929, 74.20376136548958
2922, 74.0527380401198
2928, 74.02284044045076
795, 73.3979068377712
1158, 73.11019077858879
2926, 72.77744317533806
2937, 72.40878712793457
2952, 72.21559234770852
2872, 72.022439171941
2921, 71.99043088746329
2927, 71.86770185567579
2911, 71.76467567824778
2938, 71.23568407268229
2933, 70.75962131187154
2939, 70.16989757520092
2941, 69.26516240447033
2934, 69.00570473493254
390, 68.68739349115637
384, 68.68134687896647
2954, 68.54827126027158
2957, 67.85810198314606
1534, 67.84880059786987
2073, 67.29412630336522
3412, 66.6166093399727
2943, 66.21528750502257
2955, 66.13659246017653
486, 65.45899093573294
2870, 65.27009120127133
2930, 65.25992138245851
391, 65.10555601683114
2873, 64.76157873840198
403, 64.53966146436092
2942, 63.70020304222023
2865, 63.62403324202756
1064, 62.68194131733508
516, 62.42494085046781
1468, 62.31151707787591
3145, 61.10075711229598
2867, 60.63849738774837
3411, 60.567945546571096
1862, 60.40719006648696
1264, 60.26455097114852
2012, 60.0980534506465
2739, 59.87442588721919
1157, 57.83724068606039
519, 57.781960766289835
493, 57.521771040608705
3121, 56.52788826721295
183, 54.884085405381725
3161, 53.92787411655221
1612, 52.13343919888215
