1222, 6690.712855613762
1441, 5389.816883809685
2977, 5221.774283623367
1108, 4732.264723132962
338, 4622.2081111072
1225, 4394.3132702958455
2967, 4365.703340080703
179, 4166.2640609387045
498, 3910.8201060373513
511, 3815.2483292442007
1116, 3738.7231961962593
2815, 3670.598826887988
1881, 3608.0396231492846
3075, 3604.75735209288
1435, 3558.753912026075
133, 3556.4882898202713
3156, 3540.6371102540543
2976, 3530.223569203718
2787, 3482.0039517868563
2775, 3451.168824526835
2719, 3403.574721948122
1224, 3401.1015440001174
190, 3357.1238846524643
160, 3322.513918993873
1446, 3319.3342499774826
3328, 3306.5334471971546
2796, 3237.9012561990785
3157, 3126.166476689859
492, 3117.7960398624396
103, 3067.1959726002883
3088, 3001.362682191794
135, 2972.6532876653628
1227, 2963.7102677275957
2761, 2940.95691363494
522, 2921.2082491699093
3390, 2868.5362294048396
3052, 2823.9346443394525
3349, 2752.385736003144
3414, 2744.0006625478404
3126, 2733.062375888106
3140, 2709.8997967851046
209, 2694.938734684014
3096, 2694.1626651080674
3104, 2657.273033488403
3127, 2642.671397588818
2972, 2635.575694195374
3137, 2608.649211385459
1059, 2603.045332280524
3138, 2576.225003395151
2399, 2566.8132078233834
2421, 2562.8470952651396
2762, 2532.3573720617665
499, 2524.8541334230044
1298, 2523.6715601173887
553, 2501.522138243491
3152, 2487.136189709721
1998, 2416.383667597043
3087, 2400.6095644656675
1220, 2396.7646528061973
369, 2387.2135069063415
1996, 2386.00794624941
2771, 2377.1088061862133
3158, 2370.0286583138113
3067, 2369.9855211761947
2007, 2349.296551456504
3074, 2325.4346002350158
3103, 2314.4503161846205
3081, 2286.935950834115
545, 2280.542382613229
3116, 2266.8746974085952
3406, 2233.6321472968057
3122, 2194.2451815343397
1097, 2185.962735164043
3124, 2180.307825145983
1436, 2178.749461633808
2028, 2150.427818066733
1428, 2124.166883955505
510, 2097.488913278355
2799, 2088.1676252969132
1125, 2069.6469588789646
3337, 2054.1080065920755
3060, 2051.878945136899
1070, 2048.5798871072075
1431, 2036.725890077925
3109, 2015.9208181550741
2392, 2013.4253819299138
3141, 2001.0699174013387
3076, 1998.544848068033
3154, 1972.067566586735
1217, 1960.438540344987
2097, 1958.2405233681402
434, 1955.8627661963906
2395, 1943.0688547427733
3117, 1934.4561403820587
3053, 1912.4777749859143
65, 1867.335602186286
1251, 1858.7996289509917
1588, 1854.6753882145513
1257, 1843.453755616743
1034, 1842.2057421804263
125, 1824.9870108176033
3115, 1813.2091292324146
67, 1806.4127983404103
2960, 1792.7819106876727
72, 1791.115831211943
64, 1776.9047134246996
1123, 1768.5689975922187
1061, 1762.8560713014908
3338, 1761.94144001969
3375, 1756.8474039321422
3397, 1737.3803343029026
3430, 1735.0928290209813
1078, 1723.5784087798852
3355, 1722.3924402714138
304, 1720.4950234081916
2800, 1703.2092586912636
3428, 1683.8013570576543
3342, 1682.5123539306514
3131, 1666.6433361319268
3392, 1656.9861883632118
89, 1645.993328360719
1229, 1641.1864674211818
2975, 1623.9524991271282
2974, 1623.9524991271282
3356, 1621.9908998752737
536, 1610.1090578253281
1120, 1607.180451285821
1773, 1604.9028780918936
2813, 1592.4800110457447
463, 1590.8082091531835
1713, 1581.6355056578284
2752, 1581.0155347994244
2978, 1577.9253458157584
1253, 1573.8830220371879
177, 1571.9363577686909
3417, 1571.7844494169985
3003, 1563.2966191852736
95, 1555.5237890793544
2396, 1546.035252802114
205, 1544.0777490007904
2769, 1542.7821342443071
1101, 1538.8393333183958
1095, 1535.8301155847714
1855, 1532.8078678646839
2384, 1526.4564155516675
1438, 1523.4110418587563
2716, 1522.2360150761021
431, 1515.2832321611231
3387, 1510.9166033735216
358, 1483.2443980975938
3132, 1471.404938628569
3376, 1470.0044167431836
61, 1462.9064541750806
66, 1462.1887239775615
3377, 1460.8338194552655
3374, 1458.8993303888328
131, 1447.1231629949605
543, 1425.1305188589195
90, 1421.804931845145
172, 1418.2860536074327
3367, 1415.6207621366204
3335, 1408.9091853726839
3102, 1407.5851679627326
70, 1405.752439270527
69, 1405.752439270527
1216, 1405.270903323845
3427, 1401.866093105366
2412, 1399.6170293430698
101, 1396.7283398057193
552, 1390.9795201704026
1073, 1390.783527550842
260, 1390.5356188695716
2080, 1387.984090292637
2414, 1383.5005760326019
1207, 1379.1299703772606
3330, 1375.0351766859956
3028, 1373.0179992128758
2765, 1372.8167515407072
549, 1369.6405260515428
3399, 1367.7219654286714
533, 1366.2705664888392
1589, 1361.7582986431996
1857, 1349.5952972885502
3368, 1348.977200772967
3351, 1348.1623916250176
1440, 1338.2591695212836
1449, 1334.9872124791498
1099, 1333.4041917264933
2065, 1327.3831154597258
91, 1326.3458458227105
267, 1322.2997057385364
2798, 1316.6441992813793
1477, 1312.1556100954906
1658, 1308.5618494769078
1447, 1306.6702528061858
3078, 1305.1965456966163
3047, 1298.7480945640116
1961, 1285.5970458318413
2, 1278.5134102637737
1962, 1276.1063345564974
3366, 1275.171019439142
1068, 1272.2199085334983
3153, 1268.2969669440783
3048, 1263.7886635277753
383, 1252.7433212122223
3139, 1250.7531826524012
1852, 1246.3918511493678
1974, 1244.895112139454
506, 1243.8755392212731
3333, 1239.7162034978126
1155, 1239.0841200629175
2862, 1235.817047620772
192, 1227.3368186445355
279, 1225.3558388041847
2344, 1224.932645950058
261, 1222.1625213797024
1856, 1219.50441329076
2551, 1217.185545276432
1115, 1213.176135326868
450, 1210.719086539242
1406, 1208.5842387670502
1242, 1207.9179991384958
1864, 1207.5345001477726
502, 1206.9077279952896
3291, 1206.8346142138164
1872, 1206.8129772582695
201, 1206.3223447791495
3372, 1204.9893706482171
3280, 1204.7539573282838
93, 1204.3272198367733
1586, 1199.7284756593153
3398, 1193.2887883391102
154, 1189.9058850137321
3332, 1185.4873063519667
1236, 1182.7643335278312
92, 1178.3313688349936
1593, 1176.2590689701453
1246, 1176.015498181643
2915, 1174.236404022453
2304, 1174.186449385481
1254, 1170.054380834111
2411, 1169.0291853313495
2753, 1168.4780240656148
2730, 1168.2667956483915
1195, 1167.0494474104762
2971, 1161.0715156586873
2919, 1156.243653391155
1656, 1156.010321582079
541, 1155.9590369540024
32, 1152.7809934170732
1107, 1151.9731213529217
113, 1150.9927864033118
268, 1148.07193499059
2819, 1142.100641163164
3429, 1141.527515100156
1112, 1134.2277578505389
2009, 1132.0655897665433
2023, 1130.3655532563573
2014, 1128.972626909114
542, 1127.0013228249343
68, 1125.9634068867742
1148, 1125.9022016392453
3125, 1117.202755853143
3441, 1114.2763939387744
2378, 1107.8184657752745
155, 1104.7392197577642
3106, 1102.998512393504
3420, 1102.0746198795594
1660, 1102.033971177567
1662, 1099.4183181259236
1760, 1097.848331422942
3400, 1097.4201368631877
1088, 1095.318621764893
2417, 1092.4185738466197
3286, 1091.958538687017
1261, 1087.897964763396
166, 1085.974033818172
105, 1085.6997920363744
1138, 1078.084217405573
3425, 1077.7389997634136
1250, 1075.4064294223447
120, 1074.6787232930235
264, 1072.3006563203433
3416, 1071.4841974768228
128, 1071.1157038265537
2913, 1068.7635175478795
1753, 1067.8848594323547
122, 1067.517834445137
1514, 1066.7376060781744
1213, 1063.0986956064778
487, 1061.6375665044716
1096, 1060.1839647379331
3061, 1055.3295729521712
1188, 1054.0504514379675
1223, 1052.923659590319
1240, 1048.0888534998096
151, 1044.6307273087873
1397, 1044.4058150478222
476, 1043.5997836095344
1693, 1041.9016727956307
1761, 1040.5997275612228
1127, 1038.529024450774
1025, 1038.4567537796672
164, 1038.158620527725
1813, 1038.1481092918546
382, 1035.5213034239139
1042, 1032.3461614946668
1128, 1031.5408939354438
1460, 1027.3678379935945
2550, 1026.5847227643198
3188, 1026.141405754333
2010, 1024.1827929905407
3198, 1023.5341209976636
121, 1023.0326137652429
1678, 1022.5438391178923
97, 1021.6901012014562
3422, 1020.2566683659927
3410, 1019.0200128015337
426, 1017.6722123233676
210, 1013.0893024516452
1596, 1010.5033821332657
2387, 1010.3036836729977
446, 1009.6459647767392
3073, 1007.4976878560014
144, 1005.8547934730249
2717, 1005.2944226748208
2110, 1004.5163473849611
3086, 1001.0370245009082
1445, 996.3526508733402
1167, 995.090303450045
110, 994.7257776721991
462, 993.4407905604887
504, 992.1178424097069
1683, 991.2595403522571
3334, 989.5298357670189
537, 985.5128296760826
2413, 985.1818330772045
1091, 983.06431947964
1176, 982.8307177120234
115, 980.9873591704295
1632, 974.9397959947684
3164, 974.8267360645954
1041, 972.7059184374533
96, 972.3282639754168
2400, 970.1337411764972
2268, 968.9801725999583
2398, 968.6080915567605
912, 968.2924423187252
167, 966.1573862581735
1137, 964.6081822366028
1212, 962.6467274920722
1876, 962.4111590647123
1214, 956.9775723803518
1074, 956.6325796439429
2715, 955.008898577199
1065, 954.0212650139177
1429, 951.5412066007826
1160, 947.3226023383995
2969, 946.4526622812266
1667, 946.4415836970891
3393, 946.1483913188398
3339, 946.0034113679927
283, 944.9885667165274
1139, 944.4498629174935
102, 943.2277800793452
1241, 942.4268493276227
1094, 940.996374550764
3371, 938.1762630560831
2388, 937.036024976448
2056, 936.6914108245987
2973, 936.0029740840616
1145, 935.3885066378785
161, 935.2005872724885
1069, 934.0554604376258
3196, 931.0842405630019
1067, 930.9651898586835
1437, 929.654113938138
1605, 927.7215629975155
550, 925.0611855093285
2797, 924.8126759632515
2068, 924.1071186426359
3378, 920.2290652828161
2982, 919.5981017647061
2990, 918.5618721283947
3394, 917.284639243935
1302, 917.2679014061865
3322, 914.0589936281237
2958, 912.9844958210854
1194, 912.5105278002458
3119, 912.450184636012
104, 912.1019520909134
3064, 911.4337801566385
99, 909.2200183293043
197, 908.1387881379054
2754, 907.026802093095
1590, 904.4490756089806
1083, 901.9896784280279
469, 901.6902163288771
176, 901.0713112883362
2984, 899.3070109567062
1663, 897.2943572347289
530, 896.718010220002
377, 896.3343835947287
1131, 893.4152486240573
1201, 892.0689700490491
1973, 888.7847394212117
443, 888.2018842853682
2818, 884.6747869991426
3418, 883.8608016103889
2968, 882.3083848045379
1607, 882.2761060716862
1219, 881.7211966350034
2763, 878.0909085077582
62, 877.6872429275587
1113, 875.0970468074852
1030, 874.0603350335673
2347, 873.679565546407
1198, 872.3285864637863
132, 871.7392247354886
171, 871.6887505016253
1688, 870.9417721945174
1218, 869.9601579383274
139, 865.7958428234367
2783, 864.1927306436847
1634, 862.4123714849715
3396, 862.0944166393547
1465, 861.5048708218338
2406, 859.729891694818
1811, 858.1262445197596
3381, 857.0792289314469
106, 856.7053555136031
2269, 856.1439858589766
1860, 853.7748149254322
336, 853.5884212545601
1209, 853.3747907547498
2409, 853.1286022522464
1197, 852.1778577011061
163, 851.5366065848618
3369, 849.7550386879415
373, 849.4095918214123
2803, 848.1840693643259
2900, 847.6335340588581
1175, 847.5144265002696
2100, 845.3946168912095
1027, 843.9603541325893
3421, 840.3901479783949
181, 839.7067458197042
547, 839.3475498095297
523, 838.6204359234132
1031, 837.881022250834
1867, 837.021897644329
1149, 836.8873273534288
454, 836.4142945094537
53, 832.7979265518618
2069, 832.4455677835729
2794, 829.2012070697801
2105, 828.1434408070708
1694, 827.2404319890397
3407, 825.1629539531442
114, 825.0515918715654
1736, 824.8289184059563
1174, 823.877729057715
2356, 823.6889135774924
3408, 822.3881579110669
1247, 822.0808605757671
1245, 819.4386070255929
1136, 819.307175381306
2337, 819.2504400097743
448, 818.2833644541813
1316, 817.4485246667145
1117, 817.0208400688815
1089, 815.8316058005771
153, 815.5903660864456
1182, 815.1293878737669
1865, 814.4779741403164
3058, 814.0514744817291
3373, 813.8994936025646
1060, 813.327825680486
423, 812.534536361835
3108, 810.89002099368
1849, 810.134719250148
820, 809.4232740557946
481, 809.3879827000134
520, 806.6623442222459
159, 806.2665211434339
1180, 806.0280314568931
1147, 804.1398473703165
1196, 803.7253925999877
3181, 803.0690987369055
1133, 802.9587963549108
1979, 801.8855604039359
1442, 801.3821900468513
1119, 801.1025156896251
3166, 800.29991118848
119, 796.8620034869921
3049, 796.2222100752576
2861, 795.9074345567849
1978, 794.7244986422525
3405, 792.2084863238673
3353, 792.1530340064176
262, 791.7638139498126
3431, 791.1672643799279
3402, 791.0593613016918
1189, 789.7261928864592
1208, 788.659987384049
2290, 788.4956118992696
1135, 786.3535177437403
1079, 784.7301880211727
3395, 784.4089456779092
1181, 783.574855653258
227, 782.5650955917448
505, 782.5253553261285
146, 781.8148754199784
1156, 780.8681098758819
1179, 779.8034914135576
1711, 779.6516156219216
1444, 779.5210380056404
45, 777.5325468290156
3070, 776.7299881098734
1689, 776.3708204957248
174, 775.8901517743236
737, 773.9144050473614
430, 773.3349196117287
232, 773.2417173831052
1911, 772.7596942310859
514, 772.4389709428159
41, 772.3455943697214
3277, 772.2513177133347
289, 771.6726739239504
1151, 768.6103056958774
2792, 768.2267623376805
2099, 768.1323919917475
3382, 767.0886845789398
1299, 766.8078748683115
1035, 766.378053687557
3331, 765.6490061138705
1141, 764.807038749323
3055, 763.530002379565
1178, 762.1907650737229
1226, 761.6647495113795
2273, 761.3932633348238
1230, 759.9496084262597
2071, 757.6181279958068
532, 755.7374461894156
736, 755.2475560215797
619, 754.3861010977198
556, 753.8197349901335
2033, 752.6774598867462
1126, 752.3706718542426
1040, 751.9903449799755
3303, 751.8799576423323
2309, 751.3918241983685
3227, 751.2965185342148
13, 749.8815183951756
1130, 749.373210706107
12, 748.9474447451619
3072, 748.730152995299
296, 747.9418683078763
1144, 747.6853629530148
3423, 746.6087527988907
1608, 745.4341934878032
1248, 745.4181846114025
71, 745.0918023250916
1152, 743.4438691495388
538, 740.8639228395776
3155, 740.6159845002167
3385, 737.0174094367895
582, 736.9922540430335
3077, 736.8579750510515
1709, 736.4637656500573
1191, 736.1900117146814
3089, 735.9106787629814
3046, 734.3044341160629
414, 733.5270517628442
40, 733.4538075328919
263, 733.1693767883081
1531, 732.6083905694751
457, 732.0763339113297
39, 731.9240034155822
1450, 731.4734647291434
1163, 731.1255456303909
3436, 729.9953813031104
1154, 729.9461345203763
157, 729.6633395999283
1584, 729.4374029694582
1448, 728.9517084429054
429, 728.4700017591003
2860, 725.7435242143953
916, 725.513799176897
3118, 721.406147850144
1676, 721.1748184057161
2270, 720.4420496996665
3340, 719.7174481056297
3148, 718.742946747973
1234, 718.5475567234191
458, 718.1546498825725
503, 717.7579615720294
1168, 717.6787289053357
1110, 716.4850675858667
109, 716.1950527470468
2918, 715.0685548920897
3135, 713.1807991304536
3370, 712.2994389115272
2303, 711.6521356539413
3107, 711.3721087491575
1958, 710.9279468361857
1072, 710.7132170220211
1199, 710.0043338191292
768, 709.8709636825379
3437, 708.2690162285838
3247, 704.6661810670761
1262, 704.2755471491134
3317, 704.117526017303
2394, 703.2390776366703
3310, 703.145120699601
1457, 703.0047690690633
2777, 702.5818643919554
1430, 701.0005406836394
169, 700.89855809252
2022, 699.9606683520834
554, 699.9125608908547
182, 699.8139159806104
2548, 699.6722295338557
2735, 699.3714250678047
1464, 698.7634670486074
1146, 698.6221800348517
1075, 698.2778554730191
3388, 698.209618845295
221, 698.0456928926096
432, 697.0916778135983
1838, 696.4330646253622
10, 694.4470710501191
207, 692.9869832480091
1086, 691.7865150408986
284, 691.5516130201684
1043, 691.1533036803579
1186, 686.9178725237304
3302, 686.1424733421201
1153, 686.1080257577853
117, 686.0994192518775
2015, 683.6087655017894
851, 682.7297109606791
1964, 682.0670839081756
3234, 681.9764071817149
3054, 679.9167610164715
136, 679.7761913173051
170, 678.805135517665
1661, 678.792952762423
158, 676.8550412686118
108, 676.1077800715418
3114, 675.1099488479734
2791, 674.9068169105842
1071, 673.4681638810416
334, 673.0815554368153
2297, 672.4952308084377
2192, 672.4119981086956
2351, 672.3062030757126
1301, 670.5422479858527
1603, 669.7449962705251
178, 668.948716864007
2265, 668.7713453092931
456, 668.5837956348593
1200, 668.4494816856155
1597, 668.420997189829
501, 667.1841612013814
2740, 666.9024103035147
494, 666.6441815493754
1719, 666.485401952406
368, 665.3829159447432
2275, 665.3192464529996
2979, 664.1719576307532
211, 663.0109370020785
180, 662.96540173657
1624, 662.166118123105
1124, 661.6293148764992
2279, 660.710361189822
3275, 660.6737994761771
1134, 660.6530112611765
3236, 659.7557123552946
1800, 659.1523918036589
1169, 659.137664277055
202, 658.7427136836212
295, 658.6535902559887
3401, 658.5400809337916
557, 658.2848617090958
2274, 657.8094863806344
3069, 657.7915638851521
2985, 657.7534866860874
1994, 656.6614039736291
444, 656.5377781658475
2964, 656.2541960585247
2966, 655.9943261219396
1583, 655.6985670211651
1462, 654.1881537751465
535, 653.8526062938754
3379, 652.6185237297838
2050, 652.2369001825098
215, 651.9072220448959
2983, 650.9154588952421
397, 650.8959326807211
1255, 649.9176604025496
1215, 649.8581858080986
200, 649.7750672617058
1085, 649.4449245938602
4, 647.6803244419626
3409, 646.9206219109624
2807, 646.3184409900795
1585, 643.1768462360629
2053, 641.7319674454202
1173, 640.513057510117
76, 639.3933648143303
175, 639.3161568986466
1600, 639.1104493548471
1239, 638.9280829749418
2857, 638.0738176434819
1228, 637.6026786113737
1183, 636.9893384796587
1610, 634.7985613903973
2801, 634.7177092638702
1150, 634.7172546523341
437, 634.659218223008
3419, 632.4484936237371
2986, 631.867384977004
3389, 631.5017800756098
1533, 631.0425174286316
1651, 630.7693695591091
2302, 630.7464583816356
2382, 630.6935897267872
1975, 630.1433497309308
3142, 629.8385919978398
482, 629.7268936755829
2733, 628.9683325540743
3191, 628.5604853456282
1467, 627.7193048444013
220, 626.5060916413873
333, 625.8567555914505
3167, 625.7730289006442
213, 625.5272138258546
1848, 624.1015993510858
1193, 623.5917792782062
2350, 623.5788161163559
2737, 622.8243059836437
188, 621.480496290661
3341, 621.2087780223029
124, 621.071024394671
1032, 620.9044356016504
329, 620.785850709768
2772, 619.6015935863235
293, 618.9434996696122
1066, 618.7242889735455
539, 618.6645030019944
1518, 618.0423514409198
1076, 616.8627612364381
453, 616.4299823284418
1452, 614.3870244020972
1233, 613.161901786376
1851, 611.7064782133259
1026, 611.2411109945509
428, 609.8210997480934
1, 607.601368160249
2315, 607.2790921047036
1638, 606.0514452675559
303, 605.722211780683
2295, 605.6034692544835
332, 605.145644011676
2006, 604.9586740153591
2731, 604.4741697009241
2963, 602.9806471794883
330, 602.6326633235733
3010, 601.8498415944889
483, 599.9625785931902
2312, 599.9530725281625
2301, 597.2507064105253
152, 597.2455425385245
2271, 597.186567799901
3210, 596.2164353251045
1866, 595.7208258166837
637, 593.751581719511
3189, 593.5289664721614
1912, 593.3687824798607
2386, 591.3904733340955
1062, 591.206151124194
2308, 590.4157030542946
3403, 589.7382148092851
98, 589.6944459908734
671, 588.6122629480685
669, 588.3005826782406
3169, 587.8119720350517
2011, 586.8766773222046
2764, 586.2389148071242
3203, 585.4467906168867
1090, 584.642675014015
1451, 583.8399187704595
1980, 583.7507220184096
3065, 583.3618310148516
2018, 583.0812959157502
642, 581.6120538114615
1814, 580.8825674085808
1206, 580.8584212774863
251, 580.7005516010037
1166, 580.633451140518
2055, 579.7735165595931
3004, 579.195334213336
2059, 579.1454352817665
531, 577.4279278342649
2075, 577.0042346452203
3205, 576.880987150208
142, 576.654639401514
478, 576.3953541313931
2424, 575.8828639433258
2070, 575.5934393414842
3032, 575.3277852511729
3149, 575.0912183395337
3404, 574.5494867376259
3172, 574.4370769000751
378, 573.918889802182
3445, 573.6264573679572
471, 573.3546524749679
3212, 573.2469264635342
2389, 572.4699821104729
3182, 571.863347069229
1170, 571.6975967814752
129, 571.0210237017349
392, 570.6492281119744
3179, 570.4960938497827
953, 569.6153902576596
2790, 569.4401539353191
2747, 569.3897168468536
546, 569.3604178725224
852, 569.3003830919196
2989, 568.9881055731948
1997, 568.4312854924052
1324, 567.2020436064234
380, 567.1876584141753
112, 566.6933708599727
3009, 566.6531857318308
2088, 566.5265828078776
641, 564.990560689711
860, 564.0435579042642
2320, 563.6334456162944
2103, 563.6309913017907
272, 562.9187560107981
1161, 562.7721707182448
331, 561.94478927839
1456, 561.4620528214066
2832, 560.9769458409036
832, 559.7892208248068
123, 559.7844305751806
441, 559.0327582869334
2961, 558.3327838461714
467, 558.2151652486715
475, 558.1523578515587
2260, 556.5297780083336
2805, 556.1497207450655
1132, 555.9380419582154
3235, 554.9145357148814
297, 554.3449382992868
1432, 554.1187105705139
2774, 553.4517723002116
1259, 552.1022048491661
2086, 552.0083357958848
773, 551.3508199191944
37, 551.2968727569835
7, 551.0503784495919
1252, 550.5959739625252
3426, 549.5888433999793
2408, 547.9962388560879
1995, 547.3329535787743
365, 547.2769067723626
3434, 547.2324126397001
2766, 546.3880292711381
2348, 545.7768697106886
2746, 545.5707570027018
1991, 544.4542489120321
1454, 544.3345637726716
1187, 543.0614676612668
118, 542.7865222759635
2016, 542.6362920895829
2786, 542.0323954799037
1098, 541.0890921122418
2298, 540.9603642524514
3128, 539.8384376345382
3174, 539.4909848256212
2026, 539.3870161466256
677, 539.1845815762914
116, 538.8640149933144
2433, 538.6924339698963
162, 538.3175482269701
2306, 538.2642545474398
1785, 537.9253429447746
864, 537.7938825716623
3285, 537.5661595381247
3386, 536.5003253803616
3447, 536.376592583671
3202, 536.2735657804794
451, 536.046411400142
299, 535.8826942722629
1466, 534.9594041740992
1202, 534.9231995265403
2863, 534.291157643733
466, 533.2277660990901
3281, 532.9687805969877
107, 532.7318074031983
2296, 531.8361661530632
28, 531.7253396092544
79, 531.2572938700714
1459, 530.9851478582765
2277, 530.8715789196481
3424, 530.2813601514887
410, 529.9652928255754
1690, 529.7163440342366
449, 528.3770895436422
2759, 527.6955704586401
130, 527.481285830979
488, 527.3334040184009
1260, 527.2176762786434
3298, 526.8537548927666
3190, 526.7301058347633
464, 526.2147368824158
823, 525.4464142588798
2267, 524.8669118218537
3056, 524.0619455949201
1309, 523.9436578698201
1963, 523.0279604586266
2263, 522.8324204099796
814, 522.831445590379
1111, 522.2446232242033
1143, 521.9304803989712
496, 521.8112192905552
2767, 521.6872077603103
328, 521.544622038279
2734, 521.2659152829731
1129, 521.0119287393599
208, 519.6749543420912
2300, 518.4442228956851
1818, 517.1181317769505
2999, 516.7737081712028
168, 516.4962043263479
3214, 516.446044283607
2191, 516.3165578817585
2744, 516.1016613288751
2380, 515.1045283225387
731, 515.0491911417222
3173, 514.3646288187912
3185, 514.1691586299524
2083, 514.0012306358292
1581, 513.8867905606355
0, 512.3131598060543
2757, 510.1379931974533
2292, 509.7922007382731
2029, 508.8956330994375
1077, 507.5623361668196
2817, 507.5223218155499
3300, 507.3498231200026
1484, 505.8414176534769
11, 505.7092747429548
147, 505.63373307349536
2153, 505.1687723818963
3098, 505.08365734639744
3175, 504.87917455511973
204, 504.38805243445296
1509, 503.9845870342052
1770, 503.4557029487071
3057, 503.34463749870895
1788, 502.9331208141929
534, 502.03856179177177
1410, 501.280418917161
173, 500.9975958757175
1263, 500.9158100842591
3283, 500.5111697310781
3208, 499.9333479826847
2355, 498.1526149752899
335, 497.88546985266044
583, 497.7285265510911
186, 497.4611845210953
30, 497.2838392177117
2310, 497.2490103675033
2032, 496.3556440332367
1893, 496.25104894507837
2987, 495.9943290441042
2748, 495.69757785210675
2354, 495.5905673868259
2109, 494.87247971946357
3276, 494.1150222600907
1850, 493.88154632340405
480, 493.85365253639316
75, 493.5621037332444
3244, 493.5392932530161
203, 493.15489503446616
1794, 492.7446582555067
1723, 492.538414219609
2027, 491.8747969757614
2134, 491.3955938327934
485, 490.94562597718084
2078, 490.7634099686607
1203, 490.5880270035451
524, 489.9871233919806
2962, 489.87318039067077
2091, 489.56657038071467
3292, 489.5569498669148
470, 488.63922114742275
2722, 487.6165666034952
1517, 487.06984831977604
3110, 487.04532390518403
479, 486.8755570635801
435, 486.5635201620614
3042, 486.4798452792105
401, 486.1346989182018
3226, 485.8789625455466
3245, 485.7625208614681
738, 485.10950767803405
3, 484.927821218709
826, 484.3210304902542
2076, 482.71457427532573
3348, 482.3352914655128
3093, 482.13172152982605
433, 480.61277436522016
2252, 480.38255746060815
1029, 480.15527874399186
9, 480.0434288132187
745, 479.95565133705577
3440, 479.7996033682651
2024, 479.2797667669374
1443, 479.0833731915031
1105, 479.0301695654398
2820, 478.9414728333473
2261, 478.4020452917763
848, 477.9322555935205
3159, 477.91543683481876
914, 477.62138114199587
913, 476.77366182791263
1574, 475.9188666202562
48, 475.874151574088
415, 475.15616647055015
1004, 475.00981917380284
2013, 474.98857313092054
1853, 474.90232970823627
1256, 474.59148389172634
1882, 474.5062512554647
372, 473.0720550288552
94, 472.75409863244846
2224, 472.19050300878683
1675, 471.6303436470502
1880, 471.61396745339124
2208, 471.60386675185464
1587, 470.8010278568529
650, 470.49435990988616
3017, 470.3502890102161
2622, 470.11068644716175
906, 468.9797610293757
1910, 468.76459908825217
2045, 468.3609067937404
2158, 468.172422891745
2751, 467.94897029255714
1502, 467.490692151739
540, 467.41523319471736
2776, 466.969799053858
3293, 466.8504000044339
6, 466.75579003314954
1870, 466.59354136087984
1140, 466.38102151333436
5, 466.3732525031698
2211, 466.08681423342637
193, 466.0571409189086
468, 465.914983321961
1100, 465.274166391122
495, 464.8568692552503
2920, 463.5995639462047
3297, 462.5273047412667
191, 462.19415538745255
1434, 461.3814118045499
1433, 461.3814118045499
608, 461.3482907357405
2507, 461.3175998988161
1562, 461.2185988488841
588, 461.2094482961549
2381, 461.0524232781658
2773, 460.0753370018856
1611, 460.06163986562245
1087, 459.59537270091283
3209, 458.78604411812853
440, 458.77755334285894
1184, 458.62960502723513
2407, 458.34084464427474
544, 457.94226867836755
100, 457.6286017376064
1604, 456.3743471413332
1418, 455.360317514778
52, 455.2869306755098
1177, 454.4625804057921
2768, 453.90598053280235
148, 453.3676688438459
452, 452.87885974856573
8, 451.953914521849
1172, 451.569838142467
2020, 451.566125040977
1235, 451.05892052112785
1058, 450.9646717514676
676, 450.8038900514175
2802, 450.726634498505
34, 450.7165137680399
425, 449.61391491879914
126, 449.51801918468453
861, 449.46412886486837
288, 449.3758421370767
735, 449.248726075719
217, 448.91963432598163
2352, 448.16567011383586
3176, 448.0226139221596
2242, 447.4783327193905
2825, 446.80042272107966
2878, 446.71625996449694
274, 446.614095279576
548, 446.5067050028199
189, 446.4698552567837
1572, 446.1275436182722
46, 445.961297115997
1993, 445.37258073962386
923, 445.29066779922704
2723, 445.17375484054475
2965, 444.63648782516924
3435, 443.23147598653094
2981, 442.7531869284821
1142, 442.2591206653022
3083, 442.1851845622278
206, 442.0631690290473
3079, 441.7466331913874
816, 441.68670484447705
3071, 440.9729696896159
562, 440.2124051969047
1513, 439.91413466888724
56, 439.3959136388776
222, 438.75745720531876
2193, 438.7274788580498
2889, 437.94537726545184
2856, 437.7360563556515
862, 437.64076450363194
2278, 437.4050129964335
3213, 437.20169117529866
3287, 436.7676942552975
1806, 436.57632657234404
788, 434.74118548457295
3000, 434.62357476948597
259, 433.39244486858104
2859, 432.18391270727864
1573, 431.6477400039705
1680, 431.57790417310383
1913, 430.9579849103992
2988, 430.81557709200274
3151, 430.3512270162349
389, 430.07673751471145
2291, 429.9632889076974
3084, 429.91133367526345
2415, 429.3371548366413
1159, 427.946766756417
2810, 427.88388025990514
3050, 427.7233691217002
1269, 427.1561707339974
682, 426.92783134181445
607, 426.2887351814004
1221, 426.00707310415504
2266, 425.6461829873497
1914, 425.4855401057902
44, 425.32611559747
3259, 425.2728154145972
881, 425.1809192169908
1686, 425.0175420460516
51, 424.764857262094
140, 424.2078232511011
2170, 423.8790613349178
1824, 423.7513096342401
1237, 423.59922287586363
2391, 422.8718232330242
685, 422.41046615533827
1859, 422.2925529471094
406, 422.09693672013793
266, 421.84959799222094
198, 421.65880039281274
1204, 421.2440061767066
2207, 421.0751030095162
3199, 421.0208678410432
1951, 420.8962859366612
2025, 420.34772373385823
3025, 419.67235271003955
786, 419.11795545018236
381, 418.75908055435576
1033, 418.3985973069243
670, 418.3092594115809
1940, 418.21783631556866
1244, 418.04441435855335
1939, 418.03760378002653
2272, 417.57162449541676
1063, 417.43160523876855
3051, 417.2098240400262
1666, 416.79459635222327
1521, 416.7091642483467
2135, 416.0914259776281
3192, 415.8732017542751
1707, 415.6756853469984
2041, 415.65130850725865
1758, 415.44137833916926
1576, 415.425341288292
2811, 415.3923743132882
611, 415.38867250970645
2806, 415.14959188432863
1732, 414.96411505705635
917, 414.7807885077563
2005, 414.2790292713067
2223, 414.1569324375087
424, 413.3931840811322
1102, 413.2611348114046
194, 413.041839453368
1381, 412.6825568685243
1003, 412.6409158231626
3274, 412.32961440193384
275, 412.24923641990966
3246, 412.0600856715432
2546, 411.34182784338566
2108, 411.2788122216108
3215, 411.224604794427
2795, 410.8563645489339
447, 410.7740806469392
3006, 410.66836579887075
228, 410.56021510192323
2257, 410.4603161065137
1780, 410.17742272164634
3413, 409.7600292940072
165, 409.7337558057487
2741, 409.7016794858194
1884, 409.28613018247967
803, 409.1220329583001
2019, 408.8238193261473
515, 408.59678199291693
1640, 408.42987811650426
1210, 408.2517870419624
1461, 408.17066669299584
3171, 408.1254533958214
1543, 407.7580665024919
555, 407.6779426254975
3315, 407.25848384002535
2124, 407.0656383996774
353, 407.0091680856526
3439, 406.8739530544294
2343, 405.8655094993491
1002, 405.6837163399381
2285, 405.48910282006915
1515, 405.292249065983
857, 404.98997835921267
29, 404.0752025632948
3178, 404.0650857061669
1249, 403.278833818371
2238, 402.13503722624455
2276, 402.0102353363416
1243, 401.96091914467974
2210, 401.57261355992
791, 401.5303553870947
2180, 401.3843397571012
234, 401.36803034846474
445, 400.647501343145
2106, 400.59794854634174
895, 400.1476029766573
2416, 400.0476012521431
744, 400.0354676497645
2205, 399.44373497117766
3133, 399.0931128173554
3241, 398.82571519019876
615, 398.5098690902692
1567, 398.39204884894616
746, 398.37560380774045
1039, 398.2625227768523
2549, 397.59607166434694
1776, 397.4023463319993
3029, 397.06513931976326
2736, 396.9585282808362
3092, 396.6122667637026
1306, 396.53283384631885
82, 396.2550932592189
2311, 395.8792360559224
2435, 395.4494437405685
2428, 395.4494437405685
2951, 395.4301205577283
1742, 395.27860206324766
3384, 395.1177256717187
376, 395.1050552341631
3336, 395.08889483864795
1122, 394.7983756839351
1525, 394.7540122714775
2808, 394.68395572293866
3269, 394.04207866136494
1907, 393.93034709497323
379, 393.9182495946469
2307, 393.72138998375334
727, 393.54020041320376
3278, 393.53452388107837
134, 393.29711287355536
1810, 393.1753888382558
3144, 393.08444468836734
654, 393.02479439629207
1677, 392.675775922057
651, 392.3037475514006
2236, 391.9233493916042
57, 391.6157457783707
2419, 391.2901179035153
143, 391.2389835874131
85, 390.81732064041245
580, 390.5158535932565
2194, 390.27217703237324
3204, 390.2246895183014
3170, 389.7046244431793
3018, 389.31798252811893
3432, 389.26686043731587
1738, 389.2452943295032
2243, 389.1162109771897
407, 389.11408396831956
1084, 389.0201253284046
1356, 388.8750054748247
945, 388.55653402127075
563, 388.4850591842209
678, 388.47578539026216
3062, 388.4250930101276
2034, 388.3636037100939
74, 388.233677861687
3143, 388.0486014134924
2749, 388.01054241322845
3101, 387.981538228686
2218, 387.90877604257093
294, 387.60846612834774
1024, 387.20135958744976
2157, 387.1034800904116
3016, 386.7903194824792
3059, 386.7518813661442
248, 386.57712800460666
526, 386.46099757663825
1877, 386.3902855717033
421, 385.4516311487144
3095, 385.2943953592943
1720, 384.96281081255523
2318, 384.24100601359766
2630, 383.6171117207844
1687, 383.4117545074587
2286, 382.85057204034007
1854, 382.49730630074356
3163, 382.31779303636927
2483, 382.01149433085527
521, 381.54923511336483
2789, 381.5294392446737
1807, 381.5161117215037
2793, 381.50747111565283
1121, 381.4867894141292
1885, 381.3610896268452
579, 381.30823732583934
3433, 381.2697561254762
1617, 380.9714208332631
716, 380.72154087613484
3327, 380.41797608964305
141, 380.3495823547058
237, 380.26958270273616
326, 380.24267078979216
3380, 380.08674236589
1439, 380.0098143428319
3305, 379.8902702197013
47, 379.6818026486001
3211, 379.5720611695856
2991, 379.5285859743132
3206, 379.4539454137954
2093, 379.3352565498133
1082, 379.22254893574217
1571, 379.10105879220083
2953, 379.0770173299685
3194, 378.64903427430175
1725, 378.54889866136625
2997, 378.47410769764497
686, 378.2963148672372
3186, 378.2938348022198
2936, 377.9121943356293
613, 377.71512287994335
2651, 377.64315322437994
427, 377.3420085329585
2003, 377.2865225205384
1822, 377.1202436689786
781, 376.9715480402174
680, 376.854488784881
2294, 376.03440387312156
575, 376.00653057021225
2196, 375.9204181545988
1336, 375.72651925295196
885, 375.23252334915867
3197, 374.50126459487103
1575, 373.948483107484
473, 373.7720030433053
2240, 373.67070273639945
649, 373.5816552248375
35, 373.3188530430309
321, 372.9481457411709
778, 372.9145125097633
980, 372.80852419341096
1627, 372.5844161136762
3304, 372.5803040801344
3039, 372.5057361999888
2262, 372.4329055622916
2259, 372.27257618317026
249, 372.20010243679445
298, 372.14975653766635
2666, 371.6888684118634
2513, 371.1813710024567
300, 371.11887625864296
1999, 371.0742333826467
1238, 371.0336787425262
920, 370.9137190467488
2195, 370.80707147923556
3312, 370.7955861517787
1722, 370.7785379521377
981, 369.9708007401022
2048, 369.9172849849822
655, 369.8968272880524
3233, 369.8289899089506
748, 369.452745822839
844, 369.27632472181466
2002, 369.0858008122397
2505, 368.7955971076517
2454, 368.7851285511538
2314, 368.5510971081718
3443, 368.46730669072923
1729, 368.2205749563594
3284, 368.1442530300941
3294, 367.87646411587093
3289, 367.65799721989185
1205, 367.3400448367921
408, 367.2064512870665
2429, 367.0944442837958
73, 367.0710951072438
1771, 367.0225363277481
2188, 366.9899739214985
1623, 366.841968629263
2160, 366.7123780741663
23, 366.3422212759399
1279, 366.30870500034075
2438, 365.8009953209184
581, 365.7179722682688
2583, 365.65561328354727
3350, 364.90830047170016
1231, 364.34999182804125
1874, 364.3199545002674
2187, 364.11028183004765
663, 364.1037574027655
1646, 364.0677408736063
612, 363.964005954447
2203, 363.8744465519807
2104, 363.71409631434517
2993, 363.57822214597286
42, 363.5241811016753
825, 363.19277018647773
3147, 363.14642655598414
77, 362.8421386185262
3134, 362.8192094883595
1685, 362.66746465870324
1879, 362.1538053774958
491, 362.12636514409576
281, 361.97680157649097
402, 361.95776029385246
961, 361.7515161139706
1023, 361.71302093480404
955, 361.48007807148565
1718, 361.4204498566565
2280, 361.4170835571738
280, 361.12611732917054
3200, 361.0646361864879
2288, 360.7611374272494
1747, 360.6680482145172
1669, 360.26936086212345
1985, 359.8448188249849
2948, 359.4481727069571
1162, 359.24062152342054
1081, 359.18081011249404
643, 359.17282091248546
1516, 359.1056868056936
2189, 358.94689861831193
1695, 358.6472395399268
2508, 358.6096623647189
698, 358.45223329630295
956, 357.8338801871405
3354, 357.5718766905911
2404, 357.49601917085306
1746, 357.1351357472142
762, 357.0392081645591
2949, 356.9940163446136
1875, 356.9377445961649
2824, 356.9375631505376
2491, 356.8208911712403
3040, 356.68533136513093
439, 356.36008813709384
2145, 356.2951002888362
3243, 356.20483744831796
817, 356.14703059310204
3120, 356.12834529808214
936, 356.0601272719536
2095, 355.96364856035154
1037, 355.86115224480704
1615, 355.8609570510639
1625, 355.70653815504585
2434, 355.6283840209295
966, 355.3176353621457
1104, 355.1047590827474
679, 354.7393592621264
2008, 354.6874093729795
3319, 354.644575812755
243, 354.3933913148872
717, 354.0629077484274
2385, 353.9573998813352
1708, 353.4158611433691
600, 353.2115060307873
2431, 353.0516963903477
922, 352.9677063732577
1889, 352.74876146314364
319, 352.5432693092044
84, 352.5045175846852
1232, 351.7042265581752
2742, 351.0546879556604
527, 350.9261154440725
2442, 350.87522761441573
2721, 350.69116109812495
27, 350.62643081634917
1943, 350.62474385734635
2360, 350.2500832020147
2671, 349.55922612264817
509, 349.1491387394177
455, 349.0957934529639
1970, 349.00504230898684
24, 348.7524861189604
2362, 348.62013290435505
815, 348.19880885190474
1641, 348.10956950369547
2258, 347.8891699343065
733, 347.786232442201
2566, 347.6609757231937
1653, 347.4884806231203
1868, 347.35064851979763
2365, 347.2280019379256
743, 347.075953677635
2393, 346.94749940776876
1331, 346.5915334880777
3082, 346.416603756699
732, 346.4018703887329
88, 346.32167668715266
2780, 346.16910676213473
1487, 346.1530894264416
282, 346.0412673844567
2220, 345.66619583631785
2142, 345.50960784936467
634, 345.49557192959924
960, 345.4575357956382
2379, 345.2676442583658
2845, 345.10562171829457
3314, 344.42055093115187
1038, 343.98688500367456
560, 343.944486655321
859, 343.59791447617425
1412, 343.4787628311194
460, 343.4632172553852
999, 343.02195643918174
2214, 342.8541577854451
3184, 342.7511027939616
2021, 342.67539499538873
150, 342.56311454480925
1698, 342.4768241847438
1308, 342.3146761120306
58, 342.1923319712613
1756, 341.9772965102108
1523, 341.8022230301312
3320, 341.6072590220484
2353, 341.56533903113376
2587, 341.54079636167063
1258, 341.45426750332604
2688, 341.36048812280404
1971, 341.1037947228307
863, 341.00810712539806
302, 340.9748034950711
219, 340.57306729126765
247, 340.37803703427414
2816, 340.32636737075444
808, 340.2576814993648
1894, 340.0091843829199
2784, 340.0074962916553
2846, 339.9382466156329
2122, 339.5246875771055
1473, 339.39656588467636
1266, 339.2905596655036
2181, 339.2514508865745
3146, 339.22454956261447
2829, 339.2076303669655
969, 339.2047326811174
2219, 339.08560880801684
513, 339.02538622677116
838, 338.8311250766859
709, 338.4206517673137
2879, 338.3621824014923
574, 338.332366247409
699, 338.2797816600756
2917, 338.22918772024434
1803, 337.87047302288505
2098, 337.3480778326842
2823, 337.32430224084754
3150, 337.3081123747748
1644, 337.01052979461934
1840, 336.81138637574736
2696, 336.6354526957098
2782, 336.5281311940688
512, 336.2397965589179
2755, 335.80667972747597
2553, 335.5923490514092
1495, 335.5672944270215
1871, 335.54759623423195
1404, 335.43750328945686
1490, 335.34825221496624
2812, 335.33633284967857
2338, 335.05309594175014
2907, 334.87723315719796
265, 334.84573863063093
585, 334.8230291168784
225, 334.8088291572767
2562, 334.75150167911994
145, 334.72914438158256
1314, 334.6590971825932
2788, 334.29987199373784
1599, 334.23676456461516
3264, 334.22482379303455
1717, 333.85293119601215
416, 333.8130910335176
2524, 333.7441019509557
1740, 333.58230548541997
1371, 333.30711515043134
691, 333.298553922167
856, 333.2361807187753
3183, 333.21269925458466
601, 333.15858518908095
2858, 333.15022358770904
2039, 332.9168292094194
1647, 332.90820533019416
1968, 332.90334294005976
1731, 332.88074153561877
787, 332.85690518187454
3248, 332.7708096818991
2828, 332.563167055641
3444, 332.55527040464614
2992, 332.40412869877537
2705, 332.29040926767095
2645, 332.09833416933526
518, 331.8798840725474
734, 331.7180102366433
804, 331.7004102220312
3187, 331.6987522280482
1408, 331.65010809142717
1106, 331.4721822789307
1577, 331.46838534655274
3352, 331.1391316141726
1739, 330.9321334496042
3105, 330.74172062878876
398, 330.41070886689505
528, 330.34995304349604
370, 330.18296301671774
2173, 329.97225525166965
3123, 329.8837898960581
2758, 329.77150254773284
3239, 329.5927978060937
964, 329.5585988208034
3228, 329.52461496260855
3324, 329.4172392176318
1682, 329.03152021906175
1714, 328.94825548572635
2171, 328.93967445638344
1643, 328.8794954847995
2422, 328.829414355249
1858, 328.8173148888512
1579, 328.2669547379068
417, 327.77216575478
3162, 327.4751739258169
2558, 327.43112215098887
412, 327.3540307415821
1823, 327.3116474527076
551, 327.2052399433515
757, 327.14235018387126
1057, 327.07945027109974
903, 327.0661625244098
3168, 326.91755103016783
2287, 326.8918995613696
2559, 326.70976187725716
2864, 326.2480507841957
2017, 325.7781067011356
2514, 325.7679068438863
1594, 325.7451221423553
1510, 325.3493521465878
3415, 325.27904925329506
2101, 325.2086102714402
2610, 324.96075131521786
1626, 324.7614719965187
2228, 324.58099476952344
2231, 324.55791922867377
594, 324.1735077186205
1726, 324.09987574853784
2168, 324.0685399810417
2206, 323.97776401910335
278, 323.9434767605704
1501, 323.86865806107636
3290, 323.84797167053466
2209, 323.7014328681267
1895, 323.6906578466785
2427, 323.5898206970214
1642, 323.38918227423903
2536, 323.3053054601387
2677, 323.2589725302752
3063, 323.2276773085296
2620, 323.11081961308327
3255, 323.0569824397942
1839, 322.84795170061335
3225, 322.80982704629326
291, 322.6539898919112
1887, 322.6274511570931
156, 322.562444626802
2607, 322.52895193637596
2165, 322.33029883840226
957, 322.23824089469605
1508, 322.23503350679783
1289, 322.22195286903093
1321, 322.1944629121898
2244, 322.1781616377412
2640, 322.0809855119761
1171, 321.8828906018639
2004, 321.8391546538065
1478, 321.69178695362785
3090, 321.6782205247413
2694, 321.6589632639348
2905, 321.6333844076605
1580, 321.5408538729877
87, 321.3583421528003
1942, 321.32015453508296
1977, 321.2054487788909
561, 321.0010154241116
1185, 320.87881731626544
586, 320.7631752144843
255, 320.48968859239574
3229, 320.3316828471683
1703, 320.2757375809014
3031, 320.1310302114601
3129, 319.688037172941
1315, 319.4141836005785
529, 319.3655142737997
1892, 319.25797246014656
2217, 319.14624113241774
2781, 319.11391020425845
313, 319.0560202410362
214, 318.82030241439
789, 318.79426984293485
1984, 318.50881121135126
1705, 318.43112977280725
1869, 318.392757299921
242, 318.26887072540853
2710, 318.2002960757158
1505, 318.09322978099704
965, 318.0466062528694
1527, 318.02615780335145
1348, 318.0147285654692
845, 317.91036027096385
2305, 317.59435437803603
1790, 317.4069090486528
2200, 317.12634549221485
3318, 317.11994578361816
3026, 317.0774227415015
626, 317.0256104816815
2686, 316.8164210633586
1566, 316.5229008897073
2703, 316.49862178232047
780, 316.3246927302259
1715, 316.30290114959087
2390, 316.28068637984876
2113, 316.24122649167015
409, 316.23904296559954
2850, 316.21271187104946
3041, 316.0584646098988
837, 316.033030931993
2150, 315.60102012553375
846, 315.53964810977783
250, 315.3868712108813
2690, 315.34537226578215
558, 315.108814034541
276, 314.9917977506705
3299, 314.97574756760525
1424, 314.83724952405527
2190, 314.82568145255783
3279, 314.68812824750046
2996, 314.52095572218286
1721, 314.2705244872728
907, 314.09421842982607
3080, 313.9122033895401
1361, 313.84706378353377
872, 313.667443941815
696, 313.6440935742933
2574, 313.6294139804404
972, 313.3459408869616
399, 313.2440654210308
3066, 313.2417856454241
1512, 313.1940527133406
3130, 313.0975246690634
683, 313.09547145060213
411, 313.09305044585386
2814, 312.89805526485077
2473, 312.72173301559025
1752, 312.62526159624895
2877, 312.6158029342214
1488, 312.39461081894996
1423, 312.2763844204759
1890, 312.183934867966
1712, 312.11121599568725
19, 311.95172696982854
1755, 311.9236614961738
1369, 311.72143423694655
420, 311.69475483017953
1421, 311.66947498685636
199, 311.544404448902
2030, 311.23516362712076
2571, 311.2324949026549
385, 311.1996821722059
2102, 310.89924969026816
1630, 310.83306487987255
839, 310.69430510993385
2657, 310.6428013121494
681, 310.3601921122831
2852, 310.3591496700884
54, 310.2322418943371
395, 310.10785395594945
919, 309.948746743546
2115, 309.8724864469245
1494, 309.6881107991732
1380, 309.64216905133907
2152, 309.5160452334153
1846, 309.43210196712806
657, 309.4026441460784
1733, 309.3425349706706
1692, 309.3383591867742
2164, 309.1972318505422
2779, 309.1056684222789
3207, 308.99397060131326
2256, 308.85220763248896
1322, 308.66304814183064
1481, 308.21031226206964
2837, 307.99139222903284
216, 307.96280032827354
1390, 307.55696897388276
3347, 307.52950880004374
26, 307.52661382004237
1701, 307.4482370378916
593, 307.1290244139943
2756, 307.09140416066253
1389, 306.98762832534857
2650, 306.9393160276667
821, 306.79237153257543
1268, 306.6350423554677
638, 306.32637578714554
1425, 306.3028269368958
2653, 306.29616769812867
987, 306.08109681091446
3111, 305.99861904753385
993, 305.7585209492845
886, 305.7174122327239
307, 305.58393025156556
2120, 305.5391264858997
2785, 305.4664989781966
2804, 304.7187919937788
599, 304.67824636488416
1549, 304.5838980137831
2497, 304.4712461223604
3020, 304.4201480554942
2841, 304.1666987524737
3306, 304.1080153248865
2111, 303.9205821123899
2096, 303.9205821123899
2125, 303.8107934818217
1001, 303.0473896390019
2621, 303.0181681074189
3099, 302.83583256366734
1628, 302.8337425190045
1710, 302.72509624769447
1820, 302.60524175427054
2117, 302.5176646096995
2321, 302.51626361405704
661, 302.20133324748195
2998, 301.9179470547642
2561, 301.68051257823026
1028, 301.6520975278324
1792, 301.63530776757534
2624, 301.4294444513944
1966, 301.42763589212365
2334, 301.34592394144516
371, 301.24981555395794
2324, 301.0661446803392
3270, 300.9889071479464
21, 300.90352242525285
400, 300.817942783005
404, 300.7289270496859
584, 300.67712097332685
2520, 300.51237522090554
647, 300.50356178130136
3267, 300.46828627254655
254, 300.33023262107395
1983, 300.2750808406236
2649, 300.1978211605754
3014, 300.1784203650827
386, 300.0612206161101
2683, 299.7709101687699
2839, 299.23020725176553
1631, 299.1337647310329
1735, 299.07599189848185
1828, 298.9542527637453
2572, 298.87299903091906
659, 298.83966238589346
928, 298.7764915239365
1873, 298.7052262363138
1345, 298.6917773162944
1211, 298.5626784033116
2229, 298.5412659142475
1716, 298.47997385723755
1493, 298.24359542792695
602, 298.23704271509746
730, 298.1719094364615
1377, 298.1297633588558
2359, 298.02737829508607
718, 298.02731939854414
2745, 297.8712447584298
1957, 297.86555976466457
840, 297.85716197670047
708, 297.81843097649823
3316, 297.79119114220566
2831, 297.60104999795306
2525, 297.44304273601205
1891, 297.1984326100095
1744, 297.14234657581295
1295, 297.1119252657625
1312, 296.81695585324843
882, 296.600358196421
989, 296.5753622177495
1748, 296.4476924099633
849, 296.2795956615498
2116, 296.15429117382564
639, 295.676035245829
690, 295.6634430111968
2712, 295.62313950275745
3265, 295.5813898089472
1601, 295.4538207606186
2652, 295.1766456452047
902, 294.93835837858717
1886, 294.93714606035473
3321, 294.8277623297228
927, 294.77145229706906
2527, 294.74636399290165
20, 294.71967800621644
1463, 294.6765702338224
2601, 294.66588583907935
2162, 294.5906951518406
2230, 294.5316229910849
2844, 294.4923733027939
3097, 294.4774230435457
1684, 294.3933564677146
867, 294.3286572476751
2720, 294.21464647472396
784, 294.11996934779995
2681, 294.0864965562697
2738, 294.0822103926221
1047, 294.04142161767226
1622, 294.03228441903116
1614, 294.0059573186192
3383, 293.9823540075236
2293, 293.93873464599403
3112, 293.92614092926385
3323, 293.9067043471499
3002, 293.89088084570517
665, 293.84085342602987
798, 293.8009217250551
1670, 293.63480756547403
1413, 293.62495082061406
2237, 293.5708110783832
1339, 293.3279787619674
1474, 293.29501507384833
2994, 293.1690381375655
1659, 293.0320910681654
235, 292.90303856247374
3201, 292.88604138332744
2750, 292.88425301779284
1396, 292.8520728658502
938, 292.5725725728404
1014, 292.57247411816235
1976, 292.5672590471155
752, 292.5614440929685
3268, 292.5236353849147
2372, 292.44987256274834
418, 292.4395642962719
1330, 292.32595895915915
137, 292.2941431773992
315, 292.2748782849166
306, 292.2748782849166
2959, 292.1530822709405
2641, 292.1236745968045
1986, 292.0940644941355
1908, 292.0161027303402
971, 291.97870404269815
2439, 291.8967798954097
396, 291.87569820688134
790, 291.8544118351969
50, 291.727679495553
1645, 291.62825869303686
664, 291.2421953250068
2568, 291.2014837252894
572, 291.1882836952153
287, 290.83041492107304
970, 290.62645746106716
1672, 290.5635283009392
3295, 290.4998144069205
2656, 290.3747106432163
230, 290.27169395684683
1883, 290.2458893355992
564, 290.02752978822537
1550, 290.0131869769525
606, 289.95702094966833
1343, 289.941113758218
2289, 289.84401133288645
559, 289.7641535357195
2668, 289.5971040252575
1455, 289.54855182968447
1730, 289.49745104563283
127, 289.42891434350446
1555, 289.37158324072897
1633, 289.35132503836564
1398, 289.266289613922
3362, 289.029039027063
1741, 288.98724150688713
3288, 288.95421609453854
2580, 288.65795609555437
3136, 288.60817516095716
892, 288.5553287434491
1668, 288.5098699627057
2646, 288.4033732215625
1700, 288.39704592141396
2255, 288.2647299251538
3442, 288.13055161248286
1271, 287.87867950352336
1278, 287.8340839089363
1657, 287.7997418747532
777, 287.6993656813802
1273, 287.6071490049473
2853, 287.5982194796868
1422, 287.05405692234746
419, 287.0116168109983
1420, 287.00711204054414
3045, 286.8620970085793
525, 286.79403792797154
847, 286.74011045666265
1561, 286.5634859804137
775, 286.3945227323671
1743, 286.3643732858388
2340, 286.3194242080104
2635, 286.3094163100468
1352, 286.1956744104519
2608, 286.09220155295225
1671, 285.9979187141285
1699, 285.99076295329945
256, 285.9656163436924
218, 285.8962291613783
2212, 285.78435967074023
2851, 285.6999701655184
1724, 285.5799462087499
1511, 285.4178797368904
855, 285.35152562112
2908, 285.3496357399195
1578, 285.335135784603
1368, 285.2790384432868
1417, 285.2099818686484
2888, 285.0798461085515
770, 285.05416580267166
1392, 285.0323326007236
2376, 285.00840496112875
2213, 284.94617308880834
723, 284.9377209288179
1500, 284.90532487978004
1902, 284.8636188579549
853, 284.75783600596196
776, 284.7136280577321
797, 284.51876883883756
2366, 284.22304782424766
573, 284.2074031580671
1941, 284.06524559572813
2485, 284.0195569144937
1754, 283.88151301611015
2563, 283.8534848741186
1006, 283.759533585258
2726, 283.49630228709213
2361, 283.37591592940294
785, 283.2667925465793
3311, 283.22704148751365
636, 283.21241467507014
508, 283.13462285845094
850, 283.0069935081881
1427, 283.0047981812849
713, 282.9752542122464
3272, 282.8104092546549
822, 282.7387360392669
1393, 282.65750901395523
375, 282.5212468392139
918, 282.45889098603345
992, 282.4132356939728
1400, 282.3714251245725
577, 282.2382889350254
1480, 282.23152221638304
1378, 282.14140831522565
2254, 282.13782289694865
2121, 282.1280947234875
1815, 282.08236592566504
2245, 281.94467451410895
1829, 281.53049697026916
2383, 281.5290491434744
779, 281.3912724951899
2493, 281.20385811389343
1285, 281.172544816507
1665, 281.16223839513276
1544, 281.0016355464324
364, 280.9819576071883
1706, 280.88441010297055
2449, 280.76577731666305
879, 280.50789122949277
2533, 280.32143046555115
871, 280.31988033642716
2611, 280.2078402077485
2903, 280.18757244045736
635, 280.1576741263163
868, 279.96606471404345
36, 279.90363762824865
689, 279.8144804972906
774, 279.66375959203896
1745, 279.6259108728218
1409, 279.5783746588145
1280, 279.52364699883924
1967, 279.4614198227069
711, 279.38089054681956
231, 279.34634616618973
1539, 279.326492712714
2131, 279.00455956916016
2597, 278.9849645096422
2592, 278.9762690180257
2451, 278.87778379666344
240, 278.81555595982053
3254, 278.74298006112423
2166, 278.6848541808966
694, 278.6009837928819
1637, 278.5905042149737
1293, 278.53720749347946
1728, 278.2965178650554
1804, 278.15718709283686
2283, 277.8644745011214
1650, 277.8512054884411
2141, 277.73904365832857
2899, 277.60112434868404
1411, 277.5179479991644
1825, 277.42973545271366
388, 277.33843657048243
2830, 277.25742433731637
3094, 277.2078303405875
2154, 277.17511037674876
2397, 277.12887768400924
2898, 276.9655184597031
1629, 276.90568013914304
3044, 276.861636061621
693, 276.7947032475656
1734, 276.7748668795962
2179, 276.6700409214131
1920, 276.658077273013
983, 276.5000723215194
569, 276.40879651894016
2881, 276.29104839031055
2466, 276.2354661662973
2456, 276.155054871225
1491, 276.1325603231429
3030, 276.09903191460097
3005, 276.07757890607337
876, 275.84065891152505
2697, 275.73077018429285
1649, 275.7299150660185
2204, 275.6869395554893
3232, 275.63210305890163
43, 275.48630872104434
1370, 274.63271432835415
1639, 274.53744760632725
149, 274.5282900377229
2486, 274.5169450150987
614, 274.25520598313824
2198, 274.09598313586986
1114, 273.9441294210661
1926, 273.9156969618265
1681, 273.8807394094571
2114, 273.8409625058807
1704, 273.6536423849734
1648, 273.57519086411696
1419, 273.5550681572614
672, 273.32458817191866
1697, 273.26577920653244
725, 273.16749285183226
1727, 272.93133626238773
2369, 272.8065001802646
2163, 272.7927636025804
1679, 272.49153661521683
1426, 272.4279089900068
937, 272.26882556577107
854, 272.2471780366746
1817, 272.12698244438604
2227, 272.0969987167657
1367, 272.0379094989005
1475, 272.0193858612355
1909, 271.87651369961634
1403, 271.64020566806033
195, 271.5016704507531
1830, 271.4685396304313
755, 271.3715548920079
2199, 271.34927953371874
2575, 271.2244572878861
497, 271.20262445228894
2148, 271.0892458952694
673, 271.01839771599714
887, 270.9156190881952
948, 270.8079380972671
2658, 270.75229789038553
257, 270.60755618575746
2547, 270.5947488222951
1959, 270.5647805976008
2319, 270.55118152615194
883, 270.5041911023844
80, 270.4543140924416
2339, 270.38280236610336
1372, 270.27629095035235
1841, 270.1598718069414
759, 269.7990014594615
253, 269.7193066093657
1498, 269.66232308412896
782, 269.6018608748595
1691, 269.59344253638864
935, 269.54258292930734
1618, 269.5362418026639
645, 269.5215394151291
896, 269.4973996463841
474, 269.42725064406295
252, 269.32847141289704
1989, 269.08226556101147
3271, 269.0263214770608
656, 268.91204570163904
1292, 268.57608276446115
597, 268.5300261677034
1346, 268.4373761914834
212, 268.28044015938514
924, 268.1728975297201
1387, 268.0750426802813
741, 268.0050822581347
1328, 267.99621985729493
1981, 267.9729669581167
1749, 267.93649381465514
2246, 267.919306783749
2897, 267.84295102746086
2239, 267.80108124660524
3007, 267.7333526211132
1277, 267.69709697372673
2528, 267.6692267640366
714, 267.3172414110899
942, 267.25634995635266
2423, 267.2209762600011
1595, 267.11726462505464
900, 267.0869153324342
675, 267.0358392036004
763, 266.8504273234013
2884, 266.4826110334643
3068, 266.4664217110202
985, 266.44026578373473
323, 266.42708314369867
311, 266.42708314369867
2655, 266.38383976563654
3231, 266.38335234032024
2235, 266.3704329617147
764, 266.3117420670588
946, 266.25240286877033
2475, 266.1625278037114
2604, 266.0289961896578
346, 265.79646544611495
2138, 265.79587799281495
963, 265.3455992064239
236, 265.33686462206265
1835, 265.26496284295024
1036, 265.215806759815
3037, 265.1755241981697
405, 265.05444377116606
1415, 264.87623695853847
932, 264.87621239433804
351, 264.8527684164957
565, 264.77874985306715
2461, 264.77650580989837
2146, 264.75998931791827
704, 264.6379233778255
2216, 264.6100691783432
1374, 264.5318519863958
2980, 264.4812337093707
1904, 264.30523756822845
870, 264.3036427632904
1458, 264.290686352443
1702, 264.0670735061089
2123, 263.96145920176974
2453, 263.957399580561
1831, 263.9296603602219
800, 263.817658768307
2185, 263.80396250256643
1906, 263.7273705453136
2167, 263.6681713986674
1915, 263.61577156681625
2854, 263.4996057892612
1357, 263.4170714425739
1382, 263.3695253431278
2648, 263.34811476876934
1018, 263.2225839472306
1405, 262.9739398813821
1327, 262.9351304866553
2323, 262.9103558342841
567, 262.8875536207494
312, 262.824682313691
1388, 262.7858994783531
1772, 262.73533766597154
1486, 262.6890932579715
1801, 262.5544389277419
897, 262.552549490242
347, 262.4906284051712
2282, 262.48981951999866
1272, 262.4384695068721
1548, 262.31185277154225
2875, 262.3094434808651
3043, 262.2896939715144
2543, 262.2860336377642
646, 262.27492618930927
1751, 262.2415496423459
766, 261.9881028448882
2087, 261.98389464723726
2693, 261.93223375103236
2589, 261.8977318899379
1288, 261.7920208214954
138, 261.65190931808263
1554, 261.5409635083487
1275, 261.53297138599015
3038, 261.4103473094659
720, 261.39946011378134
2833, 261.36810793261407
1759, 261.34967901444764
603, 261.3486578211294
2331, 261.24941574228365
2778, 261.1761790246895
1674, 261.08866440281
2842, 261.0787939666049
813, 261.06376566643905
2119, 261.0297327110442
31, 260.90892369266294
2882, 260.88517883375675
836, 260.8699544153274
2202, 260.8481921882319
1291, 260.82891634513675
1982, 260.679655254737
568, 260.6455111725083
1391, 260.4925504656827
1696, 260.48466104615613
1340, 260.482963449882
2891, 260.4020762450977
1353, 260.37504328558856
984, 260.23458972151144
1791, 260.1891684070501
1021, 260.1631075939508
1323, 260.1381217322496
1524, 260.08998120659214
2169, 260.02260525949094
3195, 259.994296674086
324, 259.8491211643899
196, 259.72847415101336
3027, 259.6516374940262
2410, 259.53890854239364
2612, 259.4687266656389
616, 259.4677048690523
1563, 259.23102703107696
933, 259.17946916067336
1992, 259.13295527012923
2673, 259.0845686950342
1636, 258.98822544513246
2484, 258.91784702104627
697, 258.88777342677616
740, 258.8232407440952
1499, 258.7991794636825
3258, 258.7716539257498
623, 258.7482995492869
828, 258.7478988784091
728, 258.7322346257798
1635, 258.7275517540041
2809, 258.72178824558773
742, 258.59517742442716
701, 258.5567332717649
959, 258.5326789556049
674, 258.4963756545863
761, 258.4130686239537
2139, 258.2377868669634
2226, 258.1877532679521
2430, 258.0945694633674
2184, 257.93060385937594
705, 257.83221834154
2847, 257.49663714628525
2623, 257.4529105205687
2840, 257.3362298887391
2130, 257.3312228035457
2616, 257.2960229286662
640, 257.1685566426195
1294, 257.15033348457587
2183, 257.13974647922527
1506, 256.9900371771352
1265, 256.895823102737
2136, 256.7853802000827
1009, 256.759504525341
2713, 256.7255349098551
2175, 256.6870955590013
930, 256.6582054970255
1020, 256.5803571834411
1270, 256.48622065162033
934, 256.4670984821159
1944, 256.4407821476236
792, 256.3988707795802
962, 256.3184634140765
2679, 256.2746012125007
2849, 256.24206561637595
2233, 256.224054113275
337, 256.0804208649282
750, 256.00452508575705
3296, 255.89767034410346
986, 255.85483801335096
2432, 255.79029179357335
799, 255.73495127331202
3313, 255.6092545689176
2605, 255.59457833283506
692, 255.359975520638
2564, 255.29063788621258
2129, 255.21671756374397
1737, 255.16135825209685
472, 255.09636613815536
2946, 255.0858794239012
1888, 254.98062622037352
2299, 254.76814744885175
1318, 254.58997323329797
394, 254.53916624391476
2531, 254.530617421877
783, 254.51077629567092
1789, 254.45102078500813
3448, 254.39533178764745
796, 254.34934284556866
2498, 254.2819359306196
827, 254.17564639072074
843, 254.09814412615836
15, 254.07547024806857
1750, 254.01408377142857
246, 253.86447453821663
1329, 253.86241563153223
1934, 253.64629898707395
2947, 253.5881528250213
707, 253.4876785147329
1297, 253.44964461890248
801, 253.40878381021923
1354, 253.38970726215584
2249, 253.35814270853362
350, 253.30912121340828
55, 253.30591034371497
2177, 253.10576758798163
1905, 253.0977824075764
2264, 253.09008739287302
3160, 252.95177105576215
2821, 252.76894671519963
925, 252.72730791481155
660, 252.4621602662303
1819, 252.35404328636594
1598, 252.3314865649925
905, 252.3067450322664
908, 252.2384616712507
363, 252.21118094443045
2232, 252.0305786859951
422, 251.9006163665067
258, 251.69054398476587
904, 251.57089405767192
2626, 251.54711281898454
2140, 251.33796705906173
2176, 251.12844945587247
2687, 250.9018604583206
967, 250.84768958352046
1782, 250.74712974202654
893, 250.73834302570324
3034, 250.68856841205428
1927, 250.68749241619787
834, 250.61159341392886
2462, 250.52211839827532
2490, 250.39885853777372
1779, 250.37492988954392
1786, 250.329739702917
1479, 250.26861445017383
238, 250.1915671310286
1492, 250.1613349841943
710, 250.0466171282887
374, 249.97256780526
1673, 249.96644332382036
3091, 249.9299267651428
973, 249.75521516813
824, 249.51006921007345
3262, 249.50330429905657
2375, 249.46906330571562
1045, 249.0592379431509
2345, 248.97774924877385
2586, 248.9141809722483
596, 248.87948046901
2349, 248.81577759021008
3113, 248.72645360912497
78, 248.5834629460517
2570, 248.57921099127452
722, 248.54527522112014
3021, 248.4939125950386
658, 248.48514435445102
1022, 248.4640893971561
2094, 248.43010591363685
3230, 248.38510597777153
1836, 248.27229859296537
2629, 248.27167133401636
2222, 248.26536292082605
952, 248.21448850078895
1652, 248.2029385589345
314, 248.19618229611552
38, 248.14985445596437
2492, 248.11977520528342
2346, 248.0346397899786
2519, 247.9456719628759
2377, 247.66075165297548
1809, 247.60633182468803
754, 247.57111198930642
2464, 247.39929448979632
1365, 247.39902661081595
1469, 247.32917794145104
2341, 247.3008290958885
2403, 247.2304255469601
2704, 247.20799641850164
2496, 247.164067952329
2373, 247.11821468608417
2822, 247.03903574107966
2342, 247.0252367798404
2511, 246.97026112854903
2455, 246.9077264928808
977, 246.85390652764264
2695, 246.78534190399992
3261, 246.76253326385108
1453, 246.72509563894735
2538, 246.61796764593169
2247, 246.5366606420378
566, 246.46180935384174
576, 246.440253831613
2707, 246.39330203977406
1530, 246.30289587766805
3193, 246.3027983220986
2133, 246.08937864460694
352, 246.00551841756374
2654, 245.97770081077982
2869, 245.82214300476417
1808, 245.8038359592019
2692, 245.77938978045196
2606, 245.6987995778137
2534, 245.4199183437743
1504, 245.30140336754386
2675, 245.23556259134472
1620, 245.21625327786063
2603, 245.15458328811675
1414, 244.96291495350505
2336, 244.7923658347669
1921, 244.72500404189844
2950, 244.72490782244984
1949, 244.7178349102961
618, 244.69874360404947
1582, 244.55411927523943
1960, 244.29690694534656
1930, 244.062277380522
1007, 244.05630815575154
1320, 243.89949001039543
929, 243.82261979489857
3344, 243.78121542522726
931, 243.75026459247619
3180, 243.6852814031176
2700, 243.68154001543547
342, 243.5623167521206
926, 243.55948476197224
241, 243.37760084135232
831, 243.2420938244172
1557, 243.16078217951875
1319, 243.14520618071853
2313, 243.11920298904477
976, 243.11189764059603
1898, 243.0055700041817
1799, 242.53713673700904
2522, 242.51425045531747
1010, 242.41213475677944
898, 242.41002575080194
1837, 242.31414803483068
2509, 242.20298536164623
3251, 242.10207156123627
320, 242.0607986279557
2826, 241.85757266782355
706, 241.75881875080242
16, 241.75626543295016
2144, 241.74583037150032
1326, 241.6971098936925
1777, 241.5785003786225
3329, 241.47780464595834
2327, 241.41023855924118
2506, 241.4096851642364
880, 241.3879464428875
765, 241.31540410390718
1900, 241.3080649369736
1935, 241.23496601341122
1950, 240.99122518389362
2499, 240.83810790033536
1954, 240.82641229476184
667, 240.74364569208754
729, 240.66315357274172
2284, 240.65485097063436
2638, 240.65219818580536
2325, 240.64396711651875
2581, 240.6228903727359
943, 240.47180227607487
354, 240.3073776132999
810, 240.27890471539087
1017, 240.0847581211785
2322, 240.01347580492344
1470, 239.99791757743216
944, 239.89430589085157
2600, 239.89341111815884
1351, 239.85941803629925
632, 239.5488834320495
1282, 239.45714941421858
866, 239.39936275521467
2727, 239.35885643529463
2126, 239.35505416201704
1591, 239.305993068657
2902, 239.29749975672584
1655, 239.1387781992038
1928, 239.13605313908093
982, 239.11142369556708
2367, 239.0667945011578
873, 239.05586037389807
1402, 239.00654777953193
703, 238.9715620502147
609, 238.8904977443481
3260, 238.81799343632017
2876, 238.7763914620188
239, 238.67441368730738
994, 238.64969667193947
604, 238.63066117862215
644, 238.6117359057284
1332, 238.4600594044734
270, 238.45971565516666
702, 238.43931940401683
1394, 238.3501262681136
3361, 238.27256303473695
1080, 238.0798045168507
910, 238.06693516448047
633, 238.01711602971548
1335, 237.9815467133463
325, 237.9691360827936
1485, 237.8562239769503
2665, 237.7841050327507
3165, 237.78222796540035
2156, 237.65129661599465
1778, 237.5175284320034
858, 237.5085888327329
2426, 237.49736423434743
724, 237.47710256347222
830, 237.45541600570016
2495, 237.42913349668066
3364, 237.38930254853562
1540, 237.2583295827707
2488, 237.2364582140895
1953, 237.15403841546592
979, 237.1495940092472
1483, 237.09132242464128
269, 237.0715519883013
958, 237.03613102251455
2452, 236.95100839824104
2436, 236.86763885844204
865, 236.80943097054066
631, 236.79747271145843
2880, 236.792074235397
1304, 236.7614696132188
891, 236.63609598635065
2662, 236.51315540408768
1569, 236.45284284809432
3012, 236.44759276134835
1416, 236.30067150745074
2460, 236.2556100249769
1832, 236.25030838753494
3019, 236.15830486956054
712, 236.11238841504942
1551, 236.0030200996146
1362, 236.00232324640643
2760, 235.96564110945042
1011, 235.80312574025524
899, 235.7193359313702
2479, 235.713839147995
1385, 235.42086331600464
2644, 235.3251334464053
2186, 235.17355881215295
1311, 235.14617738566156
875, 235.08410185141142
1568, 235.04820895325503
2044, 235.01543100744445
653, 234.8534036788304
2370, 234.8162265793575
2172, 234.72642593595768
83, 234.7047118173128
3100, 234.7041761067005
996, 234.4961070489155
2330, 234.47248273450538
1559, 234.45906821966236
1401, 234.4398277217745
2632, 234.43015264873043
911, 234.42311713908762
1489, 234.37738246994186
1303, 234.3716351996331
2079, 234.2782994705493
990, 234.2465887634742
1307, 234.19247320195947
974, 234.16059296552564
1359, 234.1445179234877
1366, 234.10856135890992
949, 234.0232545952428
1286, 233.88012794103233
668, 233.8018332302696
1476, 233.76653540215318
2425, 233.56479298478368
666, 233.49802710219154
1281, 233.49078213804913
2149, 233.4764565289076
2698, 233.34192684203336
1769, 233.3398172838117
1325, 233.33908345986842
1827, 233.12585517308074
2037, 233.02147426815787
2440, 232.928169179903
2000, 232.80376048596517
2317, 232.36685383913957
2401, 232.21369415048795
954, 232.16364803489517
2251, 232.1088213115741
3024, 231.95534757046917
1619, 231.93238235088396
1529, 231.91743653200348
1522, 231.61902529018676
595, 231.55419568733947
620, 231.44488537310184
1016, 231.4070266864803
684, 231.16134190625604
624, 231.16134190625604
3015, 231.09910317378134
687, 231.02398052625804
1834, 230.8887912110586
1305, 230.88322110103428
829, 230.8706472607614
1276, 230.867433407308
3301, 230.76714107237174
2530, 230.7401448241569
1342, 230.6852822766025
1383, 230.65486815588113
2197, 230.58701833895023
2714, 230.5061411550211
1528, 230.48908759404483
1341, 230.48749159493227
2151, 230.36835489670068
2743, 230.31083963903617
413, 230.1930964836886
3022, 230.13952714847443
1008, 230.01445316647354
2132, 229.88929859351242
3035, 229.7849803678763
2201, 229.72749352420163
2565, 229.64304665996895
2127, 229.5980288037283
807, 229.5052306646631
1932, 229.2656970802978
721, 229.1848812433377
2970, 229.11657802269875
1015, 229.083067117138
2874, 229.06609297282395
1192, 228.8170236439767
1507, 228.80619888061509
1055, 228.72375384873794
2535, 228.66433197664122
998, 228.62790172393917
648, 228.62790172393917
975, 228.62253992089947
1847, 228.41057014834882
2159, 228.3772940789485
2092, 228.2852600703785
245, 228.0550569315352
1376, 228.04121987886427
229, 228.03251565357576
2477, 227.9054280202279
1344, 227.8269124071757
3266, 227.68336485252772
753, 227.6416992877459
1774, 227.48051051366988
1317, 227.41165514935878
688, 227.3269191693498
805, 227.32499886521106
2444, 226.96480419806937
598, 226.89658013400432
1496, 226.70624866229423
1284, 226.54274919364303
2625, 226.40497501285236
2326, 226.07761796136577
2147, 226.05055727553705
1606, 226.00443414396094
1664, 225.93607578554435
2684, 225.86817516843783
271, 225.72413745045407
2332, 225.62472629558462
726, 225.6027579647458
327, 225.3449730619983
1482, 225.33508149027804
2906, 224.93906547197267
2670, 224.92726847152403
1497, 224.8060547993008
1916, 224.7916010313054
662, 224.62329005822215
361, 224.51489118814686
1407, 224.44568110325307
1948, 224.4126029538318
339, 224.39063690302086
2591, 224.3792240656165
1946, 224.3542745614441
888, 224.2673607322743
2537, 224.26365077976183
819, 224.15208818023353
2598, 224.0274772796746
1787, 224.01958704414588
2664, 223.86417391209633
751, 223.8471787512493
1503, 223.83576775769853
2225, 223.8132596653438
1333, 223.74910404395462
818, 223.6276622703454
1918, 223.58300468439774
340, 223.56992760676596
3357, 223.5201331043778
1990, 223.2459963307015
1654, 223.227654543886
756, 222.9986311151945
2061, 222.9084846262846
700, 222.38477481738582
2437, 222.29499870132022
3450, 222.22760465556973
2834, 222.1700483237494
349, 222.15928923163247
1621, 222.08377117149342
2895, 221.87882067672803
842, 221.72999747025048
806, 221.71456411616097
1399, 221.7144691686331
2472, 221.53984586316247
1952, 221.2878668057874
2161, 221.2872017602855
2112, 221.26417684605963
747, 221.2219290437205
1570, 221.17760428074993
1897, 221.16205075532065
771, 220.9841188731004
367, 220.98070555730226
571, 220.96453821305047
1956, 220.92801152685894
1903, 220.92592316103514
2281, 220.80998163982613
2328, 220.7687641602711
1296, 220.69630615015296
1922, 220.5016192228341
2552, 220.4485506095805
1896, 220.35780637577975
1472, 220.2948896653234
621, 220.28599322627008
2667, 220.22459930776634
1386, 220.1708458814368
2674, 220.10436434268982
2660, 220.03492139129472
2699, 220.0167242691992
1833, 219.88462091705372
2221, 219.84220555810873
1019, 219.8153837330971
3273, 219.78281481226173
2634, 219.69878036315927
2457, 219.67955349355066
1553, 219.5402431223848
2250, 219.47749818302512
1556, 219.4689985838671
715, 219.4524644275715
3008, 219.43828276962788
997, 219.31737502346857
2576, 219.22647594351375
1013, 219.03244990132657
3033, 218.927046378005
812, 218.889643753904
2474, 218.88850836635623
317, 218.88644602697426
309, 218.88644602697426
2661, 218.87996356050778
2835, 218.7956023465495
1783, 218.70724979054685
357, 218.67218086512094
605, 218.64954023043873
2659, 218.5676341532209
968, 218.45758553713156
1767, 218.3122922703963
2494, 218.24274051419627
2932, 218.17242412011592
2510, 218.16834099979616
2241, 218.05872391598047
2631, 218.04964386246783
438, 217.98224320352884
1793, 217.8020289913981
2669, 217.7813413819729
1937, 217.67328935834794
2691, 217.6602679675753
2178, 217.5956281786844
2469, 217.59377278846836
1056, 217.58501184060987
2617, 217.5368675280165
719, 217.53170370192157
2215, 217.311063379546
2502, 217.27492435538676
2501, 217.27492435538676
1375, 217.25405056780434
695, 217.23513911582515
878, 217.04090163172594
1796, 216.99038247314098
1766, 216.86274983374474
2541, 216.5591006069431
2405, 216.5314287470948
1565, 216.25976201120582
2542, 216.23173846704063
1044, 215.97936566517055
3001, 215.94469806401912
3249, 215.7050653423024
894, 215.56099314265555
890, 215.54425807981107
1538, 215.48990817402074
2418, 215.44160357270385
366, 215.42745359297916
1471, 215.4094113235992
2448, 215.38565985681132
2614, 215.30178123946763
2627, 215.27808151763136
1757, 215.20525338055447
1349, 215.18836693608847
769, 215.10800924275827
2174, 215.03319466252887
1899, 214.986238637172
2609, 214.9273808774091
2521, 214.53624108361038
3253, 214.51238299413848
2637, 214.45854826610855
739, 214.3245306313624
2329, 214.19237566093855
1360, 214.19197648699333
1929, 213.99308681947556
767, 213.87881137679227
2476, 213.76780961516587
2374, 213.61408719259325
947, 213.58495175159754
940, 213.48666247613946
2128, 213.35739491855298
318, 213.28641309821145
2702, 213.2146198393261
1109, 213.04825971455625
2504, 213.0176540676998
1395, 212.61498693809676
2420, 212.52756157595786
2724, 212.41279150886757
2893, 212.30854369325903
877, 212.12993146782492
1936, 211.9398807371328
2843, 211.8111577764886
2956, 211.77405406662768
2089, 211.66380126992632
2155, 211.5948222481201
345, 211.5123507755285
360, 211.40354726443422
3325, 211.33534742062255
627, 211.25214169066055
3263, 211.23086295698127
2901, 211.1939331854911
811, 210.95891273503662
244, 210.67648080765645
1283, 210.63893495172786
1313, 210.63784673387497
1805, 210.6157025571574
760, 210.41770006978027
1363, 210.30241663372038
3224, 210.27134806750502
835, 210.18224251734006
2678, 210.16334173086966
2363, 210.14601067200297
81, 210.08197611376042
1300, 209.98706371493586
2478, 209.9384330971367
1938, 209.76287504651958
2253, 209.64416810098828
978, 209.56622445029944
570, 209.51854528713537
2118, 209.24989270388602
2567, 209.19802948218333
2619, 209.1910416829295
2706, 209.04577697017393
2529, 208.90748945253733
2866, 208.86870990341743
2585, 208.86304799356938
1917, 208.75430900268165
348, 208.56173225147654
809, 208.4640840019236
2234, 208.42276260637883
869, 208.33316569276204
995, 208.2826029877177
587, 208.16099839625727
17, 208.09102142833277
2074, 208.0644670924341
1988, 208.02818919054087
3013, 207.97715946578626
915, 207.94657851505283
2676, 207.8963094846075
2467, 207.89055222818985
2459, 207.71404588490157
2557, 207.7120881841916
1797, 207.64519124503545
2554, 207.3857999537619
2335, 207.28460857150301
359, 207.2326861571639
3023, 207.1880040677153
2560, 207.16275422782903
1338, 207.10762161383317
2886, 206.83830346261578
1334, 206.83767271445623
2082, 206.63141184389298
758, 206.4808697961462
308, 206.41200948955867
277, 206.21402925692973
2883, 206.18508291200257
2544, 206.1049733340007
610, 206.02457838290968
1592, 205.92913388484314
2633, 205.8383253756166
950, 205.70908268607272
749, 205.69635245372663
2137, 205.64211865353207
1546, 205.56770557948624
2663, 205.31449963119013
1337, 205.2751237787017
1609, 205.25809629997508
833, 205.25794214458637
3250, 205.23084818133555
592, 205.17991553243624
2892, 205.17062301179567
2182, 205.16401562091554
2577, 205.1503893997784
1560, 204.9545389720243
921, 204.92275219029045
2368, 204.84114461381498
2685, 204.65709959116649
355, 204.6375257999586
2595, 204.49881232701958
3449, 204.39792425337478
2838, 204.26295314406985
2371, 204.24247492722907
2628, 203.97990278878268
322, 203.7471166325975
310, 203.7471166325975
1552, 203.65352168606188
2482, 203.64460480050954
2887, 203.61243788937205
652, 203.54839375534505
2573, 203.54787344317293
3451, 203.51810082624164
1924, 203.44613319685905
2642, 203.41783556062518
2729, 203.3922574426951
2848, 203.36316523331416
1812, 203.30526253628526
1987, 203.10340096730147
589, 203.0627581319458
2523, 202.77664772268096
1923, 202.77647795843723
1955, 202.67262290346952
2689, 202.46336322831644
1816, 202.42588451054772
1969, 202.17744275146032
2885, 202.13314457072602
3326, 202.00350746521013
1901, 201.9868120495059
1945, 201.95846241623622
3365, 201.8657324669649
1052, 201.77912035230483
1545, 201.75448951088114
625, 201.66951877106797
2545, 201.66742865229378
2680, 201.59851314244153
3011, 201.58680456382663
2443, 201.45843209907122
3358, 201.44070694332632
622, 201.3649095825117
991, 200.98114459330503
290, 200.96886176382773
1802, 200.87137333110704
630, 200.69180862660323
2618, 200.6456305435971
2480, 200.6200549078884
1933, 200.42447425386288
2588, 200.36433905400776
2001, 200.14015563133975
578, 200.12815136593844
14, 200.1224308444374
2701, 200.05962062081477
1602, 199.97858342557925
1290, 199.95095953363867
1798, 199.8887170058192
2909, 199.79455209464805
2447, 199.70187907839212
2944, 199.54272499036014
2613, 199.4669786011177
941, 199.43257345030295
2481, 199.42769724104488
2445, 199.32825912684496
2465, 199.22184767589738
343, 199.19156078678134
889, 199.06357327159765
233, 199.0084658887777
3218, 198.9582817010925
2602, 198.84940093877196
1000, 198.81667032786558
2047, 198.6551744368404
1845, 198.613156188384
2458, 198.56861475460028
3307, 198.43709475869508
2463, 198.37975679999525
2995, 198.18240596699027
2316, 198.166282358024
1843, 198.10735913061217
2827, 197.8915929662474
1965, 197.56115787785373
3345, 197.54984778035862
2643, 197.40900471830147
988, 197.32720298270215
1350, 197.30886790408266
1947, 197.2879597191546
2489, 197.19427361229992
951, 197.1769882913789
2836, 197.0132549273093
1379, 196.83170233000166
1310, 196.6920184322759
1005, 196.57866074449265
2512, 196.40387240365075
2487, 196.2370445802008
2896, 196.1703921391883
2599, 196.14858810238562
1844, 196.1135279494923
1046, 196.11090891886755
3360, 195.94798173388034
874, 195.8092132794601
436, 195.72681322388183
841, 195.35353691138963
2728, 195.17422601672905
25, 195.04835808013726
2357, 195.04834870402186
1520, 194.99436835847604
1763, 194.90952159714718
1547, 194.7793344334538
2708, 194.61278399974816
2855, 194.43958093248048
1384, 194.2852176159763
2584, 194.26770742549664
617, 194.23836584163146
2081, 193.99252164761575
362, 193.8911744338187
2593, 193.75533659521892
802, 193.73714759903933
2516, 193.7017109851006
2446, 193.69536178764378
2945, 193.306575531183
3252, 193.30575222508546
1795, 193.24919911986342
1821, 193.14963277223507
2636, 192.91579935223442
591, 192.71812233567877
2540, 192.60494364131722
341, 192.5739321966039
2639, 192.54460510709495
1826, 192.49154234051653
356, 192.28301063401327
1775, 192.24402214667248
909, 192.18791997500608
3391, 192.04718947626594
2402, 191.84111133597176
3308, 191.6767566529944
1541, 191.58963948140206
1526, 191.14473177321463
2555, 191.0488203357652
2582, 190.9962833195228
2052, 190.78310372143108
2057, 190.7714908835758
2077, 190.75633464118727
2590, 190.21175681518056
2248, 189.58532617788111
2890, 189.53625941561836
772, 189.48069951675907
18, 189.434517016933
2894, 189.3377465189925
2031, 189.19639908350442
794, 189.05731670072777
1842, 188.98595441942163
1355, 188.9475287137232
1012, 188.91477953175018
1347, 188.871410011877
2090, 188.86152221638395
1373, 188.77245174075242
1784, 188.71225632003583
3177, 187.96753901223124
2526, 187.5439316679006
2468, 187.26467495844082
1519, 187.06167729465628
1762, 187.00433230099222
2333, 186.96236289033908
2358, 186.48536573574702
2441, 186.08791250919677
1537, 186.03735096876648
2450, 185.82287910187802
939, 185.80407069788194
2914, 185.689655372467
2364, 185.4326238878815
1053, 185.1453493522304
3446, 185.07234358503106
1613, 184.85439972527527
2935, 184.83664857415673
2539, 184.79255050031242
1103, 184.65876130348423
629, 184.50313870605294
2904, 184.29919545161783
1616, 184.27103401603907
884, 184.2035832348136
1118, 183.55194978627287
1542, 183.32881265024182
628, 183.09564553146842
1532, 183.02124133604036
1764, 183.01310230705218
344, 182.84618980052656
1931, 182.68192021020025
2596, 182.37199576932719
517, 182.2919628337819
2143, 182.2292177266384
3036, 182.155870315577
1919, 181.52653198618844
1274, 181.49311075346023
1781, 181.4711011004912
2709, 181.43236751202957
1768, 181.19421634360108
3220, 180.81410879501547
1765, 180.4592133733168
2647, 180.37534527345775
3343, 180.2458575352469
1190, 180.0230690085983
2615, 179.24336010071607
2066, 179.2021388756699
3238, 178.31508816959303
2060, 178.21501687156797
793, 177.89354513192134
2579, 177.88237246206194
1558, 177.15876598540453
2038, 176.9775442160809
22, 176.9219733519807
2471, 176.80490941449742
2517, 175.9713582120751
3359, 175.04143218663248
2594, 174.54413221075208
316, 174.49021141747147
2500, 174.2852536381256
901, 173.81839376399446
1287, 172.87463720425893
3438, 172.777783152712
465, 172.73461117446206
2040, 172.00587492318314
500, 171.5251242196312
1564, 171.1481838366464
3085, 171.0978771554281
2916, 171.0161710337006
86, 170.98141564287667
1267, 170.53997543332605
3237, 170.3771905145793
2503, 169.96854491197664
1878, 169.62432966843193
2064, 169.22542052709488
2046, 168.0397200339449
2515, 167.85681512731068
3219, 167.68620504789385
59, 167.44700165844532
1364, 167.21552556239322
3216, 167.05879098910498
2058, 167.01581186656935
2732, 166.86091069684198
3346, 166.60602532512868
2682, 166.60549280855165
2036, 166.2333360969627
3223, 164.7911390030065
1164, 164.44137322096287
2470, 163.63649503700617
2578, 162.89328857198353
3221, 162.68277756719382
2043, 162.25900749777887
3363, 162.15980829604868
507, 161.83733129049165
3222, 161.65360518936413
3217, 160.35574847741412
3240, 159.7265340989753
461, 159.711465293776
2063, 159.36564044793172
459, 159.0915899979927
2725, 158.73322664605013
2085, 158.57891433498997
3242, 158.47644999064624
63, 157.13534588180212
2569, 157.1069662716315
2718, 156.67910629524494
1358, 156.5248369376058
484, 155.8008900256884
3256, 155.7595152167251
2672, 154.36326989997454
2910, 152.88669036535285
477, 152.00335417491854
111, 151.2750984351766
273, 150.8464945801571
2518, 150.4498816962899
3257, 149.55345559099615
184, 149.02460809540975
292, 148.9632182229631
2532, 146.55829010217553
1535, 145.87604476575925
2556, 143.792419684816
1051, 143.10070101949415
2868, 142.50475479042845
33, 141.70209224587634
387, 141.41602033690197
442, 141.1250105170115
1165, 141.0654963784509
185, 141.0595043499105
1093, 140.08748059700739
490, 139.3363567624897
2054, 138.29615753542248
60, 138.27552509992586
3282, 137.84637295981506
305, 137.51380293988325
1092, 136.8382409633493
590, 135.68806608138965
1972, 134.73045457553974
2035, 134.28527724122466
1054, 133.5187183273099
223, 132.00736975070282
2049, 130.1417999326477
187, 130.14092287294258
2711, 129.48414985340509
2924, 129.4570002476184
3309, 129.085411932755
49, 127.42988232556131
2062, 126.87153423952421
224, 125.99494864179493
2042, 125.87215853066904
286, 125.29176239841112
1861, 124.9436459654982
489, 124.23972923287495
2051, 123.54308712723896
2107, 123.17409241407763
2912, 122.99793820928537
2067, 122.67958949457685
226, 122.3969635090543
1536, 119.18603663189563
2925, 119.00168269488364
2923, 118.50466800887986
1048, 117.59953251145639
301, 115.58922379590298
2072, 114.47105926723512
1049, 113.18838559802391
285, 113.03804983546813
2931, 112.89276999208607
1925, 111.81570863592756
393, 111.53530581904144
2871, 111.05038680035456
2084, 109.92871431673966
1863, 108.79401083380598
2940, 108.7582247779578
1050, 108.33867878404871
2929, 108.32998820632469
2922, 107.97817327623571
2928, 107.79781910297804
795, 106.39385514574754
1158, 106.00309106211698
2926, 105.28374352210214
2937, 104.52526465340377
2952, 104.08089689639618
2872, 103.76893846387794
2921, 103.65516243040265
2927, 103.42314964329195
2911, 103.32972581962308
2938, 102.20079110639709
2933, 101.12959520321647
2939, 99.90643474664118
2941, 98.08777299422272
2934, 97.566757426006
390, 96.95525500771797
384, 96.93058107464498
2954, 96.52265881878117
2957, 95.30405297503127
1534, 95.27483775566141
2073, 94.20826818960751
3412, 92.64493407410052
2943, 92.14990504004119
2955, 92.04807403337772
486, 90.59801480990114
2930, 90.28273007764305
2870, 90.26123063976354
391, 89.93569229076206
2873, 89.41342598009761
403, 88.87346086925155
2942, 87.36334009484469
2865, 87.13383617853505
1064, 85.34981728685938
1468, 84.74621249063648
516, 84.72529144444181
3145, 82.49491177344282
2867, 81.614664363361
3411, 81.50968254312619
1862, 81.18645473501014
1264, 80.95605965724589
2012, 80.60839310802557
2739, 80.20546933529484
1157, 76.52238242160979
519, 76.51769417122208
493, 76.03620565768954
3121, 74.30171994128082
183, 71.43062394705623
3161, 69.85037930030408
1612, 66.87344031557102
