1816, 2071.7398043596777
2371, 1888.7757240969745
1842, 1878.536776854933
1797, 1747.2697385997399
2944, 1746.3972383068249
1334, 1684.142306969421
1933, 1682.5698700779708
1948, 1657.0129606827654
2886, 1646.1493478156476
1843, 1644.0206157314515
947, 1627.606946862368
978, 1590.819113652718
2895, 1570.5044349796722
1538, 1562.4856893180731
2893, 1557.7964547977208
570, 1549.0800542530994
997, 1532.958082022623
1386, 1532.7795520678465
1609, 1506.4451109201425
1990, 1478.4900244314929
592, 1471.8173980090196
1547, 1467.102269343773
1952, 1447.3065697797
1621, 1433.2313330380287
2201, 1420.391930595396
345, 1418.6056531423114
1917, 1394.4710881632986
1988, 1394.4521786382315
2363, 1391.312991650262
1545, 1385.369600621321
1546, 1374.531660617643
869, 1372.1728370208086
617, 1370.696279830569
890, 1344.578397478604
1775, 1340.8113348607499
652, 1331.1517517089083
359, 1323.507436553433
362, 1318.0457582600325
2128, 1295.0907377217766
244, 1294.4162956322655
3022, 1288.4612728981867
715, 1286.6794149060386
1338, 1280.3994024116284
1805, 1275.9735459611372
2182, 1271.3245571208183
1901, 1266.5353556526916
2364, 1261.309175996931
1592, 1256.91885970103
1922, 1255.7461073256563
587, 1251.9935637488588
811, 1251.2084227730656
308, 1249.514430643375
2335, 1243.6414923706122
749, 1243.5054342638007
1798, 1236.7025403971875
835, 1229.574936890327
2357, 1228.1859082064939
1896, 1226.8346190347875
1384, 1226.315162522052
1363, 1220.7592341889406
1844, 1217.281085786729
991, 1213.8822686081985
688, 1210.292301832519
2186, 1209.7301200600225
2945, 1206.4212057434313
322, 1206.342437061692
310, 1206.342437061692
360, 1204.9239573673508
1924, 1198.565510108794
233, 1189.4078268507353
1947, 1186.4743607229916
1938, 1183.4872947163378
2328, 1181.0496361718644
1945, 1180.7678059653879
1350, 1180.6209898969207
3023, 1178.3395182234672
1056, 1176.8233344499229
1284, 1170.8617676084775
2892, 1167.7769282394986
1899, 1162.3417551069665
1337, 1157.5564669562834
2935, 1156.9768376652653
3449, 1155.5809271341932
2838, 1155.2972072041373
2221, 1153.9029578825173
1936, 1153.4792174270021
1826, 1153.0395909690017
695, 1148.7933725283692
2225, 1146.5335216509643
2316, 1142.7968775320094
771, 1141.7122825216838
2332, 1140.7445353168048
2132, 1140.510025213298
1812, 1139.565395428099
3450, 1136.1541072853215
2234, 1133.8531078844514
1923, 1133.7155780818068
1916, 1126.614503418473
361, 1125.8236597225443
830, 1123.341389156247
355, 1121.6141394340073
1497, 1121.5398228666804
2896, 1121.2462883563828
1774, 1119.7188837002118
2178, 1112.07075322257
1005, 1107.8077219872175
1019, 1107.6962917653464
2848, 1101.5988908410309
627, 1098.3207770554811
1757, 1095.4965147206517
2333, 1087.4718912754279
3224, 1084.939806493143
2127, 1084.1734041158156
812, 1082.856085019189
753, 1082.142772043427
806, 1080.314478106269
1802, 1070.893823683045
1540, 1070.2170481651267
1366, 1069.0314889146825
1987, 1067.8366565436982
721, 1067.1695130219684
1616, 1065.7860091343673
318, 1064.243336721458
809, 1059.4077527981863
1016, 1059.3779411669314
988, 1057.2632338286287
1342, 1056.8432604649995
756, 1054.7119264197859
2317, 1052.085452037369
1395, 1052.0597853562335
1762, 1050.1143375827146
1274, 1049.6601046388378
772, 1048.9122328296908
2358, 1048.582011803557
2159, 1045.905171361191
1845, 1041.4770925481644
1192, 1041.4128946570993
1552, 1039.5980216220275
990, 1033.3806395814452
1763, 1033.3042675535169
1898, 1033.1969092202735
1507, 1027.25579152433
1313, 1026.7912947453513
1619, 1024.1999202242796
1383, 1023.9478145734619
719, 1022.7761819064672
1551, 1021.6043323061011
2329, 1021.4785305492496
1317, 1016.926306842039
1190, 1014.9919233851241
1385, 1013.8034387248671
889, 1012.9701026841551
2906, 1011.9513312685242
1359, 1011.2602096186471
1953, 1009.5103966264521
2894, 1007.9155859159189
2883, 1006.0477471342482
865, 1003.7500864874498
940, 1003.0218069401885
605, 1000.4537895305452
1897, 998.1559177043448
1949, 997.9819665106065
2880, 996.4321684974175
1919, 995.303629403551
910, 993.6859960255099
2367, 993.0073260496622
888, 992.4470130690697
3218, 991.8743710510151
2241, 989.0124583167222
739, 988.8787498812991
1955, 988.5167893410419
1472, 988.2382634456507
3024, 987.7419166541848
2253, 987.0978737745655
1796, 981.8665207627461
1015, 978.4388652033755
25, 973.666106238715
878, 972.6164692100934
367, 971.7455322782167
1620, 969.9470339666955
1333, 969.5879039066567
1286, 969.202606410755
998, 968.7598352881773
648, 968.7598352881773
1793, 968.4177740049529
1290, 968.1126277885544
2901, 966.4516198009869
1008, 965.7372775274212
2827, 965.2381484173974
239, 965.0103571859252
566, 964.7316940311329
2836, 962.8323059587465
2835, 962.7402383322511
1900, 960.8703359640089
1764, 959.9105457513621
1503, 959.8289084053196
929, 959.4212110930988
595, 957.3927032834273
1496, 957.1858234435656
877, 955.7308015463149
818, 954.1461270343104
2885, 953.7961706797292
644, 951.6404076300394
875, 951.2476118361246
944, 951.1349796235783
1394, 949.526040510568
894, 948.1254604076535
979, 946.8689897391012
2151, 946.0965941282051
316, 946.0661791720086
653, 945.851886737931
1373, 943.2026088395343
1276, 942.9301285689504
954, 939.2450599510736
668, 937.4313753117215
1795, 936.6936030256413
2890, 935.7349195390586
1017, 934.9085710991282
994, 932.3065472339175
1332, 929.1304379145649
229, 926.3713696585534
576, 925.2233295981391
1787, 924.4515890686018
2137, 923.0934998315809
1000, 923.0279406028159
706, 922.1167399280401
356, 922.0339049613476
620, 921.6336316836332
2233, 921.0530979838555
628, 920.6561920624688
1950, 918.9773885452212
2143, 918.7702175384197
751, 917.8094966634112
662, 917.6026888517908
1541, 917.4936803595218
625, 916.8656179012536
802, 916.7857817843744
357, 916.4214914846456
2950, 914.5035594597057
1777, 912.4937957114535
1832, 911.864874751922
1504, 909.333262351945
1401, 908.7955096190467
1930, 908.7570814066796
805, 908.6181987385171
1654, 908.2148600093201
2904, 907.1898338856142
1553, 907.0772819131805
1779, 906.5650926503715
1365, 905.9097337625501
2250, 903.2347633924827
1613, 901.9667527764072
722, 900.9802084377615
1325, 899.8281573368976
1012, 899.004314841376
1766, 896.0140173899388
909, 894.4885577007178
2144, 893.4669390642434
1347, 893.3469740382333
1010, 893.0825317725183
1836, 892.8042257509304
1929, 891.3935907860957
747, 891.2630084664563
1528, 891.1887515213903
610, 890.6222650243741
2327, 888.0516426999748
3001, 886.9489341269972
363, 884.3350111685806
2374, 884.1164091904458
1055, 883.7733049763564
325, 883.494846878621
1827, 883.0889021594772
810, 880.351145670117
2248, 878.8010098424231
1784, 878.484859562091
2149, 876.6209096445236
2375, 876.0188893777837
1821, 873.5510796621282
348, 871.3981379561376
684, 871.3834779979765
624, 871.3834779979765
2222, 869.8499098792333
968, 869.7619908184151
2112, 869.4040143456127
2729, 869.1874000812008
2876, 868.7932212711571
931, 868.7373920052763
1360, 867.6189753266691
598, 866.9366043113396
1476, 866.8798309287603
2849, 866.4161642513782
1606, 865.8301406170788
3273, 865.528610691814
1602, 865.3162584702413
1768, 864.0316912688035
2995, 861.6038652989795
1349, 861.5431390371915
350, 860.2688165095299
1781, 857.7246694446255
3035, 857.027115911413
858, 854.5299289552482
967, 853.9599632026462
622, 853.1406933747342
271, 852.8389210278111
939, 852.2841434623926
1305, 851.0972147214435
621, 850.2184763504665
342, 849.9172651172989
422, 849.7413329427512
2331, 849.0801465247706
819, 848.9617146237987
996, 848.5401699351263
1570, 848.4418745782957
354, 847.8322073587806
754, 847.5420202619066
1362, 846.3003695787338
951, 846.2925041366298
898, 843.7856474681394
1399, 842.9855762348335
1307, 841.6451974876027
2175, 841.5565796920541
1355, 841.4376327889427
1778, 840.7362316415503
2403, 838.8863654131818
758, 838.3727524969221
1765, 837.80117635263
687, 836.479719501867
320, 836.0963696410163
1903, 834.9277239084057
2232, 833.9330876344749
1542, 833.4835142843982
843, 832.2696206860419
2834, 831.049929061456
339, 830.9182104040995
238, 830.3575463550235
793, 828.3373530341534
1837, 827.0019798821808
1954, 825.2806511207525
2130, 824.7884872347502
1311, 823.8459447041437
921, 822.5291144450425
1416, 822.5039746978847
769, 821.2609625659333
1591, 821.1923818504181
618, 821.1663772877525
1407, 821.1101302549591
31, 819.6514830268143
1568, 819.157471683356
2197, 818.3160956000947
934, 817.8934503475194
975, 815.8946481718081
2161, 815.2094329687129
833, 814.0909485067001
349, 813.8538949709978
1833, 812.927085211759
901, 812.8249015350465
941, 812.4864808888859
1379, 812.3346205681677
3220, 812.1992643075691
801, 811.865984391606
1769, 811.8028717196315
1799, 811.7260627464722
2843, 811.6797583929299
3012, 811.6410635079195
1304, 811.3900711372945
3230, 811.1713055389666
2425, 810.1016126213756
344, 808.7087879258577
351, 808.6115487849643
2176, 807.3323877054976
2874, 806.7288709690214
591, 806.2147673177972
974, 806.1363300269168
2001, 805.6646502066875
1921, 804.9614338078206
1375, 804.2717724527042
2330, 802.5255130161935
1007, 802.4289071998941
629, 801.696430830994
366, 801.2270860510033
340, 800.8826706386075
1320, 800.5546153108039
632, 799.3584732558162
341, 798.2528751236938
1282, 797.0994942915885
1582, 796.1436366098369
270, 795.6164553046567
1992, 794.9580989050488
1022, 794.4047148046033
761, 793.9004195081286
2336, 793.7375422781496
724, 793.6744757302794
995, 793.578507527532
2251, 793.3932526626875
836, 793.2704719790441
1351, 792.2852663563932
1935, 792.2806214258969
1344, 791.4369934210866
866, 791.3879918106755
2437, 789.7630529665875
891, 789.5699543992135
2370, 787.5951979141713
2902, 787.5338810001987
2946, 787.48490503782
1834, 787.4355919895925
343, 787.1993158574492
893, 786.5297808211787
1767, 786.0229783086653
763, 785.6782123800259
1673, 785.3829016393387
623, 784.9471971208463
2947, 784.0294099805087
829, 783.8403421227581
1469, 781.4380148441427
692, 781.0528105780072
729, 779.5515409035354
963, 779.2537056050442
568, 778.7988918725804
874, 778.5799531089974
2215, 778.578072025721
2855, 776.0259320987118
2322, 775.9025090753621
977, 775.835560710634
2123, 775.2956714234127
924, 774.1648888311464
630, 772.3292644887259
759, 771.2850192778749
948, 771.2465171762965
2891, 770.8947206562344
813, 770.821064526835
1772, 770.564074365738
1928, 770.5262873869218
959, 770.5147844663427
740, 770.3466230591009
880, 768.0564131794112
1565, 767.2590231436361
1918, 766.3911886807157
958, 766.3269037925074
1489, 764.0090441670262
269, 763.4858204465486
2202, 763.1974353531219
807, 762.8282771607826
1556, 762.677412991544
986, 762.0280061905777
1080, 761.2398364990496
2420, 759.8918504515239
703, 759.4830748306584
831, 758.0475375573425
2140, 758.0346438495669
1341, 757.963316472104
2833, 757.5301582561734
982, 757.1867145451126
258, 757.0993448870275
2174, 756.6966303989844
2216, 756.4414291007556
943, 755.0920673656854
1303, 754.2871625025169
603, 752.7961383956667
841, 752.4775960698562
705, 752.4689485526239
347, 752.4023757954265
1801, 750.4722064555787
1529, 750.3490893424405
935, 750.1775224549974
1310, 749.5627349537284
792, 748.5955790876478
1470, 748.4757732998194
1364, 747.2336947523228
767, 746.4489958843567
908, 745.7660681762031
834, 745.5057359004848
2826, 744.4270992184415
633, 744.3255860360648
1492, 744.1369653595457
2847, 744.0672615837145
2155, 744.0573527428771
783, 743.2182518633152
1281, 743.1145066837502
1319, 742.2921715934282
2129, 742.0218432179339
578, 741.2232396563913
658, 741.0171202986543
1786, 740.8020141937482
2183, 740.2743745661431
317, 740.1646502188507
309, 740.1646502188507
1563, 739.8991515130693
1808, 739.271233636772
2147, 736.8569617472192
1391, 736.7379296639691
1905, 736.6867750848202
1326, 735.6732671195177
1598, 734.6459552634284
1296, 734.0681990047094
565, 733.3628805918146
3027, 732.4680635392688
2247, 731.1026686943226
2199, 731.054625925833
1830, 731.0343463849041
2156, 730.6959811138062
897, 730.6175549669681
726, 730.4645454769691
1906, 730.4179293512412
1982, 730.1253827513524
2119, 729.579687141896
915, 728.670966008476
1956, 727.1888700766787
646, 726.95800862088
925, 723.9357467158094
1323, 723.9218570639016
824, 723.8642411072058
976, 723.1746130900042
2163, 722.9995436139035
3034, 722.6897239010959
589, 722.33444287798
1909, 722.1487704084849
3015, 721.8024232950214
3044, 721.1406282616242
1287, 720.888231262047
2000, 720.2570412823457
827, 719.3004146969377
1267, 719.2044712052482
1044, 719.1588638759256
2136, 718.314922797815
766, 717.3049039675092
2426, 717.2055467592055
1835, 717.0027524419825
930, 715.3759205520207
700, 715.2694895120061
1318, 713.9375152163819
1018, 713.3693629357201
1831, 712.6810363365609
1013, 711.8386429017055
1265, 711.4797379397245
2138, 711.0690165196047
2402, 710.8356462348803
1297, 710.1652216799938
1564, 709.024029379593
3038, 706.9353443037966
842, 706.6384464774709
973, 706.6110477734934
2881, 706.3346974207631
2377, 705.6213510265984
1841, 704.9647263709285
1932, 704.6364914969436
899, 704.458156165194
1904, 704.2513452922207
1944, 703.6204075805472
949, 703.5618066627876
327, 703.2668068907385
1275, 703.0926736888858
712, 703.086336147302
656, 702.0533038073643
1554, 701.8742247987865
1354, 701.6604369437001
2169, 701.3433966269824
673, 700.6917996645627
742, 700.3255221043996
1569, 699.250475664093
666, 698.4463556353386
1372, 697.8813563069998
1783, 697.044511390641
764, 696.5553847912187
352, 695.5243373482165
3216, 695.4568617961922
1357, 695.1639774955479
755, 695.0452381090188
1789, 694.0020829976426
799, 693.5144878337612
1499, 693.2962498658978
2325, 691.2964373227906
672, 691.0028114947704
674, 690.1658716874115
1934, 690.1617732354242
597, 689.5436925999189
2854, 689.0859527753034
571, 688.2027724237479
2118, 687.6563343751225
984, 686.5935442105592
246, 686.3113231472715
1819, 684.95375338281
942, 684.8083248730363
1981, 684.277607949729
2198, 683.429652495891
828, 683.3714807581528
985, 681.7955644416928
245, 680.9893513889654
873, 680.8343260480673
2436, 679.4272069949772
525, 679.1094681976075
667, 678.7759979698947
2373, 678.1981023481235
1376, 677.9853656697259
707, 677.4064081425508
1270, 676.3129488871733
962, 675.5485774874385
2897, 673.5704920257612
1618, 673.0797402956907
2361, 672.4497806394568
1353, 672.1596388446902
1327, 671.3673906902977
720, 668.2016348130685
3271, 668.1795939271092
323, 667.9418254318396
311, 667.9418254318396
1006, 666.6134127439278
884, 666.2990644815154
1817, 665.9402120604182
1335, 665.501856729548
760, 664.4377606371916
2368, 664.3292448008916
697, 664.3002851674734
3037, 663.7692944932944
604, 662.8747238684145
241, 662.2674232329177
1595, 662.1469048416812
1931, 661.727438934266
675, 661.2553328572089
3219, 660.7664690370378
896, 660.7322278350374
2326, 660.4518422230021
1403, 659.8779084191659
2133, 659.712550182683
1388, 659.6659337841993
609, 659.3745764785189
1367, 659.2114848865834
2254, 659.0299458948055
1483, 658.6902372523158
887, 658.1018917260106
1506, 657.8541886615267
1294, 657.0285697717318
253, 656.7998064921264
1283, 656.4378861797329
631, 656.3235539903854
710, 656.2423627589026
952, 655.6416818291667
2172, 655.4691520107854
2319, 654.3276268285656
3036, 653.8460833060644
932, 651.8851287711112
870, 651.7991450152349
1329, 651.586457972645
2430, 650.8257559136991
1937, 650.2094473607211
926, 649.6824484717844
701, 649.5801661573677
1285, 649.4670791538716
1453, 649.448402035086
1402, 649.1965359601099
2131, 649.0943049199543
1946, 648.9090710518032
1414, 648.788408603571
1288, 648.3038742724365
2376, 647.4012587998969
800, 647.3569304489434
2840, 647.1982823616302
2126, 646.4504748044693
1544, 644.6093323253058
1021, 644.5581191700375
876, 643.9970066875962
2903, 643.4681811260311
1522, 643.3796411884585
983, 642.7547241950252
2418, 642.2879547779835
822, 642.1197885884203
1902, 642.0075147055146
257, 641.6448868031422
660, 641.4212804544252
946, 640.8026782203315
765, 640.3565458677512
2227, 640.3480458793462
1471, 639.669416915877
1273, 638.9266390752467
2410, 638.9265579778986
1020, 638.7073455801079
2245, 636.6919090301066
904, 634.5640786515844
1405, 632.6744188972368
2842, 632.1330080746641
312, 631.9962898063307
3223, 631.3406908786874
3451, 630.5161311041941
2875, 630.3877687322484
2423, 630.0867386734178
950, 629.9254065054783
1539, 629.7845752345551
714, 628.6482585271798
750, 626.0350561318382
231, 625.9895978990916
596, 625.7455474924816
1804, 625.4252985918793
559, 624.5805335958183
1340, 624.063344809722
1343, 622.1059609276227
794, 621.4017207229965
616, 621.3653576012725
723, 620.1769090172546
879, 619.8573200039009
1526, 619.8151008191273
1908, 619.191340492689
1374, 619.1744344454706
346, 617.9948061741501
640, 617.1401558728924
256, 617.1109213099396
314, 616.7844908934153
937, 616.4281590026901
2166, 615.1313330728178
3448, 614.5072382432063
3221, 614.4253136794227
3013, 613.0169771512308
850, 612.6950287951696
2899, 612.6374760293819
2888, 612.1525936349706
567, 612.1383827135313
1614, 611.4611198774494
2369, 611.097494143949
871, 610.5833757660524
635, 609.6638950192064
1815, 609.5217298702353
782, 609.41933586229
2237, 609.1338878738222
1330, 609.1254654987213
1011, 608.9708332374286
2323, 608.8947979059351
1368, 608.3939203018434
868, 608.0757530766919
1825, 607.4881575434649
905, 607.2975420592716
970, 606.3571422034572
1378, 605.630584742667
3222, 605.5295355913328
689, 603.305897714473
918, 603.250332880447
1809, 602.7498635575267
770, 602.2294501820035
2141, 602.013555737841
645, 601.5796195549144
1927, 601.3952159483616
2148, 601.2209715996413
1280, 600.8159909023727
2213, 600.8064325015789
2154, 600.3207741165229
2146, 599.7939305324213
779, 599.5716661769208
798, 599.4201901910527
741, 598.4061609750397
1920, 598.3556770965505
796, 597.920606900658
1915, 596.8486997006512
2830, 596.1905578083861
569, 595.7745105047608
1009, 594.7153596589446
911, 593.9786604024899
3217, 593.7134244113789
1458, 593.7055057077154
3011, 593.3448011885032
2230, 593.2706656690626
1555, 592.6084039111066
867, 592.1453011985453
1272, 591.7942001596863
2359, 591.3389882849493
573, 590.5939551618161
702, 590.5073758959193
3045, 590.0683689339409
694, 589.7878220871604
902, 589.0030237332844
853, 586.8187451699846
1532, 586.6932475673868
1550, 586.4715556471514
2908, 585.6102981470046
240, 584.0235120848935
2229, 583.6989725235345
1491, 583.6856716224976
1036, 581.7770982255917
725, 581.40841603736
1511, 580.8147558883628
1561, 579.7926808067205
1886, 579.6230570760385
614, 579.3941488650672
1548, 578.601392063751
1622, 577.6947862380418
2366, 577.5372318049133
3068, 577.0865000489401
659, 576.4884758663895
584, 575.9909276891087
1782, 575.4651449955932
577, 575.4097147830224
2844, 574.5309149788499
1396, 574.3179514803262
2831, 574.246385824126
2750, 573.6302263356544
1339, 572.5292643133137
1014, 572.3637364450278
364, 572.271013768305
728, 570.9291343672128
785, 570.4796859322026
927, 570.3889414380947
821, 570.056422580865
704, 568.727635537394
1959, 568.374499229419
847, 568.267770379087
1480, 567.9608818220879
718, 567.285764947481
992, 566.6597031046483
1393, 566.6315299188185
971, 566.0664209256649
1828, 565.7633781255774
797, 565.5133892613549
1601, 565.4448599823857
1277, 564.5372303813946
2882, 564.4095798750757
1926, 564.227316210591
1829, 563.7575965076445
665, 563.6710936638858
2256, 563.3855338544156
2547, 562.5850058667684
854, 562.496107007687
2246, 561.7427402885826
2839, 561.0702942296604
1398, 560.6667432219222
1498, 559.5334939056894
307, 558.6632614406949
1328, 558.1200998200018
1415, 557.9486720914372
849, 557.8462946576875
2994, 557.3658844184108
1983, 556.6785081540153
572, 556.6418232815124
1791, 556.1396528508429
324, 555.4866436460774
690, 555.2817966749602
730, 555.2306452500245
1820, 555.1747791857837
790, 555.1172256398045
713, 554.3571757502698
1346, 552.3143388931973
315, 552.0248281292002
306, 552.0248281292002
564, 551.9373846066584
696, 550.2234819671684
886, 550.1931798121476
1524, 549.0515543345729
2932, 548.813573823715
639, 548.1287026170287
1292, 547.998066821077
2884, 547.7656801966682
636, 546.9839981436648
606, 546.9088805011762
1293, 546.1838783051911
752, 546.1825234245816
2837, 545.8554275625148
2281, 545.8237393976857
1411, 545.6779774528926
235, 545.3046510129402
1382, 544.4672768874353
892, 544.3631361958301
1271, 544.2835707344442
693, 543.8457336839252
599, 543.4754723130966
1345, 542.4936437752908
1792, 542.3226238874456
1400, 542.2241005761329
855, 541.0148361391759
1377, 539.9993371817827
1494, 539.5892214428092
2190, 538.6000282801668
2114, 538.5743901465207
2121, 537.5913243303008
1989, 537.1003321470423
708, 536.155492909675
3272, 535.7651956000234
1500, 534.6207177822038
3014, 534.2702050361705
1291, 534.1723783998136
638, 532.9218968787009
1481, 532.4224240016637
236, 532.090676085086
1387, 531.8068169001922
987, 530.8144983556989
661, 530.3216826656154
1549, 529.8713246901309
2200, 528.6315418096947
2125, 528.5514274886873
2117, 528.2617221656981
883, 528.0168836281778
784, 527.9278385238637
371, 527.8594884486464
777, 527.0635998212457
1409, 526.1065397374242
2439, 525.676917444902
1984, 525.3023417102376
1493, 524.3410642562308
664, 524.2871019354153
840, 522.6886524899596
2324, 522.2669287372163
1390, 521.0220121277785
2228, 519.8487191034118
657, 519.4072723723638
2206, 519.3545159974885
602, 519.1257010764118
776, 518.8157465965555
683, 517.6473288739547
2905, 516.8463825441331
1479, 516.838618496307
586, 516.0707639399748
2150, 515.4365735518471
26, 515.2265559554493
938, 514.399204425237
593, 514.0268294867652
3270, 513.9539539628116
1475, 513.4332853923212
2115, 513.0940850133346
2209, 513.0512352365241
839, 512.5211662057786
2231, 509.605599886726
1422, 509.25425535752424
2334, 509.1048855769103
3002, 507.98144955949516
2851, 507.9272447779293
907, 506.9641267349088
1268, 506.89754070060815
1348, 506.3328908939086
1505, 506.3148337367954
2164, 505.752461819801
1488, 505.6473252734845
230, 505.2024519546134
3229, 504.83469298588665
2255, 504.38631316256846
964, 503.984483217177
1887, 503.9108918850832
1370, 503.5693080875132
1942, 502.5859684140474
2898, 502.5225144324211
3030, 501.99394939533636
774, 501.34373610080365
3026, 501.2891878358036
900, 501.07209172718296
2165, 500.46615087526055
1986, 500.183686671443
558, 499.9682301282692
972, 499.7641270547161
2162, 499.56096651373616
2372, 497.8827760928517
2120, 496.46736808173705
846, 496.3189054948078
1358, 495.0950746868573
845, 492.73451522048236
2804, 492.26596338413617
2998, 491.54143973560923
989, 491.3731090388774
2877, 491.2659914661375
2841, 490.23458489672043
1312, 489.7247484695169
1957, 489.0514938015655
1352, 488.64088782205096
1389, 488.4894442999841
993, 488.4088683560553
585, 488.39684067716325
1413, 487.538993848957
1322, 486.67554689058704
1420, 486.4847316273494
789, 486.17263578627654
1392, 485.9022698583117
711, 485.0373932421264
2852, 485.0015223800192
2828, 484.7096362317925
2907, 484.6056452264816
804, 484.3182393066744
2173, 483.8769569171192
2168, 482.67143605737056
594, 482.52339452127933
2321, 482.328203845673
837, 481.34808330848927
1455, 480.304723737991
1001, 480.1049475474741
882, 479.36439783118084
856, 478.39479534505904
3267, 477.9263515881171
2113, 477.7440225760302
1417, 476.0909114978327
1840, 476.02278358167
1419, 476.01924372434416
2122, 475.89118593181735
1380, 475.8394411683721
2845, 475.6272082676558
313, 475.04123250535423
1839, 474.65146422505813
1474, 474.49962175246696
1295, 474.41495928481623
1314, 473.3202005819405
2422, 473.2774989310954
2850, 473.01452477497145
2879, 472.81015594893967
1278, 472.79575046297475
903, 472.7756512789031
928, 472.1343680822565
2992, 471.6274002690493
3321, 471.4130216572152
872, 471.03715478921123
1594, 470.81485838788024
2829, 470.1851175537943
1482, 469.6607994441796
919, 469.5424538541574
1369, 468.2186953856522
2171, 467.8120668895858
601, 467.06999078462724
691, 467.04702594365125
1266, 467.03054797354145
775, 466.7467875815491
1361, 466.6299368071838
780, 466.10028755715354
933, 464.8389760760537
787, 464.2433038827116
1331, 464.1496890406844
560, 463.45736048545376
1512, 461.6958758527306
2360, 461.4019161557445
374, 460.12248482378203
2142, 458.9079422398247
2858, 458.6032602665588
370, 457.9401550169072
2427, 457.46382721744493
3031, 457.0477873287932
1790, 456.99919641610086
1315, 456.9912880660035
1888, 456.8604532957851
960, 456.801048491165
2116, 456.7746289168173
2362, 456.68687482827676
3268, 456.4777823702694
1599, 455.3214888577453
2189, 454.7942324239983
2846, 453.8890442098069
242, 453.54697637701514
1412, 453.54091700309243
1371, 452.4535054855558
27, 451.760245214137
1490, 451.6798576133481
2214, 450.82147338958043
2996, 448.51021174781926
1408, 447.538872950826
698, 447.2034466218133
969, 446.79943415395263
528, 446.5738190481801
2187, 445.58928537957115
1508, 445.24987700642095
815, 444.4356750584479
1473, 444.0945317274798
1211, 442.99098099885236
2220, 441.7114228558127
1486, 441.053458594429
2949, 440.9425414978032
529, 440.8110218801291
2432, 440.3382496258047
981, 439.1096274150166
1985, 438.2977617092394
2095, 438.2060636659881
2188, 437.12274778393993
999, 435.56497750269926
1803, 434.7807989464227
1523, 434.6582683823339
2181, 433.16813121083
2219, 432.99400676162713
247, 432.98622674694724
1495, 432.9146553961077
709, 432.3178394090939
581, 430.4861475306646
2160, 429.83759962796796
743, 427.8656128071119
1478, 427.4511587763867
817, 426.76084476547265
717, 426.57626874250093
1421, 426.4749568788569
1846, 424.71872388904416
579, 424.71376363670606
1501, 424.6978306593509
961, 422.9145307683292
24, 422.1853310812815
574, 421.9268166597687
2993, 421.8029505753692
1321, 421.46379387987974
1883, 420.1975184929524
1308, 420.1393862778415
1823, 420.1038204078937
1615, 419.59363671005383
319, 419.50864954586245
1943, 418.38085959129523
575, 418.1237615735721
1023, 417.95846946745525
3018, 417.56084483569305
2936, 417.5055669947726
1885, 417.43431916782407
600, 416.4416288873925
2145, 415.6012114549053
1822, 415.2840141585659
2196, 414.38698470960264
1038, 413.65946454182375
808, 412.7808698087231
1289, 411.9847580893977
762, 411.5770610737694
1527, 409.5435982993694
1807, 408.59313511048475
23, 408.54540900783195
980, 408.2629428040649
2205, 407.55740925520723
321, 406.94895644993665
922, 406.41200193253115
716, 405.80206085965443
234, 405.801612446645
2438, 405.48820082604976
778, 404.89655684404846
3043, 404.58540695379713
1336, 404.39304907944825
3233, 404.38744194998014
825, 403.1660348892945
2236, 402.95991875589147
2262, 402.66116103120163
1510, 402.3133768377462
844, 401.48760923635297
781, 401.3675973294391
1999, 401.31829291743
955, 401.0813476367442
3016, 400.2823590630353
1039, 399.91394669965183
2365, 399.1286373235412
3319, 398.93537236077583
945, 398.47855351836023
2953, 397.5037419500977
727, 397.3997274262745
1210, 396.2477074089676
353, 395.42971625023125
1617, 395.2508287909797
3029, 394.9989418293232
2318, 394.94176682105314
1356, 394.5840876968698
857, 394.3810397962126
1653, 393.67044058273683
612, 393.0185985645977
2180, 391.7669894660968
686, 391.1524180788865
2997, 390.1605299607906
2431, 387.60997693301863
2195, 387.2588974454778
1279, 386.2389554558815
2157, 385.6839723719115
2124, 385.53178265251506
2194, 385.43145009778937
249, 385.3220122066097
243, 384.638700006521
1884, 384.2169609298996
1907, 383.59349341974996
3269, 383.07327391086176
746, 382.55411220543283
1037, 382.28271736923216
2135, 380.73740175626
791, 378.15896027363925
2243, 378.065534106457
1780, 377.74600276756314
920, 377.0360915143296
29, 376.64220276017596
1810, 375.98757925978964
917, 375.4218323900672
527, 374.97369866063354
1640, 374.3734503966588
3025, 373.9674050175284
2806, 373.7820533336034
1003, 372.2482740747725
2207, 369.7684766760379
1776, 368.77605190527265
1306, 368.57636251657084
615, 367.35313443696896
682, 365.81520600154715
744, 364.74068009828096
3000, 364.3572966149838
3320, 364.28083739160576
2434, 362.2150972383376
803, 361.7874566336753
2193, 360.69015354931275
1525, 359.3434093227175
936, 359.1717074487601
786, 357.0937062416658
788, 357.0097736969457
2435, 355.8059671660044
2428, 355.8059671660044
1623, 355.0326429438952
1578, 354.13158476032163
2859, 353.57674557241876
2889, 353.39554068959706
923, 352.83203790160815
1951, 352.7220155820553
2170, 352.55311106682456
1269, 352.3918599531307
2878, 352.0410986638391
2242, 349.8145564168994
2429, 348.8235411706583
8, 348.781081544996
2856, 348.1382131913942
1939, 347.68759737698105
1940, 347.53205931252387
526, 346.1526279561512
1890, 345.7595575958275
1404, 343.47443767108985
2158, 343.17708873454717
1806, 343.12065128757564
5, 342.9879482365047
2211, 342.2355114425186
2991, 341.71791848832453
259, 341.53856684918406
2208, 339.4609922918411
94, 337.0400523531665
524, 336.03185622669884
248, 333.5122766325576
3215, 332.26698423632007
11, 330.4613410260037
1824, 330.02150178355436
1004, 329.9565637676528
735, 329.6050098489211
1579, 329.28907117971016
30, 326.93994933253015
848, 325.95590534869655
1418, 322.3284894180404
2191, 321.99489085587396
2134, 321.73711950995164
0, 320.8531109527183
3017, 320.79922256808754
814, 320.3951520368855
1410, 317.7936617528853
1977, 317.4419533468818
1882, 317.41421640520684
3, 316.5666055450506
1309, 314.62635630069997
9, 314.3683747607462
1818, 314.33074217822934
1485, 314.1289063772056
28, 313.8258070939787
107, 313.34341468904387
1509, 312.1825783308968
2999, 311.7192236129383
2805, 311.03900228761177
745, 310.9697702551512
2832, 310.8109558534015
2153, 310.14085801187565
826, 309.50428715050367
1723, 307.4812949517978
1814, 305.12831847406187
1794, 303.48352255154896
6, 302.93864789950715
1324, 302.2890114273395
823, 301.3917144088447
2731, 300.11086676840733
7, 299.2617898723108
118, 299.1402128220106
418, 299.11971727188626
1788, 299.09634187474325
112, 298.45940804487503
1426, 296.6969050105266
1577, 294.73309348363387
416, 293.6229490215911
953, 292.92469487646935
1255, 291.80655956082205
1484, 291.4915410072877
1785, 290.88440036384867
420, 288.2421447955546
2192, 287.31179262914867
10, 285.1248250277237
3235, 284.1267936026414
3009, 284.11009267614895
417, 283.49350580216174
182, 279.7736158719769
3234, 279.39190271939924
2857, 278.5600636590428
117, 278.478019294369
1487, 278.3906088387181
1427, 277.70196802786865
2320, 277.58764650884297
2860, 276.78376191056594
1889, 276.6357247083853
419, 276.2975281728115
641, 276.1206982316478
1661, 274.532576653863
421, 273.9413537725597
3310, 272.72343349436534
768, 272.52796599887665
1425, 272.0186135059261
1580, 270.9614948365403
4, 270.6068825213086
1423, 269.8320988357855
916, 268.16974101120115
1566, 266.5379741273907
3431, 265.25772038659704
1571, 264.3812980764783
1457, 264.337246222109
2275, 262.12144918251204
1153, 261.92313573411496
1, 261.54540932252206
1454, 261.3166099066021
116, 261.2760821137136
1800, 260.5884961047573
2900, 259.4136787423132
1062, 258.67791990135515
1567, 257.5056810403237
1424, 257.1422531007333
3228, 257.1127965353758
2861, 256.3584254482062
1575, 254.62691469660894
2433, 253.0128929752248
1958, 252.51225633868006
3164, 251.93830868853544
1302, 251.9287747082147
1838, 251.60079896928417
637, 251.57560625094678
2351, 250.90274808550012
13, 250.80620072352392
2010, 250.2370769675896
3188, 249.480586788401
1895, 249.0199240056805
1709, 249.01746230355246
1156, 246.44044364618972
109, 245.44582799272663
1151, 244.0233970683675
2971, 243.55832101844925
1316, 243.45773493511868
1573, 242.4264992344005
1576, 241.58681631598392
96, 240.74997518744325
1562, 240.05008283504694
1864, 239.64135324746104
97, 239.33585349362596
3236, 239.24220615713642
268, 239.23987132311763
2801, 238.6071194399867
32, 237.17066532641232
1543, 237.00465593564684
1073, 235.4397164538078
12, 235.41186055380498
1440, 235.09756908918527
1632, 235.04141398895314
260, 234.82461132724742
1178, 234.744502378508
1572, 234.61884916567206
1216, 234.36586933789235
68, 232.76872714568248
1962, 232.67070151914052
1152, 232.46225272611014
1638, 231.80515858605196
115, 231.7131528385727
167, 231.62358050559715
144, 231.49136959787322
1180, 231.18467330914706
1813, 230.37735015523495
3387, 230.0219374689026
358, 229.8651710204009
122, 229.71199981631713
2400, 229.34583083753657
3417, 229.16334678141533
2270, 229.02811707780245
1634, 228.9089388141664
1694, 228.03492312562418
1065, 227.71063797922932
3376, 227.05780715928702
64, 226.9850913479165
3392, 226.93036178790524
1397, 225.77939642262672
166, 225.1251838937192
93, 225.10692275147605
1976, 225.01713537417422
2395, 224.97721679441474
2915, 224.186615698974
1034, 224.13061158791805
2097, 223.10670585505608
1574, 222.6238234061292
1588, 222.42867369074867
101, 222.13243449499438
72, 222.1171631730811
65, 221.86346397927394
1605, 220.51276783589228
3374, 220.12627696683862
70, 220.03295558077355
69, 220.03295558077355
1068, 219.81694735219168
67, 219.4855485368383
3428, 218.99994036210228
1061, 218.95534780254764
1663, 218.46778243260002
1220, 218.26314213533286
2972, 217.81044864814547
1198, 217.73970111741764
1150, 217.4981792772222
3356, 217.49469797944923
510, 217.46126603618956
3422, 216.68716780282134
1134, 216.61686347540007
2399, 216.2911545486139
1428, 216.2239663263838
2384, 215.40536474666607
1996, 215.05672876502027
1406, 214.96191224828334
2787, 214.60468487476714
3368, 214.01716566916573
2913, 213.62902199216083
3122, 213.38155719807946
2414, 213.28055571477825
1693, 213.11609432831668
108, 213.08812449736146
1191, 212.97704757272763
3140, 212.6953263763712
1467, 212.3711970496571
1123, 212.18915675753126
2775, 212.1668283901916
3349, 212.0170046264449
267, 211.97954793676135
1240, 211.89445097313788
1207, 211.8495586975402
95, 211.73084045679616
1189, 211.51861818906173
1135, 211.37880543215397
1155, 211.15094338809283
3126, 211.05174816592105
434, 210.8310470953385
3406, 210.7071897597057
1120, 210.66370993733608
2550, 210.05283211545785
179, 210.05282154911666
1224, 209.98315419549778
1194, 209.79994482118238
90, 209.4009021327043
121, 209.1864547829402
1138, 208.71195581733554
3137, 208.50812609980247
3337, 207.88820917718903
103, 207.84220336592549
1713, 207.7867037907162
2295, 207.61894581255808
2799, 207.48366546806085
1108, 207.4045030924189
1225, 207.21951873276484
3060, 206.9083872692555
3138, 206.77775853684702
1441, 206.73955678677686
3328, 206.7113529096201
304, 206.26556184518597
3127, 206.13543303220064
1146, 206.08284605559538
3355, 205.94841086858875
3427, 205.9459937006018
1186, 205.7163588952508
522, 205.54778751863176
1195, 205.4474503104559
1078, 205.3484059810593
190, 205.2061312038641
160, 205.07331853426305
1168, 205.04991118962562
1163, 205.01295592709033
1477, 204.72715764337968
2761, 204.38802105721166
1518, 204.3639397978067
1131, 204.34513844842112
2273, 204.3312349383375
3096, 204.12488574059088
3338, 203.92667892230216
2977, 203.87683043640706
3116, 203.86403843864494
232, 203.837383778725
1222, 203.8216206159026
2770, 203.61243788937205
3390, 203.52858982204776
133, 203.48642729052236
2984, 203.48141821534188
1658, 203.4794333290929
3088, 203.22539604003651
1107, 203.15130016180524
1223, 203.10620216485677
3075, 203.06297140638205
2378, 203.00087547729245
338, 202.82546747388093
2551, 202.71797920261452
3104, 202.6958519209361
1167, 202.66228504325122
3074, 202.58300891464867
3330, 202.57446832079333
1079, 202.43955012403856
113, 202.3655461917638
511, 202.3190241197857
2982, 202.285035014036
2007, 202.16244265326765
1998, 202.1363095622596
1133, 202.09705488516144
3087, 202.06649716434507
3067, 201.96999064690635
2762, 201.80893583598424
3052, 201.77927117954897
3152, 201.60351338298057
3124, 201.58037204596937
1656, 201.56902016438224
2967, 201.40602760505072
2023, 201.38637706366796
1127, 201.38287635345299
1250, 201.32879655590952
3157, 201.2498970637858
3109, 201.22110512855227
541, 201.12257809964552
1514, 201.08968984772008
2719, 200.98735057693438
3156, 200.86704751670447
3397, 200.70818310262828
2411, 200.61007430393326
1176, 200.23973227767567
3076, 200.16513811772955
2347, 200.0347204728072
1251, 200.00447006533042
1435, 199.68490027740918
1136, 199.6600199344618
3053, 199.6219538446896
2350, 199.5672181416054
1246, 199.50060190523865
1196, 199.4576050236392
492, 199.2681294215698
2268, 199.2243243925509
205, 199.12246100864385
3400, 198.88178434293067
3081, 198.75647856082506
1431, 198.68487346640305
3103, 198.15743450312746
102, 198.12165061406043
2796, 198.08704119054931
92, 197.98011645507805
192, 197.8632814403342
1227, 197.54292096775518
3377, 197.4885951322406
106, 197.3376368135771
1097, 197.25533665799648
1116, 197.20498411128452
1188, 197.09580948565653
89, 197.01955294853104
369, 197.01139545049398
498, 196.77930715162194
553, 196.76742741095234
533, 196.76170186606973
3430, 196.68487177682306
1298, 196.68206787564102
120, 196.5381788788065
1261, 196.51748995497516
3335, 196.47831417289532
1460, 196.38694804516086
2028, 196.2914205801736
2976, 196.2895749892571
3394, 196.04409681778967
1881, 196.0129319907011
1181, 195.99986853467013
3158, 195.99163955232277
1201, 195.95826103955935
1213, 195.94942260906834
104, 195.89699354659587
1197, 195.83790883230444
209, 195.5776891235209
1446, 195.46234892130823
520, 195.43029786043752
3102, 195.40280470629986
1711, 195.29718850651224
2815, 195.09940400775426
1257, 194.7333416326002
99, 194.6427670924036
3154, 194.49076013591898
177, 194.43546005384604
3399, 194.3961893818297
2716, 194.39185707577127
1242, 194.30833159643515
1182, 194.30393092411276
1149, 194.03474782184787
545, 193.990550461498
3398, 193.81580638052463
2771, 193.81057006913866
1593, 193.76933649767014
3141, 193.60779861439997
2304, 193.60147168598957
1208, 193.54346860557956
2065, 193.52538979581615
135, 193.46649874843735
3117, 193.2095458753185
499, 193.16781352816085
1059, 193.06975919229575
2344, 193.0516717988105
2421, 192.91548576114855
105, 192.82910642129917
1175, 192.7346389295465
3351, 192.6480738219229
3414, 192.6103899597727
110, 192.5772853969703
3322, 192.5460775915747
2800, 192.5357189151784
1719, 192.4223102570639
261, 192.3364312775706
1209, 192.21716016089417
1160, 192.2058389868632
1170, 192.03389911918768
1217, 192.03179035349248
3366, 191.9074176621682
1436, 191.6497249688637
1438, 191.55098017959645
3375, 191.2901084075286
3115, 190.95958673573628
3367, 190.3920712525869
1773, 190.34918452945269
1254, 190.272753379097
1137, 189.9675989733218
1860, 189.87426246567588
125, 189.61659993191606
114, 189.52413366314485
2412, 189.38464548007124
66, 189.35195548394216
1667, 189.28864677546878
1070, 188.96759926869242
1154, 188.88256634322258
1596, 188.57761251208473
1125, 188.53139302010615
3342, 188.33703066748956
2387, 187.90593347150818
1148, 187.87583141954732
61, 187.84476702895452
3420, 187.7554822744502
2014, 187.70886294565653
91, 187.65677326917327
1206, 187.24082870994238
1597, 187.08734053723217
431, 186.89689513718702
3441, 186.82320781298213
2960, 186.762595885989
3131, 186.6176678606647
2392, 186.46557059450228
1139, 186.4109026754754
1229, 186.2766222541756
2406, 186.2672293369544
131, 186.1043986859614
2413, 186.0139357564602
1430, 185.85852374530407
1447, 185.8301722578009
1112, 185.75016672330267
1095, 185.62290537267083
2290, 185.48242118511527
62, 185.37425749556354
1974, 185.33792765386474
1147, 185.31247716508724
1961, 185.28350395436215
1141, 185.12119384100416
172, 185.01284401108822
2752, 184.87982133230003
2, 184.7964314650706
1099, 184.7157778423801
2396, 184.71443116982914
2769, 184.4357212957254
1067, 184.3552118465445
3332, 184.30158968019197
2080, 184.2854408033002
1678, 184.24606236798152
2794, 184.1206551813387
2730, 184.09623725027325
3372, 184.05596303935815
1101, 184.03476335696746
1262, 183.98461066679386
2978, 183.7525378600742
1199, 183.6714889025132
3003, 183.5684198025661
3198, 183.51160535408638
3333, 183.48330079478427
1096, 183.4329262377672
1761, 182.99479653729784
1855, 182.9805061847618
3132, 182.90579228515477
536, 182.8334232238759
1253, 182.4994924275752
1069, 182.38110664145918
2975, 182.3533914799579
2974, 182.3533914799579
2813, 182.27006038196333
3139, 182.1691931184502
463, 181.98270969338625
1688, 181.93006313123374
1130, 181.78777731735522
3078, 181.5792002490993
549, 181.476658674277
506, 181.43503564944902
3393, 181.32543438053492
2356, 181.2827096800287
3028, 181.22671963814287
2355, 181.2104254681585
552, 181.14272200010285
1586, 181.13636779539533
543, 181.10395646834962
1449, 181.06938629494277
279, 181.00339568150437
3396, 180.9027195451065
3047, 180.87419880895578
1088, 180.85026893040666
1589, 180.72259799958138
1662, 180.47500655397184
3425, 180.40418405995706
1760, 180.33584209348453
210, 180.25644059049165
201, 179.9434467832079
3410, 179.9245146718656
1660, 179.88970566180765
1214, 179.76624151757562
2919, 179.74882350962594
2269, 179.6207696732571
2983, 179.26876153713064
1212, 179.18362015962524
1042, 179.1513685645778
1857, 179.1286770674787
1144, 179.0870683794534
2765, 178.98966807684164
3153, 178.96894595605784
1226, 178.79721207544995
2862, 178.56232242851428
1041, 178.5602579860323
426, 178.52814484628385
2798, 178.43218371316303
523, 178.3789498773437
3004, 177.9331064513159
2717, 177.87502740599538
2417, 177.86508475617103
1852, 177.85593746897976
3280, 177.8137578108507
383, 177.77569881187335
3125, 177.77397680233588
1867, 177.77306058363118
3395, 177.6176746761435
1025, 177.57805956823597
3421, 177.526353738274
2409, 177.39566381214763
3048, 177.26785171820163
1856, 177.24276174830374
1174, 177.16445197793036
1115, 176.96561246434936
450, 176.92897486561003
1145, 176.92222505742657
3334, 176.82240423921502
2009, 176.72470578189046
3418, 176.58964726923213
2753, 176.49487044726553
1683, 176.4153694035001
2819, 176.31905219473197
2303, 176.26011668613606
3291, 176.2510718000254
476, 176.19308332661808
1083, 176.13748654926363
1236, 176.1168954321769
382, 176.04786529376372
1872, 175.99008789388068
2797, 175.98732004036768
502, 175.83592451705215
2715, 175.78829017140424
3286, 175.7295714835141
377, 175.71615461161412
1301, 175.69384057130299
1179, 175.41536821377707
3061, 175.3809788555177
851, 175.27541034098147
3429, 174.9483052671117
154, 174.89052213013912
1608, 174.74705044347215
283, 174.71358096761304
155, 174.69765527089857
128, 174.6578209893431
3371, 174.5970681361831
542, 174.592418620031
1465, 174.42984179513957
3073, 174.32075685924227
1753, 174.30820533501998
197, 174.17819627132397
1031, 174.15278443911487
3086, 173.9717664868683
2337, 173.96564479188095
215, 173.9381409312511
3339, 173.87668446674365
1866, 173.62925952305812
3106, 173.60136852630208
537, 173.57478908729377
1429, 173.522818951721
2408, 173.39563825355975
178, 173.35749786631112
1600, 173.20340504991066
164, 173.1420178176509
139, 173.04555927771145
264, 173.02887887557236
3402, 172.93698683080297
1299, 172.8770760210782
1245, 172.85172273906747
538, 172.71478533380764
176, 172.64347863466446
1607, 172.61527593716892
1128, 172.51962526691517
1043, 172.50486734581258
1979, 172.48703106864198
1445, 172.45581076306024
3196, 172.4431590220426
547, 172.4210536239343
487, 172.4128347298376
3416, 172.14899802446334
1241, 172.09597140982714
3378, 172.00992418515068
2388, 171.84933283274222
2803, 171.83085873447604
1978, 171.79232751601086
397, 171.7282229207975
151, 171.69634689268452
1113, 171.69523603349907
912, 171.52825399529954
2958, 171.44489649402263
163, 171.34650060808158
3369, 171.2195410476979
1849, 171.11156870927056
462, 170.8834065128116
2309, 170.8575864762655
550, 170.8347768948043
1451, 170.69197183954714
446, 170.57798899874302
2110, 170.55842472754497
2969, 170.4975702862438
619, 170.3219762708499
1091, 170.28575806007808
1876, 170.24299618694582
423, 170.16047297476902
1811, 170.10235307800343
2985, 170.07196622481942
504, 169.94906757593498
2398, 169.91743471576456
2754, 169.79450942852907
53, 169.73180804862574
171, 169.68486226353684
1973, 169.66087483937886
3373, 169.58325111779777
2973, 169.49912682558994
181, 169.49230149659675
1094, 169.47696225872994
2990, 169.37941062712676
2733, 169.37614176088832
1218, 169.35667905401843
2315, 169.35138610454865
3119, 169.30900981090525
1183, 169.29469279402383
2068, 169.24776328676154
1437, 169.23673367238433
530, 169.1935224358206
1074, 169.17363730210423
1124, 169.10736078892572
2056, 168.99346370385376
2069, 168.94930156527641
3405, 168.94847925681898
3064, 168.82003773387402
469, 168.7850751037502
737, 168.706055550564
1193, 168.6550414549935
2279, 168.55890483210848
161, 168.38562698110485
1590, 168.29841747390162
1219, 168.2851376814519
2818, 168.24822291774177
2966, 168.18790593931368
76, 168.18001598161499
1060, 168.12825031134847
2297, 168.09723017412963
2271, 167.85958896129011
1200, 167.78607459991133
3407, 167.72934485784785
3166, 167.7127133861175
1030, 167.66947121063137
514, 167.65806484652725
2968, 167.65596361627928
3423, 167.63768780176562
3381, 167.63125247621687
1444, 167.6085178151016
1169, 167.47992376768178
1865, 167.42650125716935
1085, 167.386903236524
2100, 167.38406090562577
1035, 167.2792640908666
132, 167.18341306300948
2747, 167.16376749323092
820, 167.1585996403221
1247, 167.10598017235006
414, 167.07582087043295
1248, 167.0379351006281
443, 167.0206556030599
1089, 167.01696437758812
3058, 166.87530565934622
3436, 166.82079095123112
336, 166.7719611296041
1442, 166.72479684493
119, 166.58981513543227
2783, 166.50869073764508
2386, 166.30631780208964
3353, 166.27264667990335
2763, 166.2510130795383
1464, 166.2015382107301
556, 166.17825442390566
1027, 166.07804786748264
1462, 166.05973887710084
3227, 165.89772578958195
1117, 165.88264291399005
1736, 165.7432830168819
3331, 165.51449090677818
2979, 165.5083671006694
174, 165.4687921345504
157, 165.41136681268486
448, 165.35249551752798
1202, 165.29520786273832
582, 165.2938935235085
430, 165.291699402966
454, 165.2899454625009
2918, 165.21725139885118
3277, 165.17734088769544
373, 165.15246256962112
1450, 165.14438738984788
532, 165.14224351758932
3049, 164.96782274588622
227, 164.94956042946208
3340, 164.91796805248342
162, 164.91065107380675
3382, 164.89038493051265
3181, 164.8104301424485
45, 164.73033302577903
2105, 164.71481853682135
1689, 164.62453788644632
262, 164.55878867676776
3408, 164.50776403112835
736, 164.495878808183
2071, 164.47348394630552
3108, 164.22684534377396
1531, 164.18561790123164
2382, 164.16330928383198
481, 164.007142714667
2312, 163.90945862466072
1119, 163.9089759289549
159, 163.90586657559027
3072, 163.89258440380834
153, 163.73782900962203
3370, 163.68703459363562
289, 163.6682683390671
3070, 163.464193604764
2548, 163.45463767939097
146, 163.37457216004304
505, 163.2913410760342
3303, 163.27425074409734
1911, 163.21807502834267
429, 163.2146058615253
3317, 163.19025835422036
41, 162.95237646966572
2792, 162.91144814025552
3077, 162.8971877638466
2033, 162.8558312934356
2099, 162.83079055723164
1651, 162.72040482601028
432, 162.7078859489486
3155, 162.69272478879543
3089, 162.67866782230246
71, 162.66028218899893
2292, 162.3397750589539
169, 162.3114852654321
1230, 162.27802749694607
2301, 162.03861999066584
1066, 162.03522958649464
3055, 162.02592797018076
296, 161.9319806976306
535, 161.79259003563755
3385, 161.74754408581714
1584, 161.7412499517374
1126, 161.68770375266078
1040, 161.64092135574631
3118, 161.63919214247272
2302, 161.62827631632715
1676, 161.54122681700352
531, 161.5205318946637
1166, 161.46552686243157
1603, 161.3163678176894
124, 161.25556630584555
3046, 161.20929756499652
3247, 161.14223616218084
263, 161.03344953603658
3437, 160.99075627867668
3419, 160.95562410995439
211, 160.91915667392206
3148, 160.85110220550823
40, 160.84354938565684
2260, 160.8158196900051
3107, 160.75136363214506
503, 160.6696919542202
457, 160.65104702224332
1448, 160.6280713179017
458, 160.56158975963456
39, 160.54598188939337
1086, 160.53199567845692
368, 160.5270376970637
1624, 160.51468959792024
207, 160.45752477843038
1234, 160.29279171756085
3135, 160.22112734192447
2777, 160.17307092883922
1110, 160.14362857816928
2022, 160.09827184295153
1075, 160.0153527366471
1263, 160.00504975161937
3114, 160.00139865147946
251, 159.99144917001766
1173, 159.98202852497508
170, 159.97449150681223
186, 159.9297659887925
1187, 159.88306643192018
188, 159.88228998891734
554, 159.880720976643
1072, 159.7694802770508
2265, 159.7391125026648
221, 159.69863224933846
1964, 159.64297175117454
2311, 159.59114834363146
2735, 159.52080371553077
1610, 159.467109868303
1239, 159.3553193356092
2394, 159.29779526945927
2380, 159.2566778611497
1129, 159.06823638385586
3302, 158.95840234717616
1585, 158.95043866729796
2277, 158.93919317493473
1452, 158.88018855472677
2015, 158.85980290290735
3388, 158.84253910896632
557, 158.8207621177306
3401, 158.79293256208575
2986, 158.7137696319418
1161, 158.64403120224608
2310, 158.59796513164494
2267, 158.57641188817112
2053, 158.57129191247228
1203, 158.56071775669068
284, 158.5591861163701
1132, 158.52036767771114
1583, 158.44379448350762
200, 158.41870599046305
671, 158.40883316455148
202, 158.2758328787942
3054, 158.17974005043965
2791, 158.10379031856442
3069, 158.00911022203428
180, 157.96502657024348
3275, 157.9643326643816
3341, 157.90561603028
482, 157.8592265053157
158, 157.81381822527374
334, 157.78345815376355
539, 157.73506525575246
136, 157.71725012702916
1994, 157.6918963176843
2961, 157.69164048379554
456, 157.6680062671722
2274, 157.65146579395912
501, 157.53149522146919
3179, 157.43745285872487
1228, 157.40588139929983
494, 157.3608379402795
3191, 157.33938129792415
2740, 157.28513203573718
1533, 157.2333690723195
1026, 157.21783597898133
1071, 157.07455569699692
2348, 157.0738018841269
295, 156.9630926043573
2424, 156.9538846557823
175, 156.95152833529886
1143, 156.9182725338015
1215, 156.851398195634
2807, 156.75525506396167
2964, 156.73628838757386
444, 156.71071651860063
3379, 156.64607603743306
3142, 156.50181593013565
98, 156.38408200365694
3403, 156.36730711005674
293, 156.2980490612533
437, 156.29279744545514
2050, 156.26504790942565
3389, 156.25298729409735
123, 156.13523270491626
2737, 156.05846711862802
2298, 155.9982139171345
2266, 155.85634619489605
2407, 155.72257421872482
213, 155.71081447373544
860, 155.69047034849999
2306, 155.60586709002075
3409, 155.603221227564
3167, 155.598250109722
220, 155.46960408217944
1032, 155.46292785056835
1975, 155.42159517257528
333, 155.34683268038117
1848, 155.29494852668486
2962, 155.2434960365246
329, 155.18737777725866
2963, 155.1533199364416
428, 155.08581919147952
1456, 154.79734320513785
669, 154.76903507640625
2252, 154.7433297965884
2308, 154.73869841273284
2223, 154.70838965963384
1851, 154.59071507595655
3169, 154.52191354366724
642, 154.5193512066953
3426, 154.5069286362885
2055, 154.46815471313812
2070, 154.457754759713
2764, 154.43081242974824
2989, 154.42680488401544
3210, 154.41790078801222
3189, 154.4084072227013
1233, 154.33798614938743
2018, 154.2804760510322
1260, 154.2786074079449
303, 154.25299886115945
152, 154.2448676186017
2772, 154.22883709475798
378, 154.2281579762574
483, 154.2126368999427
453, 154.1982139625572
1076, 154.14124840372523
1090, 154.11903347394107
2746, 153.88716387157746
2006, 153.88112256076147
3205, 153.7358880411662
2088, 153.5632313929001
2059, 153.3740910648928
3010, 153.3649667851534
2075, 153.3637283170788
1581, 153.29363626758084
3065, 153.27108840727317
332, 153.26098069730455
832, 153.1902150193523
1252, 153.1608775422516
3203, 153.13120393621344
1912, 153.0793559323118
852, 153.05732888982686
1432, 153.03690204654697
330, 153.00071447266382
3404, 152.78965755781186
3445, 152.75811562749394
3172, 152.69866533319282
100, 152.68956298979455
2352, 152.56141280564802
773, 152.54122347269612
2103, 152.47241006100293
3032, 152.4330885996433
2011, 152.3659475241704
1997, 152.35378354873288
1995, 152.3131711727395
2086, 152.30916587964978
142, 152.2871102082363
37, 152.26853225773237
1963, 152.2305871359443
1980, 152.2167343698819
1184, 152.15544908483895
392, 152.08688781147376
3212, 152.07905692370898
380, 152.0680978450423
3182, 151.98938277793704
546, 151.96417561944455
864, 151.90654676368402
478, 151.90023545166696
410, 151.82379047780245
2300, 151.71647593755574
2790, 151.71582018236978
3149, 151.67241897062283
2389, 151.66583806616939
1466, 151.4696444134266
2276, 151.38805030370781
3202, 151.3548363034147
471, 151.31122898484065
1991, 151.24055343109242
129, 151.1789150958871
1177, 151.171347164389
2016, 151.1532237240154
467, 150.9815052650512
3174, 150.8104249630965
441, 150.78672854129192
2263, 150.7349957806294
331, 150.72707304914172
1690, 150.66738372322118
272, 150.64546431930594
677, 150.62336342277425
1259, 150.56838076506537
3447, 150.54719062540104
208, 150.30365630684216
2786, 150.27826540803983
3434, 150.23015252614476
475, 150.0897230388293
297, 150.07333843721472
3285, 150.07169547530177
2766, 150.0278313785334
3128, 150.02347580812216
2774, 149.98139368024903
2261, 149.85413259108245
3424, 149.75124275724312
3281, 149.68857831628029
2026, 149.5720083358223
3298, 149.5096819817453
365, 149.46961203918704
168, 149.41374328877168
3214, 149.33243357502752
1098, 149.31344235465897
451, 149.1957239621635
3190, 149.1031894734785
914, 149.10214101483064
2024, 149.0902858444953
130, 149.0567830465003
1111, 149.0424436985127
464, 148.88959551519366
2381, 148.87103254140862
2296, 148.8423629416613
3175, 148.83046669296942
3386, 148.82179652348768
1459, 148.81034658754027
2987, 148.7217655604308
466, 148.70262286684195
1517, 148.6682188242407
46, 148.66255727814578
731, 148.6232670203399
3056, 148.57366134279835
2278, 148.55454566318144
2863, 148.5052726885364
79, 148.48667018900204
2757, 148.46512096337722
299, 148.4110873596855
1142, 148.3002460542592
1140, 148.21827610874843
204, 148.15334725759837
449, 148.06632015498977
3185, 148.05589241907816
2029, 148.01854996056727
3173, 147.98451677194524
2817, 147.944195524285
2759, 147.88882273739137
534, 147.8597090869256
1521, 147.84324206467463
1604, 147.83713674409265
2083, 147.82443358260429
2354, 147.7450538627479
583, 147.70997281274347
3300, 147.70430977663187
496, 147.65535552855405
75, 147.64741547510144
2767, 147.6470401746245
488, 147.64495851617264
2734, 147.5944729770256
328, 147.5257721266919
2109, 147.24985912619772
1172, 147.17395545863755
173, 147.13665530006415
2744, 147.06231593395188
1770, 147.06076919350136
1077, 147.05451065779621
147, 146.85912798006797
3098, 146.72736237874193
3110, 146.67673753797803
3208, 146.57571454590473
3057, 146.56660631134622
3226, 146.5031194193742
3244, 146.46776989294887
2032, 146.45039881496456
2091, 146.37163910489105
1029, 146.3274869822641
2820, 146.26413457400136
2224, 146.13249862551223
1256, 146.10317342334898
435, 146.09475969335537
738, 146.03542517318454
2965, 146.01099199296036
3283, 145.99193208278794
3245, 145.98373270520744
544, 145.9619373995052
335, 145.95566635956138
401, 145.94673851963026
1893, 145.88653712968448
3042, 145.73701456681505
2507, 145.7189724276878
2027, 145.71025775813044
1587, 145.7084447409863
480, 145.67101679180576
3440, 145.62771602670944
1850, 145.62188442058252
2776, 145.61761608345918
3276, 145.60230353578078
203, 145.5572268151368
440, 145.52955086581707
3348, 145.51125392822502
193, 145.45053384748917
548, 145.44898052046094
1513, 145.44092185371653
3292, 145.35739681510626
2076, 145.330978633361
2078, 145.32952247515095
415, 145.28218873359046
485, 145.27691942190978
1443, 145.23930514123688
1204, 145.18206354813475
3093, 145.1438978791355
2748, 145.10068370435982
2825, 145.06458571567256
1502, 145.05435429804493
3159, 145.03237101824382
906, 145.02622512931023
2920, 144.99915266094243
2722, 144.9047875962224
2013, 144.89032316457224
470, 144.72725085614942
1058, 144.72669267860812
479, 144.6720703343883
433, 144.59375992161105
540, 144.55529832228962
1611, 144.54835230158682
913, 144.54468178012053
650, 144.5138939506301
1063, 144.50434466129104
2285, 144.4176744448123
1434, 144.4072720594377
1433, 144.4072720594377
1105, 144.38536985849672
1880, 144.1810515636195
2291, 144.1594324755789
588, 144.10883199249105
425, 144.00466546393037
2773, 143.92932694668085
1870, 143.92458886423395
372, 143.812187912383
2045, 143.73368646924555
861, 143.70927676344496
2751, 143.6479159602748
1675, 143.64414483415874
608, 143.63549529649407
126, 143.62045736868296
1853, 143.53498912739767
1100, 143.49225520442099
48, 143.45744532076432
2019, 143.36106986363083
676, 143.31028803545303
1910, 143.14355909218253
3293, 143.09055415233797
51, 143.0599044765956
3297, 143.02735241623895
3006, 142.9833460190742
495, 142.93951580798912
1159, 142.91886118883656
1081, 142.88787192440847
288, 142.77177682643233
468, 142.7654951119712
2415, 142.7626939032257
52, 142.72121587646632
862, 142.60498829581894
1087, 142.57005673253843
2622, 142.51714455344697
191, 142.48345187060806
189, 142.43882214417445
3209, 142.34843899138613
2020, 142.29050528918654
217, 142.28347659984078
2988, 142.24267600063084
206, 142.1869604314416
1235, 142.113543995844
34, 142.01695489152164
2802, 141.88794804572692
1221, 141.86755564278488
3176, 141.85494363984049
2723, 141.65743015509415
1914, 141.58100813875814
2272, 141.5618084160452
2257, 141.55104847064274
1859, 141.5485434922778
2419, 141.53155599211706
452, 141.51598467919183
148, 141.50733976343335
3435, 141.48365396670553
2768, 141.36800051522215
816, 141.36553573152946
1993, 141.3271898361995
3083, 141.29842241868013
1686, 141.2628330544351
1381, 141.14247406350196
562, 141.14080258319916
3213, 141.09515654877535
3079, 141.06086152326452
274, 140.9774758857704
3071, 140.94091708930245
56, 140.93198490723145
1758, 140.92915274033234
222, 140.8876920309948
1237, 140.83756896795444
1680, 140.80113202982193
607, 140.77868911521008
2307, 140.77330445397774
3287, 140.76999197600898
2981, 140.72930454050484
1515, 140.7118625879958
521, 140.42540524267
407, 140.404417008688
2210, 140.35165594479827
3151, 140.32236418547026
3259, 140.3179015162137
1732, 140.2477173679105
2025, 140.1106812741782
685, 140.1067359519218
1913, 139.91386367664995
881, 139.87507881951112
2546, 139.76127558230877
1102, 139.68701262406148
3084, 139.630123322564
1707, 139.5099273787995
424, 139.3721173768013
3051, 139.22741020124886
1666, 139.2215705906598
406, 139.19067961445234
2343, 139.1506811330417
670, 139.1436429392366
389, 139.1085375004683
1249, 139.10817373244456
1461, 139.08454329147244
1243, 139.0178369899347
2810, 139.0106232361481
3050, 139.00512385865412
3199, 138.93845535047
44, 138.89155292638128
2416, 138.87418612081058
82, 138.84702762418084
198, 138.72663259967814
194, 138.61938360275053
140, 138.60320906790494
2549, 138.60095211972367
3315, 138.590203589637
611, 138.58347681954717
74, 138.58238801866318
2238, 138.5589552784395
1033, 138.5497726971723
2218, 138.54291146117086
447, 138.53235570769573
1082, 138.50836133367335
2391, 138.46904836755928
1244, 138.30329005598526
2294, 138.28690378291768
515, 138.25548223107108
3274, 138.2072816104274
266, 138.1563994478875
143, 138.12605654029838
381, 138.08562813386584
3171, 137.96542139908743
3246, 137.95281937010364
2741, 137.92677995877483
2286, 137.9058929818995
1854, 137.87631821164123
3192, 137.8760746244887
1516, 137.85367386087145
2005, 137.83766511929733
555, 137.78067435173017
3439, 137.75873613201833
165, 137.70167374317614
2811, 137.660462197974
2795, 137.62599776175068
2041, 137.61292070409252
376, 137.56630134126618
2259, 137.5324602385488
1002, 137.48040105161562
3178, 137.25179167161085
275, 137.21886114116967
2108, 137.18482606955632
3413, 137.07744308080626
228, 137.06270566362923
47, 137.03837476909763
895, 136.83140682059002
402, 136.81818840210113
1742, 136.81218457910322
1162, 136.7743998080505
326, 136.7566706194151
1720, 136.74021003960075
3336, 136.7389781671078
1771, 136.61015983550388
2034, 136.50352810161846
85, 136.49635721201957
3241, 136.48837326378012
651, 136.4547415732636
1084, 136.42882586569306
1205, 136.32174235974122
3133, 136.3111039470833
2106, 136.18999897493018
3278, 136.1606239936677
1738, 136.11824948342874
2951, 136.08226563734934
1024, 136.07584806886086
2749, 136.06030566096894
1677, 136.03712182634132
2736, 135.9943265715672
3432, 135.97884203806254
3092, 135.9780346650245
654, 135.9749750435402
445, 135.89490570574355
2483, 135.7821613036729
580, 135.77563018635252
885, 135.7521037136023
2808, 135.74088298859823
3204, 135.67509791001498
678, 135.66388488426063
134, 135.53834135270878
379, 135.508536377176
1687, 135.45065439672234
680, 135.40321713571043
3144, 135.39715881080545
3384, 135.3953861833079
3059, 135.35160035131477
3170, 135.34955459864676
2630, 135.32983206324812
1122, 135.32387708687327
563, 135.27692488516118
77, 135.27458875036965
57, 135.23491068474308
294, 135.23105258969775
3433, 135.20097483807322
2314, 135.18613141858918
1121, 135.1472258691705
3062, 135.13840392235156
3194, 134.95494498028629
3305, 134.87530142432988
1725, 134.79061069809237
3211, 134.75513969195612
3143, 134.69962009479792
3101, 134.68316406588886
1877, 134.61673686529383
3095, 134.60596949384293
237, 134.447410292219
3380, 134.42031281435993
300, 134.41589605400588
35, 134.34932552931116
2793, 134.3311913635341
2789, 134.2510527129206
2003, 134.2490415416572
613, 134.23740511936705
3163, 134.20741825900325
2093, 134.1452431403905
3350, 134.08362655294286
2385, 134.044381820995
1746, 134.04345568581763
1439, 134.01648971697472
141, 133.9943830536343
2513, 133.9674841802357
1722, 133.96395099491232
1669, 133.95451976011236
3206, 133.91372712160933
2666, 133.88687551074378
3197, 133.885716579069
2651, 133.8826129788888
3186, 133.87375889776808
427, 133.8646750988073
3039, 133.8536764493216
1627, 133.8288139845645
2454, 133.8009721309621
956, 133.7983196289495
1238, 133.76715593513606
3304, 133.75646805842038
1685, 133.7327479032655
2280, 133.66284171726383
1646, 133.6413291183062
649, 133.47978480922228
1718, 133.45329116237463
2288, 133.43124077355776
2505, 133.40677512562576
3312, 133.38644062788708
3327, 133.3810409207006
2048, 133.37363052044336
2203, 133.36998298741673
655, 133.34619072477594
3040, 133.2172021756724
408, 133.21279544588796
1970, 133.13300540135396
298, 133.0751343360974
509, 133.07237843390428
473, 133.01888370703912
748, 133.0111739527683
1729, 133.00975613896253
2240, 132.93473781617985
3289, 132.8647780322953
2104, 132.76556382855603
3443, 132.74976956131172
1879, 132.68812427917393
3284, 132.6375959158234
2404, 132.60320668609938
3294, 132.60278450660797
2379, 132.59061444542505
2002, 132.53448078105362
663, 132.49179859731572
1625, 132.39513683920634
3200, 132.36910665670146
2508, 132.311534865217
1708, 132.24751434872604
3243, 132.21698881732726
282, 132.20656281257686
1874, 132.1445963147926
2491, 132.10786665182198
280, 132.0918216305276
679, 132.0209206330877
1695, 131.9415392073661
1231, 131.92662398877388
1747, 131.9132020947366
73, 131.87756873903157
2948, 131.82097607738385
3147, 131.78580274596789
3134, 131.7703683826802
281, 131.66191905497072
2583, 131.6293563025232
643, 131.61206651515187
2258, 131.51981185796362
42, 131.4978633756198
439, 131.1757365469411
3354, 131.15475068364935
3120, 131.05571736449662
491, 131.03337011703297
1641, 131.0231105690519
2721, 130.98876316966064
966, 130.95818711647084
2442, 130.92899286421562
1232, 130.92101665675952
84, 130.8398384382016
1875, 130.67895272000024
2742, 130.67784811257576
1258, 130.66300939416777
2824, 130.6048303132243
2566, 130.58879878715334
1756, 130.3466238339985
733, 130.2915228600793
2008, 130.25582377051825
859, 130.25101303793502
1104, 130.2320670739949
2338, 130.06881820483108
1171, 130.01730659414898
838, 129.89489220489745
3314, 129.89443426124802
732, 129.86483431939595
225, 129.8503430960054
1698, 129.79261290038815
2671, 129.76614037766572
455, 129.75327559852465
88, 129.7459991634842
1717, 129.73519616863203
1647, 129.7104721695922
219, 129.60071191386587
3184, 129.59480558072033
2021, 129.58601408098284
1971, 129.57271620211966
2688, 129.5553955623246
2823, 129.5090605854891
634, 129.50145702955942
2917, 129.4485908301482
2393, 129.38234527246908
2287, 129.32659065270582
2039, 129.32213590245783
3082, 129.3009879890007
302, 129.24442471350326
1868, 129.21929198640643
2784, 129.15824149915568
1740, 129.14885872383522
512, 129.13996035271293
2780, 129.13709243417975
2353, 129.06293668786316
2645, 129.05616162607296
150, 129.03632435159835
3146, 129.00743527769887
1894, 128.95727435411806
863, 128.91122758389153
2524, 128.88588928119447
2696, 128.85822937386797
1106, 128.8455041456927
699, 128.84017014058873
58, 128.82915785734278
2864, 128.80683274576563
460, 128.80433359751487
265, 128.78656935291494
513, 128.75482144665577
2816, 128.73214047154465
2553, 128.72432834284479
2587, 128.70718048668093
2755, 128.50390902259772
2788, 128.4880274136484
1731, 128.47860462023604
1644, 128.37740207841176
3150, 128.32299615766462
2217, 128.31003433282595
1185, 128.30405901988806
1057, 128.28582862613834
2562, 128.2502228520574
1968, 128.21077446550933
3162, 128.20630093606144
255, 128.15725497167975
3352, 128.14569197050142
1714, 128.1155035178099
2705, 128.10187353983332
1682, 128.07031969465743
2098, 128.05647723456946
734, 128.0358680399371
757, 128.0296477572236
551, 127.9481381288263
2782, 127.944385315621
1858, 127.90749039246971
3264, 127.90749031732554
2758, 127.86694048483741
1739, 127.85130681278979
1871, 127.83988861728743
2610, 127.83005721212196
87, 127.82956612177043
518, 127.82449566868786
3444, 127.82363349489597
145, 127.80941272046005
1726, 127.69756525414729
2244, 127.5832710070367
1642, 127.56012833449678
3239, 127.55393560855883
3187, 127.53677349564467
398, 127.4949183091586
2812, 127.49171960456717
3183, 127.48289407759849
3248, 127.28409700920999
2559, 127.282356688523
2305, 127.24758616580641
3324, 127.22556143885467
2558, 127.18803257408268
3168, 127.1703107916228
1643, 127.06876854521407
3123, 127.01888957841868
412, 127.01169608574963
1705, 126.9534864632453
3105, 126.92603429142596
1626, 126.81092614759707
2607, 126.78947098920378
2004, 126.76990349538018
214, 126.58418096122212
3290, 126.51783334713933
2101, 126.48933533273947
3063, 126.48877640824782
2017, 126.39809158826219
2514, 126.38261086878775
1715, 126.34604241171989
291, 126.25806801195894
3041, 126.25418012491812
3415, 126.23006695538712
3255, 126.2079013118233
2536, 126.19919875689672
1703, 126.18247481853525
957, 126.08489335109215
561, 126.07300871618432
2152, 126.05910568681193
965, 125.96290648136794
2694, 125.94210186641388
3225, 125.93073741092213
3129, 125.92896842439194
156, 125.89300577341919
3090, 125.87011632300486
2030, 125.85866076707576
2473, 125.80322902085388
1752, 125.7968414563348
409, 125.77701775142026
1755, 125.7599047333222
2781, 125.73344309386323
278, 125.72936344910663
2690, 125.71805267841557
1630, 125.70819362259735
2640, 125.62581814464595
626, 125.58956724071535
2677, 125.58079987204404
250, 125.51648371849114
2620, 125.4754027430568
399, 125.45964235399845
2710, 125.45932803962538
1892, 125.28666391078666
1721, 125.20701369823331
3279, 125.12565815307089
3299, 125.0421660499685
1869, 125.0347485615165
2571, 124.9596299441161
1692, 124.938673487957
3318, 124.87733877638937
385, 124.85369270149472
3066, 124.85291109750166
1712, 124.80857017062289
2686, 124.80084520367917
3080, 124.79659025901786
2703, 124.79503705323941
2779, 124.74585047285218
2102, 124.67025688649547
199, 124.6634972582315
2390, 124.62283926099391
216, 124.61889886574033
2574, 124.58416283793073
276, 124.49999670293911
3130, 124.46560676347995
2653, 124.44626479039961
681, 124.40565256072304
404, 124.32878969727132
2650, 124.26964507119197
411, 124.23689094384989
2657, 124.22047522136026
19, 124.2177876861038
2814, 124.18333942938419
1710, 124.03537944053714
3207, 124.02221676938336
2624, 123.97848574730062
1733, 123.94303344512288
3347, 123.92332103808496
2756, 123.91773507738768
1701, 123.90425218024228
1966, 123.90246348916796
395, 123.89270909903907
2785, 123.87619561761439
54, 123.80342092663703
1628, 123.75293646462967
3306, 123.74439608627003
2497, 123.74226143244914
254, 123.5466998660916
3111, 123.50642743369053
1631, 123.4008227646085
1735, 123.28103579297871
1744, 123.23895001677765
2745, 123.17117682798909
400, 123.15554260326628
2649, 123.15536010360032
1716, 123.12438019865765
2712, 123.118140464039
2853, 123.06915466785357
3099, 123.05908124742209
2293, 122.99646123648486
1028, 122.98674593111717
3020, 122.97401547528582
2525, 122.94811348430197
21, 122.92726025673437
2111, 122.89031710650225
2096, 122.89031710650225
1748, 122.80469951816828
2561, 122.77924719926828
2641, 122.7646879830643
647, 122.76406945491993
2683, 122.6826135186347
2720, 122.65686872486407
375, 122.62429684567569
2621, 122.59225248125009
2520, 122.52204888561864
2289, 122.49318549394813
2652, 122.47350687456084
386, 122.47115896229211
1463, 122.4453924187121
2572, 122.25310546551637
3383, 122.1836375815916
1684, 122.16619787400245
1873, 122.14411025338372
1891, 122.1175770394496
2601, 122.11141804163964
3316, 122.10354953651186
1659, 122.10222073178547
1670, 122.00256082205152
1672, 121.98215461661871
2656, 121.95435652996359
2340, 121.9479025696907
2527, 121.87997611529516
50, 121.81622745661382
3265, 121.73925790708194
2738, 121.55778583486378
3097, 121.52305057283434
2646, 121.52208358200804
127, 121.5196822243275
3323, 121.46683246624849
20, 121.43570141921104
1741, 121.43320691935851
1645, 121.42634702886272
3112, 121.40741630743987
2668, 121.39227063182894
3201, 121.34491525651477
1730, 121.31480375262653
1700, 121.27776202884304
1047, 121.24237450592264
137, 121.2400000871425
3362, 121.18191565711177
1633, 121.14133620735679
1668, 121.1331108545067
1743, 121.12238564767742
2212, 121.10918441688774
2568, 120.9804663161135
287, 120.93792846997991
2959, 120.93052944231434
2608, 120.89294932902287
2681, 120.88362318697656
1699, 120.87714936251291
1665, 120.87433966615612
1671, 120.86864185782156
2383, 120.86825236766097
396, 120.78120981698851
3295, 120.7569084596456
3136, 120.65423285939879
3442, 120.62234415421531
1754, 120.61855887855187
2580, 120.61299323863575
3288, 120.60680421497366
1724, 120.55315792162935
36, 120.39034819009433
1657, 120.38811500673907
2283, 120.17317739324051
2179, 120.11549830771699
218, 120.09548954650343
2635, 120.09427892695386
1706, 119.97719506374291
1629, 119.8789961218815
1941, 119.83823539445659
1745, 119.75732048472607
3232, 119.67145812421943
2726, 119.64676456742411
2592, 119.64415992592441
2563, 119.61886475088589
2485, 119.61637549600042
1637, 119.56203658290875
3311, 119.54700888773121
1650, 119.39576197390592
2451, 119.3884669175187
1967, 119.33457695348808
2533, 119.32012512806567
43, 119.29045864490608
1734, 119.28508402289505
2466, 119.27847444003557
508, 119.25636954368613
2204, 119.22247174233364
2658, 119.21484446902166
2493, 119.21252170041889
2449, 119.1704273314599
2697, 119.07504603198537
1728, 119.04861310000669
1681, 118.95575013252106
2611, 118.8532757137546
1639, 118.83667821734583
2597, 118.72776092875102
3254, 118.7212221040275
388, 118.70191677955313
1649, 118.65505694413777
3005, 118.62986186734672
1697, 118.61881687044655
2397, 118.48654568830663
2339, 118.48464227563385
1679, 118.38527699221369
1704, 118.36671037517814
1727, 118.35892373157978
2486, 118.31716816272183
3094, 118.3116165470605
1114, 118.27675665408964
2456, 118.27245197874885
1648, 118.19734193567841
2575, 118.1507605466892
2239, 118.07223556616931
1691, 117.90678809592576
80, 117.88693635856124
3231, 117.74724208451937
149, 117.71519497078594
212, 117.68211654898076
195, 117.68071839715303
2235, 117.64050032716433
1749, 117.61398684205899
497, 117.40681722814544
2167, 117.21056621066028
2185, 117.14819829600849
252, 117.11792621650444
2604, 117.10964565924448
474, 117.08197008023023
2528, 116.96391584117602
2589, 116.95721093719926
2461, 116.90253683184501
2475, 116.73777992306127
2648, 116.72519909492638
2655, 116.51284764694128
2282, 116.49468863373963
2453, 116.47511678107034
3007, 116.4020553054028
1702, 116.35997870974651
2087, 116.33559602517153
1674, 116.31926400227943
1696, 116.28007779973461
2184, 116.27001655721789
2139, 116.21049231185623
2226, 116.13220454160702
1751, 116.08164727998697
405, 116.06021906750664
1759, 116.04882592831868
2778, 115.96411507342665
2980, 115.90375163107606
138, 115.81593037619511
1636, 115.80662231119523
2612, 115.74825292409372
2543, 115.57227326943068
1635, 115.49804487862446
3195, 115.4244805868208
2693, 115.36646653261539
2177, 115.36104786597544
2249, 115.31364455168716
2299, 115.30645929693621
2616, 115.28036026154538
2484, 115.18406717611005
3258, 115.11781518983865
196, 115.05522208217148
2809, 114.97491385227417
2673, 114.93603555116012
2623, 114.91755719385364
2264, 114.91470858773373
2564, 114.86081675019446
1750, 114.83049376790407
1737, 114.8022838310971
337, 114.6749625527239
2605, 114.53937537856827
3313, 114.39068722802685
2679, 114.3804557620903
2531, 114.35711044707926
2713, 114.30445282305571
3296, 114.2492591551213
2345, 114.23349398453777
472, 114.14836833396741
2498, 114.13133948970474
394, 114.05065892617164
2349, 114.02075864399653
2346, 113.94712110718778
55, 113.94459917782704
2821, 113.9199608636294
3160, 113.91406163044256
15, 113.88318783994585
2626, 113.86671570747953
3021, 113.81267704381268
2341, 113.77231251058858
2342, 113.7178094330904
2462, 113.58728143899665
2586, 113.52292477215052
2490, 113.43168650458541
2492, 113.42177330432362
2094, 113.37029023076768
2603, 113.34186696164075
38, 113.3029612489236
2570, 113.29574856409434
2687, 113.1769540883213
3262, 113.1178969243756
3091, 113.06185342683595
2695, 113.05197034433372
2606, 113.05132802824926
1652, 113.02726477486955
2519, 112.88767803249247
1045, 112.88322524621557
3113, 112.871281919603
2496, 112.84039665451733
2534, 112.82748690299586
2455, 112.82717540192617
2654, 112.80423312361768
78, 112.79850381453772
2464, 112.73470141610959
2538, 112.73196894613393
1530, 112.73041881112516
2313, 112.72497550758548
2629, 112.6694851052893
2692, 112.65459363552553
2704, 112.6433707101128
2822, 112.55147586190668
2511, 112.52339955286905
3193, 112.45303289756512
3261, 112.43452027530849
2284, 112.36181324733406
2707, 112.2750685942434
3180, 112.24209320744119
2869, 112.2073855772371
1960, 112.13531433870173
2675, 112.07440927607662
2638, 112.01081991670081
3344, 112.00148869174252
2506, 111.77720185304148
2600, 111.71967545515575
2700, 111.70890326152617
1557, 111.69329038208922
2522, 111.6612911955685
3251, 111.60688969566934
2499, 111.51699891780812
1655, 111.42897784996359
2581, 111.41049332723631
3329, 111.36497553748978
16, 111.34731513292877
2509, 111.34606373792643
2452, 111.26842666715476
2644, 111.22734292962431
3260, 111.02832460818465
2665, 110.97684730512609
3361, 110.95633205359199
2479, 110.9356285288513
2727, 110.91243778644166
3019, 110.79429361047406
2460, 110.72070227933109
2495, 110.71952297772741
3364, 110.60329542801506
2662, 110.55855841304691
2632, 110.55489458306356
3165, 110.50677019789626
2760, 110.43097570135988
2488, 110.42680163958103
2079, 110.34163694002135
2698, 110.30523920325544
2044, 110.28023368883447
2440, 110.03464639034476
3100, 109.94472759813343
83, 109.89884880204045
2037, 109.85596475759704
1559, 109.84577644714163
2530, 109.72650695560387
2714, 109.28715400968716
1847, 109.2579136237298
2401, 109.1500514204592
3301, 109.14524482980126
2092, 109.05443632940639
2743, 109.00893255355653
2477, 109.00494190272235
413, 108.77194039103668
2565, 108.74026419230893
2625, 108.67500581170039
2535, 108.60393284147867
2970, 108.55603541281063
2684, 108.3409160436483
1664, 108.32714514599944
3266, 108.2847544656614
2670, 108.26459380264414
2537, 108.06605812039301
2444, 108.01325211810293
2598, 107.83653306365507
2061, 107.60333203397118
2591, 107.59058423679603
2634, 107.57205880974239
3357, 107.41625676249876
2664, 107.37878631493184
2552, 107.1533754454733
2472, 107.06345434664307
2660, 106.93054813109045
2667, 106.91731287122057
2669, 106.79421308035722
2576, 106.74734946798154
2659, 106.74128205945802
2699, 106.66336128214496
2494, 106.62756408826709
2474, 106.55885235350755
2502, 106.47155674540419
2501, 106.47155674540419
3033, 106.40224311693589
2457, 106.33796646196328
3008, 106.32182498958024
2631, 106.31382878834887
2405, 106.30574029358755
2691, 106.27611781694004
2661, 106.26389299955984
2674, 106.22584245423963
2617, 106.08540613227512
438, 106.06154773729942
2469, 105.9799052351535
2510, 105.88778864572932
2614, 105.87688842495298
2541, 105.75391437501032
2542, 105.65146999225051
2609, 105.6310075804884
3249, 105.61821732007455
2448, 105.53939247666092
2627, 105.44262586918683
3253, 105.40579497465757
2521, 105.34358550677554
2476, 105.27787828897928
2637, 105.24085315264321
2504, 105.06670522683703
1109, 104.92812432516729
2724, 104.85883013630838
2702, 104.83888252205617
1300, 104.73389878394113
2089, 104.7245314158062
2678, 104.67832562912724
81, 104.66456525948145
2956, 104.66242132333538
3325, 104.64166896422599
2619, 104.60521733334656
3263, 104.549624579095
2567, 104.52232822402159
2478, 104.40880602867784
2557, 104.37694854460848
2676, 104.14692838562453
2074, 104.04329446720448
2706, 104.02547700388357
2467, 104.01211621650909
2866, 103.96908636496026
2585, 103.89393610911132
2529, 103.83248813585101
2560, 103.76004771735258
17, 103.66395435161466
2082, 103.55209425643882
2459, 103.51972248209812
2544, 103.43710074482414
2554, 103.4161095025285
2577, 103.33240149035551
277, 103.2552163050153
2595, 103.23699519686829
2663, 103.0818262977157
2633, 103.06409075166475
1560, 103.04184784703726
3250, 103.03889318882707
3326, 102.9800756345923
2642, 102.94097964137843
2628, 102.91742673655675
2482, 102.89560218258039
2573, 102.83972989440387
2685, 102.77857836549482
2689, 102.45292660236237
2618, 102.40556529045892
2523, 102.39413858371721
2545, 102.28712599229803
1969, 102.26197497375344
3365, 102.23678967798715
1052, 102.19069815754771
3358, 102.02382073079478
290, 102.01004244746841
2480, 101.98434388076821
2701, 101.96008781639512
2443, 101.95443785745626
2447, 101.9388826284347
2680, 101.9256712885366
2445, 101.89539284634064
2909, 101.83492209291416
2481, 101.69407304016688
2588, 101.6683558809021
2463, 101.66284011860725
14, 101.65708894449956
2047, 101.57449785389919
2458, 101.45263918580461
2465, 101.38084841325814
3307, 101.33010721836047
2613, 101.27075637142296
2602, 101.26292455038033
1965, 101.24580837953228
2489, 101.11011593923051
3345, 101.00979478221512
2487, 100.99042223867434
2643, 100.9697616458238
3360, 100.86301409523641
1520, 100.81764154878695
2599, 100.81239452022758
1046, 100.67584698341071
2516, 100.63576019965356
2512, 100.57561655437523
2584, 100.53059428832238
2593, 100.47394866793753
2728, 100.46627001712044
436, 100.4397878223359
2081, 100.27879033383549
2446, 100.15394633049056
2708, 100.09034750707607
2540, 100.0648073380855
2639, 99.9335852894354
2636, 99.81421391246094
3252, 99.76568453000702
3391, 99.72377211934965
3308, 99.41970081410834
2052, 99.3481859054635
2077, 99.34798520167313
2555, 99.33870789620991
2582, 99.30776534132319
2057, 99.30733429294612
2590, 99.22860319905514
18, 99.01220439640545
2031, 99.00143956420513
2090, 98.83875073510892
1519, 98.71445915091338
2526, 98.63431055027515
3177, 98.53018956473029
2450, 98.32849476099751
2468, 98.27011427004507
2441, 98.19289117365294
2914, 97.95218343737874
1537, 97.9243705120557
1103, 97.8430097778019
2539, 97.73583787121565
1053, 97.68373206803945
3446, 97.6591416734417
1118, 97.45354300028673
2596, 97.09901110521244
517, 97.0666809767014
2709, 97.03060278576508
2647, 96.35737486466743
3343, 96.3392421866046
2615, 96.20466743281072
2066, 96.05433932970332
2060, 95.85378887895595
3238, 95.79164610549364
2579, 95.77250117304388
1558, 95.50377410828773
2038, 95.40970582310152
22, 95.40367651574226
2471, 95.33751486431234
2517, 95.2864396870991
3359, 94.83977731292568
2594, 94.8213454210401
2500, 94.58902739452566
465, 94.2320503533505
3438, 94.21220683378067
2916, 94.10922898554159
2040, 94.00613401961432
86, 93.89152265920863
500, 93.80282757859887
3085, 93.67755556494139
3237, 93.48635172263637
2503, 93.43074498068981
1878, 93.17922687686665
2064, 93.1650868043095
2046, 92.81139514004882
2732, 92.73580358489092
2515, 92.70678523163097
59, 92.510524070317
2058, 92.41849100776808
3346, 92.38443037841124
2036, 92.21681279840116
2682, 92.13744730187955
1164, 92.10349880998298
2470, 91.51909618210523
2578, 91.14876114158723
3363, 91.00462859129061
2043, 90.96011276790702
507, 90.79735474949577
2725, 90.2372119110446
3240, 90.11772797928938
2063, 90.04806433442731
461, 90.03671572313496
459, 89.84927988090985
2085, 89.81264071014117
3242, 89.75665469907344
63, 89.23453076472988
2569, 89.23424591758915
2718, 89.17793703642892
3256, 88.88612102185697
484, 88.81639989728573
2672, 88.3608908925448
2910, 87.98060797848613
111, 87.83127807179007
477, 87.58356819699253
2518, 87.11439401346135
273, 87.04497400068199
3257, 86.80815279281423
292, 86.59121701170908
184, 86.5541664110305
2532, 85.78259599215488
1535, 85.5709862643654
2556, 84.87481691893018
1051, 84.58599186403676
2868, 84.41900940481577
33, 84.30508550159838
387, 84.02107910808954
1165, 83.98169633252931
442, 83.94792064814929
185, 83.8793783320325
1093, 83.52727331897577
490, 83.16675312481998
60, 82.94905149830198
2054, 82.917203176517
3282, 82.75824507276691
305, 82.62742644755859
1092, 82.36944138891646
590, 81.94052008691484
1972, 81.60467287288606
2035, 81.43526705463317
1054, 81.10637008165722
223, 80.5506307992528
2049, 79.87870506286437
187, 79.87549534387414
2924, 79.57450271666477
2711, 79.51415928029503
3309, 79.49840019682729
49, 79.1516004605778
2062, 78.63764150362074
2042, 78.30795337172526
224, 78.29953860167055
286, 78.09746056384269
1861, 77.97233456196058
489, 77.61858581529441
2051, 77.33728691411223
2107, 77.21286555551018
2912, 77.17044412482178
2067, 77.03598829442794
226, 77.02120219950866
1536, 75.66242408959373
2925, 75.5363426182671
2923, 75.37044879585402
1048, 74.95221502236951
301, 74.18147732692564
2072, 73.80294513329818
1049, 73.17033850015633
285, 73.11943590342143
2931, 73.04646078939115
1925, 72.57200230243194
393, 72.50174269686975
2871, 72.3042943366728
2084, 71.82532941296887
1863, 71.3094936774067
2940, 71.30931838371895
1050, 71.12514682925479
2929, 71.10408895691776
2922, 70.96103496069018
2928, 70.91735637741246
795, 70.24266639396492
1158, 70.09512536758804
2926, 69.78205176442385
2937, 69.44150412006036
2952, 69.26483999740377
2872, 69.12368249051487
2921, 69.06420885518982
2927, 68.96353447186465
2911, 68.92137149575068
2938, 68.41143819565109
2933, 67.91720824789319
2939, 67.37917626866145
2941, 66.5488699724608
2934, 66.30896534093584
384, 66.02808382284314
390, 66.02765660104683
2954, 65.89265937874805
2957, 65.25734963796623
1534, 65.25382888302704
2073, 64.743276594171
3412, 64.03340378952637
2943, 63.79260052890018
2955, 63.726489346590796
486, 63.02180549639216
2930, 62.89433163867106
2870, 62.856502439678266
391, 62.694589345510956
2873, 62.429069297519774
403, 62.177376941288166
2942, 61.43397901046593
2865, 61.328183183255426
1064, 60.44207217424419
516, 60.227176740897285
1468, 60.14993621796705
3145, 59.002413544355704
2867, 58.540126072757076
3411, 58.46321868446119
1862, 58.322051803925675
1264, 58.20277384777376
2012, 58.030863223877724
2739, 57.820648469301865
1157, 55.864614421877505
519, 55.84867560251667
493, 55.62026532949828
3121, 54.685958194345275
183, 53.09460411505951
3161, 52.209297208337716
1612, 50.54684160212047
