413, 4598.659242543533
3266, 4478.278007789648
3357, 4141.531002418144
3100, 3918.4206655344847
3165, 3815.3555623945053
83, 3777.8540330964997
438, 3639.4777818980624
3301, 3584.5288185084164
16, 3385.1587435867636
2727, 3317.1994529623225
3329, 3124.6574914868424
2664, 2951.7989147201256
2675, 2940.349394621565
2510, 2937.4956770772073
2488, 2933.1331619188795
2457, 2894.9487153960863
3364, 2892.4546538548852
2444, 2835.574275721944
2661, 2798.962077086585
2869, 2765.223349619302
3261, 2674.4175161700077
2535, 2674.4103195292428
3249, 2652.6435143133153
2743, 2629.0106319400043
3361, 2624.8790173887865
3033, 2570.4106211599083
3260, 2521.2962680933556
2674, 2520.138315044028
3193, 2501.773159251585
3091, 2500.2997769874783
3344, 2497.7602997642853
2565, 2423.5712339898805
2702, 2421.7790971614686
2474, 2410.237530924953
2469, 2395.2697197542466
3262, 2365.7831486688924
1557, 2364.2147616390657
3008, 2353.141517861605
2476, 2351.0762621793842
3253, 2327.580219618159
2591, 2323.603845477019
1960, 2320.770116248322
1045, 2298.39522875688
3113, 2276.1395271657457
2637, 2242.435257278889
2617, 2234.674335411547
2542, 2230.4045335601045
2037, 2221.9402665903585
1109, 2216.76144047097
3251, 2212.549695745178
2044, 2195.877085819753
3263, 2194.9419963442588
2448, 2182.4364718190864
2667, 2172.1749024180453
2956, 2171.253775793392
2760, 2156.7825910314823
2529, 2144.2128716604147
2522, 2136.6336360754503
2724, 2124.986423063217
2822, 2113.673341119406
17, 2109.0030742578797
2631, 2105.6492462722053
15, 2067.1344387935305
2472, 2061.945940026773
2061, 2054.650107897941
2704, 2046.937419141687
55, 2023.8991191566167
2699, 2019.074249117126
3325, 2018.491085777471
472, 2010.57555039778
2707, 2005.5484440826394
2576, 2000.8678202956073
2627, 1997.7376005886165
2866, 1990.1630534682586
2581, 1970.359537937473
2687, 1959.3553550027514
2499, 1938.849741036122
2521, 1937.3071925723468
2506, 1935.3691935004265
2585, 1934.7315871434269
2511, 1929.7240722301476
2714, 1920.7468859675375
2089, 1914.73635136331
3180, 1913.8510275690608
2519, 1900.8901405708812
2440, 1898.8569354696936
2679, 1895.3562555003016
2684, 1894.3783069402614
1559, 1875.8542427488187
1664, 1867.7531618768562
3296, 1867.5455743086711
2541, 1852.355791113212
78, 1845.6006693280365
2455, 1843.4168681107078
277, 1831.0872505167445
2554, 1810.684006420463
3019, 1808.5638174125988
2713, 1808.4288732976718
2460, 1801.1149360594713
2633, 1798.0411664304957
2459, 1795.707150241863
196, 1794.3982329445332
2504, 1793.7556983845768
2629, 1789.715952535114
2496, 1771.6954673682815
2494, 1766.870874891985
2660, 1762.8734654778777
2464, 1762.2314872679935
2538, 1753.1996708179083
3250, 1752.7267418463214
2662, 1748.6715737580394
1530, 1747.6386129617483
2691, 1740.9746137044265
3313, 1739.3293428601849
3160, 1726.7457562442228
2605, 1726.4304267456037
2673, 1718.6103852248848
2495, 1710.50366706712
2079, 1681.5450862093032
2478, 1675.0099921896615
1560, 1670.506371316266
2809, 1655.6139745023977
2509, 1654.290212970015
2700, 1649.6608549771852
2082, 1644.1172713308167
2609, 1626.6228786450458
394, 1625.655505597779
2821, 1610.5139929950506
2401, 1592.3278458778695
2537, 1592.2824174663283
2685, 1586.8138729300038
2598, 1580.055768858757
2663, 1567.0935989078573
3365, 1565.0204078987817
2665, 1559.0878642360035
3358, 1557.0922336677188
2092, 1554.1274351447958
1052, 1539.8954956435027
3258, 1535.4429040921227
2544, 1533.8330511756503
2680, 1530.8803529074457
405, 1530.0922920466364
1969, 1528.5340895825982
2498, 1515.6912091969486
14, 1512.0117654544679
2502, 1510.534751263634
2501, 1510.534751263634
2552, 1507.1325425533291
2706, 1501.9039130125977
2692, 1500.026826324596
2543, 1495.0110447392153
2623, 1493.7555650476893
2074, 1493.072040752817
2632, 1491.2550389032483
2443, 1489.666046216675
337, 1488.9747608726884
1652, 1486.1553927477478
2625, 1482.9760816827993
2980, 1480.36786418555
2531, 1475.220771009914
3195, 1465.8706700130167
2477, 1457.6631541939162
2689, 1451.9106222655541
2588, 1446.2194153524345
2523, 1446.1946734087276
2465, 1444.811181469307
38, 1435.9881102920158
290, 1434.256329465302
2577, 1428.6719118353494
2693, 1426.1747938591495
2659, 1423.9213775660915
2462, 1423.234315497955
2467, 1420.0449472183648
2670, 1417.1830304849457
2094, 1414.3269554544518
3007, 1409.7688461137332
2595, 1407.6127646378095
2573, 1405.854785151404
2560, 1405.2271235648939
2530, 1402.4205069237325
2545, 1399.7192636211905
2654, 1394.626497497709
2586, 1393.8930487677264
2628, 1389.7328851086904
3307, 1385.0283312233933
2698, 1381.9862427156684
1847, 1372.699595599292
2600, 1367.7809152279679
2482, 1367.3324342188944
3345, 1364.5699233456157
2405, 1359.5391747095262
2534, 1354.993906283289
2479, 1350.8043857963883
2695, 1342.7825105762222
2626, 1342.7426358380558
138, 1341.6542084205535
1655, 1341.5089662991725
2480, 1336.420421387344
497, 1326.6998790925693
252, 1325.1140306976188
2676, 1321.5342803513363
2528, 1320.6354348406646
2512, 1319.6045103937815
2490, 1318.2612403045682
2602, 1317.1846560176118
2613, 1316.4592444230477
2669, 1315.2552470214314
149, 1313.6166521857965
2492, 1304.7517249057057
2570, 1304.6896260867995
1046, 1304.3580980302138
2643, 1304.173805420609
2614, 1303.518986990752
2678, 1302.2855301744366
2447, 1300.7247726813705
474, 1300.4603858250175
2567, 1298.1186389934128
2909, 1292.1629846894189
2484, 1285.4926611111962
2445, 1277.854243462167
3094, 1275.4176144810383
2047, 1261.3552245374262
2452, 1245.17096183749
2728, 1237.818105171789
436, 1227.585217979684
195, 1224.7912979259863
2638, 1222.259164983059
2612, 1221.5364135908467
2475, 1218.8928820014603
2708, 1216.2204089920006
2778, 1212.1323848890531
3021, 1206.702043394312
81, 1201.7930988569162
3254, 1200.9042752110272
2458, 1200.8262997181807
1751, 1196.308462898281
3252, 1193.1111147323556
2616, 1192.406462166326
3360, 1187.6806645451882
2619, 1187.5141972326949
2599, 1186.8425437589187
2397, 1179.4763118575886
2489, 1175.4164861019315
2456, 1172.6291028919188
2701, 1168.8060113193571
2453, 1168.6630344152627
508, 1167.3703184670128
1737, 1167.3439337260786
2636, 1157.6037891079952
2597, 1156.294534862015
2481, 1153.994198109674
2081, 1150.8649358154441
3005, 1147.473065319593
3308, 1142.7318354285187
1300, 1138.5367388398363
1702, 1137.2019697348799
2487, 1133.32219506509
2655, 1133.1794807518481
3311, 1126.848138533894
2642, 1126.521714698758
1750, 1125.5164822660588
2618, 1124.8230343055486
2446, 1122.0640292537223
2564, 1121.26545641484
2726, 1118.88642458488
2582, 1118.5672363937572
1114, 1110.672899348458
2087, 1100.7490433036285
1635, 1097.0167755133323
3391, 1086.5891438639017
2644, 1085.1795765741733
1965, 1079.0744119827104
1941, 1075.7163039525637
1636, 1070.4281915102765
2557, 1067.3559685452783
2606, 1065.922644269004
1649, 1065.6460290567404
2648, 1065.0858848597286
2485, 1061.8451688383282
2313, 1059.678684625928
2486, 1057.7274962113877
2603, 1056.5191247994458
2449, 1056.5158845920469
2057, 1056.4192075520432
2555, 1054.5525856577547
2052, 1052.3646674308325
2077, 1051.8180215026457
2493, 1050.4478472965368
2463, 1049.6264605140323
3288, 1047.886749760603
1967, 1046.9272518250896
3295, 1044.116106905605
1648, 1042.5876893128398
218, 1041.0799857478928
388, 1041.0549952682163
2540, 1036.4400694063638
2584, 1035.6898668097774
18, 1026.3761217209862
3442, 1024.6096530915163
2639, 1024.4107875984432
212, 1020.7714068107418
2461, 1020.0635142980951
2516, 1015.7121195339462
3136, 1015.0577688710688
2568, 1014.1369053226108
1727, 1013.3539759558372
3112, 1010.8651239426443
2563, 1008.317851348501
3177, 1006.5742785571753
2349, 1003.0614486118282
1704, 1002.5572698623133
2090, 1002.4892226336127
1047, 1001.901188688299
2341, 998.5837721565083
2593, 997.0198414939449
2575, 996.8670379032551
396, 994.7464619826618
2634, 992.8477488140961
3201, 990.8368555284546
80, 990.730011444693
2635, 989.4090194779953
287, 989.3581278925178
2031, 988.8114986371869
1674, 987.7554539228712
2468, 985.123103531076
2580, 983.9926194013796
2284, 979.7704726765351
2282, 978.9569734715644
2342, 978.3768234502953
1759, 975.2048729568475
20, 974.7912084936513
2345, 973.335515996791
2697, 971.5609392119641
2681, 970.3108625515008
2590, 970.0327432126517
3097, 969.8797665598702
1679, 965.2622954502841
2264, 964.3701599453944
3265, 958.740904962143
2346, 957.3621753874153
1696, 957.2675686252354
1691, 955.8660210295305
3323, 955.5568738992891
1873, 954.2972060142503
2466, 954.1804483209338
2959, 954.1416344328667
2604, 953.9283875641424
2611, 953.8790433149326
1728, 951.7651158492336
2738, 948.8362050208555
2299, 947.7082855781281
1657, 946.4652734822847
1053, 945.7794156379587
1537, 945.0562687808315
3446, 943.4897044268458
1749, 941.1783933582761
2526, 937.6102395255988
2527, 935.7701564526816
3362, 931.1588924767765
1520, 927.8135690476897
2914, 927.3438966099125
1891, 926.9300667964144
2451, 918.1614777630967
1745, 916.9252372808768
2533, 915.2784589804822
3326, 911.9181789840144
2608, 907.7033029476827
3316, 905.5642202385371
1650, 904.5297398069383
1633, 904.3413437048866
137, 902.8038075478617
2111, 897.2773809106347
2096, 897.2773809106347
1639, 894.9118777557215
2589, 893.739293327879
2539, 888.5392558408381
2226, 887.873210978834
386, 885.758868796567
43, 884.455829255447
2572, 881.9200224770143
1103, 881.3463932771373
1697, 881.1432338318128
2185, 880.179989692312
3099, 877.1407308110042
1734, 875.980159969247
1724, 874.1601352487857
2592, 872.4266364979408
2441, 872.2958009114325
647, 870.1318972756557
2167, 867.4079798456835
2450, 867.1006333452602
2621, 866.4202184806201
1706, 866.2229976217144
2235, 865.9424855980624
1681, 865.1843151550963
3231, 864.8856224011464
2249, 864.1133139273032
2139, 861.187549477151
2683, 857.9791164023015
3020, 857.3352660911281
1699, 855.6446876619782
2520, 854.8935405606799
1668, 853.6774475232857
1645, 853.3537187829144
2601, 853.2370941037129
54, 851.0247049050151
2177, 850.7441073225273
1671, 849.3215967562696
2184, 847.6395479343756
1463, 847.3803221988919
2339, 846.3145300867328
3347, 845.4635941688751
395, 844.8873411896931
1028, 844.5771228388478
127, 844.3533642551429
1637, 843.6290628648743
3111, 843.454781464892
21, 842.5457379817416
517, 839.6748921489113
2657, 837.4721402087638
3383, 836.0872998476741
1118, 833.2683551291846
3207, 832.9077981564624
2814, 831.4173074871039
2596, 829.3685273139515
1700, 828.5876724345886
2239, 828.3578350264307
1701, 827.6560205921971
1743, 827.339804347871
3343, 826.8006489657258
2561, 825.3310916237216
2668, 823.480559362426
1741, 822.7420409109844
3130, 820.3840533878628
2204, 819.5139176062103
276, 818.8360514591984
1730, 818.1396036077867
2649, 816.8890100816596
2574, 815.4980552064701
3080, 815.3581115185114
50, 814.3506640130777
1684, 808.6230673529489
1733, 807.9543801112532
1754, 807.1842183253929
2686, 806.1717103389435
2066, 804.9136827073405
1670, 804.6611291283921
1869, 804.5770297993873
2390, 803.1565772332782
1659, 802.7086581217218
2646, 802.5927183561404
19, 802.206739510701
3318, 799.9213610866477
2647, 799.3335025172993
3306, 797.628300270556
681, 797.3233752865516
2525, 795.7259411501495
2756, 791.6902589394276
2656, 790.4156039764423
400, 789.339261238432
3299, 789.2453564482282
411, 785.5487435013091
199, 784.4185152701577
1892, 782.5137496010059
2658, 781.1931161905314
3232, 779.437833986146
3279, 777.7266070597383
2615, 777.223153960076
2060, 776.8158566605377
2102, 775.0888118014294
2712, 774.8994034671456
2709, 774.0915915796032
3066, 773.2860993175167
156, 770.3388557080048
3238, 769.9226733505327
36, 768.8440508422607
1672, 767.6032794527509
3225, 767.3826378874318
1629, 766.8447183939065
3129, 766.6493949787517
1735, 765.9513729492942
3255, 765.9167924657974
2212, 765.099256066084
3090, 763.7213329360508
22, 762.8684611796946
2283, 761.4448641435158
2620, 758.5278234219119
2038, 758.3750027922184
2471, 757.8527904091003
254, 757.8007670322763
2785, 756.9438040979455
2745, 756.1467737853905
626, 755.9511758232434
1748, 755.7394601480585
3415, 755.4680896581192
1558, 754.7950262997676
2710, 754.1875412009153
278, 752.2634183355208
1631, 752.1805473648657
957, 750.2184308113418
2694, 749.1891226071284
2652, 749.0036367463395
2571, 748.7709720685929
1744, 748.3231242632987
2720, 743.7142952666572
250, 742.9579069011346
2781, 741.4708754525084
385, 740.9858244550682
2779, 740.9031533116877
3063, 739.8177066689161
1712, 739.7837609949205
2641, 739.5648769258069
2650, 739.2579844419416
1716, 735.6582118271511
1665, 735.1751985298231
2677, 734.7714272507023
3359, 733.7724149985555
2640, 732.2199749848853
2383, 732.2095540458616
2653, 731.7336995677304
3105, 731.4260125928511
1628, 731.3488284567962
2579, 731.0317415967428
965, 730.9380615374517
2536, 730.4443198564618
3290, 729.9660366629178
2624, 729.5396512601507
2517, 728.2626538575157
1710, 727.5110269126757
3123, 726.3969922109643
1721, 725.1516868701613
561, 724.8574844515771
2017, 724.0250664558773
291, 722.75713985129
216, 720.7312363287308
2101, 720.3930124231292
2497, 719.6597602482555
3248, 717.8336392254968
2812, 715.3252812335894
409, 715.0492564623673
2500, 711.2633177836935
1966, 710.9744472303945
1626, 709.5201368538986
2558, 708.6321380923533
3324, 708.4482221256969
2179, 708.2606765574591
2514, 706.9626626899696
412, 706.3134605427626
3187, 704.065876440953
3183, 702.2455689142267
2703, 701.7308071622876
2594, 701.6764973598785
2473, 700.7901501037533
2782, 700.2472154967766
3168, 698.0994446533992
3239, 696.2098629679932
3444, 695.9047139285058
2690, 694.6864554075663
1703, 693.802851520947
1692, 691.7161666472391
2098, 691.2181468457646
1643, 691.1390908353459
399, 689.7065257034757
1871, 689.6135542716617
2004, 689.2610554503333
2289, 689.1472223847625
2293, 688.9431883163188
214, 688.350974203616
3264, 686.1192965828486
2340, 685.0601568748981
3150, 684.7454489694867
3438, 684.5701459115872
465, 684.5573646951949
145, 684.3158801811817
398, 683.3202027095373
3041, 682.161895791376
460, 675.7579345588637
1715, 674.9398426237178
1752, 674.001724857852
2040, 673.6551040335235
500, 672.7885956517143
58, 671.1501379216929
2758, 670.2051947203086
2780, 669.3200927299973
150, 666.6641034909202
3085, 666.202466481246
2393, 665.8055259724205
2562, 664.4550606895152
3146, 664.4333386327174
863, 664.2495679059364
518, 663.3271612163845
404, 662.8141667395645
3082, 662.7484189450598
1630, 662.5950049292635
1644, 662.4610752951405
1968, 662.3341683384916
734, 662.1922312171536
3352, 661.1469144347303
1868, 660.9315464119238
2553, 659.5931258854371
1894, 658.1513825551411
1755, 657.6405489299055
2030, 657.2021292906347
455, 655.190749524154
699, 654.6631982500518
634, 654.1713546780585
513, 653.9306716688404
3237, 653.3301695076858
2755, 652.8808785697693
2696, 652.608614648614
2607, 652.2659772914227
2816, 650.7443835248698
2705, 649.4200680605563
1858, 648.2726349081032
2587, 648.1252592975334
1739, 647.5745066865683
88, 646.7356802907464
2788, 646.0797070535987
1682, 642.6339605960719
265, 641.1701863228494
1878, 641.1272190962709
732, 638.8506201467948
757, 637.7218143385619
2559, 637.5653319828946
2524, 637.3176136868549
2503, 637.2021448615808
3184, 636.280149865278
2671, 636.2583319963276
302, 633.0891695247517
551, 632.4542732439267
2064, 631.6759503856806
1714, 631.1206565300433
1104, 630.6547663936726
1726, 629.3776534641713
2824, 628.8221075793108
1971, 628.0023499056334
1731, 627.9890205109549
2008, 626.1236029320235
3314, 626.0153132663839
1875, 625.3916404920337
2353, 625.2866014016449
2784, 625.1082383493322
1642, 624.209556607744
2916, 623.1753378916007
2610, 622.5574886721929
1705, 621.9136096477939
2021, 621.4676089865785
87, 619.7608795551083
1519, 618.9910715083072
84, 618.4729957093804
3162, 618.4389578970114
2515, 616.6333446239936
733, 616.5145363543764
2046, 616.4543642062429
966, 616.2864019283267
2244, 614.5541652268739
3354, 614.0506259070787
219, 613.0757497589518
59, 612.6516947272113
42, 612.0361969286025
2917, 611.4539523137126
512, 611.3431286674565
2058, 608.5378346834686
491, 608.5015003483103
3120, 605.6949463701724
643, 602.9331473781665
2152, 601.5973929995719
3147, 601.3474647043332
1106, 601.1239230200449
2853, 600.8473345712372
2682, 600.308843820142
86, 598.7227812845016
1057, 598.1788720469184
3346, 597.4624964389519
2742, 597.1694824717914
2688, 597.0782080186008
1698, 596.9544664634168
2442, 596.6453485433115
1740, 596.1188206395315
2823, 595.8999685137356
2305, 595.149232021842
3134, 595.1491860065586
2036, 594.5264835895571
2039, 593.2276368262918
859, 592.920065360115
2566, 592.2706536904047
1231, 591.8333903603826
1717, 591.2847964791956
281, 590.7977229081081
2721, 589.9116753773454
838, 589.6146204008473
2732, 588.2660577373338
1756, 587.8538181653886
1232, 586.7951121944132
73, 586.6726887381462
3443, 584.9596241920441
439, 581.11124130177
2645, 580.8682319897446
3294, 580.5735404481172
2864, 580.5650021840506
3284, 580.433204055391
1874, 579.804658354856
663, 579.2333798607252
2240, 578.849401973316
2508, 575.6252504466638
2002, 575.426459747283
2583, 575.3731366077039
1695, 573.9279668892665
473, 573.7436627167717
298, 571.9170057557244
1641, 571.4122949866814
2948, 571.0676733147857
280, 570.4993980185257
3289, 569.0930830367946
1647, 569.0434168684977
1729, 568.4951866298609
748, 568.2143917053543
1879, 567.731801057649
3312, 567.6755616797867
649, 565.9348721583543
3200, 564.2744673484322
2491, 564.2004915730588
3327, 563.3239295340027
1258, 562.7014938736004
3186, 561.6619407035912
655, 559.9390187006911
427, 559.5627954488156
2470, 559.5340701394957
2505, 559.3772358757507
375, 557.7838725384368
679, 556.1771755504855
3206, 555.1642983380946
3304, 553.4541645079406
141, 552.2874244186054
1877, 552.2840916358189
2104, 551.7304173440466
3101, 551.265328228071
1439, 550.7739019288948
2666, 550.3014324898022
3143, 550.2079114399779
2043, 549.6839986995839
2793, 548.3727578111381
408, 548.2750795563263
3243, 547.4819209382988
3197, 547.2746818265317
2578, 546.9627653239471
3380, 546.6811243552758
613, 546.6697880613987
3163, 546.4069895048457
1747, 546.1918515560162
2338, 546.1664807139106
1185, 545.992942776133
3095, 545.7371321099469
507, 544.9996205540574
3363, 544.8087589219411
1238, 544.8059345047463
1627, 543.283636873243
2287, 542.7853337409231
2789, 542.4798788623079
3059, 541.5286630677541
3144, 541.1011718535408
1625, 540.7863760394301
3062, 540.721169810631
57, 539.8385405157171
1122, 538.6702819946878
3039, 537.7478218218398
2203, 537.2050877766035
3384, 537.1856969581389
237, 536.8760809079913
3170, 536.8128513771397
2003, 536.6827391392595
2048, 536.4473661432817
3211, 535.9575695280997
2454, 534.9957596134038
2651, 534.8681892411148
563, 534.6776807712411
1164, 534.4879006887071
1708, 534.1049940038209
2513, 532.9544179842486
2808, 532.6725435366695
134, 532.0150498506392
379, 531.4455137523922
225, 531.2748730728702
3204, 530.8614731564586
3092, 530.6412459102809
2258, 529.5109492331698
3194, 528.6193824034593
35, 528.4754799499913
1725, 528.0573723876073
1722, 528.0304070133441
3432, 526.5109560057624
2736, 526.3060257534272
294, 525.5619966726163
580, 525.2415426456953
3305, 525.0476392199666
3433, 524.5956383206473
678, 523.4330757127083
3240, 523.264907943529
1718, 522.1629846901759
654, 521.7764751113309
445, 521.7539306137278
282, 521.4919127094028
3133, 521.0059559262863
461, 519.7442449745723
1121, 519.7299643704695
3040, 519.7101786680432
2106, 519.6553814267287
3278, 519.4863049700417
2063, 518.6318179751419
1646, 518.5872157380244
300, 518.5010019984801
2288, 518.3388749489646
1685, 516.98505504025
3241, 516.366814198396
2951, 516.1743473195268
2217, 515.7952631659524
228, 514.561059713603
2404, 513.0734505470294
2379, 513.0632332106449
1171, 513.0250816418936
3413, 512.8462168074143
1687, 512.5400061697974
2085, 511.46064985090067
3336, 510.6751571188723
651, 510.5542541710948
3350, 509.877273659203
3242, 509.6713112544069
1677, 508.46875264145336
1024, 507.8655364786795
895, 507.26759481312587
1738, 507.167178280866
2280, 506.2284187960317
2108, 505.54871947298295
2630, 505.4975624532457
85, 505.21690276527227
275, 504.37734099064784
459, 503.60589873857265
3192, 503.58717483295464
2811, 502.42045674443284
2093, 502.36164805692897
3246, 501.87411218649004
1002, 501.82715905413636
165, 501.2232359374754
381, 501.17694954603144
3178, 500.87379394608547
1669, 500.2958920143961
680, 499.5152996069759
2795, 498.8676257917185
2005, 498.82119822095376
555, 498.5683114851486
1244, 498.56678482419466
956, 497.77484971529356
509, 497.3999233154266
1084, 497.28552945683543
2741, 495.9754592513734
2569, 495.14740785018233
1742, 494.98063015208595
1033, 494.86616190925326
3171, 494.380139755537
1746, 494.2747039297699
2749, 493.91314733785356
3439, 493.294898985208
1970, 493.2680658192006
3274, 491.52741471283207
2391, 491.44570478843366
2483, 491.31675782590895
2718, 491.3044025892846
255, 491.2930651468251
2041, 490.2121750855443
885, 489.76014803578323
198, 489.5561043140338
2725, 488.83683231568784
44, 488.5695452043405
611, 488.16720320224283
3050, 487.89175598277694
2034, 487.50183625387797
2810, 487.36230932740625
140, 485.5278873618504
266, 485.31922951561194
3199, 484.663326173361
194, 483.89439715011594
376, 483.5108636672336
1720, 483.4042816487351
389, 482.90113717912664
484, 481.3910580777691
63, 480.45152251885287
3256, 480.43920756524136
406, 480.1709586659879
2385, 478.6879314612589
670, 478.47314010203155
3084, 478.4069522340443
1913, 476.79110520096697
515, 475.6388003691843
3315, 475.16888733051684
2343, 474.18926125206957
2314, 474.11992174962927
447, 474.09393172547357
2238, 472.47496406664766
1666, 470.6082998521791
881, 469.89630621564316
424, 469.6671380231729
3051, 468.8926347403273
2672, 467.248894020769
222, 466.98765580723693
3151, 466.47885349433494
3071, 466.3010035904421
2981, 466.01897024330134
77, 464.43787043354
3079, 462.99771537340405
1249, 462.79878878731597
562, 462.1479705873587
1707, 461.9427176956458
56, 461.1252509953255
326, 460.59289986375046
274, 459.94800904118136
3083, 459.76283642050953
3435, 459.56415320522
3259, 459.2382384703762
148, 459.22552668205196
47, 458.9075518378594
3213, 458.3966176075117
1243, 458.366913193164
816, 457.5703359226919
2723, 457.54826612296074
3287, 457.4855583992657
1993, 456.6799134488729
2768, 456.40695426936475
1102, 456.3197651916858
143, 456.2664634424325
1680, 456.10704953038567
3176, 455.96586311554427
452, 455.7070886422586
685, 455.61896872956754
2910, 455.2611970480124
2025, 454.78382231909666
82, 453.4163905999699
34, 453.2279541740979
607, 451.9831934497585
3209, 450.2517865916371
217, 450.0184791585325
74, 449.9177653304075
191, 448.784200949551
1235, 448.3259093332111
1732, 447.5252139731074
477, 447.0622577922655
2546, 446.1956606720091
495, 445.13576440720806
2549, 444.1159846018385
468, 444.083795182041
1205, 443.7729566840791
3297, 443.3450668425797
1854, 442.8826071128162
1910, 442.7578865862377
1771, 442.5528691636758
1087, 442.3344405313376
3293, 442.16631572541155
2020, 442.0367963754097
1461, 440.58416652655717
1914, 440.4598652587023
2286, 440.1850590368862
1686, 439.3670222044906
1853, 437.9072843374007
1237, 437.70485134624465
1100, 436.1899165594311
52, 435.46130918827583
2622, 435.3807574088277
2045, 435.1551732209321
2218, 435.065589398224
1880, 434.5248951335874
1675, 434.0238575629973
1870, 434.0001037065144
2751, 433.14181118471964
2294, 432.9711529069481
2802, 432.7158301061634
2518, 432.60291556610963
1381, 432.18024678639495
206, 432.0046122291605
372, 431.8958423108154
48, 431.8115802891092
608, 431.6769200354734
273, 431.5495327583835
189, 431.3860151396124
288, 431.09801055504266
676, 430.7934527540218
479, 430.4751257545367
1859, 429.8915355882616
1105, 429.7120393173406
862, 428.4202094141384
2307, 428.4104894291388
3257, 428.02027697839753
1162, 427.2762545167416
2272, 426.53738500494194
913, 426.11567931455477
2722, 425.78733120742714
588, 425.70769469846465
433, 424.7635392408263
3159, 424.7423046893798
1159, 424.709790975945
650, 424.3223486414014
1221, 424.32128020134616
470, 424.24476244198655
2988, 423.8222063200056
402, 423.7351339437851
184, 423.1053828211307
3292, 423.03909087518883
126, 422.43440691516565
861, 422.2978621098914
3348, 422.12709908578665
111, 422.1143749957812
292, 421.4875119531399
2013, 421.2715614575005
2773, 421.0223173380715
1515, 420.01657885200984
3276, 419.9703771556876
540, 419.3564740599064
3093, 419.1551167851573
203, 419.03639577612097
2748, 418.5722407481071
485, 418.49223014136516
3245, 418.19503612784456
2920, 418.119854545831
1850, 417.6897798133581
3440, 417.63462626746355
2076, 417.5754980965846
480, 417.4680846031431
906, 417.2336393028197
2027, 417.18673457523056
1893, 416.9886948807849
3283, 416.6316617157727
425, 416.5603159151086
1443, 415.6852787112802
2078, 415.15517923789844
3057, 414.15219065999116
1082, 413.65497760594553
738, 412.95240273309
1611, 412.9198243007252
415, 412.4415395165882
335, 412.27392086219345
3042, 412.2634811166958
3098, 412.1688110663698
1434, 411.6283599343574
1433, 411.6283599343574
2257, 410.5729361083011
193, 410.2627818104913
435, 409.8292590818177
147, 409.69605053571576
1770, 409.39692922309786
3208, 408.9867690120573
2744, 408.7698904254878
2507, 408.30687428419697
1077, 408.09616512594334
1587, 407.9932473060537
401, 407.9684506386926
3244, 407.57893675897924
1058, 407.25256068885597
3110, 406.7984191552594
2776, 406.49585602268985
328, 406.06773864989964
496, 405.4433436590594
2032, 405.30126667081515
173, 404.97107348826296
2767, 404.4885385095489
1758, 404.3435370381553
2291, 404.2172389860994
1256, 404.09493109198587
2532, 403.5789578734558
2734, 403.0945700132362
3173, 402.5249165070155
3226, 401.84955762783164
1029, 401.6665489550826
51, 401.491839999382
2091, 401.4606681168936
3185, 401.10646870450137
2224, 400.99473667597675
2419, 400.949377906175
3300, 400.7967861115728
2820, 400.2376208762688
2259, 400.2163598920489
2759, 400.21449143468897
449, 400.0684851522349
488, 399.654140030142
407, 399.42256177432506
2817, 399.2758578833449
440, 399.1679460982625
3056, 398.81882294379295
2863, 397.8062004120235
2029, 397.1877982615777
534, 397.12229884391684
1535, 397.07853256292634
583, 396.69787518057603
466, 396.59134405115594
2109, 396.0395468018843
2825, 395.89151848392925
3386, 395.8805760241353
299, 395.50364965155046
2083, 395.4476795340996
2296, 395.0907497849263
79, 394.57788185708984
451, 393.73680162437824
464, 393.27480039904526
204, 392.883908607277
731, 392.3019795254683
1111, 392.1611434256609
521, 391.7690308171724
1516, 391.59599752701774
1098, 390.79178604888006
3190, 390.06403267201597
3281, 389.1686345933122
130, 389.1549741010069
548, 388.5350014453599
2026, 388.4992316280547
2774, 388.03227883050175
365, 388.01667409286847
3298, 387.9565105378328
2757, 387.9518300751016
75, 387.62419486077164
3424, 387.4917849321403
2416, 386.985483851066
3214, 386.79592007436264
3128, 385.9053748558586
3285, 385.43354128926717
297, 384.76607462509884
3447, 384.48935854463286
544, 384.43725630170417
3175, 383.88860530944623
1502, 383.78516139910874
2766, 383.0700011791214
331, 382.8802530995947
1204, 382.74717941986114
2019, 382.65894382607166
475, 382.53868054909776
2556, 382.2219826067606
677, 382.03056819107314
2965, 382.00121108012695
1517, 381.7096583199181
441, 381.2905571748021
3434, 380.30640344506696
272, 380.2724217083113
1259, 380.0227437444563
467, 379.2364517579654
2987, 379.19939924877775
1690, 378.81684155711855
1513, 378.7310479913557
2786, 378.648530869199
3174, 378.4933182295924
168, 378.2682503011363
1051, 378.0902332035676
471, 378.06150372666536
129, 376.5539371191897
3182, 376.09139657158477
3149, 375.8285635068489
1063, 375.79012185026926
3006, 375.4535064267538
3212, 375.34534667724415
208, 375.2706135013831
1459, 374.82811850897014
2790, 374.68783056282024
142, 374.324936718347
478, 373.3546451910822
1991, 373.0592420408765
2263, 372.8662179845951
2011, 372.81363168068003
546, 372.3596042294267
2389, 372.20221860844504
380, 371.95424085369837
2868, 371.7377092191776
1980, 371.7234470357482
2210, 371.4345028285679
3404, 371.43311552193927
1997, 371.1166909997895
2016, 371.088513296244
3032, 370.69013941351284
3172, 370.36353074796364
1912, 370.0539843184138
3445, 369.91231654500797
1172, 369.87348596899596
392, 369.35811531594914
3202, 369.0693564697086
1604, 368.4221726021794
864, 368.33973447081274
3065, 368.0189408834461
2381, 367.88404039516155
1140, 367.77167975584246
1995, 367.22510681352094
37, 367.14209400186974
1466, 366.83316876182204
773, 366.6058339528785
3203, 366.20036395977735
2024, 366.12023601605165
2300, 365.63604094994463
2354, 365.3887350116277
914, 365.3347913791013
2103, 365.3161048283088
387, 365.19994418660144
3010, 364.8239081561839
332, 364.7067871926726
185, 364.62161663244524
330, 364.58558858036076
442, 363.69068632979906
2059, 363.5922697360569
33, 363.33424740254475
1142, 363.2100778496793
2075, 362.9094783367471
3205, 362.3629760154277
832, 361.8992428894919
1165, 361.4841960265898
3189, 361.43388623357964
1076, 361.15323844494173
2006, 360.7685248957206
453, 360.43957200832466
483, 360.2857987627364
303, 360.27363857061926
2415, 359.9164784946944
1233, 359.68245390577204
2278, 359.2449478863191
3210, 359.1306399141241
152, 358.5577779496788
410, 358.517665584219
2772, 358.35295156476315
2086, 358.22813012854766
1093, 357.8868843805488
852, 357.8264384807675
1851, 357.4795238537332
3169, 357.4432620137711
1975, 357.34317027828683
1090, 357.30944260630554
2261, 357.2397472718333
1432, 357.1206218365303
1963, 356.0718156848814
1252, 355.733092853416
669, 355.5875927286597
642, 355.4886506362089
329, 355.37781935937113
1032, 355.1412907836656
2764, 355.0641841844955
220, 354.84386528483066
3167, 354.2630895404524
378, 354.22906023921746
3426, 353.9157990150062
2088, 353.60376288115106
428, 353.58985169243664
333, 353.2222949402766
2963, 353.06804733255007
46, 353.06584142543653
490, 353.0322564901217
1848, 352.9522835603396
3389, 352.5078827028936
2018, 352.46460144513946
2737, 351.89507124911427
2989, 351.68801034321
2746, 351.46754777152915
213, 351.4410385248885
3409, 350.7422382222429
437, 350.71221275716795
1581, 350.3939039104845
2070, 348.9604662814172
2964, 348.83933071695833
3142, 348.4184314833266
2807, 348.2082595220835
175, 348.0651701554619
2055, 347.9694773848164
1215, 347.56459165537296
2050, 347.4650308408544
2054, 347.1963994553901
1456, 347.0336489734892
3403, 346.8003278832795
60, 346.0470948201644
295, 345.9212549767544
3379, 345.90151003871597
494, 345.8863733556796
2285, 345.03349136423014
444, 344.41246298607825
3282, 344.0752242495024
1071, 344.07251051593653
501, 343.733488544786
2740, 343.7162584660769
3275, 343.38100918214394
2306, 342.9778283785637
293, 342.80907476440575
456, 342.6464848269921
334, 342.45195337445995
3341, 342.4318287021966
136, 342.3347425201099
860, 342.1585484202541
3069, 341.8124414947814
158, 341.62186635274014
1026, 341.57284589916
180, 341.4677821843328
1994, 341.44041646071065
305, 341.03922841640684
3054, 341.0137980291642
3191, 340.8686797576924
2308, 340.7204759248349
202, 340.39625335755676
2791, 340.3595469111144
1260, 340.0863168894542
1533, 339.7790068465647
284, 339.69801174328546
1521, 339.096712105355
1228, 339.04608782632005
1081, 338.4205505755751
557, 338.3741238733614
2015, 338.2251209830841
3302, 338.1562163922536
1092, 338.0584538966657
1583, 337.9074879404833
482, 337.5325021918728
2274, 337.4925267286783
2394, 337.1248970679352
200, 336.97658671118074
3401, 336.3568224609399
2298, 336.11840359994454
539, 336.05494355194776
3388, 335.84715797420307
2265, 335.5272413125461
2735, 334.8208199570856
123, 334.8115913697972
221, 334.43313284090084
1964, 334.15540188772474
2424, 334.11295012936284
1585, 333.4628499577171
2348, 333.2727023208869
3135, 333.1647680774284
1072, 333.15876994795696
170, 333.05317515543
3114, 332.8078020253349
1234, 332.59048955890364
98, 332.4726812974194
2777, 332.32523343863477
2053, 332.2953819808851
3107, 331.6949170082242
2022, 331.57629464206616
1239, 331.3235466192392
458, 331.2462088361314
554, 331.0181055683375
1075, 330.83484127952175
1177, 330.68130333839673
590, 330.5669981686002
1110, 330.3737290461234
2986, 330.1346405419689
207, 329.9375390289771
1184, 329.77407577817416
3148, 329.1374160893207
3179, 329.12641727132916
503, 328.63984551297733
457, 328.4606639682277
1610, 328.4306344736836
1173, 328.3245840580434
1086, 327.94788101151016
3437, 327.5561506101974
1448, 327.47426574633585
3046, 327.136770577947
1603, 326.49643285581806
39, 326.38743790822554
3385, 326.06840117340283
3247, 326.0289819995718
40, 325.9311484404248
3118, 325.76252118457205
1972, 325.57936031587946
263, 325.3912587307712
1132, 325.0298021753284
671, 324.96636339888016
3419, 324.86646253846146
1624, 324.5144395340782
1040, 324.45806990742153
1584, 324.4111399600566
296, 324.3688010870043
1126, 324.35786294138364
368, 324.2237323645665
2961, 324.1687345142448
100, 323.58087215431004
3055, 322.9125298191327
2035, 322.84052739524054
1230, 322.37692881453086
2302, 322.33403242632284
3077, 322.0641428084269
188, 322.0206055289299
3155, 321.442251133729
211, 321.2210341494029
2099, 321.2161810965387
2792, 320.99851057577246
146, 320.347241509641
169, 320.3128604350477
3070, 320.03556100823675
2352, 319.9848994817645
41, 319.7498840281209
505, 319.51506328903406
2252, 319.4374213112924
1143, 319.2699752285083
71, 318.851177341102
1911, 318.7364301388664
3303, 318.7291885852726
3089, 318.7114962648367
1161, 318.70482502071235
1054, 318.30468658678325
159, 318.2660402818785
429, 318.1082424570204
432, 317.9575851047088
2033, 317.89714342028446
124, 317.78828771733913
3370, 317.43836834125136
535, 317.24841242460974
1676, 317.13514313683555
2962, 316.88369897874895
153, 316.81247664228584
2277, 316.64970483811436
481, 316.60394991561475
289, 316.51483035676114
2267, 316.4422693023074
1119, 316.22249852735933
3108, 316.1345341637485
251, 316.1018664057184
3072, 315.6603882784717
3181, 315.51983780716006
1651, 314.18639440762763
736, 313.60933103146766
3382, 313.56370229776627
2105, 313.5123889966731
3049, 313.4656739178151
3408, 313.3392060968418
2380, 313.04823558051487
227, 312.52293650387776
373, 312.5154701444778
45, 312.49895541558243
3317, 312.43470459918973
2071, 312.3938463013489
262, 311.91639425927036
174, 311.78827424743224
3331, 311.7728976154904
3277, 311.35294624893976
454, 311.29633116079634
1736, 311.1378061339892
2548, 310.47875034151895
1450, 310.3102295720061
1117, 310.3029465748905
3340, 310.1004000329787
1027, 310.05009831541065
1066, 309.9483915794306
448, 309.895402522972
3353, 309.70080865678733
430, 309.6687222026657
532, 309.6228484308501
1531, 308.98674843214366
2783, 308.96130582153535
3058, 308.6290402583332
582, 308.49402609813075
2276, 308.3436912686225
2310, 308.01264328092003
1452, 307.8698345555088
336, 307.7713002142582
119, 307.2992183640082
2382, 307.2050983585525
1166, 307.17404454698743
3227, 307.14555028534386
157, 307.04874913507115
132, 306.2919580967539
1187, 305.8790048161935
223, 305.7078344493578
2763, 305.68581387359205
3381, 305.25637385665755
556, 305.07388051977273
443, 304.9641966326002
820, 304.7808660974157
1247, 304.7707800462139
1030, 304.4898989652682
2100, 304.4621131249548
2968, 303.81565491132744
531, 303.5962438037128
2407, 303.5878923581208
1865, 303.0183074821237
3436, 302.5836959745813
1129, 302.5049875079062
1089, 302.4527434072697
2818, 302.1440020158959
1590, 301.743075452884
1248, 301.69468765737133
1444, 301.5630534323739
3064, 301.47372214538797
3407, 301.4115816826972
161, 301.3259496051172
1060, 301.2532272536152
1219, 300.92349251215273
3166, 300.81327827760316
1203, 300.1883409396768
2049, 300.0283802159875
3423, 299.9245015647332
2918, 299.6739161374713
187, 299.44420553748137
1689, 299.42551975059524
514, 299.1747699911986
1094, 299.1508526439156
469, 299.02495328524316
1437, 298.76244125715317
1035, 298.7145065642969
1074, 298.46503197872556
530, 298.44287741415127
1442, 298.24126914278105
737, 298.0904087172014
3405, 298.0520177317815
1218, 297.97892522586795
2056, 297.9487444858661
1973, 297.88874359346374
2973, 297.61665567822405
2301, 297.19736013539017
2979, 296.9625725103022
2990, 296.92990039024914
2754, 296.7330885078419
2312, 296.65280383090214
2068, 296.6213126000442
3373, 296.47907223902126
181, 296.42129021569804
2398, 296.2111046530803
1811, 295.8829647162288
2223, 295.8284809996015
2069, 295.6291999831491
171, 295.62374487630325
504, 295.622941919935
2924, 295.58259499917153
2969, 295.00210686610063
2711, 294.909608487637
2260, 294.8446074406653
1091, 294.7010388619976
1876, 294.5524232550086
3309, 294.4585134601636
446, 294.3957191671115
3119, 293.95565793524645
2110, 293.87545882000217
462, 293.83583747606855
186, 293.7950071369334
53, 293.60023644976246
423, 293.2023236958001
2297, 292.9924665216411
414, 292.53853859870844
3369, 292.4016114907671
1462, 292.32853485188
550, 291.54350036953457
912, 291.50706078992584
2309, 291.0625989655157
2386, 290.79289164396084
1085, 290.7511166887404
151, 290.6460034673597
2292, 290.470467798853
1128, 290.4682118110734
2388, 289.8554560861849
3378, 289.7351551206056
1241, 289.73118507008553
487, 289.5217604189091
2958, 289.2080217652597
3416, 289.100551260555
1200, 288.9621451419578
163, 288.5441616887596
1263, 288.506182033198
619, 288.4903772039373
3196, 288.4421807691346
164, 288.43530511691455
1113, 288.16859633402504
2803, 288.0120592953183
1445, 287.2708820883125
264, 287.0341847942413
2279, 286.84316459024444
1607, 286.7746074119443
1464, 286.57808416258496
176, 286.02077551937384
76, 285.9344634251941
1849, 285.7614791526191
2966, 285.69818667752844
1429, 285.31250866395095
3106, 285.23739734392194
1978, 285.05591293835414
2733, 284.8870563071684
3086, 284.5907780993991
537, 284.39587570974624
3402, 284.2637874727382
2315, 284.08735647310715
2266, 284.0587676150359
1124, 283.6333890724481
3371, 283.6246612832644
3429, 283.5784690821957
2271, 283.43833034565785
139, 283.37692736345673
2062, 283.26058388809037
155, 283.1046301232502
1193, 283.03066565417924
3339, 282.9418381348162
128, 282.8478515511699
547, 282.6344424265145
542, 282.1982885646524
1979, 282.0707942169115
49, 281.99233627229466
3073, 281.9909535627729
2985, 281.94812143826294
1169, 281.78356592978
283, 281.42655777233216
3286, 281.11044435154304
2337, 281.10375460604195
3061, 281.0219865607215
1202, 280.7626918913192
502, 280.7346840849481
154, 280.5468613793471
1245, 280.0392575168772
1183, 279.99082309510834
197, 279.41991665928595
3291, 279.2063305834974
1236, 279.1829206117696
2819, 278.7785226845934
2747, 278.55569029226876
1753, 278.1781059410934
2042, 278.1079600273995
476, 278.0850087998781
2009, 277.9896323384878
1299, 277.92695608727894
1872, 277.7232777891738
1031, 277.59195365773246
2753, 277.5719246870578
1115, 277.2368155849609
450, 277.23041263929065
3334, 277.1877296748404
3418, 276.979597032009
2715, 276.9036879542344
224, 276.49723166914265
382, 276.3567303720363
3048, 276.2451498365799
377, 276.09881990486815
3280, 276.0889335346796
538, 275.84900771474605
286, 275.14234026039225
3125, 274.82923380289344
1083, 274.82593552625497
1043, 274.50541435862465
1856, 274.40250726404594
383, 274.38257773414745
1465, 274.28020929378755
1852, 274.1736581527008
162, 274.1484178607623
1145, 274.1455844839522
2862, 273.9147387194783
1451, 273.44000620851835
1025, 273.01209110584927
1861, 272.74881999698175
3153, 272.18671003698665
2798, 271.9521478102493
397, 271.74814067358807
2717, 271.458355909649
1179, 271.3791386825315
3421, 271.2334846074725
1857, 270.7641823226143
2765, 270.5136421620624
178, 270.3435781309642
1041, 270.01873093021123
2303, 269.87945547912915
489, 269.83693090481097
1042, 269.7604300371336
1174, 269.3315165955406
3425, 269.2534132730956
201, 269.1976555105797
2919, 268.9353907866277
1608, 268.84860268314793
2797, 268.46833834263526
552, 268.3080046224199
2417, 268.20382707119967
3047, 268.10701655863255
1212, 268.09344707393745
3395, 268.0913766782951
3410, 267.9504065996461
426, 267.75266534373543
543, 267.70042275785767
1867, 267.60810462669184
3028, 267.3854502475755
1449, 267.2657070932219
1589, 267.0975649233034
2051, 267.04174486127914
549, 266.5383863344101
3078, 266.53802804952585
215, 266.4925927776995
279, 266.43031361619217
1683, 266.3466714895995
1760, 266.2063350484511
1214, 265.9383092738505
506, 265.81874825630877
463, 265.76914235509895
1088, 265.6909568635265
1586, 265.4521198312842
2813, 265.26388810890086
2107, 265.1407198303712
3393, 264.84438937178663
2975, 264.68758282282676
2974, 264.68758282282676
1253, 264.4759525558767
2912, 264.4648878386012
3139, 264.35539479410664
851, 264.1965885704821
1761, 263.94533795376776
523, 263.83925360722634
210, 263.81875887007396
536, 263.81772118651486
1855, 262.85518399229335
2067, 262.7602382958189
1301, 262.44268437324575
3333, 262.36066247274135
3132, 262.13362776322
1866, 262.0820632224835
3003, 262.0714097491266
3396, 261.93518866889127
2269, 261.90127930294506
2978, 261.811073009633
1101, 261.22397556076993
1144, 261.0601047713547
2730, 261.03481462263045
226, 260.94710122491523
2769, 260.87135050332364
3332, 260.72719612157243
3372, 260.6753387058505
172, 260.604582888029
1662, 260.57107627671905
1226, 260.5587263891528
1600, 260.4327754590864
1660, 260.35474956742473
1688, 260.2342902408302
2752, 260.09084108192053
2311, 259.51537741881936
2396, 259.3679510430325
1096, 259.0038574926463
3198, 258.94582562446834
2, 258.5113919708763
1099, 258.2212403848953
1961, 258.17293765805044
1069, 257.9787476881237
1974, 257.74178168338096
1095, 257.4262544593995
2080, 257.18382924267456
1229, 257.0446406122655
431, 256.98310121435117
2392, 256.4394573784749
131, 256.40623396209924
3131, 256.0624629383666
2408, 254.69634218905432
2409, 254.51424165107645
1130, 254.49990116768484
61, 254.48166692579684
1112, 254.47106314426424
2960, 254.4229924757026
1678, 254.35888742193586
3441, 253.84964951431493
1447, 253.81050157106972
3420, 253.57418647435898
91, 253.4034155837013
3342, 253.05231212625506
2794, 252.98985077481478
2983, 252.2328613663229
2387, 251.85320308361332
1067, 251.69724839717014
1125, 251.5580233693063
1070, 251.16973166119297
1148, 250.26066326144735
2413, 250.09235896086597
3367, 250.0411392283994
2014, 249.8462727154672
2290, 249.61679475543025
3375, 249.55077672624628
125, 249.23960030112175
1139, 249.0077297420788
1773, 248.3382369446529
3115, 248.15285751947206
1147, 248.11440860137455
2412, 247.7270393815353
1596, 247.64662614325272
1217, 247.51281439900956
1536, 247.45871296052363
2925, 246.66547028583935
1436, 246.66370848187967
3366, 246.35829994192198
1438, 246.33876235451933
1199, 246.3024687441882
1141, 246.25616998442038
3004, 246.09603921268692
1254, 245.7274784108067
3117, 245.49350037028432
2421, 245.43027875474485
499, 245.3860726214934
62, 245.2246712296311
3351, 245.20554060564666
3414, 245.20217672221494
1059, 245.1465051575125
2923, 244.6290743104945
1262, 244.26031974782128
2304, 244.25413714714486
3141, 244.12448904608726
135, 243.73203533680174
2356, 243.60059903455377
66, 243.25688453788035
1667, 243.08426813479454
3154, 243.05912785341806
1257, 242.8501336291663
545, 242.61971420510474
105, 242.38995203128346
3399, 242.34354082055464
261, 242.0893897566322
2771, 241.99596934533062
1430, 241.90553840501096
209, 241.67885664626573
177, 241.4995412154881
3398, 241.45880580923549
2065, 241.2885845809792
2815, 241.23950298037994
1446, 241.06700226183872
1860, 240.78257433730155
1593, 240.66180310351402
3158, 240.65102199874147
110, 240.6147613623862
1881, 240.50969404535027
2976, 240.44307634445312
1048, 240.42094901781115
3335, 240.39287892429545
1137, 240.15273839635395
2028, 239.6909487274141
3430, 239.51963811460388
553, 239.49156266519603
2716, 239.45436642776002
3322, 239.18552355858856
2406, 239.1806752036824
3102, 239.17225488147608
1298, 239.1578240343591
498, 239.0206908990895
89, 238.87058064892096
1154, 238.81549410582912
1160, 238.67040089282565
3377, 238.60069567057545
1597, 238.5731026414393
1227, 238.55113854458185
1116, 238.41946845970054
1242, 238.31579409062707
2800, 238.05280683999652
1097, 238.04920866066408
1209, 237.79117068928983
3103, 237.2598587329187
120, 237.09062618380133
369, 237.06161272199975
1431, 236.71571481734156
1175, 236.64332878450077
114, 236.64195268203585
92, 236.36191337385984
1213, 236.35743750846555
3081, 236.2283819028198
2344, 236.16991769843608
533, 236.1019843880366
492, 235.57873726324456
2796, 235.5129998168871
99, 235.48881433512435
1149, 235.00872386900684
3397, 234.56359714907143
3394, 234.43429092016257
1435, 234.22415202330177
3076, 234.0400224376838
3053, 234.0384005052828
205, 234.0023689070098
192, 233.8738754205619
1188, 233.66346070040495
2967, 233.213019945615
2719, 233.16035938687756
1711, 233.1026443698065
1182, 233.09297915170413
1251, 233.0005424121235
3400, 232.8604225160295
3124, 232.46319089082877
301, 232.4222885909164
3156, 232.36368338144277
3157, 232.2921626085878
3087, 232.2045312104421
1998, 231.88751014849336
3052, 231.8845190362053
2762, 231.87720058090324
3109, 231.86432183921545
1246, 231.8588733585363
1261, 231.60722571330334
3152, 231.3723134800459
3067, 231.34722496165358
1208, 231.0545783009277
2007, 230.98919687898817
106, 230.84601967512754
1201, 230.83682419916025
133, 230.70904787903822
3074, 230.67000181544572
511, 230.62818628349322
520, 230.4896314670268
338, 230.47352268806688
3390, 230.35920931717266
3104, 230.01932211204422
3088, 229.7927951969049
1206, 229.78669242644827
1176, 229.7571282033758
2977, 229.72436007115414
3075, 229.60422529582328
3096, 229.4593750965687
2268, 229.39351039994736
1514, 229.26716573370183
3338, 229.18120256407698
1181, 229.14065311466283
2770, 229.11657802269875
541, 229.06225093128262
3116, 229.0454336682404
2411, 228.91101704520796
3330, 228.7776034113828
1656, 228.7727001952137
1222, 228.65423409530985
1197, 228.5553761731755
2761, 228.543734302665
104, 228.15482630814859
1250, 228.1301815192106
160, 228.05017711076763
2023, 227.87624974187466
2072, 227.54091751213858
113, 227.33021217015312
190, 227.31712450166845
102, 227.22735125383215
304, 227.14209265207484
1107, 227.08505702680742
2347, 227.07162572998442
3355, 226.77036245020523
3127, 226.75867382326553
1078, 226.62459676340168
1196, 226.50030800952467
1127, 226.18086713369658
3427, 226.06250242636668
1195, 226.00640790770098
522, 225.84943878714807
1167, 225.73436588225093
3328, 225.68683005824505
3060, 225.5980846779023
1225, 225.51867914808503
1223, 225.50667934491267
1441, 225.3812786754951
3138, 225.15525555620118
3337, 225.02056759955298
103, 224.8515789666743
1460, 224.81067369060554
1108, 224.6664934340704
1136, 224.0476031147598
2551, 223.8333204832458
2982, 223.40873738873785
3137, 223.00314538506416
1049, 222.98404292367857
1133, 222.58945142555626
285, 222.47267846621892
1131, 222.14814954878238
2378, 222.04100352506535
1658, 222.03719590520814
2984, 221.8548833983331
2273, 221.7864841028297
1224, 221.77328595198915
2931, 221.64385458606213
2799, 221.62162980149157
434, 221.61007438826235
1713, 221.3769653852243
179, 221.1025003198965
3406, 221.0635004913495
3349, 220.7613020322614
1170, 220.58874908963227
3126, 219.91131238269665
2775, 219.66736286850866
1163, 219.46340408937692
1123, 219.32045967194236
1138, 219.31052213089416
1120, 219.1981709540813
3140, 218.9751871276585
121, 218.85646688528624
1477, 218.77479785319295
95, 218.5484780336996
90, 218.44346173347023
1155, 217.94126283405362
3122, 217.6531806284954
1925, 217.63993247334878
2550, 217.54030907449265
1207, 217.45921835880654
1168, 217.23546515487516
3368, 217.21651219707545
2350, 217.02653515025045
2787, 217.01113611534484
2355, 216.80141515799147
393, 216.6096390695446
1240, 216.18951106321003
2414, 216.17573627157358
1996, 215.86777060297828
1719, 215.62489927115865
1428, 215.55932380554233
2399, 215.42481523561128
267, 215.4089028919586
1194, 215.36560541227536
3356, 214.40422706670543
1079, 214.34737038212313
2972, 214.02127825607698
2384, 213.90908633674215
2871, 213.73785799184918
510, 213.4521664598999
1220, 213.29246589232193
2913, 213.27083283330057
1186, 213.18244366689453
1146, 212.64123561342765
1061, 212.6119016533181
3428, 212.4401234285665
3422, 212.32722461292553
3374, 212.09622797528212
1135, 211.9909825981822
101, 210.89872690126205
232, 210.61554393526768
2084, 210.35715851596993
1068, 210.1720436384789
67, 209.88153224500792
65, 208.77298610430094
72, 208.28498965157036
1198, 208.24689149951982
1406, 208.18985813230796
2097, 208.0467263972876
1588, 207.97000246203396
2295, 207.80831596277864
1189, 207.77020151095692
70, 207.55409897917818
69, 207.55409897917818
108, 207.11829066216418
3376, 207.0249386971112
1663, 206.82509198591504
1034, 206.75572199044387
1693, 206.54357393764928
1863, 206.53825852310118
2395, 206.4228520241572
2940, 206.4098236769473
2915, 206.11389922297337
93, 205.85360382982947
166, 205.0101790476841
1518, 204.96546561020475
2929, 204.84906655781728
1050, 204.82477436144876
64, 204.68197376168536
3417, 204.42633875533784
3392, 204.3285596125345
1134, 203.98006676233143
2922, 203.61646780652052
3387, 203.18762521657737
358, 202.99473881425052
2928, 202.7185554624752
1813, 202.66437924215205
1467, 202.05768251188573
1191, 201.89151869988547
122, 201.89149819493326
1605, 201.62687807890484
1065, 201.0476181248897
1962, 200.85797091689258
2400, 200.71852715161015
1150, 200.35243914480003
260, 199.70156469495825
144, 199.47414305457505
167, 199.15673313453874
115, 199.0814357085725
1216, 199.04668749459378
1397, 198.67236875546678
1440, 198.58631463901233
1073, 198.43322962662737
1634, 197.9928463254856
1180, 197.9629818730252
795, 197.95763588569326
68, 196.91773021676278
1158, 196.68928202530913
1864, 196.5085734534127
97, 196.19031506229223
268, 196.01993087622645
32, 195.49855139314704
96, 194.47717207490248
2926, 194.23346711869158
1632, 193.49667526802432
2971, 193.0791285428037
12, 192.92415694314772
1152, 192.920989460731
1694, 192.04950825846564
1178, 191.87647351371518
2937, 191.58877268396412
2270, 190.79770658022974
2952, 190.16516387259057
1156, 189.60503137131298
3188, 189.28783557295364
2872, 189.1132883112109
1151, 188.8790204362267
2921, 188.75724444368745
3164, 188.64717554407972
2010, 188.4918149372907
2927, 187.9796024675286
109, 187.7665236104405
1302, 187.74381173392962
2911, 187.61783786770113
2801, 187.44646173545735
13, 186.3317266655236
1838, 186.30920141186363
1316, 185.88428188227934
2351, 185.5407280588718
1958, 184.1173888541824
2938, 183.922796752986
2900, 183.88369667996523
2861, 183.87569177488416
1638, 183.19798834560922
1709, 182.47942499788147
3236, 182.17873409501857
1457, 182.1219815785633
2275, 180.61750738149496
2933, 180.5426711999599
3431, 180.35422882851958
1153, 180.09346234713453
916, 179.96718363579524
637, 179.30474564533495
1574, 178.90768629462266
1800, 178.20233400003923
2433, 177.5896656274391
1, 176.89680082922953
2939, 176.67352859206798
768, 176.4154561754605
2860, 176.21646548639742
1661, 176.10337449343422
4, 176.00727366334888
3310, 174.64833934499268
1062, 174.44859108378478
182, 174.26886044576102
10, 173.58544282928082
1454, 173.56511834217147
117, 173.42114398218857
2192, 173.4041672594209
3234, 172.88567618620908
1562, 171.56864264181053
2857, 171.3924049976314
1572, 171.21706821777238
2941, 171.0619286925812
116, 170.9638367747238
1255, 170.6252298134112
2934, 169.48293009193466
641, 169.42227666658957
1576, 168.9498710790888
2320, 168.3824543516363
2731, 168.2304106672744
1785, 168.20685415560277
384, 167.55629384403733
390, 167.3877380819194
1573, 166.86308727940232
1814, 166.8607094592186
7, 166.68187119792614
953, 166.52646818692867
3009, 166.49470101057426
3235, 166.4720062900385
1543, 166.21936770491058
2954, 166.16091673478942
112, 166.11357150413332
1324, 165.7749649407473
1788, 165.50593873676758
2832, 163.8688950284266
1794, 163.85779566062223
2805, 163.3682517805042
107, 163.36462180941857
823, 163.28035565556786
28, 163.21911553494598
118, 163.04947013766798
2957, 162.75768089178717
1818, 162.49866636122553
1534, 162.1358403326532
2999, 162.0044196679617
826, 161.63133698437082
6, 161.38279386677326
1484, 161.38178026938854
2191, 161.26863458292755
0, 161.15760388313478
814, 160.84201467228348
3, 160.66794036425475
1723, 160.61889327827626
1309, 160.48037887772284
9, 160.28108886780942
1567, 160.25167139694
1509, 160.2261845095254
2153, 160.20540117739512
2073, 159.35862419840478
30, 159.13375626253622
3017, 159.1074686732349
11, 159.04030700621897
745, 158.83256030170566
1410, 158.81917813221017
524, 158.1653469402688
2134, 157.83483718365784
1575, 157.36652453127166
848, 157.24770762438328
2208, 157.1398535330049
1882, 157.0907479546236
421, 156.81198819562883
1004, 156.80943151771092
1824, 156.6127821942965
2211, 155.7630058119896
1571, 155.48375527480403
94, 155.4457244918169
735, 155.38541493420917
5, 155.36501874197722
3412, 155.22907773941373
2878, 155.1439576469682
2158, 154.82988306772296
1418, 154.73049001707042
2889, 154.71632729429348
259, 154.29947144006425
8, 154.24500673769302
2242, 154.00291158551752
1940, 153.93560467007129
1939, 153.9082640359617
2943, 153.74194900154504
1806, 153.73242798654107
3215, 153.56266070548176
2955, 153.44924778403185
788, 152.63089864167486
923, 152.2989807319178
2856, 152.26501381338954
2193, 152.21214053333574
1951, 152.17219937595303
2170, 151.63383046220503
2859, 151.45651249289875
3000, 151.32295727155258
682, 151.117951942525
1269, 150.7942575772583
1424, 150.3335158173769
3228, 149.94132757567397
2207, 149.92572230083866
786, 149.6873181191525
526, 149.55657174832126
486, 149.47143030027752
1003, 149.44648488144787
3025, 149.2778476477711
803, 149.13739651829337
917, 149.08523735764697
2806, 149.0655077421827
2991, 148.9631958327517
29, 148.89285162312285
2429, 148.8804746928082
1810, 148.8791229124431
1889, 148.7893735190629
2435, 148.71849963586675
2428, 148.71849963586675
1907, 148.59492730037496
2870, 148.57557283338508
2930, 148.54455002020936
744, 148.3931021272137
2135, 148.24881833581676
248, 148.24465201784108
1780, 148.18476758631354
2124, 148.18469128012117
1640, 148.03009543987162
1776, 147.85417701400476
1210, 147.77004036594394
3269, 147.742579343278
391, 147.69466340819886
791, 147.68108484661306
2180, 147.67665245899695
1884, 147.6544372106829
417, 147.49345506519387
615, 147.46192897771766
2205, 147.32332616567197
353, 147.22486377240418
727, 147.00543834248552
857, 146.90370380670376
234, 146.7814264931186
1525, 146.75493382051064
1423, 146.65374108941654
1306, 146.45138341627884
1039, 146.45077450826142
746, 146.38077018572218
416, 146.23901216532053
2873, 146.1764363971849
1895, 146.11985251378547
1487, 146.08696172195894
1566, 146.08246845605
2157, 146.07771517736595
2236, 145.92151578785152
3029, 145.7824512942207
3016, 145.69279285122064
3018, 145.66559505455925
2194, 145.45853980280523
1580, 145.4313097557516
2243, 145.40456167274868
686, 145.38071315919368
2318, 145.22255913383916
1577, 145.15927954433502
1617, 144.90501457609744
2262, 144.86063347015187
403, 144.84594949613137
1356, 144.8008098491875
945, 144.75855541434674
2953, 144.5704718889842
716, 144.54678855469433
2936, 144.4966181087847
1976, 144.35542033984203
579, 144.32650003215883
2195, 144.32109745410418
2997, 144.25078950611098
249, 144.2254112729548
1807, 144.22266847848056
781, 144.1418752135329
1885, 143.85466827642736
2196, 143.80214262267475
1623, 143.77453630788722
1425, 143.75358006914354
1999, 143.6773186080542
936, 143.66133307889322
321, 143.63998031056673
527, 143.56726865777392
1822, 143.48860263314
1336, 143.38131089217663
980, 142.97495180640624
1653, 142.9637892432648
575, 142.9593057439203
612, 142.9504215196029
920, 142.90314086096936
762, 142.8758442497668
2434, 142.85045093055254
2438, 142.7802638200887
1943, 142.70177974623687
420, 142.69353676603845
1615, 142.54758931365285
778, 142.53480557143385
844, 142.51754695282045
1279, 142.49237328356125
3233, 142.48653223693262
3320, 142.35259998162192
3319, 142.197087727455
981, 142.13112564947045
2188, 142.08967646589184
2187, 141.93401407619112
825, 141.88452925074932
961, 141.87945318479302
2993, 141.8733255056415
2160, 141.84582489916775
1037, 141.71266483448107
717, 141.63073325383408
23, 141.581937236732
1579, 141.4986042959488
581, 141.4948365946383
243, 141.46601652024813
955, 141.35150177403222
1023, 141.33690995923982
2431, 141.2785002459944
698, 141.12543304580376
817, 141.1162200592015
1985, 141.02814768935883
2942, 140.84433205294533
2189, 140.64680703225068
2145, 140.6284217274761
24, 140.61203823695183
1977, 140.5141037624891
600, 140.44638805709755
2365, 140.40203311212676
743, 140.32703640022322
1803, 140.30908372121374
2095, 140.18258732632736
2865, 140.12138777507462
2949, 140.1064878751188
27, 139.99135626382946
1038, 139.9606757178187
922, 139.92908804099474
319, 139.90828177656638
1404, 139.82342435876456
419, 139.76736429998056
2362, 139.7381274949411
2360, 139.66732851242344
247, 139.65882716996995
2220, 139.48508942987678
2142, 139.43578436248245
815, 139.39361328310096
960, 139.34617119808576
1412, 139.2232567222114
969, 139.178621330885
808, 139.01015302818072
2879, 138.99194722255163
2214, 138.81753371855157
1331, 138.5537865889619
787, 138.49803067349072
560, 138.44489722043386
1473, 138.43785888186525
709, 138.3797956038025
418, 138.35075186838205
1427, 138.28378540661757
1371, 138.25166409156213
2181, 138.2376746594571
528, 138.2299232748515
1308, 138.19595574472572
2845, 138.10591287710744
1523, 138.05815101187466
999, 138.01540879206107
574, 137.90866327572704
370, 137.78720572353782
1890, 137.74681425911646
2219, 137.71729238449237
2122, 137.56092156307787
2829, 137.38254459564322
1266, 137.3485382374154
2846, 137.3419582702912
1840, 137.31090527126767
1495, 137.2000897556195
1490, 137.1632643641828
1599, 137.0871296037571
691, 136.96213220317148
242, 136.92070910735774
601, 136.85500964734968
1510, 136.78732638913036
2422, 136.72113328006967
585, 136.68809876366427
2907, 136.65528225582577
2828, 136.63244279342354
1408, 136.57956710909542
2427, 136.44848432624497
1823, 136.44393182068384
856, 136.37676081535898
2858, 136.35223042429485
804, 136.32916551590398
1314, 136.2981502686388
964, 136.23204868065383
2992, 136.21464105225678
2996, 136.1269322845954
903, 136.0693648135013
2173, 136.04341787519442
1289, 136.02604504677015
529, 135.9994598788266
594, 135.9931896069903
2171, 135.96957740209467
1321, 135.86632245990333
789, 135.7215230649189
1064, 135.71391593481587
907, 135.67638265525198
313, 135.66463800308586
1846, 135.62539307882562
2231, 135.57182849184437
2209, 135.52492135657593
1594, 135.4886734680393
1839, 135.44843575452072
1508, 135.4418918042227
1501, 135.37537850871385
1527, 135.37343175215028
1942, 135.33315755842585
2877, 135.30525420997208
1426, 135.18616579842197
2168, 135.10539196961284
1478, 135.07638150709516
1790, 134.98252312371437
2905, 134.9435953175194
1315, 134.90806423016588
2228, 134.83698369074443
972, 134.8018287666321
1369, 134.75998104315795
780, 134.75612304674925
1887, 134.7469758427369
2200, 134.68601323424392
1505, 134.58205919447397
2206, 134.5409462549448
837, 134.53367293492826
586, 134.49937352868372
2165, 134.48420314883057
3026, 134.47423392655065
3229, 134.46321780335435
3031, 134.30241519645247
1468, 134.17256643808915
1348, 134.14725034766
845, 134.1280274446903
593, 134.0850381164567
516, 134.03289991069087
872, 133.90280054381358
1984, 133.81392867650507
1512, 133.77863453336704
846, 133.77220614033337
2113, 133.67455369229924
1211, 133.66156005282656
1421, 133.6541376541183
1957, 133.61322412032624
3270, 133.55769275490863
2850, 133.43320014290555
558, 133.40564192221788
1361, 133.39706242588716
2190, 133.33884546965783
2804, 133.28126737732478
683, 133.2654098221698
2334, 133.23857617231778
2150, 133.2039139831518
1578, 133.19305750286065
3267, 133.1281360401434
1380, 133.06702313754968
696, 133.00170458658468
2837, 132.9809856591213
2998, 132.82301992475755
2164, 132.74227428277177
1390, 132.71919873360707
1488, 132.69976842693615
2852, 132.68665155810513
1389, 132.64986021014792
919, 132.50867156184373
1322, 132.48829596371087
371, 132.47933668741504
2256, 132.47910885801235
1455, 132.46126835442283
657, 132.43620611448284
1494, 132.35812433838421
839, 132.34846744752366
2841, 132.30249852628668
2115, 132.27204842111186
1983, 132.26064127863177
638, 132.2593782900841
928, 132.23736289096524
1001, 132.234007215776
1481, 132.22948707054695
307, 132.20130025502334
2321, 132.2008756823808
1883, 132.13365463941648
886, 132.0723474509188
1986, 131.85074126395466
26, 131.78833978347046
1828, 131.75922228687907
1268, 131.72677702899097
993, 131.6906763322141
1792, 131.62576313934028
2324, 131.56011024421565
987, 131.54021368666884
821, 131.51037167450238
2120, 131.49339773323732
661, 131.4852736506458
784, 131.44960562242423
3321, 131.41955551244092
3268, 131.299089780622
599, 131.2677173507147
2439, 131.2114796469341
1820, 131.1504091755382
775, 131.11702216332094
1549, 131.10164841664576
902, 131.0880073476018
2125, 131.04310429210702
606, 130.9826174636831
1396, 130.95011162765746
2372, 130.91789592966484
639, 130.8778614729429
2229, 130.85463164826064
708, 130.84254880138366
602, 130.83983101165964
2117, 130.82834881725617
2839, 130.69900782947653
584, 130.66251477066947
3002, 130.65267099518425
3014, 130.54006942952157
1493, 130.52626523687422
2230, 130.4530159837289
1345, 130.44806627056133
659, 130.42799483369518
840, 130.42165990110374
2162, 130.4097918855374
718, 130.3927183829333
2116, 130.39083023462948
989, 130.37767940679092
1295, 130.31114735949308
1474, 130.28596417051648
1377, 130.2814475077738
230, 130.28120330560822
777, 130.2808009174447
855, 130.26362840099043
2255, 130.25158363268147
882, 130.21341225735196
665, 130.21224516274313
938, 130.2087440119463
1614, 130.165035879434
1312, 130.0812671308177
2359, 130.05123217952152
730, 130.05081328294148
1413, 130.05056016142885
1622, 130.04758529177175
1339, 130.0315486508338
2831, 129.93269303979227
690, 129.91676106191338
790, 129.8446911848174
1271, 129.84443362569831
2994, 129.80617356725293
664, 129.7817308286819
849, 129.73859531859955
2750, 129.67845749300596
1908, 129.63370067176882
971, 129.5998412184789
1398, 129.57584734251495
1601, 129.56444294271793
853, 129.56355364780083
1886, 129.55290186099506
798, 129.52614800457368
235, 129.51584598875135
776, 129.51295844330448
2851, 129.48388101093593
2237, 129.4265722663941
315, 129.40888000339163
306, 129.40888000339163
927, 129.38504753511214
711, 129.26974340068165
867, 129.2514379555532
2844, 129.2104967005574
1014, 129.2079787223888
970, 129.16443300470294
1330, 129.1560623063411
752, 129.1455150006351
564, 129.0905883961683
1343, 129.08241740954617
1278, 128.96606079391225
572, 128.8770576981226
892, 128.85658320708882
1511, 128.76547279094532
1550, 128.65834356189765
256, 128.62290843063147
3145, 128.61449858930746
1561, 128.60564858778883
1352, 128.52926202401625
1392, 128.52222874456305
559, 128.47016759051562
1420, 128.42714006200734
1368, 128.38471403783953
1417, 128.3089587509691
1555, 128.29306162584126
2898, 128.26026132307095
3272, 128.25643950940352
525, 128.2362259005614
847, 128.19083696621283
2888, 128.1777386999523
1422, 128.16476381948536
1378, 128.15078250206676
2908, 128.12834220395922
723, 128.0401596503387
785, 128.03040647179506
850, 128.02214252086807
2213, 127.98519166244016
1815, 127.98166707598546
1273, 127.96387837812311
2361, 127.93028142510609
1825, 127.92800102902473
770, 127.9231051677922
1902, 127.89931528696373
1393, 127.83399879383256
1544, 127.83171834323745
1539, 127.77725016136989
3045, 127.76535741779676
1829, 127.7444395044809
2376, 127.74344224078177
1920, 127.71215928090662
1500, 127.68697272055502
774, 127.67775848577074
569, 127.64555453275322
797, 127.61527916020404
689, 127.58385514338276
713, 127.56821347449238
577, 127.55502106704968
636, 127.43508866665795
573, 127.40749865392678
2366, 127.36598107123602
1804, 127.3610818370356
1926, 127.34083605768798
2141, 127.33887059174559
1006, 127.32065988295194
1293, 127.31832843689925
3043, 127.31439555838969
1959, 127.31055611703347
1409, 127.25281883942958
1400, 127.22743931805444
1480, 127.08798967537538
992, 127.08328165749234
2227, 127.05336319987738
822, 127.0480727245083
1285, 127.03643726857904
918, 127.02731588973883
2121, 126.9982959824399
364, 126.98671604649482
2254, 126.97273540333411
779, 126.87043452069939
240, 126.86700587321029
2369, 126.85360502366957
2547, 126.82418410377069
1475, 126.81317762709955
2899, 126.782176090286
879, 126.7800730566152
2884, 126.76306996875317
635, 126.75315121062343
3030, 126.71829309147456
2245, 126.68145299746831
1989, 126.66218191948529
2903, 126.66063583295222
694, 126.64219192956723
871, 126.63829203315761
2166, 126.63188317919172
900, 126.57788005578044
868, 126.56528766397741
231, 126.52464636866397
876, 126.5163905026764
1411, 126.505207510466
2867, 126.50059786373548
1370, 126.45739798734296
1280, 126.42952315857255
2131, 126.3259697945565
2881, 126.32386955833454
2830, 126.32004425099963
854, 126.22898554980469
3411, 126.18462080341392
983, 126.10855126636427
1419, 126.0681856019213
2154, 125.98122626905604
673, 125.9624243149478
3044, 125.94234208919941
1817, 125.93982736560726
693, 125.920027224088
933, 125.87843300764
2198, 125.86049052299795
1491, 125.74581967137269
2432, 125.64823681203204
883, 125.63954411769205
1830, 125.62905864589517
2114, 125.6000250994938
2199, 125.59569117843864
1367, 125.5879149059443
741, 125.56596442313074
2882, 125.52722854723761
1909, 125.51378342769816
896, 125.50181623746039
1862, 125.47498137346462
937, 125.3399611458236
614, 125.31734694653103
257, 125.25945464132535
1498, 125.24085476095901
2163, 125.23356045043505
597, 125.2102495944007
887, 125.18381582053281
725, 125.15253149810913
1915, 125.10154248640268
948, 125.08443435882428
672, 125.05743034825164
935, 125.03880388250118
946, 125.01994809912041
1346, 125.00067046050167
755, 124.98542072529324
323, 124.94948170113815
311, 124.94948170113815
1382, 124.91799222689038
1403, 124.89317793786324
2875, 124.86095706961515
2148, 124.85264142296643
2246, 124.8221239456375
764, 124.79559429634043
1264, 124.79023769465347
1888, 124.78215323703337
1372, 124.78116006011196
3271, 124.75745002479997
1835, 124.74925371615737
1831, 124.69178467566827
236, 124.64387913762985
759, 124.63978445889882
675, 124.61530571895895
1841, 124.60325183546823
253, 124.57334363415028
1904, 124.55469063301211
2897, 124.54451990532795
1791, 124.5153023114417
2423, 124.48397058371407
1328, 124.46914790860092
656, 124.43554478623095
2319, 124.41556081196502
1387, 124.4119349613764
1277, 124.39454896733915
1292, 124.37683522858171
763, 124.37680265877525
1906, 124.36994589681296
782, 124.35782000208187
985, 124.3427238756923
1486, 124.33464948309636
645, 124.32342692079617
1036, 124.21861784265936
1618, 124.20870086086498
924, 124.201564213124
1405, 124.17619064862127
567, 124.1661955255128
714, 124.14388538644437
2012, 124.09593453134949
2323, 124.0634737247998
870, 124.05259331561088
674, 124.02741261524437
2138, 124.0132254802007
346, 124.0104406545461
766, 123.93906217089136
1981, 123.93694443899783
3068, 123.91387962155845
1288, 123.9126100413946
963, 123.90993271855359
2842, 123.87997493842173
1458, 123.8339540735745
942, 123.82673314447001
1595, 123.82204748440212
704, 123.80933381824606
1374, 123.75282381712312
1415, 123.75077471636256
565, 123.68787118775572
932, 123.67497445211939
2123, 123.64921735870975
2146, 123.6478159909526
742, 123.52976852384407
2216, 123.48695983301157
984, 123.47212023788012
1388, 123.41980471425637
312, 123.35640294237807
1801, 123.35590686038604
351, 123.35243754991754
646, 123.30802073902711
1353, 123.29872035774518
728, 123.29606444200294
2891, 123.29212607912075
1944, 123.28638726956058
3037, 123.25607890107543
1772, 123.2396573648902
800, 123.22605954182183
1291, 123.19226400336169
1327, 123.1502286815123
2739, 123.14335096256043
2430, 123.13832151851058
1018, 123.11391945223217
603, 123.0900576074
761, 123.05744399569426
1357, 123.05644213686983
1272, 123.0494972545129
1340, 123.03605027837035
697, 123.00795322219369
1934, 122.9961300145751
2854, 122.95577770507415
3027, 122.95023427344334
2331, 122.93554172753751
1548, 122.93168021601463
347, 122.90546559398412
1391, 122.90360267789777
783, 122.89324362364319
836, 122.87178510823088
324, 122.86371941597413
1782, 122.8627399145219
1275, 122.8133872644117
568, 122.79628240311315
374, 122.78915330888871
897, 122.77186683725549
31, 122.75708314516982
1524, 122.75279678738349
959, 122.72633537647229
1992, 122.64813409936488
720, 122.64499513201262
2202, 122.6274780897188
2169, 122.62652680275967
1554, 122.61306907690006
813, 122.60311410895231
1021, 122.58463307721526
1297, 122.55728677906556
1927, 122.5403016203031
1563, 122.51950127911907
623, 122.51369109164222
701, 122.49898397275464
1323, 122.49115328618332
1270, 122.47381788990802
1905, 122.47379041085019
2840, 122.44016630674693
2833, 122.41026720843148
640, 122.40735646580768
1499, 122.38562144923002
2410, 122.34917488474191
3038, 122.32666700626068
1982, 122.30094769304714
1485, 122.2402318282463
2119, 122.21662980536931
750, 122.21592019730926
740, 122.21113952890343
986, 122.20383741837091
2849, 122.1974744245693
616, 122.1329207108093
1809, 122.12022135265993
660, 122.10246179167456
925, 122.09903558887945
705, 122.09278201404366
1789, 122.07555566353082
1506, 122.04929617991404
246, 122.01545303760881
796, 121.99353404263815
828, 121.98634891570033
827, 121.97683120513553
2136, 121.92583752384273
1009, 121.8446873054556
1020, 121.79571303938845
962, 121.74922574592149
1294, 121.74703533632275
2130, 121.74226480841733
792, 121.73687529200602
2183, 121.7044559165424
908, 121.68454152452021
2233, 121.6648088914034
1453, 121.6634208856233
1598, 121.55574558072234
2847, 121.54760573098487
843, 121.52692144681969
258, 121.50848679674603
2175, 121.5047769858643
799, 121.50017676225696
934, 121.47919456527148
2129, 121.4617840207302
1265, 121.41295410340322
692, 121.33790072374542
930, 121.32883550616542
3448, 121.27486974852494
2946, 121.21519971548446
2140, 121.17862941714763
1819, 121.1689996151187
1318, 121.12283982809143
707, 121.09433343953756
1479, 120.99479078151342
2947, 120.99087338365935
422, 120.93034233145197
1469, 120.90738801553064
1329, 120.90697615765664
801, 120.83022800211783
710, 120.78519239374678
905, 120.76505263297155
2232, 120.75428686202673
350, 120.73874102883885
722, 120.68840011657576
2373, 120.6430549292166
1354, 120.60670461637264
926, 120.55274490225963
363, 120.5238086685458
904, 120.51676775477654
1786, 120.49532093571746
967, 120.49189713964725
2375, 120.38637014490595
2336, 120.38142014338737
1836, 120.35793130802719
2377, 120.32237220212374
238, 120.32071786019591
566, 120.29482511892358
1673, 120.19036716269272
834, 120.15888685579861
893, 120.14727210164237
1365, 120.1429240663359
3034, 120.12066673432044
2176, 120.11436574493595
977, 120.09401321192344
1779, 120.0856964615379
576, 120.06785567045745
1921, 120.0515397236661
824, 120.03153195121038
1492, 119.99976426018613
952, 119.99228237154134
973, 119.97118799403344
754, 119.90783148927478
314, 119.83394367492318
596, 119.80468685166548
1935, 119.7387560260269
2133, 119.73231289359886
1808, 119.73007537541224
1949, 119.68621193110297
2222, 119.65319789551917
1022, 119.62223956046199
241, 119.58933801931794
3230, 119.50870583734236
658, 119.48904566981572
1930, 119.44357816786669
1928, 119.42107053714182
352, 119.34511599600101
2826, 119.32174747925943
2247, 119.28117482305515
2403, 119.22527370119484
1620, 119.09339917484564
1414, 119.04946305633581
1504, 119.01258579814191
2950, 118.97242333903212
2876, 118.94824275289915
1837, 118.94180068000493
911, 118.87854158094996
1582, 118.85023440936625
320, 118.83887616524227
667, 118.83660331140102
931, 118.83409523695832
765, 118.80627952151237
1954, 118.75603950525249
1900, 118.74169562547786
1320, 118.6785236434098
1591, 118.66103290455669
1777, 118.64108888375041
976, 118.64089328303643
618, 118.62845886910821
810, 118.57144678441196
342, 118.55856617445741
831, 118.53929969340632
1950, 118.53815466713192
929, 118.52068697538655
1898, 118.49004047755328
1319, 118.4895273247464
2325, 118.48342231515254
729, 118.46662445655244
1282, 118.43522785924257
1799, 118.42847076654847
1007, 118.41269848802577
2144, 118.35844879726888
880, 118.33710391203962
2902, 118.31088307929895
910, 118.30442619819598
898, 118.25235599603663
706, 118.20966236051011
899, 118.18718349216523
1017, 118.17859240258066
873, 118.17120126417335
2322, 118.13598668056126
2426, 118.12320955589274
1470, 118.09758826400575
1010, 118.09302679755642
1778, 118.09232502991132
1326, 118.08019927887345
702, 118.0356879057685
2126, 118.0275449532649
1351, 117.94003328915912
865, 117.9346633273971
1332, 117.9253363500712
979, 117.90808337982531
2327, 117.84302831346308
270, 117.82516054908362
2367, 117.80761060612438
1953, 117.80479835994866
609, 117.76377167794091
994, 117.75789207304345
325, 117.70123908999227
644, 117.678901872261
703, 117.67748068925378
724, 117.66848643496574
943, 117.65872544567053
1402, 117.64586892006275
944, 117.62306972096879
632, 117.59850711206333
354, 117.59147628468541
2880, 117.58681757689686
633, 117.58092548669944
982, 117.56252266230621
1394, 117.53946838150077
1335, 117.53312474144688
1540, 117.51178160647831
2425, 117.49918391892338
2436, 117.49366974831575
866, 117.46921675022246
712, 117.44743196053389
239, 117.42191834414488
830, 117.41914432632468
807, 117.41560960738897
269, 117.40335503698418
1832, 117.3847750853187
1827, 117.36323872251666
1483, 117.34858620615218
1385, 117.34548833803164
631, 117.33863640345989
1476, 117.32136513469156
875, 117.2525154005133
604, 117.21359590590808
2000, 117.18650361067415
2370, 117.15764386040799
1932, 117.14176258993375
1304, 117.12591146175428
1011, 117.12355344962292
1569, 117.12091252116777
858, 117.11081128940796
1362, 117.04597743598232
1416, 117.02043567672656
2156, 117.01713098574882
1359, 116.97662894420826
1401, 116.97394454856268
2330, 116.97194611445286
1080, 116.96624521820432
958, 116.94560990485842
1769, 116.94258626633042
891, 116.93217383991241
2874, 116.82705211558486
668, 116.78458437502918
3012, 116.77677835390827
2172, 116.76903307526881
1568, 116.75259809510352
3015, 116.72245325350771
666, 116.70041826048019
1286, 116.68320791276163
1311, 116.68164275981027
1489, 116.65589974708894
1551, 116.65076670388649
1366, 116.62139629175888
2251, 116.59874046717916
1834, 116.50796117600652
2186, 116.50212238778393
1303, 116.47321467048498
990, 116.44305920299593
949, 116.43043872672956
684, 116.40510279897539
624, 116.40510279897539
996, 116.3788543209752
598, 116.32456419520376
1325, 116.3097477223551
3024, 116.27866465845354
653, 116.25467471793154
974, 116.24972026973224
1383, 116.23263933140517
2317, 116.22469538824609
1529, 116.20693542754425
954, 116.05237215218196
687, 116.04262121308145
1307, 116.00540625866876
1522, 116.00195825663783
1281, 115.97174649800726
2149, 115.96934518734662
1619, 115.95557952859969
595, 115.8743512887337
620, 115.79499753646269
819, 115.79065587634796
998, 115.776769297809
648, 115.776769297809
245, 115.76778991876445
2197, 115.70695878161557
1008, 115.55404740873568
1055, 115.54353323951811
3022, 115.54031125609772
2201, 115.52363217627403
1016, 115.50956867069458
721, 115.44559346912901
1341, 115.40608779470747
1192, 115.39401153553364
1342, 115.37426930108283
1946, 115.36407325559307
1528, 115.34677897549136
829, 115.34653948759353
1482, 115.29688981880399
1305, 115.20691562200011
229, 115.19920788783688
1606, 115.19443466348633
1276, 115.1929873881999
818, 115.19087772722399
2151, 115.1829127380536
1774, 115.17426006099807
2281, 115.1700774731407
1918, 115.14021856772104
2132, 115.09655357524579
1507, 115.08888831351646
2326, 115.04452787419318
2127, 115.03373002630345
1903, 115.0200869654237
1376, 114.98678033798836
1956, 114.98172032274256
3035, 114.95370805508841
1015, 114.9309251929324
753, 114.90364648646398
975, 114.85986416418869
2332, 114.83983491949706
327, 114.80205724704707
271, 114.79107542100198
688, 114.78937723379137
2159, 114.72401104648243
1937, 114.70440188524448
805, 114.70347083568926
1344, 114.62760062115073
519, 114.60611278665766
1157, 114.5690424764764
662, 114.51796622378644
2834, 114.46100321804023
726, 114.44912766242275
1787, 114.43040494957901
1296, 114.38153137836798
2437, 114.35293498697268
2147, 114.34337707684969
1948, 114.3353061091344
1496, 114.32866303543447
1317, 114.3219907729731
1284, 114.30341704001115
1833, 114.22384068866384
3450, 114.17396002202113
2906, 114.16861057911082
1916, 114.11344470492048
339, 114.0823361283502
1783, 114.07194398510725
888, 114.05151207834814
340, 114.02243943605129
756, 114.01655274411476
1654, 113.98210800619309
700, 113.96637754686734
1503, 113.91192097777534
1407, 113.83635681686525
1497, 113.79361094968823
361, 113.77069453698432
1333, 113.7619570324117
1621, 113.7282928180923
2225, 113.70117741745321
1952, 113.68775238590129
1990, 113.67293868852224
751, 113.65157631481597
2895, 113.61708227119489
1922, 113.59433541395187
493, 113.47695270321606
747, 113.43610220943349
1896, 113.37974744527776
1399, 113.36822189347161
367, 113.30496981248204
771, 113.30322640601021
842, 113.28216276065986
2161, 113.27890693328504
1386, 113.26951673235916
2835, 113.26191050628829
806, 113.22339912844916
1570, 113.2157117932908
1044, 113.19130189929986
571, 113.13679412441579
1767, 113.07182517547143
349, 113.04948236622621
997, 113.01451652199262
1897, 112.94714791690616
3273, 112.91206199143708
1565, 112.8942302876399
2328, 112.89382528109044
605, 112.8793976702528
621, 112.8752022870663
1472, 112.82217228999005
2112, 112.80561831435897
2932, 112.74581593611255
715, 112.74511543302316
2215, 112.73685761670008
1019, 112.71794384528366
1556, 112.70314747865767
2221, 112.64188585737976
1553, 112.63284622705953
968, 112.60781680532037
317, 112.55580198466602
309, 112.55580198466602
1766, 112.53196718214068
1793, 112.53035409679595
878, 112.46357734787699
1013, 112.4344284233862
2250, 112.4270373664278
1056, 112.40112670418047
2418, 112.37382287223457
2178, 112.34197745283583
719, 112.33654826437522
812, 112.27375171286309
1471, 112.25910605981923
894, 112.25770582770603
1929, 112.21955652013969
357, 112.08972247635168
769, 112.08730130072578
2241, 112.04316689220083
1375, 112.00317223897383
760, 111.9438959282722
695, 111.90452563788591
1349, 111.88174255827859
1538, 111.87834313499403
366, 111.78467438140927
1796, 111.77177957777549
2374, 111.72461581347554
767, 111.69061676297719
1936, 111.6810432646258
3001, 111.68016569807664
890, 111.67214401364609
2174, 111.62167960657122
318, 111.55714625575713
1899, 111.51726623698752
2329, 111.51323738636172
360, 111.48325309954068
1757, 111.39247667573966
947, 111.38019593587289
1395, 111.26066537393224
2843, 111.1250495760682
1938, 111.10566990648113
940, 111.0602621079563
1360, 111.04667220303867
739, 111.00410489477252
2420, 110.91874014771109
2128, 110.88215774597927
877, 110.80195889215383
3013, 110.75749875247114
627, 110.60437436343348
2893, 110.57641857029805
345, 110.51296652907463
1805, 110.48086388915601
570, 110.42433743400697
2155, 110.40439411733394
2901, 110.366757031383
811, 110.344329918489
244, 110.33069813972674
2883, 110.32402166785877
1283, 110.24228516194039
3224, 110.22922951558661
1363, 110.18409633105887
809, 110.14940158609349
835, 110.07709916024456
2335, 110.07451649344208
2363, 110.05956352286154
2118, 109.99484734375655
869, 109.99432855314105
915, 109.94709646677727
1313, 109.94261984122262
2253, 109.93406939657446
978, 109.89670108068123
2886, 109.85896621275549
3121, 109.7394781365211
1797, 109.68016740628154
1917, 109.61296634035345
3011, 109.56607237774081
3451, 109.55585300397358
2137, 109.4839739168321
2234, 109.44269247215497
348, 109.41484472940125
1923, 109.39978847801072
1592, 109.39179349115147
1988, 109.36275785851915
995, 109.35457452384188
587, 109.33130045292447
1955, 109.28049833076356
308, 109.23312392936606
1334, 109.22909104813932
950, 109.21389455789117
2885, 109.12161433203543
3023, 109.1154014554848
1338, 109.10994268300692
1924, 109.06851677571375
359, 109.04053329595651
758, 108.9742356037403
1945, 108.92110051277123
1337, 108.88414264641291
1609, 108.87230587821226
749, 108.84784959363265
2371, 108.79574467210436
322, 108.78436528408616
310, 108.78436528408616
2368, 108.77640895024985
833, 108.73951389399885
1546, 108.72451094981984
610, 108.71213239231946
3449, 108.69909383137598
592, 108.69579075356611
921, 108.68596702503204
2182, 108.64406692291564
2729, 108.63200637341826
2892, 108.59433767868914
2887, 108.55603541281063
355, 108.42357974307139
1552, 108.35328722922665
2838, 108.32887505709621
2848, 108.311568213108
652, 108.29877824148511
589, 108.22588695003311
625, 108.20060671531914
1816, 108.16703213707376
1933, 107.94727649416504
1812, 107.91942637003542
1545, 107.86042628384052
1987, 107.85969783052124
1901, 107.80180525218036
622, 107.77201304544394
1802, 107.55867699447873
991, 107.4437561330763
578, 107.44098123948699
941, 107.43049051005454
2995, 107.40698957701748
2944, 107.37839044681449
630, 107.32965959745754
2827, 107.30590989922766
1798, 107.29008435940332
3218, 107.19737553700503
889, 107.19492517230238
2836, 107.17895709263009
1947, 107.16792949879502
2001, 107.16205299107914
1602, 107.15164671996581
874, 107.12158241680632
1845, 107.04357577872993
233, 107.02608788865767
1843, 106.98884283581486
1290, 106.97848896407059
1000, 106.97520928185627
343, 106.87779098695303
2316, 106.7619699017621
951, 106.59834745135579
1763, 106.5611346991445
1350, 106.5190408629176
988, 106.38457644857218
1310, 106.38011122505092
1379, 106.35778571642562
1844, 106.24423165799712
1005, 106.19556626182566
362, 106.15545829868393
2896, 106.14713736754167
909, 106.11248097340791
841, 106.08221398039409
2357, 106.04508629766707
617, 106.01564053450059
25, 105.91533103858345
1384, 105.76965271327462
1547, 105.6879041701324
1821, 105.61450684100897
802, 105.55017755199438
2855, 105.48257183908132
2945, 105.47143134736125
591, 105.32297562779343
1795, 105.30179923405154
1775, 105.29187012924541
1826, 105.28796038696989
1541, 105.2122926336811
1526, 105.0418241360526
2894, 105.03923937011332
341, 104.87720421906474
356, 104.82190207275947
2402, 104.72152945265792
794, 104.30935387761198
2890, 104.23669911832987
1842, 104.14857324602718
1012, 104.045486855746
772, 104.01622889520488
1762, 103.97919445209843
2248, 103.96588826711472
1347, 103.91634193597915
2333, 103.78860825139131
1355, 103.71980753462739
1784, 103.71815557749689
1373, 103.67920327956149
2358, 103.61951252549305
183, 103.5129303397858
1532, 103.05441621876561
939, 103.00524756455533
1931, 103.00222767759097
1613, 102.95720399919757
2364, 102.80221567038764
2935, 102.73383310792478
1542, 102.61430914970215
1616, 102.47628069821425
629, 102.44905637108043
2904, 102.42712000442212
884, 102.41503255881011
1764, 102.3835473735671
3036, 102.36919789757997
628, 102.23457507887736
1919, 102.10995819473604
2143, 102.08826137091621
344, 101.9038075316527
1768, 101.82050526841883
3220, 101.75104259064558
1781, 101.70304806214902
1274, 101.56238552472523
1190, 101.45034681875197
1765, 101.42153337030534
793, 100.5201659307903
3161, 100.29167852967794
316, 99.51738459823497
901, 99.10419296678603
1287, 98.65322899374064
1564, 98.30546055598766
1267, 97.89798074237288
3219, 97.37126582887359
1364, 97.10285225708014
3216, 96.93300685985598
3223, 96.35545226771191
3221, 95.49840353202008
3222, 95.22614047497143
3217, 94.69262036688964
1612, 94.2647317338158
1358, 93.1953705928772
