2779, 3690.9073466633836
2758, 3260.7704528771314
2030, 3228.6446450638073
1106, 3147.8129020238484
219, 3124.20938524117
838, 3098.685691052514
2004, 3018.019636762138
1971, 3003.724525063177
734, 2981.31266400658
1966, 2968.4064783501594
965, 2951.5681461612076
214, 2917.860400293118
1968, 2863.0752717514674
859, 2839.0375034010526
2755, 2816.7346864115007
409, 2814.12999373125
3352, 2733.273147233361
3383, 2726.93777156617
1858, 2722.441825181759
3239, 2716.2646105047875
2788, 2707.8472386308276
551, 2694.4468777790626
199, 2672.8738241237033
699, 2671.477463015965
2021, 2634.1853580060933
2720, 2629.7222835533275
2823, 2569.173845010324
2745, 2564.976599248521
3066, 2548.963810658381
681, 2547.9536022553125
3279, 2545.5180582801736
2784, 2528.452008079511
2653, 2527.119730683849
2102, 2526.1241182449708
265, 2525.0498808592815
302, 2523.346511986643
216, 2513.360426672117
2039, 2509.8119061190505
733, 2509.7774986889362
3168, 2506.6329217027733
3306, 2494.2028427294545
1258, 2486.787963362012
2473, 2480.0939385954775
626, 2462.772648568225
2781, 2452.705533941295
3290, 2430.100819911181
50, 2411.490901630755
757, 2411.3150194675213
404, 2385.5138968632677
561, 2374.4126873500604
2917, 2365.0410879934047
1028, 2361.78966580978
21, 2347.9907653295754
2864, 2343.0659875308515
1756, 2328.497195191674
1894, 2314.5814124723033
2641, 2307.005997592488
1744, 2250.977695894637
127, 2239.329163793394
2785, 2236.556921112216
87, 2236.1602581098377
1715, 2225.2840051352287
3314, 2214.4449097117063
2558, 2212.2624141357096
385, 2198.918044749805
512, 2189.986884586349
3347, 2180.6220278308556
518, 2166.6190967058983
3243, 2165.099127870052
3063, 2164.133215183509
2742, 2153.4768919406274
957, 2151.179096851226
399, 2122.0258081942325
254, 2116.606690894122
3184, 2109.641954936814
2624, 2104.5266933623247
2721, 2103.575316797036
2705, 2096.8998542538957
679, 2077.386621664842
1682, 2072.508725179885
3316, 2064.254277733422
3129, 2052.741853746877
2652, 2051.3432460697545
3162, 2049.1567512240103
3207, 2039.261071698546
3200, 2033.2282224867313
400, 2014.3313106020119
2756, 2012.1674473848616
3090, 2002.019598809618
386, 1997.7342054030737
3362, 1996.713375749511
1659, 1982.9965597346136
3111, 1982.983179061067
2497, 1971.3401663556901
2566, 1965.0322748522715
2524, 1961.649390308677
647, 1955.8283921633383
291, 1954.8718016963712
2104, 1952.7143222793645
2571, 1952.2001821881577
732, 1946.7362413334345
398, 1943.8666744032112
36, 1940.8601155414594
1710, 1925.5758794358962
1232, 1924.7112455582885
1743, 1923.5415955672165
863, 1922.4953047273355
1755, 1914.407494352431
3080, 1914.2091513988498
2690, 1908.963637587482
3304, 1908.285996475799
1463, 1894.8208790416609
3187, 1892.900353853432
2525, 1886.4534406775306
2608, 1883.5340579107226
2561, 1877.3363779225738
2694, 1876.6926187656568
250, 1875.1926446025168
3312, 1867.7987316564047
3130, 1867.7095719549036
1879, 1867.4729293555893
1630, 1858.8064700140578
663, 1857.8352627991655
1642, 1849.900365952154
2559, 1844.4994024006567
412, 1843.810165039015
3324, 1842.1801694208127
1967, 1841.5103712692621
1626, 1840.773539325173
282, 1833.3444578937037
2657, 1820.8836303950025
1672, 1820.227725792772
3040, 1820.1812480761091
3097, 1819.5988736936358
513, 1818.1482058793774
2650, 1811.0741578976974
3264, 1808.1086089765267
3039, 1808.0698547497511
3255, 1806.178069790083
634, 1803.3643906696748
1874, 1801.537476891743
643, 1794.0377768057965
3323, 1792.9256456431356
2646, 1789.1214846285486
300, 1785.7010636255113
145, 1782.814625745724
3354, 1780.3063968725085
3442, 1775.5734105467225
150, 1774.7890552577055
2101, 1768.8907319443208
2816, 1768.1182777324202
2607, 1763.2840255160872
58, 1755.0723820974672
3099, 1749.397764686559
2491, 1748.9289259364598
3150, 1748.815388915625
1892, 1747.9984557417542
3284, 1747.79142080355
2017, 1736.7758208619098
655, 1736.4361978011862
2572, 1733.3093264817974
3197, 1728.4514886715567
1740, 1727.9331637964176
3289, 1721.76054556124
3225, 1718.9075328073375
1703, 1711.6116144560847
2710, 1709.5638162141074
1726, 1707.947437047164
2712, 1705.2582887931396
395, 1699.7308051034092
2656, 1698.7396922902853
2738, 1695.3494246702508
1238, 1690.8920536616804
287, 1689.2897272525447
156, 1688.536910521428
1714, 1686.8479881404567
2610, 1686.2465449870988
1748, 1686.081048395063
1871, 1685.686262480879
3248, 1683.392530321399
3194, 1680.105205496166
3123, 1676.9220923215287
3201, 1675.1553994343676
1700, 1672.6323614807884
2696, 1672.020623309563
3147, 1671.9458901093244
613, 1670.2439154888098
2782, 1667.0725661207985
1633, 1665.1369876254926
1721, 1662.5751005168554
3136, 1661.5507599141529
1699, 1656.6024478029326
2442, 1647.3291893217292
1752, 1646.1407145079113
1647, 1645.6034474515984
2003, 1641.7255184306225
43, 1636.1393343746745
3134, 1635.9711895948465
280, 1634.6102867331306
966, 1633.9051730711342
1114, 1625.1928975576216
1695, 1623.3992853713016
2098, 1622.0968626950469
3380, 1618.141160196056
2527, 1613.789132468719
2508, 1613.3436393958825
1717, 1611.0820511350453
298, 1601.956076099293
2793, 1600.3248261374176
3305, 1599.5001736767351
1631, 1599.12030128972
2288, 1594.5882573394795
1730, 1593.9149065272152
2688, 1592.8643914337456
1941, 1591.7176634993757
1121, 1591.1025401934023
2454, 1589.4689248518387
218, 1580.2109730640377
137, 1577.8328534713125
2568, 1576.0557082411874
1891, 1575.4166329884467
2666, 1574.675964912444
3082, 1572.0229450683562
3444, 1571.1090271003538
2152, 1569.6474479893075
455, 1568.3024619466978
2649, 1563.7836244555967
84, 1560.2477964003513
3294, 1558.730264901867
408, 1558.021749813652
1745, 1557.2063536460855
1735, 1556.1376442391434
2562, 1553.639771024808
3211, 1552.1213003796208
1692, 1546.4171143721721
2697, 1546.231687352799
2645, 1538.422455598409
3288, 1535.0452854842342
439, 1534.6206798255278
3105, 1534.383542123407
1733, 1531.8263783428488
1718, 1530.8836862753205
2601, 1528.4014058869539
460, 1527.2731653364733
3299, 1524.2609974902603
3350, 1523.6181427703068
680, 1517.5504011577123
2553, 1515.7476625255242
3186, 1513.2336422064002
2485, 1512.8853059084065
1668, 1512.7720777763752
509, 1512.4801347775294
3443, 1511.3466019891484
1084, 1510.728022210029
1684, 1505.1506484088272
3433, 1504.4903895635941
3206, 1502.0431182982009
2451, 1498.7902434175762
678, 1496.4938317431524
1698, 1496.19261568627
35, 1492.9158013685862
2574, 1491.2237987653316
649, 1485.614798245583
2668, 1481.2399575447685
1679, 1480.848461122031
1873, 1480.6294195475853
1970, 1480.5882005754122
1024, 1475.8220622916303
1439, 1473.1720402184126
2513, 1472.8531806865105
3432, 1470.4501083681448
1644, 1470.2763721810168
885, 1466.5548189036733
956, 1466.2014736722895
88, 1459.3997607358226
3112, 1459.2292234939327
1701, 1457.7526995184617
2726, 1455.1836214882555
2244, 1451.7424320732239
2397, 1451.3524142288386
3311, 1451.2822592434695
294, 1451.2012269263068
3265, 1450.309790846182
276, 1448.1976328099793
1729, 1445.815298639366
195, 1444.8224246146058
1716, 1443.9976366536857
2959, 1443.4643147134589
1650, 1442.8820260481054
1724, 1440.8935458448286
3295, 1439.9650513896374
1705, 1438.9242387069992
1712, 1437.4086536946731
2514, 1433.055110696535
2111, 1431.6442780925688
2096, 1431.6442780925688
3336, 1430.116368131019
3318, 1428.7069485899774
3278, 1427.531608708256
2048, 1426.7190924160427
1670, 1426.5887580155086
2630, 1424.3105654197448
1669, 1423.4292985047016
748, 1423.1790912737968
1671, 1421.432969144165
212, 1415.584992894012
1727, 1414.629045420021
2671, 1409.3424163387588
1739, 1407.394047937799
1875, 1399.5622058006306
1741, 1397.0406117312493
2814, 1393.4098688380823
563, 1392.638372638756
1625, 1392.3397728565465
580, 1388.4187882279796
2520, 1387.6333021182195
473, 1387.4302767568106
20, 1387.1726926019783
3146, 1385.927092171209
2635, 1385.5812714691447
1722, 1384.4605519323704
651, 1384.2181070012211
54, 1382.8329190524
1728, 1378.7297200705268
3183, 1378.6828261217397
2505, 1376.4702085852298
1649, 1376.4158249112468
2580, 1376.2618656307484
1687, 1375.9185311630445
1754, 1375.602641727865
1704, 1374.6635836213586
2393, 1373.7308785197072
2486, 1371.6554706218585
1231, 1369.39259347785
2812, 1368.4492920675004
3254, 1366.9216671235474
654, 1365.3180098007174
1725, 1364.0572578656058
3204, 1360.5936079617406
2575, 1357.9247599850053
2780, 1356.2994241545118
134, 1352.5406431169204
2404, 1352.2407871872228
1685, 1350.1053714036213
3005, 1348.0262616068933
2353, 1346.6848766520013
1627, 1346.4511897170557
281, 1346.306732833537
2604, 1345.4578989313243
3120, 1343.4300300000152
1869, 1343.2164807034815
3020, 1340.394894126566
3095, 1334.2230683413181
1185, 1333.5530850631392
379, 1327.7021681390602
2466, 1327.3158547258915
2587, 1324.564346561943
252, 1322.435213398257
2789, 1322.0928046148074
2002, 1320.0427835833468
1171, 1319.9957117455176
376, 1319.3410749276368
1877, 1319.2175558675406
2338, 1318.3441232525809
2008, 1317.2894333167276
1706, 1315.4306117514332
2778, 1315.0149530564097
1738, 1311.864592227472
2589, 1303.3812913637748
1746, 1302.471065237114
497, 1301.9197489097578
2948, 1300.7329240847846
3101, 1297.4385982804001
2808, 1297.4332207251143
2749, 1295.4405258767044
2087, 1295.233914723426
1691, 1295.0995756054724
2536, 1293.7965954036447
3415, 1292.9735216111308
3178, 1292.8750601334657
3170, 1289.394872750506
2563, 1289.353634533593
396, 1288.236249893944
1734, 1286.1939532484687
2597, 1285.4349548330592
1646, 1284.573809487154
2686, 1283.9478367134575
3315, 1283.4208082823059
1629, 1282.983542867077
2456, 1278.5192550892739
2736, 1277.01810008355
1665, 1276.9393334716958
2528, 1276.208433335227
2592, 1275.9649918148887
3241, 1273.872812383313
3062, 1270.4869878765853
3059, 1270.1640010815684
3092, 1269.0409830093904
508, 1268.579836144167
1681, 1268.207498979025
2390, 1266.2354741723711
2533, 1265.5843143863922
194, 1265.1784046055343
1708, 1263.9940145451123
3144, 1261.6427175347308
47, 1260.8556011418746
895, 1257.7817888691684
1002, 1256.4956421679128
2658, 1255.8929502746803
1057, 1255.3355497240962
1657, 1255.299819657235
42, 1255.0255186962083
474, 1253.2953627025574
2951, 1251.3431829510257
1868, 1248.991108819866
2651, 1247.87530017431
2289, 1247.6899334185443
138, 1243.9571763058439
85, 1242.6241753192594
77, 1240.8714116828194
2212, 1238.1420309876507
141, 1235.0425411312126
57, 1234.373134438706
2305, 1231.571016909333
1047, 1231.4550597715277
2461, 1229.6559932411417
2741, 1227.7197375363487
2683, 1225.6715724351336
3274, 1223.1802220757359
1731, 1222.1056984708282
1243, 1220.1169907780438
2240, 1219.0112070560199
80, 1215.3811199192824
3246, 1215.0512401577541
2383, 1214.5440682967433
2283, 1214.4763804013405
1645, 1211.3982651439383
1720, 1208.184780659609
143, 1206.3262923532639
1677, 1205.3417393635484
1639, 1201.5425185036597
2287, 1200.0346672283201
427, 1199.8100570406932
611, 1198.0923228763036
447, 1196.4232373843267
2340, 1196.4092445738304
3195, 1194.8875275414368
1648, 1194.3303213945737
1102, 1194.3133545235423
3051, 1192.270497823683
670, 1191.2974028158062
2616, 1187.1815490780673
1742, 1186.1682796784542
1854, 1184.735852550504
1637, 1184.5818434646621
3133, 1181.7497199675893
2824, 1180.4851626642435
3171, 1179.4792476428458
2238, 1177.8077834286444
3439, 1176.7928153270764
74, 1174.997783085691
1249, 1173.436175473003
3163, 1171.52188289297
2640, 1169.865613841175
2203, 1166.1020505396673
424, 1165.4398565166914
1751, 1160.288896356188
2025, 1159.7771365061574
3384, 1159.1632562553252
2106, 1157.4970038545514
2293, 1155.3737470044377
2034, 1152.2409582211083
3259, 1151.449617611866
2343, 1150.7653058976402
2612, 1147.7787059890434
388, 1146.1154943671183
515, 1146.1067784592758
2475, 1141.6307479901157
2493, 1141.1256663402057
1674, 1139.6537696149526
2453, 1137.4545096854256
881, 1137.2508382888805
337, 1136.9264491751762
607, 1135.0429469228798
3094, 1134.7418791824653
19, 1131.9118487039293
3143, 1130.472373466831
3258, 1124.5559849399658
1702, 1124.4343448847264
2795, 1121.9807409694918
1697, 1121.0733588348937
165, 1119.5296591831475
1749, 1114.991729917106
555, 1113.514332383103
1643, 1113.3685566084405
149, 1111.3652386465637
1771, 1110.0848832682238
3151, 1107.5838078476395
2339, 1104.7841348610514
1636, 1103.5393294156052
1122, 1100.3808528532718
3232, 1099.9209966254332
406, 1099.1602042049158
1666, 1098.375377056812
2005, 1097.9715097431215
2449, 1097.0520028425533
82, 1092.3354313487282
1033, 1086.582612239418
3231, 1086.3710156272148
1104, 1085.5015985009995
3199, 1084.344685200318
1205, 1082.0999541068811
2280, 1081.6777877113955
2239, 1081.666756137184
2564, 1081.4027201884337
278, 1081.3349291465574
2385, 1081.0892045518801
2483, 1080.595928377689
2620, 1078.3660318277
1750, 1076.157561787419
3084, 1072.6620119232466
2294, 1072.4396458432545
2821, 1072.3446012989614
2314, 1069.024293321361
2853, 1067.5525581783154
2623, 1066.4438922914069
1244, 1061.53988752384
196, 1061.0750813396112
38, 1058.5777268604124
491, 1058.3955857978995
2272, 1057.7157674910568
2648, 1057.3105299644028
2605, 1056.9558439611017
1859, 1055.5737373660832
2655, 1053.6211832721012
1707, 1053.6150329315776
1732, 1053.4459366510366
2543, 1053.3566048400503
3213, 1052.9113527420427
3313, 1051.2104118366542
2484, 1049.5613172395135
2282, 1048.8610440516288
2586, 1045.4300934554476
2094, 1044.9806424054154
411, 1042.9506189851647
198, 1042.8778534802855
2179, 1042.7939997785963
3287, 1039.74626792131
381, 1037.431492625206
1237, 1034.7068135804088
3007, 1034.504465646485
3176, 1034.2064085890158
3083, 1032.6372825487072
217, 1031.588088689588
402, 1029.9633054224098
3192, 1029.6635525870788
1635, 1029.098928692172
816, 1027.2043842103012
862, 1027.1813561612753
1913, 1025.2773578399347
1680, 1023.7060968596566
3435, 1023.4405231829925
222, 1020.10951501586
3050, 1017.6770048698512
2167, 1017.4827827640634
2677, 1016.9520008791148
2681, 1016.6141313690796
2695, 1015.6285541096241
2809, 1014.9519884138468
1914, 1014.7022267077832
2235, 1014.4603593836399
3079, 1011.7368473350163
2492, 1011.1135892549554
44, 1009.8456058602856
228, 1007.8686841706267
2621, 1007.2889775513969
3021, 1006.2174573934528
1381, 1004.4831431893192
1993, 1003.6201694363833
34, 1001.5721720189556
1696, 1000.6796674738194
1159, 999.8271513546925
1221, 999.3431197766321
3327, 997.8329163417461
2185, 996.598128951554
3071, 995.6963517566559
2988, 994.5376692937738
237, 993.7959895942752
2673, 992.1230034827762
2391, 991.5058872743647
2692, 990.1637968801035
3296, 989.4572616385794
1641, 988.3234207777654
1162, 986.8321643329224
288, 986.6403121690457
55, 986.4971325610333
676, 985.7533481656322
2811, 984.662052394122
2108, 982.0852454589053
3413, 980.362619494102
206, 978.7822155535624
3160, 978.2077291058202
2723, 975.3671522000266
2603, 974.4635394838074
2496, 972.902347291285
562, 972.8473520186207
1737, 970.641887646854
472, 969.8127844021494
2204, 969.7705229511848
1530, 969.3995091437744
2626, 968.2642594585773
405, 964.8862419642267
2654, 964.2857372817602
2299, 964.0001641197582
2139, 962.6169707560138
126, 961.53610929735
445, 958.7398628860357
56, 957.8032246970228
73, 957.5330916661038
2258, 956.9852013041071
2531, 955.1582189912608
2226, 952.9141951197709
2184, 951.6809445985931
2810, 948.8352816747262
2455, 948.4848934147369
326, 948.4369481159638
2345, 947.5891872905884
588, 946.6526684290172
275, 946.1928459530882
540, 943.2886259434052
3297, 939.7758153632446
140, 939.1265843651871
685, 938.6158303390051
2249, 938.1818277185184
1082, 936.9154297044199
2822, 936.171968840949
2462, 935.3082954296633
608, 934.1129152959326
389, 933.1519898341195
1058, 933.027795648882
3113, 932.3648543364808
2679, 931.9062124210591
1686, 930.8114830890107
650, 929.8105000774307
1870, 928.5026816394142
2980, 928.1012061431001
148, 927.3630442066128
2773, 926.5535783206332
2177, 926.1658953608049
1235, 925.91439055488
3262, 925.2053099238024
425, 925.0881884826099
52, 924.1521489922865
2346, 924.1238711479839
2264, 921.928573959204
2498, 921.8309866049578
3180, 921.6162327855209
906, 919.4667353565545
2534, 919.3643700530076
2538, 918.7969887060856
3293, 918.2587104669976
2583, 917.5773449194508
1087, 917.2119647704687
2570, 916.8239528402369
2013, 916.1827536585369
2606, 915.3049559910953
2519, 913.6967285607284
193, 912.7760000074312
2611, 912.6081441335518
1100, 911.8686221778513
2751, 911.4362075861285
2020, 910.8290613210271
2687, 910.5354516550922
861, 907.4019103451434
3440, 907.0973264294468
2217, 907.0509985424746
1960, 906.7123045915665
51, 906.7115060036272
1628, 905.7500918227681
2045, 905.6390786009073
2286, 903.4976007949971
15, 903.4330352882015
1880, 903.0647834137227
2920, 901.1080494580904
2342, 900.9401078402382
440, 900.4037552394366
2704, 900.1593453610412
189, 899.5867173868227
3209, 897.0290132114753
2464, 895.9923973091883
2776, 893.574694227277
3193, 892.9494358573253
3091, 892.1859000996409
2490, 891.2924418066222
1443, 890.6854113848556
2341, 890.1165395919365
2600, 889.1108722633833
1652, 887.7151891133436
1256, 884.6616328421271
2307, 884.6305338660299
3093, 881.3481351026464
2825, 880.555336986516
3261, 880.4278293210003
3251, 880.2670311695331
2291, 879.742714244886
1105, 879.0858485584749
1045, 877.1035413577597
415, 876.6076343035072
394, 875.4625775387867
3110, 874.1035704560662
521, 873.4173678376783
3344, 872.9643924224458
2581, 871.9354832432052
2452, 871.8367539370869
2713, 871.601065794908
407, 871.2258500229835
2349, 870.9262075528088
2981, 870.7366134778384
2522, 869.1140053141899
191, 863.1260044486895
2419, 862.8831182793176
2506, 862.6809416277357
2076, 861.0872951711217
1587, 860.7017042552394
1655, 857.5983036339798
738, 857.1213715603164
2869, 854.5689675162499
3244, 853.9689535575318
2313, 852.6717992711066
548, 852.2554286835217
375, 851.9342921045314
3159, 851.5602459062426
3245, 851.0000990580693
2707, 850.6337366661797
2820, 850.2890790739018
1434, 850.2496290679622
1433, 850.2496290679622
401, 848.5903206314264
2693, 847.4747349649888
3226, 846.04492224481
2093, 844.0452391795892
78, 843.7460548270049
3260, 843.5720140700118
2507, 842.9897010858235
274, 842.1213694667799
2079, 841.6748605819531
2760, 841.1433601350543
468, 841.0057396854652
2703, 840.452879885922
3348, 839.8950151561472
2629, 837.6275003909697
1029, 837.2412300752727
1910, 837.0579026859949
3208, 836.5906548330687
2041, 836.2399292363227
2662, 835.1845508196162
3361, 835.1669217699226
2632, 834.1973448516985
3292, 833.3763692081066
2019, 832.6422039541127
1853, 832.1060285531045
534, 831.1608988700417
2479, 830.6344639861525
2460, 827.9982050281441
495, 827.9692742570347
2768, 827.1779366822822
583, 826.2083001460043
2549, 826.0813337085249
2224, 824.2274732504168
2638, 820.5205849071374
2027, 820.1406441369351
266, 819.7825999921289
2044, 819.0626109211026
452, 818.3381073375023
2284, 817.356325765272
204, 816.8810162512261
3019, 814.2182660223705
2727, 813.8028969822466
1893, 813.6123148683179
2511, 812.895672977905
372, 812.2576379900822
2817, 811.5957162925206
16, 810.2421486030823
2965, 809.7116337163721
2029, 809.1045088706205
1063, 808.4006359347968
2495, 807.7871897844925
173, 807.3460496926173
3098, 807.0639154626186
1759, 806.2128976663248
3329, 806.0316504180827
335, 805.9729377988373
2675, 805.3534888089423
1675, 804.539095433966
433, 804.3810609830196
3042, 804.0630295638745
2722, 803.3692387847111
3364, 803.2529130058608
1077, 803.1925203013435
2379, 803.10575548158
2644, 802.9227671565617
2109, 802.5881960891508
479, 802.2513030719359
2218, 799.6506641252963
1557, 798.9426646750771
2440, 798.7192674984508
1770, 798.5243066545345
2700, 795.6865737143747
2037, 794.9188256230415
480, 793.478783576752
3185, 793.2768367481091
1747, 791.5718851769429
913, 790.9460231965091
2488, 788.5563261885891
203, 786.5788777040483
3057, 784.985132067339
3214, 784.7223892081918
485, 784.1554047667755
1111, 782.05904950836
3175, 780.1920798484553
435, 780.0498336483612
2499, 778.7970335800167
147, 776.8378986700272
1204, 775.5962966863343
2757, 774.5827736435127
3283, 770.8802643594929
3173, 770.659506532447
3300, 770.6283889458367
1850, 770.5456577102406
3276, 768.2620159757909
3165, 767.7044181226959
2987, 767.4369779458046
2714, 762.3904608865221
2665, 762.0161725816877
3281, 761.9673188990309
3056, 761.8988471209927
2078, 760.6772110967609
464, 760.3654068067352
2092, 759.7907384660288
130, 759.5995035531539
208, 756.8423559073401
1847, 756.1949744550035
3285, 754.419952846439
75, 753.9281975811925
470, 753.1019025961895
1559, 751.7386011085446
2032, 751.4209641222221
1611, 750.9007417810186
2530, 750.5128527185952
3100, 750.2820935432795
48, 750.0002713693248
3298, 747.7848281530315
3424, 746.7025748396875
2024, 746.6017739544006
2257, 743.8667947368435
731, 743.1871789628938
3301, 740.0627404493225
1142, 739.4950610375482
2743, 737.8089788427728
2748, 736.2209033225561
3447, 735.6551038556247
677, 734.9742288938668
2698, 734.7504402521201
2026, 732.6679741339444
3174, 731.7092687750209
2477, 730.2154394568539
2622, 728.5810752397098
496, 728.0690020233477
914, 727.1616930920295
2381, 726.8967181377225
328, 725.862339384939
1172, 725.5141852428007
2670, 723.8800018379736
3190, 722.8041188714863
79, 721.324193090943
449, 720.3522561901963
451, 720.2576712988115
2625, 719.3115549502884
2786, 718.3435222508853
2744, 718.2842860833673
1664, 718.1332255084227
2016, 714.7622347578897
3202, 714.3804419315762
1140, 714.3193532961138
2296, 711.7400618964355
46, 711.5023026404139
2766, 710.622597236657
37, 710.5448645795003
2767, 710.067263309333
83, 708.9440434406982
3128, 708.622556419772
1995, 708.27760145887
2734, 707.1770184005346
864, 706.8559329641599
3266, 704.9527706026588
2537, 704.3051578774356
2535, 704.1423078773751
3434, 704.0931288668711
1259, 703.2823451710964
2263, 702.6471239271516
2759, 702.4134017362329
2061, 700.855415793724
1997, 700.6468214475876
2684, 700.2432557474805
2083, 700.2229793141906
413, 699.1700815607617
1690, 698.5456326396744
380, 697.8892243086368
2598, 697.6004911628461
546, 696.9151388843081
2091, 696.6281572984745
3386, 695.6785276534443
1963, 695.2396057151722
488, 694.8783264285117
2863, 693.6299033702251
467, 690.8490246033405
466, 689.8574148205045
773, 689.6814080808815
1098, 688.2540166079408
2634, 687.6437005064407
3172, 687.3302941209316
168, 687.0345696725414
2300, 686.1958306125085
3445, 685.0076706041751
331, 683.4039657503894
2278, 682.7465687628694
3404, 682.374186345509
2970, 682.161895791376
225, 682.0645763048277
1517, 681.197690758761
2790, 680.6630793993643
2103, 680.3745436798492
297, 680.0232422924078
2259, 679.7653799081438
3182, 679.4564845657043
3212, 678.7688627613588
142, 677.7526953887407
2746, 677.4690589383067
1991, 675.5375412890636
1432, 675.4951908136738
2075, 675.1948050302285
2669, 674.9325813716108
2059, 674.5176937002874
3203, 674.2421445904947
410, 673.2323056445372
1252, 672.6958037353666
832, 672.681068130868
3357, 672.4962608688879
392, 671.5550850980449
2546, 670.1647986857444
2660, 668.7776923335748
2774, 667.342527217737
2989, 666.5589070744156
3205, 663.0248924997305
2502, 662.3854768716928
2501, 662.3854768716928
2802, 661.4318652438799
299, 661.1968810316954
471, 661.1244866255927
2764, 660.8986368735134
3065, 660.7137854049322
3189, 659.9008590327697
642, 659.8264426011934
365, 659.7952758987459
3210, 659.714878041482
2552, 655.6227778861655
441, 655.4484136996949
669, 655.4421419394155
2699, 655.3781329033121
3426, 655.3156245632797
2659, 654.8685610615239
3169, 654.6942185987413
2667, 653.9557454780424
152, 653.7980072695093
1090, 653.4393020039637
378, 653.0575462423238
2011, 653.0537515989178
2576, 652.7882356230134
2509, 652.2600645557911
3032, 652.2065483814642
1912, 651.7393335372589
1515, 650.3489250403316
3149, 648.6016786084257
1461, 648.5535909972717
1260, 648.1030086093668
2565, 647.784080419196
2963, 647.6845537503195
2691, 647.336944154625
303, 645.8791778823074
3403, 644.5982454871297
478, 644.5538139779884
2614, 643.6255013286124
3006, 643.4010056772577
2472, 642.9605111988438
483, 641.9695914520663
860, 639.4052979829513
2444, 638.9856076911173
2405, 637.9055831949439
475, 637.8192385311764
272, 635.9729607600735
1851, 632.4547056260925
2631, 631.6438911043988
2591, 630.7816740242503
129, 630.6117687737435
1980, 630.1543406873933
2469, 629.8477700792895
1604, 629.7900209289279
329, 629.4190953382207
852, 628.5269488759276
3167, 627.5930340241043
2474, 626.8998172428799
2661, 626.7571795638858
255, 625.8735588747196
1233, 624.1296978340537
1758, 623.8741430015447
2494, 622.8294390224529
2617, 622.5064633974093
2609, 622.1232407099907
2737, 621.8852518200673
2070, 621.1815999330802
3142, 616.6455707638169
220, 615.9978156699069
544, 615.7204698508539
3341, 615.1618944090277
2285, 613.7421506032932
3389, 612.9565922407912
2627, 611.4998667628635
175, 611.0236092398444
3249, 610.7353584358285
1177, 610.7350975245423
2389, 610.65725062592
2018, 610.5470234720431
3191, 610.4424869930497
2261, 608.7457469237621
3179, 608.6543303135122
1076, 607.9736141324249
2088, 607.6030069358783
1975, 607.3595673460208
2664, 606.767326456682
1026, 606.7396743822741
3010, 606.2535129351937
539, 605.9622538150212
428, 604.2082225203665
2521, 604.0476239298556
123, 603.690958196314
2476, 603.5813515805121
2348, 603.3651710779639
2306, 603.2587074207614
1032, 602.2171474096356
3253, 602.204460937166
2678, 602.0330784085556
437, 601.6436994279592
2401, 601.1665432306331
2086, 600.9603014718481
438, 600.7950515527061
332, 600.0974265583496
213, 599.7452339373559
1184, 599.161782240321
482, 599.0345725048187
1215, 597.5762434372101
557, 597.1444211862186
2567, 596.338566955462
2510, 596.1299980487449
2724, 595.603377829004
1239, 594.9728569504098
2807, 594.8590554186014
2961, 594.6527110927627
453, 594.6336545103993
2089, 593.1640024307162
3379, 593.1497875705936
200, 593.0505476834494
100, 593.0061077853039
3069, 592.60201648753
2964, 592.3272711807526
1466, 592.2900135395157
1513, 592.0635933400574
2772, 592.0635810332581
1516, 590.3949745765744
1848, 590.1356442036588
2006, 589.733953200074
3008, 589.5901991369677
330, 589.37537118004
180, 589.2165205735158
671, 589.0114131836466
1585, 588.5198670048487
3325, 588.223085444974
3401, 588.0445365047956
202, 587.8449476300309
1228, 587.1142099314027
1300, 585.529396889269
2424, 585.4996818540593
2637, 584.9784639771499
1081, 584.2606837157592
81, 583.9870684967618
1109, 583.9500787001184
1143, 583.584274920668
1132, 583.1866014247042
3114, 582.9239957978928
2676, 582.7353771111696
2504, 582.3486209917537
2956, 582.0875031779794
2791, 581.2573290695298
3033, 581.0171391411736
1964, 580.2242972620586
3275, 580.0863700974114
334, 579.6319668617623
170, 579.5805727497923
456, 579.3966261037584
3263, 578.7023962561392
1994, 578.6181785881217
1533, 578.2222878113124
1459, 578.1795681030992
1173, 578.1776611002219
2265, 577.4832829877184
1161, 577.1447708635006
2986, 576.9911977565539
2298, 576.1960850150365
2541, 576.0693734786718
2457, 576.0570566050113
333, 575.9322794769768
1583, 575.5259643066937
2015, 575.4113116344372
2619, 574.0050072111358
2074, 573.8255016197969
2962, 573.4113163944123
2542, 573.0695090829363
3419, 573.0494151737606
2478, 572.5521476611574
501, 571.6320991880942
2557, 571.3337098594661
3054, 571.2662594815528
2053, 570.3145492570251
494, 570.1763870199148
2674, 570.060643222739
207, 568.930695978736
295, 568.5531553553526
188, 567.9610094924368
2022, 567.8405744853295
2050, 566.6374234717845
2352, 565.6520928187833
293, 564.782817341666
368, 564.3047441554825
2277, 563.5603421041292
2448, 563.266344396515
1581, 563.1258242066709
251, 562.683213750205
2702, 562.2583883656729
3107, 562.1089452725952
2777, 560.9799936090587
554, 559.6586390669526
1086, 558.4256480327823
2055, 557.7353988753546
1521, 557.3265029278201
211, 557.1464066908255
2706, 556.8740605748915
2082, 556.843450302888
3302, 556.6021469088514
2740, 556.3535707069133
1075, 555.964944381231
124, 555.8650255792332
169, 554.9789823915985
136, 554.8281590654361
1072, 554.7393861293805
2866, 554.5780366052583
3118, 554.2802933950597
3409, 553.787834199868
2394, 550.9937916591654
158, 550.5620456734755
3135, 550.4033326498129
284, 550.2381720519932
2267, 550.0945037956883
3148, 549.8174637783995
1071, 549.7840987181728
2560, 548.9735366599626
3385, 548.1990654539856
221, 547.5951480850102
3247, 546.3647733164911
2595, 546.2290214968133
2459, 546.0067955740051
2585, 545.3760242699129
1234, 544.7425471804374
535, 544.4367754536919
444, 543.7647637487828
2274, 543.5374332494337
17, 543.5052558890579
1166, 543.443019971588
2735, 542.9413163195537
2467, 542.5454710168656
1066, 542.3139903573858
2642, 542.1231539649701
2628, 540.2974429854925
3077, 540.1195397405942
458, 540.0551533871342
1584, 539.740202417249
2577, 539.6044351330864
1651, 539.6033372083261
2302, 539.3844833650638
2554, 539.099592296585
3046, 538.2098711992137
3250, 538.1794302761441
3155, 538.0369443140319
2544, 537.4612303825306
1448, 537.0259793786372
1456, 536.8021167498274
1603, 536.7240224987191
2252, 536.7124265638471
2529, 536.2762908815259
1187, 535.8443006062595
3388, 535.7672197984624
1560, 534.9377561753952
2663, 534.7982296019002
1624, 534.4198183983519
3072, 534.022273834465
277, 533.3645805280852
1040, 532.7680821238696
3370, 532.1149007749319
2482, 532.059944196776
2308, 530.4708217357978
1230, 530.1665028520432
296, 529.8216727744947
3317, 529.4710325351414
3303, 529.0509292055041
3382, 527.6307100216359
3089, 527.6060716906838
3070, 527.1722213740395
432, 527.0413591528517
1502, 526.5063810753174
2685, 526.2385447113647
1450, 525.778950271362
2276, 525.6388625947394
3437, 525.4925797460882
736, 524.6830197892962
1110, 524.5001811951453
531, 524.252342706071
2354, 523.0040895140831
503, 522.9003362781363
2792, 522.3863512723442
2618, 521.9771957677638
2382, 521.6605792740481
1203, 521.587702313586
2633, 521.550465143464
146, 521.5391197610754
2573, 521.4424945882237
2099, 520.9739446459436
532, 520.8723058116983
2310, 519.1860686525841
1126, 519.095972614948
1129, 518.9644675438593
40, 518.8684036666169
582, 518.5161284159066
3277, 518.2280208564295
1969, 518.1344573573141
289, 518.0781187634876
2407, 517.5446826064567
2523, 517.3409713046001
2480, 516.6244187468109
3049, 516.5805821655231
457, 516.3018460115143
3326, 516.1383666803895
1052, 516.0729515157709
157, 515.3580196875619
3227, 515.3166509256189
556, 514.2954753368261
3331, 514.0578289706615
429, 513.4303121999926
174, 513.40642199874
3365, 513.0948903549597
2689, 513.014879500783
227, 512.5701086803615
263, 512.0276367226867
98, 511.8354246741359
71, 511.1561445628953
505, 510.8051881244624
159, 510.2005606864967
2909, 509.7504027747473
3358, 509.57654263260514
2701, 509.21895274231406
39, 508.686373852866
3055, 508.24071156867683
1248, 508.1631268093844
2047, 507.59563274620217
45, 507.5042265149613
290, 507.40316296119863
2481, 507.0782519047563
1736, 506.7575073914357
3108, 506.4582096820999
3340, 505.789031811356
1911, 505.2435558643615
41, 504.87233146845557
2033, 504.7452768307685
2545, 504.7252358929053
3058, 504.43970407232405
3353, 503.85608141860814
186, 503.6197950744047
1444, 503.316706604366
2071, 502.7515773688882
481, 502.62505125587484
3181, 502.60464479994
2443, 501.8303453441654
2680, 501.81522257820353
820, 501.1556202983563
1865, 500.3845400121984
3436, 500.25402528162675
2380, 500.2322171766726
2445, 499.3738663226951
430, 499.1269964326566
1117, 498.3167025725075
1027, 498.27023821014166
448, 498.26937976985363
1610, 498.14601882054524
2979, 498.0142216921535
1676, 497.88330037720186
153, 497.8210916927487
14, 497.02001562732295
3166, 496.63758621343953
1247, 496.09638044068237
1119, 495.5570209229719
1060, 495.2708481933602
2260, 494.4100407046189
1089, 492.81617192653766
2100, 492.7119210439506
3381, 492.4553006908954
2210, 491.8466045387899
2463, 491.76461713476846
1035, 491.4497626022092
3307, 491.16880526115574
2447, 491.0443998535385
514, 490.98492412671885
2458, 490.9176088149865
3408, 490.48152050518576
3407, 489.7748123742281
2297, 489.41585862971203
3423, 488.85394721230733
2489, 488.2396152955818
1085, 487.7128204556442
2783, 487.4520844224863
262, 487.25571038628954
373, 487.0367363437159
737, 485.9637182304882
3360, 485.9431727366076
1263, 485.57926857430823
2548, 485.43595883584965
2602, 485.42554048819994
2312, 485.1475488442171
2584, 484.9975620738832
3405, 484.413728412805
3345, 483.84047702405167
1030, 482.8097631566754
2487, 482.73181658724525
2465, 482.66667302436167
132, 481.85715403722986
454, 481.67778907561177
1218, 481.5816936506612
2105, 481.18315158493084
2599, 481.0974448920142
1965, 481.03025413562443
1200, 480.9077309060811
336, 480.41679126654725
2069, 480.3723180033609
2588, 479.9496822149265
2818, 479.63811249552197
171, 479.4255909643056
3373, 478.4956639750275
1811, 478.45136122747516
1046, 478.05916679759116
119, 477.7376213649748
2292, 477.58902557842146
181, 477.5677243082405
1531, 477.3247329321535
2643, 477.14337575554396
53, 477.05452977226383
76, 476.3884632667122
2728, 475.7865666147702
423, 475.26687441995864
2516, 475.26238511300727
3064, 474.7982846767855
2754, 474.2540495767272
2081, 473.97394286698164
619, 473.6704567679153
1973, 473.5529805477385
2968, 473.386428871573
1590, 473.1352121412723
2540, 472.41994982698526
2613, 471.79035205618555
1437, 471.4062822035507
2966, 470.5586413749477
2266, 469.9329822686662
2446, 469.76776966903935
2301, 469.3945838719694
1202, 469.35409395931686
436, 469.0306878026163
443, 468.88411686724373
2803, 468.65922120097923
1124, 468.40538398297963
1219, 468.24325132554594
163, 467.77736935758884
2593, 467.33164993901045
2512, 467.2677142734915
1074, 466.0641631510296
2271, 465.917636347327
2315, 465.8550070000936
469, 465.44288043228795
2639, 465.0400241437329
1978, 464.66064974788657
3369, 464.03302298705415
3378, 463.5554542751736
1094, 463.5519878699909
1183, 463.48451063711923
2223, 463.29950770680756
1193, 462.9966043048439
2969, 462.96095476414825
2763, 462.9464679845807
550, 462.59625745804715
2747, 461.88842324866835
912, 461.39527078536275
161, 461.30677864285803
2973, 460.89052189776
1849, 460.25153971078106
2990, 460.24390691738984
530, 460.2017751823549
1113, 459.84985383599934
2636, 459.8137807897421
2388, 459.55197955431925
176, 458.5067678492546
2309, 458.1511816927168
2056, 457.8870178793686
3391, 457.6615158229043
3196, 457.596324469472
2386, 457.522542579424
2416, 456.97464843072277
139, 456.66056879666303
3402, 456.57623173483336
2057, 456.0286422295742
414, 455.72349852829154
3252, 455.1698483335094
2958, 455.112609648441
2985, 453.9179037246536
2918, 453.62538370530524
2077, 453.5588795118176
1979, 453.34023939213074
1091, 453.1766844414329
2052, 453.11099632582574
2708, 452.9397314835472
2733, 452.0051301363257
1241, 451.5541692834593
2590, 451.0312554998768
1245, 450.7147523606124
2555, 450.6142097293138
504, 450.5024088753795
547, 450.2591424176602
2398, 450.2367977771729
1442, 449.76706626738314
1169, 448.890782218831
2031, 448.8767696215334
3308, 448.58330031457075
462, 447.9906243442768
1445, 447.28643247146005
18, 447.20113139971215
2110, 446.897445989288
164, 446.86429974446963
1031, 446.5499923706502
446, 445.9324767150506
283, 445.3992997567648
537, 445.1223603168155
1128, 444.89159889397723
3119, 444.53911606592663
2090, 444.0639021774856
2068, 443.80039592612474
2526, 443.65095155222957
487, 443.3635323969338
1043, 443.02311101959634
538, 442.67848080643535
3371, 442.35088904139764
2582, 442.3068150596047
3339, 441.95572723702895
3086, 441.4453204575932
1876, 441.43951011323026
3073, 440.35366528255724
397, 439.2787338411691
128, 438.7590687565456
3061, 438.6456826609505
197, 438.51907166149175
1689, 437.75141855050697
3418, 437.34261668066176
2415, 436.9034330061328
377, 436.7149031698164
3177, 436.36105301963175
3416, 436.14191919794075
178, 436.007922853047
1429, 435.9469154459396
264, 435.15311405365975
155, 434.91012718012917
1083, 434.8665379656833
151, 434.79283276995244
2441, 433.7894361538576
1520, 433.303367698823
2450, 432.64458355212895
2468, 431.6337788659413
3286, 431.60946785056314
1179, 431.00655353265216
3106, 430.46288487742976
3429, 430.30473968764414
476, 429.8401558279497
3334, 429.83467964428644
1145, 429.1555894905497
542, 429.08387069469273
382, 428.21297707240456
1607, 427.6532183709376
2009, 427.2870914385306
1103, 425.75758727792027
2819, 425.54085645538424
2914, 425.50591036293633
162, 425.4581960285376
1174, 425.0832334066132
2303, 424.02281797551365
1299, 423.9751366005731
215, 423.86505639328226
2279, 423.5331032083809
3291, 423.40816122827874
2753, 422.94698847139233
1115, 422.7732320471197
1537, 422.64615259694153
3421, 422.6002090122978
3280, 422.35782097973447
3395, 422.2447252822774
1041, 422.04925716044914
1867, 421.9180835956184
502, 421.6234893876174
1118, 421.4623996586759
3125, 420.9061599502862
1025, 420.76068494207726
2539, 420.2536158446444
2337, 420.1095498158139
1236, 420.0677648429132
1212, 419.1534675490721
1452, 418.952201022719
450, 418.49070606437346
1042, 418.40744588668736
1053, 417.56629605547806
3425, 416.35969188190387
1866, 415.49972819732767
3446, 415.3743501849741
154, 414.96229112219544
1214, 414.3396235696804
2862, 413.3887763852533
3410, 413.0734362347903
517, 412.9393436149007
851, 412.86087716083523
523, 412.37813059181195
2596, 412.05183890482397
3153, 411.9666538931998
1301, 411.917476410599
1144, 411.694836379927
3048, 411.2035335621121
426, 410.08885409590533
1852, 409.62712257516245
383, 409.262190993453
1462, 408.580061000555
3393, 407.9106484668162
1872, 407.225601338714
1226, 407.00079084500805
201, 405.8174993267362
3396, 405.69779843570524
2709, 405.60855666315666
1088, 405.2626740572758
279, 405.2575486883067
3047, 403.9329073776162
2919, 403.36298620537406
552, 403.26410817745835
210, 403.23183959794386
3078, 402.80294667121063
1449, 402.4149799209382
506, 401.4869279549541
549, 401.2521293277142
1856, 401.0272155990702
2311, 400.34223593617014
3139, 400.2285848647069
1753, 400.0005279162433
2715, 399.73373021768356
3028, 398.0216250119099
2647, 397.3579084384695
3198, 396.9975664410484
1586, 396.95789646866433
3333, 395.8852102803189
1069, 395.5108292922327
2615, 395.1915731866403
543, 395.1837048848101
3343, 395.0203342283719
2408, 394.7967224749107
1096, 394.46257278499314
3332, 393.8579055885971
2798, 393.70554687800944
2765, 393.6935899831221
1857, 393.62368966012554
1589, 393.16841804648385
1464, 392.30209773211226
1688, 392.26077845364284
1130, 392.10565258988464
3372, 391.7407601212283
2579, 391.48506325976444
2066, 391.28709616663883
2983, 390.83911528827906
2813, 390.61746117042503
1761, 390.47709581373806
2794, 389.0759310174329
463, 388.9422663771774
2060, 388.86993072709305
2978, 388.72476951903127
536, 388.3667937286703
1961, 387.7321540793215
2975, 387.4233151043097
2974, 387.4233151043097
1253, 387.36420697761764
1974, 387.3093658277764
1451, 387.2875912749518
3003, 387.2632599691049
1099, 387.1468303504413
3238, 386.9561374926457
1760, 386.30637135668155
3132, 386.2598330415836
2417, 385.65069186525824
1112, 385.49961649452786
172, 385.2605421568854
2717, 385.0941800655145
2269, 384.86165140392603
1465, 384.690987138211
131, 383.42825357435754
2769, 383.33563745116476
3441, 383.28938977542776
2038, 382.8877574169128
2, 382.7976350193519
1101, 382.2279782029956
3420, 381.0977715841434
22, 380.84652300064505
2290, 380.7182888461811
1855, 380.6946546148398
1067, 380.43832366322914
1608, 380.25810473287436
2471, 380.12354665161797
2730, 380.0906819241111
1229, 379.8505985028451
2752, 378.6783899594822
1600, 378.6580383596419
1558, 378.1980760759455
431, 378.18361479490306
1147, 377.84374929310684
1139, 377.06306452545704
1447, 376.7323102318431
1148, 376.2566830520513
1662, 376.0068840276519
1141, 375.67348990457043
2517, 375.5296464322061
3131, 375.5014895683368
1199, 374.53775659098676
2797, 374.0324897375613
2594, 373.90763512663284
1678, 372.9214015315211
2396, 372.7350121006914
1095, 372.5427410332994
1683, 372.3726213973965
3342, 371.2466967867291
61, 370.2572977442162
1262, 369.53988098572114
2392, 369.4488839725577
2014, 368.6939175373189
2387, 368.35830504943885
3359, 367.8597503722735
3367, 367.757266408665
2080, 367.3956383180197
1430, 366.99222819741186
91, 365.8177494648169
2500, 365.08406743965526
3438, 365.0007851526899
1254, 364.9171172280383
2960, 364.0284295302101
3366, 363.87410684416966
3375, 363.8126960329207
2040, 361.67548686402324
2916, 361.5461290924945
3351, 360.79283939474504
1860, 360.466423214399
1438, 360.4037889351445
1125, 360.3234000232943
3115, 360.2224927083062
125, 360.0876885009634
1519, 359.43469286927484
1154, 359.4224544501112
1217, 359.1521431167921
1070, 358.4693487059204
465, 358.3039044219226
3004, 358.0281168038443
1773, 357.68317985198337
1660, 357.44540429913053
500, 356.79209867907497
2413, 356.1917000802804
3085, 355.0617058964542
3117, 354.66375818136964
1137, 354.60919089652214
3322, 354.22014767860844
1209, 354.190073438717
1160, 353.93501075600744
2304, 353.8562937315778
2065, 353.70392994465425
3399, 353.0565006429272
3237, 352.97092258696387
1436, 352.832038047234
2503, 352.7592418161235
3141, 352.5152504576998
1175, 352.09603466459066
499, 350.9075807584386
3154, 350.64235675015533
2064, 349.6050120789425
2421, 349.483402892113
3414, 349.3823766205254
1059, 349.34315213128735
1257, 348.9684424560868
3102, 348.8083090254129
1596, 348.6541852829127
545, 348.42569554951456
177, 348.3822844971218
1242, 348.33166605037195
99, 348.2355418240305
3335, 347.9112930873369
1878, 347.8321111129553
1213, 346.8487551352247
105, 346.811710227544
1149, 346.3623978733118
1667, 346.0438069922634
209, 345.9847284717326
2412, 345.91199601445635
1597, 345.8978788568808
3158, 344.87205950023497
86, 344.7927778705556
120, 344.7886444971091
3398, 344.7150096682114
2046, 344.4402088530048
135, 344.3852156505832
1182, 343.89624286499617
3430, 343.3180824882713
2028, 343.25604209897347
3377, 343.2089834949655
261, 343.15708889397524
1446, 343.04272667108245
2515, 342.71792672337165
533, 342.33756517766443
553, 342.10414417298836
1097, 341.8665479993685
1206, 341.3907946606718
1188, 341.28731319727655
2976, 340.77860644309396
2732, 340.5872802494288
1298, 340.14411091540524
1208, 340.10147728554875
92, 339.90088831597103
1881, 339.5636444426931
3394, 339.49808726860067
3346, 338.95457667603637
1227, 338.9505193958655
3103, 338.8522037222548
192, 338.7042124051355
2771, 338.70120550279637
520, 338.6276257591577
1431, 338.28145986370515
2815, 338.21022832870693
1201, 337.9906428766612
2058, 337.92230770632756
62, 337.88864148668864
1593, 337.7877991549689
1246, 337.08087494643826
110, 336.454440834459
3081, 336.4306904296491
1711, 336.2219473719344
205, 336.1683546350085
2036, 335.834388267511
1181, 335.7736901263475
1176, 335.20457093950097
3053, 335.1314276665752
3397, 334.6021697161242
89, 334.2844544933602
59, 334.057691344941
498, 333.54047770377383
3400, 333.3702355472759
1197, 332.6322708338272
1251, 332.6146557345201
1116, 332.4638714827814
3076, 332.3925069196477
2409, 331.7194075146176
541, 331.32749569598997
1164, 330.9869567306013
1196, 330.9656922702738
1250, 330.5107697169742
492, 330.30077920908906
2268, 329.655109462809
369, 329.4187321896394
3330, 329.0954501023577
2716, 329.0932297529111
3124, 328.9497277788343
2023, 328.8601385742543
1998, 328.84565165044006
106, 328.76283935627674
2682, 328.4880000258749
1435, 328.3742720310321
3109, 328.34863839699653
1261, 328.09306614159726
2796, 327.87543588585856
2347, 327.58614826989157
2967, 327.5495129961255
1107, 327.3768110801206
66, 327.2683099260302
2470, 326.98481637337534
2762, 326.8504187992329
3338, 326.814435699834
1167, 326.7506935041196
1127, 326.5665178201173
2719, 326.5157758630898
3087, 326.26158919066205
3074, 326.2286432889974
2007, 325.87150406862474
3052, 325.8524280850889
3067, 325.8000244342783
3152, 325.70994705569893
2344, 325.4260540748523
3157, 325.1980170269474
1195, 324.765169841129
3390, 324.66239082124747
1223, 324.53674174100473
3156, 323.4615877513337
133, 322.63214028998425
2982, 322.62696538726624
1514, 322.2924965042188
1136, 322.09441649091684
3096, 321.99730752272245
3104, 321.34684227383485
3088, 321.1624607244249
1170, 320.96725397340344
3363, 320.9570988385037
1078, 320.65788384520255
2800, 320.5832782085901
338, 320.4619377582336
1133, 320.4290019810963
114, 320.4221562659329
2977, 320.30317253883686
2043, 319.7505521763358
3075, 319.71133908121107
3116, 319.7036717079966
2761, 319.58146160631986
2984, 319.34193657008217
3427, 319.24623945994523
1131, 319.159990075125
3355, 318.51606510899524
1656, 318.4275042735225
160, 318.3879087588707
2356, 318.19567314271114
3127, 317.6890063461742
511, 317.45468440382814
507, 316.8140435899793
1222, 316.2326754546622
2578, 316.17658436842754
2770, 316.0584646098988
113, 316.0211021509932
3060, 315.3124485276596
304, 315.2154661425935
1163, 314.79995092039627
3337, 314.7268574997637
190, 314.3913541820264
2273, 313.9667595050279
522, 313.5420309882611
1225, 312.960574557688
3138, 312.86871402049314
1168, 312.860504826158
3328, 312.40060498318536
103, 311.49464242829157
2725, 310.83415243152865
1138, 310.7892220469533
2411, 310.61768256389627
1108, 310.3723285649946
2406, 309.77579723266876
1441, 308.78435994928617
104, 308.68107015564397
2063, 308.4611837955616
434, 308.34604227062994
3240, 308.04256681861614
3137, 306.98668045265197
1123, 306.9334013106787
1155, 306.75644701717806
1240, 305.787980376903
3406, 305.5828815929985
2350, 305.47160122020694
1194, 305.1083830402832
461, 304.71682418006003
3242, 304.6333385415822
1120, 304.54160485997767
102, 304.49481356496506
1224, 304.27705954476295
121, 304.0172314695064
2085, 303.9339855426423
1146, 303.18179499104747
179, 302.7468741779868
1186, 302.5980150838811
3368, 301.85830000952046
3126, 301.27572549164597
3349, 301.2375498496221
1207, 301.1957493749289
3140, 301.08454766346875
2775, 300.9690040874511
1713, 300.9551770489541
459, 300.28289836459834
1135, 300.2052897456131
2550, 299.28008103123705
3122, 298.9299747620066
1460, 298.15072690730227
2718, 298.0327830963466
2569, 297.5276274702268
2913, 296.198922553146
2799, 296.1888465753368
2551, 295.7684417911984
3422, 295.66808838047695
1658, 295.55475716351094
2787, 295.37366737742934
2378, 295.17591087529223
3356, 295.0819314134885
95, 294.4919121881658
3256, 293.908114676157
2295, 293.80957938814777
2399, 293.6144886777797
1996, 293.3522891670332
267, 293.244960716961
1428, 293.0918060730257
3374, 293.07585489607294
2414, 292.87486471891884
1061, 292.617750729727
2384, 291.8755792251008
1198, 291.6853801505635
1068, 291.24250115964077
2972, 291.1208992350079
90, 291.00809344390456
484, 289.8950614411471
2672, 289.7012361801656
63, 289.68423783724876
510, 289.5726525237021
1220, 289.5490695555822
3428, 288.0788416614296
101, 285.09513158849455
2910, 285.0196222716834
1477, 284.3170478943227
1134, 284.23166187461413
111, 284.1315462615015
108, 282.80337472280206
166, 281.8912811168277
3376, 281.5322302533377
2915, 280.736913977999
477, 280.5213893305317
1719, 279.9380165474388
1150, 278.8507158754837
2355, 278.8417435680755
67, 278.70123944262167
65, 277.9586084728134
2518, 277.2157087697292
1663, 276.7108101406677
2097, 276.6706203892285
1034, 276.10133328888037
1588, 275.52814358279136
3417, 275.40116596408086
72, 275.1200214226792
1065, 274.99929066909743
1079, 274.55924651911977
2395, 274.48513205549506
93, 273.6646638477676
3257, 273.06922365285334
2400, 272.9480163742186
3387, 272.7531777327815
292, 272.55340169580535
273, 272.2248698446374
70, 271.7800361682342
69, 271.7800361682342
167, 271.42073949518834
144, 271.29529670480406
358, 271.2302809097458
1180, 270.92173111831465
1813, 270.79664339524226
64, 270.48773948831257
3392, 269.80546898577074
122, 269.4677977807969
184, 269.2292585218767
1467, 269.0548588582406
1962, 268.7887551265461
1406, 268.0726237709643
232, 268.0071063895085
1189, 267.75231182380804
115, 266.883643289882
1440, 264.6342396601127
260, 264.52657446268285
2532, 263.53830208788963
1073, 263.45754940360433
1693, 263.3379540588757
1216, 262.64464624231357
1535, 262.59255133203277
1864, 261.57877378462564
1152, 261.2277425962586
268, 260.3611851767868
97, 259.9181777302185
12, 259.2800505926326
1178, 258.83786801522547
1605, 257.1916996346358
1518, 255.82059108716876
2556, 255.63039658763995
1191, 255.27834166361646
1156, 254.802891092345
2971, 254.50564414696652
1634, 254.47076490052157
68, 254.08338039595606
32, 253.61509275527257
96, 253.59828089872028
1397, 253.38115343526866
1151, 253.3340384132166
1051, 253.17670354941748
2868, 249.5939380970539
33, 248.91040407807293
1632, 248.6248304934645
3164, 248.38564630338803
1302, 247.98324648826255
109, 247.7192160544072
442, 247.4493881928976
1165, 247.265029976591
3188, 247.25743650524504
13, 247.06357526533856
185, 246.69305745325352
2801, 246.16648390034592
2010, 246.116147159465
2351, 246.08919534362542
387, 246.0825388189251
1838, 245.0926439345977
1958, 244.79227506387485
2270, 243.52138555516584
1093, 243.045471791353
1694, 242.81733039548362
2900, 239.1671051837838
490, 239.1155550316818
2861, 238.6282410574093
1457, 237.6645860683396
2054, 237.62530390939088
1153, 237.49080133568418
60, 237.22112331955606
2275, 236.7486289031747
305, 236.738162110989
3282, 236.4626700475297
637, 236.12679937443488
916, 236.0344223382612
1709, 234.51946103794776
2433, 234.451867097164
1316, 234.20265736336341
1092, 233.33466628890062
3431, 233.27199430403894
590, 231.02810994070438
1, 230.2697460003267
1638, 228.80005814821376
1800, 228.5072217836045
1972, 227.61307213881653
2035, 226.71092563557636
4, 226.5450973393521
768, 226.06734826819778
2860, 225.55290903469933
1661, 224.95837409937158
3236, 224.3224789794427
1054, 222.78402903411032
182, 222.55138194016826
10, 222.38280989824267
1062, 221.54755630366705
2192, 220.85146803743197
3234, 220.3496873530165
3310, 220.34715101163465
117, 220.24680883201407
1574, 219.3774523360334
1454, 218.7013258468714
1255, 217.454446234114
1785, 215.6817099071528
223, 214.6433018523858
2049, 214.4962405126103
187, 214.0581415761364
2731, 213.9568006808565
2857, 213.74955808574938
7, 213.2728495514143
116, 213.06295361130566
2924, 212.25903642221925
1788, 212.1204285290602
3309, 212.01940090194273
1814, 211.03645150302953
2711, 210.4807559830473
1562, 210.20767243570648
641, 209.7999640238672
49, 209.67769754933244
1572, 209.11219478962485
953, 207.97494401431763
1794, 207.88040670506876
1576, 207.8618390225496
112, 207.45108295563762
1324, 207.29338292606224
2320, 206.9168276517461
826, 206.65040481814734
107, 206.6489822875825
6, 206.30477734305052
2062, 206.07391131644437
28, 206.01178434521222
2832, 205.94401609470097
2805, 205.61093956345823
3009, 204.75558747332033
3235, 204.6837986433661
0, 204.60061970320686
2042, 204.12375499455666
3, 203.72085235210724
823, 203.39300637009518
1818, 203.02501488942588
224, 202.8628762656897
9, 202.77595794032632
286, 202.7467194947084
2999, 202.73553620365573
2191, 202.25044111432055
1573, 201.84798789812078
1861, 201.8136534185876
118, 201.19581326841114
1543, 200.83546248904628
814, 200.7908008968169
1723, 200.75063363586446
11, 199.95347517410815
3017, 199.37087587800508
30, 199.36467807889417
1309, 198.67055063627225
524, 198.49275299002102
489, 198.4624547219282
1484, 197.567451624657
2051, 197.22921751492723
1509, 197.16647358615012
2153, 196.4229235644621
2912, 196.28506801920497
2067, 195.99422285143464
2107, 195.92874613919108
2208, 195.91701735682193
745, 195.88799802417438
1824, 195.87645960900792
226, 195.81289338934195
1410, 195.27802311916477
735, 194.682537789842
848, 194.41048314449242
2889, 194.36056349100303
1567, 194.33249091041094
3215, 194.25130065051962
1004, 194.2426225316462
2134, 193.93299188052367
2211, 193.4675420721346
259, 193.37824078229804
1940, 193.15462988513235
1939, 193.11570787053438
5, 193.11248825233548
1882, 193.09336119011883
8, 192.54995171027815
2878, 192.29522047208442
421, 192.1891954623381
1806, 191.2724167374488
94, 190.98799275204476
2158, 190.1279858395501
2242, 189.9923846918275
788, 189.30329253781977
1575, 188.94847615909313
1951, 188.45433389064564
2193, 188.44490209484502
1418, 187.95196817343037
3000, 187.5117594182959
2429, 187.11058904019598
923, 186.9328457885713
682, 186.7543878097123
1571, 186.630778338749
1536, 186.61902823437137
2856, 186.52191200084218
2925, 186.33628919441634
2859, 185.77844671209093
2170, 185.60592003725753
2923, 185.03011030071238
1003, 184.80665158862624
1907, 184.61041230070975
2207, 184.4570314952239
526, 184.41329009840288
917, 184.41066368565586
2806, 184.1565391146216
1269, 183.93881603213947
1810, 183.65836639172772
2991, 183.44092305144812
29, 183.4018985288161
1424, 183.39216381221874
3025, 183.31295798228612
786, 183.11989882796902
2180, 183.02911591388212
744, 182.63956793019983
803, 182.34761036596063
2124, 182.09963399342976
1048, 182.04358223789032
2205, 181.7998176147396
2135, 181.52539895904127
2435, 181.277270011269
2428, 181.277270011269
1780, 181.13041974640282
1776, 181.05293266073534
1210, 181.05030959446725
1884, 180.8222724229432
791, 180.7986281633439
3269, 180.70523928879413
353, 180.6092081039228
1640, 180.5675758509502
727, 180.45181360012623
615, 180.41390625996263
234, 179.96517642976409
248, 179.69294515053903
857, 179.63300817674806
417, 179.02214201948073
2236, 178.98229400406026
2262, 178.9607116118714
1889, 178.74143827872095
3016, 178.70239595619222
686, 178.6737390468231
3228, 178.45324496764485
3018, 178.42529886185105
1039, 178.42357216358107
746, 178.0640376488723
3029, 177.67803716117015
301, 177.36198956879093
2157, 177.29330613196493
2318, 177.08482649794223
1525, 177.05788656802852
1653, 177.05669390954907
1306, 176.904242381617
2936, 176.83543026791097
1423, 176.79425081534723
2195, 176.6473691552338
2194, 176.4546437785152
527, 176.4482800509924
579, 176.28815498318988
1943, 176.26353930193255
2072, 176.02884724940637
2243, 175.87469667819548
936, 175.85213320519358
1885, 175.64554819030556
716, 175.62244725250227
781, 175.44179354180187
1617, 175.4160697232593
1807, 175.4107121430481
945, 175.39449391030394
249, 175.3809858295374
2196, 175.34267911445897
1356, 175.18923729395394
2953, 175.08018104647547
416, 175.0213820386844
1566, 174.90053119523648
2997, 174.75180450853895
1822, 174.75142717710528
762, 174.44987194832706
321, 174.08163330197942
2438, 174.0280467537816
2187, 174.01105401316929
1999, 173.90400620059157
1615, 173.78759722634555
980, 173.66299964059192
612, 173.6397653566563
2188, 173.6267151145683
1336, 173.5927226018666
575, 173.39470147823423
981, 173.06129157397743
844, 172.78898898248295
3319, 172.7752577625998
1487, 172.7403264381046
717, 172.65286420208835
1023, 172.50106543349085
1577, 172.48538188248568
1623, 172.4544842088781
778, 172.4484455902839
285, 172.3366304367065
920, 172.326611532334
1049, 172.30339537100235
3233, 172.22103043487283
1803, 172.08083943383846
1895, 172.07793068742345
961, 171.8148256586015
2993, 171.78666747789623
1985, 171.77339063467517
2160, 171.73580035569208
698, 171.67468543283965
825, 171.5873779277786
2931, 171.5777179126469
3320, 171.51694396815165
1580, 171.48805143926896
243, 171.28363192486822
581, 171.24924696405822
743, 171.17870429384752
817, 171.17370566918558
24, 170.98259614854263
1279, 170.97853054803815
2189, 170.94663996855098
23, 170.78043605878534
27, 170.69416045224236
2142, 170.65403231182063
2365, 170.60836458605706
1037, 170.49585769641183
1425, 170.46728888006226
2434, 170.21190979547455
2145, 170.0297702688909
2360, 169.98012819202938
1977, 169.9438724121296
420, 169.84378638145068
2949, 169.83606001339777
247, 169.60134218807153
2431, 169.5821964151883
600, 169.58206536748037
955, 169.5386030902357
2362, 169.49862683575492
2879, 169.4665868510802
969, 169.14829269637087
787, 169.09278427449956
1925, 169.01823380452257
960, 169.0092539426895
2095, 168.9648130853376
1579, 168.91419929354612
815, 168.8919115246715
2220, 168.8873961073722
419, 168.85782982276191
808, 168.3049848568459
319, 168.11753837763902
2214, 168.0399797433789
922, 168.02411874014027
528, 167.97103478559464
1038, 167.95747606182968
370, 167.91357600910874
393, 167.8775382802244
709, 167.70317522835043
1976, 167.65233276335945
1412, 167.5464745214727
2871, 167.52967041483296
1331, 167.34909149745243
560, 167.2475169675361
2181, 166.9508532580386
2845, 166.89170064948894
1473, 166.78651281443385
2829, 166.44588836732711
242, 166.30871475787143
1890, 166.17787140107498
1371, 166.06319964515183
2122, 166.0611939487416
2828, 165.95452643323097
1840, 165.66372577728694
2219, 165.66244754103505
999, 165.60328013419263
2907, 165.50030202176242
574, 165.34727594276552
2427, 165.28293239555666
594, 165.27106226767603
1599, 165.25709327388387
1308, 165.22995404476788
691, 165.14811669050255
1523, 165.07977826634152
601, 164.9947136495431
964, 164.95025248535214
1490, 164.88442629787122
1266, 164.8669679668011
2084, 164.86439200218868
2846, 164.7728349661031
907, 164.63381667746293
418, 164.6318156051821
585, 164.62695962721446
1404, 164.52667123530662
2996, 164.392925203625
804, 164.38706638777228
2422, 164.37113868481316
2877, 164.30706834520655
313, 164.22748454611173
789, 163.93320597804546
2231, 163.86960301873364
1839, 163.84098439899174
903, 163.74346274151975
2209, 163.72341807826035
1211, 163.72223784921033
1314, 163.71813935861795
856, 163.71771492376317
1495, 163.65535240360194
1408, 163.57235021548883
1790, 163.5492670737201
2858, 163.48665983034113
2992, 163.3458303459227
529, 163.28168619433606
3026, 163.2702243181075
1846, 163.24627469250728
1427, 163.11914026328265
2173, 163.10865892647695
1942, 162.99475094919833
2905, 162.95238065770116
972, 162.9441207735031
1315, 162.90841874218
1957, 162.80908942699614
1823, 162.79323352441514
2168, 162.78558255402373
1594, 162.69129388334014
2200, 162.67716835379454
1321, 162.58758070483276
2228, 162.55992393042087
1369, 162.48394190986662
780, 162.4151735176269
2171, 162.37762283481902
2940, 162.36847804632174
1887, 162.36410297663588
1863, 162.33551452631477
3229, 162.09701630752693
2804, 162.04339509468093
593, 161.90125588384802
2206, 161.8737675605173
1510, 161.86805002579914
837, 161.84691608021785
1289, 161.80023223425943
1508, 161.6299512989148
2165, 161.61975001957586
3270, 161.56696253911196
586, 161.47768410274813
1505, 161.44169770881643
2929, 161.3881871396435
872, 161.29116964946758
2837, 161.2603823207554
2334, 161.19537202627004
1050, 161.14626823358898
1527, 160.96517428192658
1984, 160.96086418189375
845, 160.89845606827654
371, 160.73465241312547
846, 160.68677862654323
2928, 160.6310507772554
2190, 160.54096461234053
2922, 160.537853876255
1348, 160.53152460069248
3267, 160.50559637569407
1501, 160.48753561964725
1478, 160.36927617879638
683, 160.34042819929277
558, 160.23089589042218
928, 160.05120359284993
1986, 159.95655434439243
1983, 159.91339098327254
3031, 159.83061638857478
2113, 159.82708492443322
2998, 159.77940665975066
2256, 159.63423536710465
1001, 159.5129196475411
696, 159.48903863395532
1426, 159.40398880996628
2164, 159.32051023490587
638, 159.3169017030225
2841, 159.29006237294524
1828, 159.21015505869727
1421, 159.09120992092215
2850, 159.0464052431856
1883, 158.99114035101582
1512, 158.97691907694897
2150, 158.97669933039165
775, 158.74258515639028
1455, 158.73862110213747
784, 158.70791497338834
1390, 158.60288746779477
1792, 158.55907719097436
657, 158.55749614993047
1488, 158.55314135893732
1380, 158.4745772948775
886, 158.4192031228042
307, 158.4086247584718
2439, 158.39866054033857
919, 158.34430361547768
2321, 158.33445964586286
902, 158.32346726194103
1494, 158.3111490567724
1361, 158.2615159192958
2115, 157.97273569555912
839, 157.91813951818295
2324, 157.91608139100475
661, 157.87169552271058
2372, 157.84674917553573
2852, 157.8241239069575
1481, 157.78432474541356
821, 157.7739320019167
1578, 157.77168340229306
1322, 157.7497893434232
606, 157.60041448392852
3321, 157.54184403986488
1389, 157.5367346108751
2229, 157.49709541327712
2839, 157.4695127264246
639, 157.45868938902095
602, 157.37051989207237
1396, 157.32427783947463
26, 157.097258351058
599, 157.0422534600068
855, 156.94312230965048
711, 156.93972873127126
987, 156.939515371971
2230, 156.8892752999225
777, 156.86058743958367
708, 156.7855633515836
1268, 156.74322815061748
795, 156.70624508310038
3002, 156.652615210016
1820, 156.62795470008558
993, 156.60629255502798
2255, 156.5331759041202
659, 156.52540835039383
2125, 156.44301882806647
938, 156.36680612805856
2117, 156.35647918849483
718, 156.29716999800644
853, 156.23203301836793
1549, 156.21513639431842
584, 156.18995848433704
1158, 156.13565302272102
2120, 156.10043756446743
3014, 156.06226858730705
2851, 156.05573980869858
3268, 155.98408279881235
1908, 155.86836075487997
1614, 155.7351444414765
1271, 155.71465474103806
790, 155.69973284950515
665, 155.6975153476133
2359, 155.6200834238462
2831, 155.58626813022934
776, 155.56614113430052
230, 155.55828723714896
1339, 155.43614443726608
664, 155.37507197246765
2994, 155.25853522770458
1345, 155.24444113315738
1886, 155.23034059092964
1493, 155.20790784515094
690, 155.2034851393756
798, 155.1614903123109
2750, 155.1316408116615
730, 155.08943221599773
1622, 154.86159968487664
2162, 154.85290957066212
256, 154.82641548531518
849, 154.72353185275236
1377, 154.6586073898641
235, 154.64546964544232
840, 154.63924969676802
882, 154.6356247367533
989, 154.61931866848929
971, 154.6141205732497
2926, 154.5685112914576
1398, 154.47964899926393
2237, 154.45002992971203
970, 154.3990568253043
1312, 154.29349902825194
927, 154.2737305643747
1601, 154.13992513037408
2898, 154.09037508086752
752, 154.08290758626205
2844, 154.04054532855727
867, 154.02600861470845
2116, 154.00176262331178
892, 153.95355652691225
564, 153.91560950974102
1474, 153.8593951941144
1343, 153.85011269987461
1511, 153.84641300878408
1413, 153.8121860398989
1920, 153.80735700046904
1295, 153.79638404359983
525, 153.72447451630143
1330, 153.7130784806201
1014, 153.7046823968523
315, 153.6720817408543
306, 153.6720817408543
2908, 153.6434035293713
1825, 153.62902197366574
1926, 153.55369820697905
559, 153.48310475873055
1550, 153.45534304273497
1959, 153.4048726193616
569, 153.34723853342854
3272, 153.32758498347647
2141, 153.22623155077548
723, 153.19188662019258
1829, 153.1698527960426
2888, 153.12029468377133
572, 153.07765408242778
1544, 153.06778843999365
850, 152.9763420795899
1902, 152.96769961305725
785, 152.90948387105266
2227, 152.8830936426511
1815, 152.86078289657843
2884, 152.82444324525875
1555, 152.79259189611338
689, 152.77466840107402
2937, 152.75992813481807
1804, 152.73838916285823
1561, 152.71382062986262
2361, 152.71079376641356
1989, 152.66696299987905
577, 152.64037484507702
1368, 152.58682111747248
2213, 152.58025290957298
1539, 152.52082737327322
1378, 152.51233451799894
1273, 152.4874348150359
3043, 152.35092769891855
847, 152.34877006010103
774, 152.28540891811932
2376, 152.2569171708987
2952, 152.1638942271574
797, 152.118480546897
2369, 152.02506474839083
713, 151.97178423073134
770, 151.92553358627546
2432, 151.81946291565217
1278, 151.77057678437322
573, 151.7606991368638
1006, 151.750599798144
2366, 151.70116896333874
1393, 151.66751161959806
3045, 151.55240814033988
2872, 151.54512148304093
900, 151.49538047224024
2254, 151.41646900821956
673, 151.34977532275133
1392, 151.34565589240395
822, 151.33736027151977
933, 151.30627175385752
2899, 151.29657072355704
2830, 151.22728074753502
1285, 151.17064397103982
1352, 151.1369457353955
2921, 151.13302522099832
1422, 151.06676404137426
636, 151.0484917886001
231, 150.99037116348939
2245, 150.95362285633314
1475, 150.9445068072647
779, 150.9434189137555
2903, 150.93818003790773
1420, 150.93492976202026
1500, 150.89348948399763
635, 150.88030962306854
2131, 150.84771750495585
1417, 150.837718474786
876, 150.77969439751465
694, 150.765311279849
2927, 150.72244996129487
854, 150.69474522862666
992, 150.66812313894565
2882, 150.66502972466168
918, 150.65353174952904
871, 150.63863331508517
879, 150.61526261245646
240, 150.57835426098265
983, 150.56617543198473
2166, 150.52767650193414
1293, 150.51307790189716
1400, 150.43389215587686
2547, 150.32585809001634
1830, 150.31006801057683
2881, 150.21468909139327
1480, 150.20539332953683
3030, 150.17630912033576
1370, 150.16813821139215
741, 150.11030949898986
1909, 150.10443949260568
1915, 150.06009393333238
3044, 150.00454199469638
2911, 149.98735069732828
1409, 149.8861773578752
896, 149.88205048871305
2198, 149.84501926188665
2121, 149.79419310595458
364, 149.7815177336285
1817, 149.74295255826584
868, 149.6963492257933
1888, 149.69414175041575
2199, 149.53836332989638
2875, 149.3899220410048
1280, 149.3620412936425
1791, 149.3553958697041
1835, 149.2243753979873
2154, 149.0495590500282
948, 149.03647153071825
946, 149.01080756684692
597, 148.94632616854673
3271, 148.94200921353863
1831, 148.91183972711198
1411, 148.85708889175646
1904, 148.82753079705415
2163, 148.7878047846355
937, 148.77020689274897
1906, 148.74664050432077
693, 148.73600099269632
759, 148.62726091793638
1367, 148.5809313804796
675, 148.5763744523963
257, 148.54504119887886
935, 148.54218518482085
323, 148.53881180598003
311, 148.53881180598003
1382, 148.51648326354942
764, 148.49999956800931
2246, 148.49675907400294
887, 148.48363076245715
883, 148.43569818429214
1491, 148.34213898335264
755, 148.33768685457653
672, 148.33043567733748
763, 148.2709219124773
766, 148.23603950858907
1419, 148.22714921221737
656, 148.21324918237724
2938, 148.00868941091215
567, 147.9916441809505
2897, 147.9728864375351
2423, 147.94455767679173
725, 147.91522167726768
1841, 147.9032040231302
2842, 147.89273932031875
985, 147.88429909608513
2138, 147.87753695442362
924, 147.79667854701623
1403, 147.78697242975682
1346, 147.73411651609317
963, 147.6701088344533
614, 147.6594346426494
674, 147.62917780600202
1036, 147.58658339693352
2114, 147.56232544682797
1372, 147.49674873623022
1498, 147.4744995665967
2148, 147.45072146091883
870, 147.42343530071759
1782, 147.36419119614825
714, 147.33096098756408
742, 147.31178131893105
1944, 147.29547607087346
2123, 147.22962270368117
2323, 147.22739308274342
565, 147.19375338605442
1801, 147.16145924977002
728, 147.15262211083513
236, 147.08198251008528
253, 146.98797945235756
984, 146.94013275937314
1934, 146.93281713792078
697, 146.90724451322262
2319, 146.89725473588186
312, 146.8960181159109
2216, 146.82968847765935
1981, 146.8232414119611
2891, 146.8220593563266
346, 146.7983032180604
1328, 146.71583000777588
1288, 146.7049621817345
645, 146.6876407696665
1927, 146.6794264503444
374, 146.6606921762207
782, 146.6465519422341
646, 146.6379501356245
783, 146.6146449013879
1618, 146.5431199044836
1486, 146.4796256486846
1458, 146.46960633947097
351, 146.46905858656083
2430, 146.46311319878265
932, 146.44579257166157
704, 146.42004871548505
3027, 146.3679633881377
1277, 146.34865178990182
761, 146.34111114351657
2146, 146.3072741458758
2331, 146.2644055150997
603, 146.25957619843243
942, 146.17368340866517
3068, 146.14048529934888
1905, 146.1242650258867
1405, 146.04136683075356
836, 145.94887065170377
800, 145.94637713609637
1353, 145.9310950508119
1387, 145.92769890007153
1772, 145.91974858260878
925, 145.8960902141509
1291, 145.84822915488616
1595, 145.82105278251456
31, 145.80055884535497
2933, 145.79654591062572
959, 145.77674398018576
1292, 145.75010585282752
1809, 145.73591193151677
660, 145.69438408576565
701, 145.67837110994148
568, 145.63092809204943
1297, 145.6254887202925
2854, 145.62215851582891
640, 145.59650843874388
1018, 145.52927783032163
1992, 145.51705528456063
1327, 145.51500059267397
1563, 145.47377324895
324, 145.40201742415312
2840, 145.38351599542537
2169, 145.37251095486272
1374, 145.34947354406913
986, 145.349291090717
1789, 145.33399000763617
3037, 145.28572996682914
1388, 145.2850829880134
897, 145.23420189645947
2202, 145.19448928189883
347, 145.17933165270313
1415, 145.16875301092827
2136, 145.065852500688
1323, 145.02584723229353
813, 145.01147409757593
1021, 145.00817845398925
1357, 144.99497927870934
720, 144.98668734714474
1453, 144.9210013740103
796, 144.81367902176046
258, 144.7755569806745
246, 144.7619653744277
1391, 144.75745563567256
908, 144.73549203889883
750, 144.726547164756
705, 144.69818094266356
2849, 144.66389556283247
827, 144.65068415046588
1275, 144.63104892086227
2833, 144.6237528946665
1270, 144.61622679713813
623, 144.5439928149942
1554, 144.53811232408765
1982, 144.53019789718977
1499, 144.5144538781502
843, 144.4767101852054
2233, 144.45336659070972
3038, 144.39329197442783
1340, 144.32096143024734
740, 144.30145170593678
2119, 144.2228800832183
1272, 144.16126661684964
792, 144.15749925495038
1524, 144.1356445863552
2140, 144.12221267536418
1020, 144.1215759049806
828, 144.07879423816124
2183, 144.07138860374218
1548, 144.0122029891616
2130, 143.88965260730703
799, 143.7318301740328
962, 143.6818759684233
1506, 143.6340533618635
616, 143.6336872774715
2410, 143.6084836675412
1469, 143.49241207350826
934, 143.40137589867052
2175, 143.35426864772614
1598, 143.34925981016002
2847, 143.33107068567702
2373, 143.3206610378586
2946, 143.31638546717306
2939, 143.25057748234627
926, 143.21378258166553
2129, 143.2083123269083
3448, 143.15012631078784
710, 143.13101265290777
1294, 143.0384519478481
722, 143.0377718580568
692, 143.02601558125073
422, 142.93497409858077
2336, 142.91323328578554
2375, 142.91022047992163
2377, 142.88229004528915
707, 142.86490483005474
566, 142.76579500488697
2947, 142.7123472187041
1265, 142.707482097222
1009, 142.69780716638752
801, 142.69135217467692
1921, 142.68096685388144
2232, 142.61665357207235
930, 142.57071337867634
350, 142.56562612185596
1318, 142.46564938793514
1786, 142.38889545955809
363, 142.26866026727328
977, 142.20104939167038
1836, 142.19869309785696
1819, 142.10873332025236
967, 142.05230750287996
1779, 141.9642961416639
1935, 141.95785484900932
1928, 141.9509342741124
911, 141.91557691134673
905, 141.88453317193787
576, 141.84697056659465
1365, 141.83617326460498
2826, 141.83440703538417
1949, 141.73630433096187
1485, 141.7323514016593
1479, 141.72539830890653
754, 141.72514642678976
238, 141.70190583822605
1329, 141.69313438878592
1354, 141.6249291035826
1930, 141.6053701599547
241, 141.60495675836282
893, 141.5868136349154
1673, 141.5487124930457
904, 141.5463639299859
834, 141.54165041747146
2176, 141.43204894674017
2222, 141.37295535385957
2876, 141.34987585565185
1808, 141.2983497398273
2133, 141.19812746367697
352, 141.16988474060204
973, 141.1474438109508
314, 141.01251394900294
1022, 140.97230363569872
824, 140.9415598053894
952, 140.90791403645133
1954, 140.79616678524758
3230, 140.73279237054655
3034, 140.72934633925155
1492, 140.60720698799014
2950, 140.52500392686235
1620, 140.48197594792327
1900, 140.40107820081198
658, 140.39306336980528
596, 140.35405781350983
1950, 140.24627812567556
765, 140.2292436420954
810, 140.17533006369305
2247, 140.1394324098556
2403, 140.1220494586149
899, 140.05692338131175
1504, 140.0401104856882
1777, 139.96830398038543
910, 139.9487529801354
1837, 139.89253193763912
667, 139.83892035636327
931, 139.8357874599574
320, 139.8190941020596
1778, 139.7983383531639
1799, 139.76177759591772
976, 139.74277580614745
2144, 139.6881149766191
729, 139.6507514371385
342, 139.64978934043558
2902, 139.59792972564023
2941, 139.58159455567065
873, 139.54139964391948
1591, 139.53836189325725
929, 139.5112304404061
1282, 139.48303407513558
1898, 139.47109737032616
979, 139.42039799181813
865, 139.40858406315292
1320, 139.3397852380943
994, 139.32194742378064
706, 139.32065488020555
2325, 139.30416765194033
807, 139.25699210735996
1017, 139.24653424278944
2322, 139.24062367507116
831, 139.21604606250315
898, 139.2079595408875
1582, 139.165136075169
1953, 139.15325693466684
702, 139.15105143098728
880, 139.05625078505145
618, 139.00019790951862
2426, 138.9164178918496
1414, 138.9110008861381
1007, 138.87947090583816
1932, 138.82301123477222
325, 138.7850071485012
644, 138.76588263472323
1827, 138.72667253010388
1010, 138.7122287944247
2425, 138.69565577669675
703, 138.6906343516254
1319, 138.6048421246594
724, 138.57292257144462
1476, 138.56650418147598
2327, 138.55388153526638
2934, 138.53611829810225
2370, 138.52332999705268
2367, 138.50970451465471
2874, 138.47756857778415
830, 138.44087625673808
633, 138.42569484203992
609, 138.40759607846354
1470, 138.37980623685365
875, 138.35992984572678
1332, 138.3274536004855
270, 138.2919672530475
1385, 138.26936499423454
1832, 138.26799287429208
239, 138.19006049987988
1540, 138.1677598569646
632, 138.03925212691786
354, 138.00583060052742
1351, 138.001578629727
1834, 137.99798436763805
712, 137.98501279050274
1326, 137.96669570408807
1394, 137.9444023849986
631, 137.90652723938823
1569, 137.89956713211325
2330, 137.84647972854145
2880, 137.73196303553937
3015, 137.7093987357433
2126, 137.69963857015875
269, 137.63047541500745
944, 137.6294111504981
943, 137.57384521892556
866, 137.49964955544425
684, 137.46475199438427
624, 137.46475199438427
2000, 137.45168160910654
982, 137.385928946415
2436, 137.2930481644181
1311, 137.27464867810662
1362, 137.24273881444532
1401, 137.19345036130966
598, 137.19159613866614
384, 137.18081904053756
2251, 137.16502549308518
3024, 137.15689065517384
1568, 137.0942016640925
1359, 137.07233180020773
390, 137.06734224597494
1286, 137.03962784375486
666, 137.02227813053793
1416, 136.97638274787954
990, 136.95170306992213
1366, 136.94964355280968
1402, 136.94572165668558
891, 136.92781099659064
2954, 136.90041933253568
858, 136.8561843438932
604, 136.80729840656363
1769, 136.80610922957553
2186, 136.79817030326956
668, 136.7907693613935
1551, 136.77454235535544
954, 136.75716861505694
949, 136.74632315343348
1080, 136.7459228227903
819, 136.7434316582184
958, 136.71943181636806
996, 136.71591036508875
1483, 136.7060308458114
687, 136.70593746772556
1304, 136.6778897867327
2317, 136.59638222813857
1335, 136.4608091736913
3012, 136.40854534890235
974, 136.38824493312455
2156, 136.37534592019406
1946, 136.36282976998683
1383, 136.35782786249317
1011, 136.2299384671998
1918, 136.19860260187485
2172, 136.169724196528
653, 136.16445303732627
998, 136.14896802515582
648, 136.14896802515582
1529, 136.0894230910763
1325, 136.07246750193866
1008, 136.01938529408986
1489, 136.01141551579343
1937, 136.0082420060479
1606, 136.0032910566164
1956, 135.98747978439215
1619, 135.97193263877003
1303, 135.9525243986405
1903, 135.94633641943074
2201, 135.89219376781543
595, 135.8275206452187
721, 135.6313122529983
818, 135.62459094581547
3022, 135.58845276008984
1774, 135.51334420948447
2149, 135.44576279836394
1016, 135.44237560245358
245, 135.3892245000071
1307, 135.3710865559359
2281, 135.2854521562698
2834, 135.2769979023899
2326, 135.20758315748603
229, 135.09727133442277
1342, 135.06140740204216
2197, 135.01887830191765
1833, 135.00657348901524
620, 134.97365151622947
2332, 134.94490860171874
1281, 134.93915334305748
1192, 134.87785088461268
1015, 134.8516368629332
753, 134.82785639219395
1783, 134.8180231582122
829, 134.80186578272915
1055, 134.79553052109893
688, 134.79132659027954
1528, 134.71120585897722
1787, 134.6957733830023
1276, 134.63880336634995
1507, 134.63151774550673
1296, 134.61879062495467
1522, 134.60691138032203
2132, 134.56376092194964
2127, 134.4512571019525
2151, 134.43394750123042
1341, 134.41193387836785
327, 134.4094379858651
1948, 134.31171564449377
1305, 134.28268024345368
271, 134.26905309607037
2437, 134.26049964836085
805, 134.1886158818352
2159, 134.1853679375747
975, 134.1850178573788
2957, 134.07551640446073
1654, 133.988838691823
756, 133.9727317806487
3035, 133.94670795471745
2906, 133.9444410051207
662, 133.9352656734111
1916, 133.9236148258724
726, 133.87955940350213
339, 133.85135433530758
888, 133.82814319877227
3450, 133.81512827508618
700, 133.63386911425485
1482, 133.58877801044585
1317, 133.56196843158793
340, 133.54632510652573
1534, 133.48339414693118
1284, 133.47669510042562
2147, 133.43454120148746
1922, 133.3707765917848
2835, 133.3509181464813
1896, 133.32500863670887
1376, 133.32006287965686
2895, 133.30026602829074
1503, 133.28892240656836
1952, 133.2494526574091
361, 133.20905563732038
1496, 133.14756365181526
1344, 133.13970321225028
1990, 133.10008195702744
367, 133.07237016531045
1497, 132.99861208456633
2225, 132.95882101898994
1621, 132.90831846482237
806, 132.7591533705629
771, 132.66501061967818
1044, 132.602411627616
1399, 132.5601242750814
751, 132.49490203160173
1333, 132.46610833654373
747, 132.42738404988475
605, 132.4058141280916
1386, 132.40149913809333
3273, 132.38880805644834
1897, 132.15902532664708
1565, 132.14177890072193
621, 132.1377785657443
1793, 132.11942545379517
1407, 132.09265505615355
997, 132.0581927970766
1570, 132.04803820947308
715, 132.04367084663903
571, 132.00862436795856
2328, 131.9016999592456
2221, 131.89627937952486
842, 131.85255549491885
2215, 131.81952258831947
968, 131.8088846285572
1766, 131.77965399058434
2418, 131.75438289796665
1767, 131.74585868656717
2073, 131.67173402964374
2161, 131.60822224950448
1929, 131.53332656280517
1556, 131.52618623181374
760, 131.46740891790623
719, 131.43964456037997
1472, 131.36897701456314
894, 131.364866040515
349, 131.25577492093643
1019, 131.2448123880931
878, 131.23309447327836
2374, 131.18720787779407
2178, 131.1369550913678
1471, 131.12637753230558
1553, 131.10338903581177
1056, 130.95913220475936
2112, 130.9137702343166
769, 130.90280870559374
1936, 130.89474360720922
812, 130.76281290225452
318, 130.7343226250215
767, 130.58122084298975
2250, 130.5315106092623
1538, 130.51551062504134
695, 130.5077320062284
2329, 130.47456396353576
317, 130.4197605169262
309, 130.4197605169262
890, 130.40799500977985
1349, 130.39355003219725
360, 130.36204750349881
357, 130.36135295054547
1013, 130.3588788146961
947, 130.264689164004
1938, 130.00169308924433
2843, 129.99282518573867
1757, 129.9730612534182
2241, 129.956743780698
1375, 129.9558030615533
1899, 129.86445684846728
1796, 129.71595419922832
2932, 129.59969669289129
940, 129.54014398444426
3001, 129.52070985386797
366, 129.46955993157377
2883, 129.33693005978623
3013, 129.2571044213573
2174, 129.0011287208932
570, 128.98620055362807
627, 128.95640746579554
2893, 128.94638185385364
3412, 128.93911611224308
1395, 128.8979698822031
345, 128.8730185770427
2128, 128.86907035973425
2420, 128.805333268701
739, 128.80388575232928
3011, 128.76432925190014
809, 128.6032350028833
3224, 128.60127246215782
877, 128.60125115913507
2886, 128.58939595583385
1805, 128.58843883892587
869, 128.5682613880137
1360, 128.5431238056776
2335, 128.43819392928415
811, 128.37887208513112
2901, 128.3528358989622
244, 128.32370410508724
1923, 128.26128350540165
2943, 128.06942235758797
2137, 127.98208504177106
1363, 127.95859843063643
1797, 127.88796206346633
978, 127.87806481678955
1955, 127.85119939460901
3451, 127.84526829812705
835, 127.82370918531134
2363, 127.79755518500457
2885, 127.75884332980301
1313, 127.61052490814117
2955, 127.5015832900632
1924, 127.4305187375256
1283, 127.40814213996845
1917, 127.40524132986042
2253, 127.36254834774647
2155, 127.32263116207002
1592, 127.30515606635072
1945, 127.27742912591333
950, 127.23802800097995
915, 127.11300272385397
308, 127.08527917251219
2234, 127.01933642676914
1988, 126.95758954680788
587, 126.90653119509012
2118, 126.84766083414458
2371, 126.70969926672124
1334, 126.67623803635719
348, 126.66767431936526
322, 126.622257340966
310, 126.622257340966
1338, 126.51251954109361
359, 126.46347215270713
995, 126.4373283446925
3449, 126.38131773892722
2729, 126.30902964395204
921, 126.28551175387929
2887, 126.25418012491812
592, 126.23595189816443
3023, 126.225431379282
1609, 126.22399267253567
1546, 126.13810116883342
652, 126.09608779751778
758, 126.09589112310185
749, 126.0447865177497
2182, 126.03422086797805
1337, 125.99082922827729
2892, 125.91414942666805
1552, 125.88207370459666
2848, 125.85091655860421
1933, 125.83407152356872
355, 125.74701263120116
625, 125.73167919278087
833, 125.7000084912484
1816, 125.62833914468249
610, 125.56860251485263
1901, 125.41022939639265
2838, 125.33260727183759
2368, 125.23533426684325
2827, 125.22536572705636
622, 125.09953912324963
1545, 125.09095871593341
2836, 125.08711743645597
874, 125.02246530555377
589, 124.96067827482199
486, 124.90712901040047
1987, 124.87606751940329
1947, 124.87296835038933
941, 124.83491907816995
1802, 124.82392402902146
1812, 124.81858254866323
2930, 124.71633116562543
3218, 124.6809386401639
889, 124.57702654469038
2944, 124.51348741128896
578, 124.49089076988268
2870, 124.30008247372797
991, 124.20955510785805
1845, 124.2082252693026
1843, 124.19335823305694
2995, 124.19051802018922
1798, 124.05330784626742
1763, 124.00193651864946
1000, 123.98924050083289
951, 123.85675835886445
233, 123.83522633724662
630, 123.81181653785006
2316, 123.70054421044566
391, 123.63345627209414
2001, 123.59694066501547
909, 123.54636711944637
362, 123.5444611456116
1602, 123.4623541375564
1350, 123.43200541543122
1290, 123.36387066021065
343, 123.1091583212483
2357, 123.09154582412661
1844, 123.02207676185732
988, 123.0149231742731
617, 122.97431785672536
25, 122.88459222485875
1005, 122.8489460349002
2896, 122.78506760888662
1310, 122.5639098678016
1826, 122.3679767326552
2873, 122.30027593941088
1384, 122.11738762892821
1547, 122.1100572938542
1775, 122.0735351379378
802, 122.06408133779891
1379, 121.99209649187189
2894, 121.91967992515848
841, 121.83127328245912
2945, 121.78689287113342
403, 121.67045398080703
1541, 121.60841654890217
1795, 121.4924323158732
1821, 121.39582736028395
2855, 121.0985079760868
591, 120.89279282281697
356, 120.77939506543595
2890, 120.6114563798006
341, 120.53011764995027
1526, 120.48555376899601
1842, 120.3606915071393
1762, 120.33660038053989
794, 120.27823534468823
1012, 120.16386789928013
2358, 120.01211827540394
2402, 119.92338215930343
772, 119.87442055939263
2333, 119.84235738793812
1931, 119.59672812157473
1347, 119.55819952086618
1373, 119.28852996404447
2248, 119.15182128826306
1784, 119.12389053269992
1355, 118.97734863172276
939, 118.70803067892969
1532, 118.65732090067095
2942, 118.60161268560239
2935, 118.59943304418523
1613, 118.48919945483782
1542, 118.28570805764932
2865, 118.25722197570819
2364, 118.24535797575462
1616, 118.09549815747462
2143, 117.87868209794958
3036, 117.78976772120235
1764, 117.76217424253458
2904, 117.72453509183943
628, 117.70583248018184
3220, 117.66872337050467
1919, 117.663630595394
884, 117.52082156242382
629, 117.40245314815398
1768, 117.17251781620905
1781, 116.95490455451488
344, 116.77711759136422
1274, 116.77571787594533
1190, 116.63026876541154
1765, 116.42992978817652
793, 115.5578256229771
1064, 115.17357609061986
516, 114.57287064346106
1468, 114.18098134143649
316, 113.78530220236227
901, 113.20133765330233
1287, 112.5740702896403
1564, 112.15367971050605
1267, 111.68108037618522
3219, 111.62561343265529
1364, 111.25757875804648
3216, 110.68954123706243
3223, 110.29069540047239
3145, 109.88935900981323
3221, 108.95000286161277
3222, 108.81973997496556
2867, 108.45648529106325
3411, 108.04562165115047
3217, 107.8216466883744
1862, 107.70727389343322
1264, 107.0821049318887
2012, 106.70709175431114
2739, 105.99786986220435
1358, 105.17049770458942
519, 99.47699149670916
1157, 99.42887922216669
493, 98.6620897903892
3121, 95.9136978075598
183, 91.0245538180848
3161, 88.5469741442379
1612, 83.83585239338672
