3259, 4335.991329224734
3178, 3855.775814408594
2025, 3794.943539780933
3315, 3554.92039361687
3274, 3509.617999683113
206, 3289.940537367357
2749, 3256.882326339646
1237, 3241.851176507232
194, 3190.82436637838
1084, 3146.816755188502
1121, 3062.0557900507533
294, 3034.0057610237054
447, 2901.7867946731485
2013, 2829.8294955352108
2003, 2794.5636278079223
607, 2774.8574996900934
288, 2758.0844002818576
2793, 2727.016045393004
34, 2713.339023698505
52, 2664.389899658004
3176, 2637.6165125362895
540, 2634.536730294283
1443, 2612.703362357461
1993, 2603.559542155536
1102, 2563.2422845106603
3084, 2537.6508945142923
2773, 2525.981871220652
3197, 2504.6646242184665
3305, 2487.393326993161
3151, 2473.2922560560223
2795, 2466.7281299498895
1087, 2463.815316113008
3435, 2460.85039829442
134, 2457.150606410885
2741, 2456.892979828749
2751, 2446.998155106319
515, 2443.787694754991
379, 2443.7097905024307
3039, 2441.294185800122
3380, 2421.7573276777975
670, 2419.2357914230643
2104, 2417.798441017326
217, 2414.6444334186303
3336, 2410.356750092815
2951, 2400.600570988854
3083, 2396.6174242759853
3293, 2369.2847735359383
1256, 2343.5454144765413
3287, 2339.980091337214
1439, 2339.917854672781
3297, 2337.367327550293
881, 2325.4415719373587
678, 2316.6694371309754
3093, 2316.4832403684672
2736, 2312.1404006440507
676, 2280.7386607390267
126, 2279.7566966620693
3246, 2271.3692637789836
35, 2269.609767419433
2076, 2268.391217305697
650, 2260.1972937414507
2820, 2259.7522930539344
3194, 2252.7865660412635
3213, 2221.939609528915
3244, 2217.573125352762
1100, 2205.8323679510945
2789, 2202.314528833145
401, 2200.171046732618
1029, 2191.680808509968
611, 2190.7607734030653
3304, 2190.6114555921577
1249, 2180.4656620283627
862, 2179.267648131914
3440, 2168.060490531683
3208, 2165.470721262909
3171, 2148.7030927873366
300, 2146.5796806718786
1002, 2131.8162264757207
406, 2126.530181510551
440, 2125.843737255362
1434, 2117.283231535202
1433, 2117.283231535202
2630, 2114.86027212134
2029, 2113.9078336838575
2817, 2109.278259506601
222, 2105.3459250552223
193, 2101.527299562142
335, 2101.1761272415547
3432, 2096.7251315827934
654, 2096.1583536270064
2109, 2093.363975139698
3241, 2090.4811831368183
613, 2083.040352963922
2808, 2074.696233765514
3278, 2063.654025023091
816, 2061.9359986591244
1235, 2058.4267755153205
298, 2051.5625156116416
534, 2047.5788743450235
3110, 2045.5531131874586
415, 2042.3043902373602
1105, 2042.1011895828817
651, 2039.0764239454531
2048, 2020.615176163582
588, 2020.5951929161483
1024, 2020.211974535737
3186, 2019.6109106825302
1880, 2017.00946514192
3284, 2014.0690595927022
1870, 2014.0054902975144
3312, 2011.2042173771713
2045, 2003.1866061125218
148, 1994.9233859706271
1221, 1988.2680463613024
204, 1986.618499814436
2776, 1985.1464969594356
1058, 1982.2227639533057
2005, 1977.8722809203757
2020, 1977.0218023770121
1874, 1973.027157178227
906, 1970.325904528868
3200, 1969.7682978837804
165, 1968.489800181151
580, 1966.8638507215355
563, 1961.6707372515293
3071, 1960.3683524595083
424, 1953.759943375218
1232, 1951.2410200979637
3204, 1950.953304477463
2988, 1945.1230170731353
3092, 1943.721879493896
3144, 1937.8549839911116
1159, 1935.9239950889478
3439, 1928.6895612203782
2106, 1928.534590181108
2034, 1926.1925937750016
3101, 1925.653757186891
3289, 1924.4696889398074
1666, 1921.7559195416932
3206, 1919.6130722617474
280, 1918.4475335615698
173, 1915.250325957399
680, 1913.019635854611
3050, 1909.6717161159204
3079, 1908.9506991578974
3199, 1908.0156630541169
1238, 1905.4277912782863
2723, 1897.281832047863
408, 1896.9202161173073
189, 1896.5302809304976
3134, 1895.8404769337171
57, 1894.137232225969
1913, 1890.8835699307267
1243, 1889.1389510014308
3243, 1882.7708335242405
2757, 1880.739300977317
1680, 1880.2042423903351
2027, 1877.359244915244
3211, 1869.0049652282412
1033, 1868.6686732595388
376, 1867.565843000661
1893, 1866.7791210215123
608, 1866.7597905768448
3214, 1865.235886313752
439, 1860.0162118664584
3226, 1858.9775105625904
2272, 1856.709005446908
130, 1850.9070516537683
381, 1844.3683856447765
3433, 1837.88802563696
2391, 1816.1479473139595
679, 1813.0572147198782
3062, 1807.7879380948868
655, 1796.4905429184448
2742, 1796.1325134890308
1859, 1793.105273800683
1111, 1789.0536412657782
2288, 1788.8306971799182
198, 1787.2272583474894
3133, 1786.4515168068951
468, 1786.168191444828
663, 1785.2855513692846
473, 1782.902936777392
895, 1776.8798099058922
389, 1762.7212452951735
583, 1762.37530787215
141, 1759.0051412218277
1853, 1757.7434438852927
2002, 1755.5090795704737
1587, 1754.3617279306857
3292, 1749.575571588478
3095, 1745.4525681461112
1687, 1743.5234759927962
1738, 1738.2758674442612
1914, 1736.9263747012985
2343, 1734.4855400865888
2454, 1732.3922747951553
44, 1730.9628211353852
140, 1729.9902439314556
3245, 1729.60056058987
3384, 1724.0584209423475
2238, 1721.6477781729363
885, 1719.3382210319867
1677, 1719.0333286082944
1910, 1717.650603979023
3147, 1712.7499796837074
2513, 1712.191298891189
738, 1710.1307548868685
1244, 1705.1587078061225
2666, 1704.6176762086282
2920, 1704.4033688672519
3209, 1703.0466451857744
425, 1702.6897046900674
1877, 1702.5078330878057
2784, 1701.00360637819
3354, 1694.8888714790917
485, 1688.7946536401664
733, 1681.197674678895
859, 1679.0904670654566
3294, 1677.4494641156743
3098, 1675.0514816125217
649, 1668.4611236326457
1707, 1667.452062893808
143, 1662.7223507225826
2016, 1655.8231036208786
643, 1654.8462472258389
75, 1653.6445104149734
3040, 1652.7469790988323
2786, 1652.2644375080629
85, 1649.980306846504
2026, 1649.747733597105
47, 1648.8304277363798
1122, 1648.4462992099002
562, 1647.71851032433
1732, 1647.2701165579258
3170, 1647.185383654878
208, 1646.86738401706
302, 1638.1273716798835
2021, 1635.969183133123
3443, 1635.4955800123596
1742, 1634.3145504583292
3185, 1633.8651650489703
1077, 1631.695114464375
3281, 1630.0352239906526
1725, 1629.01860938324
2810, 1628.2478508168479
464, 1628.1965008106502
219, 1623.9117556186407
2404, 1622.644002061213
3192, 1620.8094537867469
56, 1618.5572227551543
1381, 1615.0949420086213
1879, 1614.681146264778
191, 1614.3128382655154
1854, 1612.639337589471
3175, 1611.6987136859047
3159, 1607.572068363591
203, 1607.2894240906924
2987, 1606.3857795304564
3285, 1600.8616219679275
1971, 1595.6430424325447
1770, 1592.1420133912022
2766, 1578.5873834956467
555, 1577.4902519790207
51, 1573.2007825622736
1894, 1573.0722647273085
2755, 1571.6545965310295
480, 1570.8806328854214
2811, 1567.7270245152913
479, 1564.8810831410303
74, 1561.7474804777544
3057, 1561.4438716055429
281, 1560.2099303671534
2491, 1556.5560681243003
2566, 1556.143361726533
2224, 1552.8940654758305
3059, 1552.5873071733008
2721, 1551.6105152896205
228, 1550.9682248437305
2651, 1546.9582003125552
1722, 1546.5773531799653
3348, 1538.958901627362
2508, 1519.1110669165582
2032, 1515.3375647195276
1231, 1514.6982943671521
1695, 1514.522496721599
372, 1512.8989572473265
433, 1508.8641909057005
82, 1507.4269632972578
1729, 1505.861680522574
79, 1503.0058739471565
3056, 1498.703731052254
838, 1496.017976013223
435, 1495.840060652533
1718, 1494.2502932282755
2816, 1494.1325391088508
2825, 1493.6133707198137
3300, 1492.432189665374
3283, 1490.580326730234
3163, 1487.7213161116551
3173, 1484.934413215692
2768, 1483.8778353984735
1756, 1481.9268403783399
2505, 1481.9024356554883
3202, 1480.5942626535616
275, 1474.9750970873135
3350, 1469.684219847187
546, 1468.1014841743113
1259, 1466.292699266444
3143, 1463.9355535411419
1258, 1463.8581907582168
748, 1461.426353873975
2722, 1460.6556785083235
1106, 1459.6275818138051
380, 1458.8899866752902
2078, 1458.5124278131345
1997, 1457.959827274891
37, 1457.1830862696813
147, 1455.0933613071425
509, 1453.1660086909837
861, 1452.904384423758
2823, 1451.7584511261139
2981, 1450.6287368997866
3174, 1448.6232880800421
2507, 1445.394109755433
3298, 1445.1206850963097
512, 1442.2702341697882
3314, 1437.4886199340392
2108, 1433.3999499912686
2758, 1432.7639687733424
2788, 1432.5521527550213
3276, 1432.1258055362002
2240, 1430.7657570678884
2442, 1430.4552976733717
2688, 1430.3570382351506
548, 1430.2939306473052
467, 1430.1842065509156
518, 1428.4403657017049
699, 1425.9541314364085
1850, 1425.6640397252374
3424, 1424.1901035556032
1627, 1424.0548600345637
3413, 1423.9412822283164
1669, 1421.7807923826158
1995, 1414.2158725598317
966, 1411.9810223281168
3042, 1410.0643466642782
452, 1409.475432142425
449, 1408.9458915513255
677, 1408.8977687400602
265, 1406.6356313433487
3447, 1402.1304538869306
1720, 1401.512344568788
2008, 1401.395027891093
1675, 1401.1801996083896
427, 1394.5239590952042
496, 1388.8374634327727
2705, 1387.0945439044199
495, 1385.0944730627562
1968, 1384.9882369641791
2039, 1384.980666354948
3434, 1381.9632982954997
3190, 1380.7503841073253
1432, 1380.4654125998065
2075, 1379.9401067216959
732, 1378.8846627863384
3172, 1378.384517632768
297, 1376.465963910163
2748, 1376.370438207683
513, 1374.038123805824
2103, 1373.6758117701006
1875, 1373.2266176841133
2024, 1372.4101425793774
455, 1370.265846171354
470, 1364.7600441022091
2059, 1360.136216056704
863, 1357.3189088049778
2759, 1351.2723992353926
331, 1351.2168260231952
734, 1350.91433162136
956, 1349.562042893604
1252, 1346.419632644131
685, 1346.1351016182352
451, 1345.97394959127
145, 1344.372140812978
58, 1340.1685189834097
1970, 1336.846059790613
274, 1336.311505747457
2917, 1335.0381642435605
392, 1334.6442620350717
84, 1333.866152591226
3203, 1331.4855751896234
282, 1331.0803001690979
3169, 1327.7474953177195
150, 1326.5508680269454
2790, 1325.5557451748257
328, 1324.8414715611661
142, 1324.1186230972407
2296, 1323.7344807490263
634, 1323.5509704252295
1871, 1317.5550024172458
3082, 1316.2538275564898
445, 1315.2744794058958
3184, 1312.1539124001304
460, 1311.5363681088254
1082, 1310.247775489233
398, 1307.7155362340409
1685, 1306.4509536206044
3210, 1304.9755613689297
1090, 1302.0349187517734
88, 1301.451169679198
2963, 1301.4385827551532
1858, 1301.1843072271943
3445, 1300.7473432364454
2764, 1300.3084484872918
2098, 1298.525774680869
3128, 1296.8811823318415
2989, 1295.8162673811694
1646, 1293.9417652559475
2291, 1291.6590306261894
2483, 1290.238667686762
303, 1288.9474693825161
1686, 1288.0855940087204
3404, 1286.8648208527447
42, 1284.4602487458774
2744, 1283.3419226721953
731, 1282.8041960314426
1746, 1282.5494449897337
3189, 1282.335383466338
488, 1282.0870874059774
913, 1281.2698461199159
2734, 1279.707658949118
2263, 1276.5590530607976
3212, 1274.7444975199044
2083, 1274.690049605095
1647, 1274.1640690630625
3239, 1273.5958189417372
551, 1272.340878757994
3150, 1270.12068491859
3182, 1269.694893590524
2671, 1267.8485611611084
3065, 1264.244851520403
3327, 1264.0290817151022
152, 1262.303521686095
48, 1261.2665598033536
2767, 1260.0259269622923
2782, 1258.743141497279
2004, 1258.6081870621595
410, 1255.7053238226335
3352, 1254.5378881076515
1625, 1254.0088590951477
168, 1253.0638516255165
2863, 1249.0121676141123
2393, 1247.3458550026266
471, 1245.6751755711286
2948, 1245.4970204669914
3248, 1243.7201940163325
2965, 1236.1413746433382
2622, 1235.2553735336699
1205, 1235.0231061172967
914, 1234.9609921907645
561, 1231.5143223481764
2746, 1229.9071545245667
2011, 1229.2851951329724
2314, 1228.8111831284693
1963, 1228.5638710704693
2041, 1226.543588984676
864, 1225.6800863244655
2696, 1224.909507309036
2824, 1221.3066833987696
77, 1221.1185139463184
1912, 1217.5888561265392
2558, 1216.8885942301783
3120, 1216.0709986569675
412, 1212.839527495809
1690, 1211.655522167713
466, 1211.6119614202594
1098, 1211.3294624589546
2353, 1209.4545840952642
2781, 1209.2692237058739
2091, 1208.608117347682
1851, 1208.3779783585433
2294, 1207.4317726793513
3290, 1204.2687810754082
2300, 1203.199112018567
2780, 1202.6019491851773
3386, 1201.2840630026608
2864, 1198.533946681812
2101, 1197.9157095168666
2017, 1197.057601110766
1140, 1196.8587522531666
478, 1194.6843321123526
1698, 1192.714011970148
3041, 1192.270497823683
291, 1190.8933082672736
3162, 1188.6743318673264
773, 1187.8732021604308
1868, 1187.8536400654546
2524, 1186.7533871654225
1771, 1185.099085450321
3264, 1183.1962277434454
483, 1182.8709874853598
3168, 1179.1672974731239
642, 1178.759186847263
2774, 1177.9059908094496
2645, 1177.2421174982003
329, 1176.8925589258408
3063, 1176.5411353951158
669, 1175.1593103349514
407, 1174.2933067088338
2559, 1170.6656561026546
3123, 1169.7749038235042
266, 1169.6231982318884
2587, 1167.8587392095858
832, 1167.7044899833902
378, 1165.9635373302642
3032, 1165.2427655049876
365, 1164.1643411218533
2562, 1164.132121709818
757, 1163.9221180372506
2019, 1163.499251052526
214, 1162.5421898464042
3167, 1162.5249540479356
1233, 1162.0889394688745
852, 1161.6931825855715
1708, 1155.6943395105507
957, 1152.254709034045
1063, 1152.2453976016016
475, 1150.2037049734292
3187, 1149.0742862881161
409, 1148.4710763340581
3324, 1146.4733026018737
491, 1145.9200007886104
3149, 1145.243702541691
1682, 1144.8221799498479
3183, 1144.1657161916064
3444, 1140.307376706543
299, 1137.6649517999638
3205, 1137.4703886551595
1172, 1136.3303864084896
399, 1133.4457229920429
965, 1132.8226278976465
1740, 1132.5660435951993
3090, 1131.508090016462
1644, 1130.8190440274116
2419, 1130.7402511198568
2093, 1130.2971463118815
3142, 1124.6437513598312
3191, 1124.3313345530405
2553, 1123.2584191209378
2694, 1122.762443495961
3105, 1122.3316233561832
2203, 1121.6768947169041
2607, 1121.3241755263202
2812, 1120.6681553210792
2737, 1118.6404941736641
1991, 1118.463119342262
2690, 1117.3561048052968
1892, 1116.8773068859314
73, 1116.3535657542877
2070, 1115.445898165835
402, 1115.3909488471313
441, 1114.154202049239
2030, 1113.8560402681712
1714, 1111.9941839304302
1104, 1111.9322346767276
220, 1111.2264716983525
3403, 1106.7216175018452
156, 1105.8077092528104
3255, 1104.0855897082279
272, 1102.8022727309583
3066, 1100.0229376770533
539, 1098.9353350557851
2779, 1096.7084728089078
3146, 1096.248199057035
1626, 1096.234050633891
129, 1095.8481123891484
1228, 1093.5476651777903
175, 1091.7377575206995
626, 1090.1720473874332
2514, 1089.623522666299
199, 1089.164240983269
1717, 1087.9413509831754
3129, 1087.0232983686076
385, 1086.5881613873985
3279, 1083.6508190344223
1611, 1079.8189096716646
180, 1078.1365623668246
3225, 1077.4487682133367
681, 1077.3590716904728
237, 1076.993084620224
482, 1076.3860484681225
2381, 1075.804157796771
87, 1075.7134538992987
2102, 1074.7390355114946
3379, 1073.6868333904947
1703, 1072.2470508154236
1980, 1071.4967461900278
860, 1070.943330336167
2785, 1070.7868495109562
326, 1070.4470785037433
250, 1068.2458535535081
1715, 1066.313304018977
2280, 1066.0970098764249
2653, 1064.1090836880467
2018, 1063.3432985795926
2088, 1061.9541182805397
557, 1061.0098659674024
1260, 1060.2623575708722
1975, 1059.9115141702139
2756, 1057.7392804474398
2986, 1057.6529077803746
2307, 1056.8053247123983
1076, 1056.01323651472
3426, 1055.931120362608
2583, 1055.1166027005283
3389, 1051.430042707421
2964, 1050.8695432366126
437, 1048.2158685026486
1215, 1047.3851203509055
1026, 1047.2976306139926
202, 1046.5051981755537
2473, 1046.3675619840437
1142, 1042.4078043549257
1204, 1042.180655568461
1964, 1042.0785479067347
3130, 1041.8148742282372
428, 1040.889370331847
216, 1040.7877426790171
200, 1040.4040657723324
332, 1040.3410892190668
2791, 1039.4026755293582
1642, 1038.5713195448182
456, 1038.2237991714858
1726, 1037.8112703394042
3341, 1037.128136086493
334, 1036.0267391651053
2338, 1034.9667720416958
3069, 1034.8652540903106
2286, 1034.6206806917849
1739, 1034.5139984092584
213, 1031.034757907757
3179, 1030.6965396814326
2549, 1025.3858712515396
1162, 1025.2700060724592
2772, 1025.0887798296044
1239, 1023.7794062781386
3010, 1023.5297236593
2710, 1023.1036667296869
2385, 1022.436661831629
2807, 1021.8995057350477
46, 1021.8106465444353
2610, 1021.2798248253567
521, 1020.5866115009508
3415, 1020.5077580994414
3080, 1019.1614257402774
453, 1018.4188520326138
2015, 1016.2828318577402
2257, 1014.3213103711502
2657, 1013.670252122449
1517, 1012.906501024626
2218, 1012.5634826293038
1585, 1012.235071910435
1994, 1011.5452393589625
123, 1010.8800413555365
2086, 1009.7321826542429
1173, 1008.5786149697592
207, 1007.5298274816578
1032, 1006.6063537703529
2022, 1005.2173410496218
2497, 1004.1912986945786
3347, 1002.3557704982228
395, 1002.1483011838927
3401, 1001.6275347048702
3318, 1001.5879356688445
3114, 1000.9219765529522
3207, 1000.748285800195
2389, 999.9852842997266
1755, 998.6681681868212
1966, 998.2045740779633
1731, 996.9561136756105
2571, 994.9540895463491
3054, 994.4543390050086
368, 990.6969878029021
1533, 989.5407908464366
276, 989.4344327705518
671, 988.3553050610298
2536, 987.5087627246365
330, 987.1890367883234
170, 987.101355757896
1028, 986.9802686980299
3275, 986.6148351983184
2265, 986.5269908030714
3299, 985.8966461718063
1185, 984.1387483862256
21, 983.8849329457796
2053, 983.5938760947358
501, 982.5708497027916
554, 981.5335440988748
1721, 981.3609444961936
2650, 979.5575154698107
1086, 979.4822420469761
3111, 978.0966075207257
3306, 976.8759929162499
1848, 976.6812535971899
1869, 976.435408896152
2561, 975.8215395745536
494, 973.1192315997854
2574, 970.3770265247734
1057, 967.6520329657434
386, 967.6073953190975
404, 966.6190677122662
3107, 964.5977583338105
211, 964.3691234381583
400, 963.5446567781871
1075, 963.0506717386114
2244, 961.433944662889
2745, 960.165867648577
188, 958.7490385648639
2961, 955.9676672323939
2050, 955.5059556214298
2390, 953.4747164077506
2640, 952.8994556910752
2814, 952.387144777783
293, 951.7417118164623
3118, 951.1184661299259
1705, 950.5315722587762
2686, 949.3884270019273
1733, 949.2947137676094
1583, 948.9517661070654
2006, 948.573769367759
1072, 947.1237674929339
2777, 945.7660911318058
295, 944.0204164842922
1630, 942.5867200459649
169, 940.9220503366724
1171, 940.7211558020396
1712, 937.7631096746865
3316, 937.3402771977692
3383, 933.8150045544913
1692, 933.1765137517026
1641, 930.3366389415389
54, 929.334277057655
2620, 928.2259569002886
2287, 928.193544658558
2572, 927.5799549415397
1448, 926.924528674959
3385, 926.7954779769254
2624, 926.4592467414969
1161, 926.0729465822795
1752, 925.104462865491
3148, 924.6129324747445
3247, 924.107562451566
50, 924.030869451817
1710, 922.4159607193609
3020, 922.3220459915027
647, 921.7446402477295
136, 920.8848950816324
2152, 919.4283146282326
278, 918.5940289982332
3419, 917.3474608340091
3099, 914.8944152609405
2641, 914.3982881788651
2306, 913.7805748367839
2348, 913.0720325619558
1643, 912.3228077298342
2720, 912.2222081647541
1143, 910.8890651511884
2394, 910.4497648032318
254, 908.8324308734125
3072, 906.0461008808121
333, 905.473246102847
2740, 905.2598647391001
3135, 904.9186308791172
2652, 904.3104024528178
1701, 902.9782264064061
1071, 902.5584643621947
1234, 902.221292769223
3302, 902.1202497259809
284, 900.7517644437395
221, 899.5714722340439
2305, 898.8699687902329
1584, 898.7654992287145
2278, 898.442862693608
1744, 897.9008878209361
2055, 897.0927298895856
2424, 895.7517973940605
2802, 895.7408066731672
3317, 895.7025757450807
2274, 894.9716924477354
1230, 892.7142388012921
158, 892.070418110844
2298, 891.9815133780203
137, 891.6841225173987
3409, 891.4905905121697
2261, 891.2292069262693
2677, 890.1470914088784
2111, 889.5909549819673
2096, 889.5909549819673
3046, 889.1499633629664
1040, 888.4164953495894
3323, 886.1994628326562
3097, 885.8485313589348
1604, 885.5725656609978
2712, 883.9208404848687
1463, 883.1800904806083
3155, 882.2071110499821
2525, 881.2461272164561
1891, 880.4929660415703
3077, 878.6766533564597
1132, 878.1596412939206
1177, 876.9797024940684
3303, 875.2025016593038
2258, 874.5633032143008
458, 874.3148800696122
2520, 872.9469158227382
535, 869.0185939832236
287, 868.4358258178414
2735, 867.9898938318717
2601, 867.0053859682582
1748, 866.9746603422628
1873, 866.664511965351
1659, 866.6581658378584
1459, 866.1073226876018
2959, 865.8584249276156
532, 865.3750437700702
127, 864.9212775568427
3070, 863.9039079608887
3089, 863.4851070974823
1066, 862.7645259451431
2738, 862.692095605992
146, 862.5067786549868
1603, 862.1759687399845
251, 860.6574204016993
2646, 859.3672212102341
3437, 856.9253912308156
2649, 856.8681872905539
296, 856.1057829550642
3362, 854.6401485113306
289, 854.4193758342094
3382, 854.4005087984051
1450, 852.9585804381089
444, 852.6922193588651
1735, 851.652110778161
1716, 848.2624427149227
1631, 847.6119372279635
1126, 846.8746808595042
124, 846.4165045985101
1110, 844.1394679348896
3049, 843.2239933787581
71, 842.3663160637986
19, 841.6102242244776
736, 841.6060158493977
1166, 841.0343344163908
1624, 840.7967743484131
3201, 840.7879769472693
2527, 840.5219805730553
411, 838.858031907859
174, 838.5581503154335
3277, 838.4296873813603
3388, 837.3972796987281
1184, 836.3287278351377
2668, 835.804698947161
3370, 835.129666781101
3112, 833.9788972815038
1466, 833.773229203335
227, 833.5011999283699
1684, 833.1423441737364
1672, 832.7677241240323
2962, 832.7590476115511
40, 832.0561945719743
2099, 832.025453668293
2656, 831.6471068689194
218, 831.242362908624
2792, 831.0709000604472
2277, 830.1027334937253
3442, 828.4119758525603
2568, 827.2097654083909
396, 826.6218337947485
3288, 826.0092270101815
3265, 824.8464208134124
159, 824.4011474741698
556, 824.2415654557567
1633, 823.334074032917
1736, 822.8034112573465
432, 822.3566452847156
45, 821.8735964939772
1743, 820.0587931360863
1700, 818.6484684167323
2635, 818.4619667557839
2608, 818.4250955624684
3295, 818.3641666495984
20, 817.6444871224646
448, 817.620325220986
2302, 817.3710666642049
457, 817.3353561013391
1758, 815.6573557951036
3055, 815.0947425312328
3108, 814.9540608443803
1651, 814.0722715417251
2485, 813.8254782304099
1730, 813.6643327126785
2683, 812.9770297447575
503, 812.4434511722947
3227, 812.3706179201627
3136, 812.0915610590107
582, 811.8107514815596
505, 811.0421890296718
36, 809.6610723740771
1670, 808.9673134223901
1747, 807.9298257600464
263, 805.9817595832858
2033, 805.710613018942
531, 803.6466335952192
1865, 803.250271749209
100, 801.410353209576
1089, 800.5402473618869
157, 800.1927414604183
1668, 800.1292405076289
2546, 800.0727729601642
2100, 799.6614921683048
1444, 798.3022751639854
1699, 798.2208699958123
1247, 797.9258049965731
1027, 796.1088648844687
2308, 795.8558132580683
3331, 795.6543937114308
481, 794.1906818016699
1515, 794.0663292996971
2580, 793.449015759319
1967, 793.4281874005922
429, 792.7515931621676
820, 791.6117044206701
1248, 791.2360307622902
1187, 790.559056589305
1676, 790.2298552653243
2621, 788.0969386353423
3181, 788.0250918251437
1513, 787.299991201984
1047, 787.0322210312496
3058, 787.0136132362833
2382, 786.7470514471584
39, 786.0236128425844
1724, 785.7436497984243
1035, 785.7273009860421
2071, 784.3986070104219
2285, 783.9580607823048
153, 783.4474054748406
3353, 783.3290031850308
41, 783.3174870572942
3166, 782.602582257622
544, 780.6960912732649
1117, 779.8969701766538
1941, 779.7682388346409
3407, 776.3869087962854
3311, 775.5995009880205
2703, 775.3421100268438
1911, 774.5830495520122
514, 773.6928428044539
3408, 773.0724110751812
1119, 772.7978764211198
1060, 772.3043633776759
2979, 772.0811181699479
3381, 772.0311439593243
2267, 771.824261891191
1741, 770.4408420834602
1581, 769.5910291885551
1671, 768.4243282037951
2726, 768.1354730920359
3340, 766.9494486810507
2563, 766.8089819515284
1645, 765.9173201771749
2783, 765.3669659823854
1754, 762.6941645012774
2069, 762.1252390767654
373, 761.1715826635261
171, 760.3528745746946
1657, 759.6442940113784
508, 759.5463144665351
2451, 758.4714227232886
3006, 758.0849998865054
2681, 757.5587450196605
2397, 756.7189822178493
43, 755.3802813210121
2289, 754.4637442055035
2697, 754.3247351495307
3254, 754.172315505405
2818, 752.7259413059488
2217, 752.5408845774575
2293, 751.9173383377582
2212, 751.3179527025878
430, 751.2732803428687
2379, 751.2239321913993
1745, 751.1408514435806
1030, 749.3200736470732
2754, 746.6003158131695
98, 746.1731779934664
1461, 746.0619933973647
3436, 745.4038815671502
1114, 745.1993945985989
262, 744.2620161165287
2533, 743.9217387138357
1456, 742.7687452987449
454, 742.7583973608128
2259, 742.5790055388624
132, 742.2919467752408
336, 742.2879938619017
1437, 740.3367796640794
2597, 740.3166924438129
1218, 739.8248764289684
2310, 738.3970106543992
2297, 737.6088521443168
1728, 736.6139450137237
1811, 736.2512610231697
2105, 735.5960349298189
1650, 735.4345514080197
53, 734.87606056499
3405, 732.5106689699744
3423, 731.1457295759116
2312, 730.5950312318487
2592, 729.6974989539318
1706, 728.6711173027389
2340, 728.0532400682666
1590, 725.9360112643524
195, 725.6527885573752
2456, 725.6312886112423
3373, 724.6243386974616
737, 723.831484978081
2352, 723.3040979557074
3064, 723.0234814444148
163, 721.6278335152177
2466, 721.1233046229687
1649, 720.5207782170313
1629, 720.2631722609232
2486, 720.1643938166795
550, 719.8948689742206
2548, 719.6583128697928
181, 718.3881014731743
1074, 718.355018987611
1679, 716.3195963901641
1734, 715.8273514377012
2493, 715.7811659853045
1665, 715.5243907684096
1129, 715.4299973911876
3378, 715.0533205284167
2575, 713.6856926998357
2383, 713.5300597225631
1973, 712.6617679406439
388, 712.4969186610296
119, 712.1188580809163
497, 711.9991410888017
1727, 711.9141313807672
469, 711.7744536875722
1203, 711.6821741787921
2803, 711.6147854386786
912, 711.1307131580022
2968, 710.7222773897088
423, 710.6126431036505
2969, 709.6303871725166
3005, 708.5107371128623
1094, 708.2356523959312
212, 708.0473066710085
443, 707.8343525406706
1085, 707.8118292489693
80, 707.4952364418048
2958, 707.4619123412979
1704, 707.3453970668642
2301, 707.1973716300271
2449, 707.1115419847243
2853, 707.0746091895884
1849, 706.3145908891408
2763, 705.492710247868
1637, 705.3918539391642
1219, 705.2689669403911
474, 703.8312026581825
2973, 702.0154241207974
1200, 701.710890759663
2388, 701.0530768359304
1610, 700.4651212986366
2611, 700.255353966827
2056, 700.1500825525227
2260, 698.6732289388729
149, 697.3095760017875
2283, 696.9226670140463
161, 696.5309067626198
2604, 696.4979370731792
176, 696.3445224972593
1521, 696.167756751999
619, 694.718145391672
1628, 693.9551825471107
2990, 693.5018390286235
252, 693.1866115436004
3094, 693.0548821343187
139, 691.1595236589098
1639, 691.0614707813667
1681, 689.8412622746503
1113, 689.6178238550459
530, 689.0485127768194
2354, 687.3747566462964
1091, 686.953707769325
1648, 686.568657028921
3196, 686.4441107391837
2252, 686.3960482274124
2966, 685.8417634969304
1978, 684.8138645887254
3369, 683.9270201434277
2528, 683.8527809509714
1445, 683.8013154520493
1245, 683.3042401154745
504, 682.8298020335956
1531, 682.7040896937705
76, 681.7297530977828
414, 681.5952442502339
1691, 679.5525429576628
1442, 678.5261431883908
547, 675.349534946507
2398, 675.2754627776267
2461, 675.1181506645897
537, 673.4169772336159
2589, 673.1780829935838
1124, 671.8041816460521
3119, 671.0977415971879
446, 670.9664699828575
2407, 670.2095339677712
164, 669.6119555172164
3232, 669.2223622484072
186, 668.9714820547529
138, 668.4449058672333
462, 667.9724323512887
2658, 667.9046922515504
1697, 667.8056347768818
2778, 666.1089647672114
1516, 665.8483766723703
2309, 665.6675473344866
3007, 665.5131268589328
1263, 665.493320254626
2110, 664.9654143236532
487, 663.9335404297216
2087, 663.6130461628436
1031, 662.2128408009023
3073, 662.1809497055999
1128, 661.0267167939292
128, 660.2167219747846
1979, 660.0037663863852
1241, 659.8286721681823
283, 659.2107887234743
225, 658.100456233219
1183, 657.638518002573
3061, 657.6212097079261
2179, 657.3560405311586
1502, 656.3917223580041
197, 656.3550722664897
2339, 653.8255718756902
1749, 652.6850485119211
2655, 652.5419257609154
1876, 652.4039647194103
1169, 651.9682738156603
3339, 651.4113870182623
538, 650.1680968825076
2475, 649.4997763384831
2204, 649.1764976379094
3402, 648.6817400832578
1081, 647.8463212362857
2068, 646.5855780045497
2315, 646.5402353515177
2453, 646.1693387329228
1702, 646.1029355731343
2543, 644.5266582797119
2380, 644.2878361374704
3086, 643.8093295841202
3416, 643.6493000541047
155, 643.423878574988
2239, 643.2079490487426
1193, 643.1583300851047
264, 643.1509505811921
542, 642.2696690382261
377, 642.2240061060234
1751, 640.8923485415786
3195, 640.7508847500948
2616, 640.4963066046071
3371, 640.4513143608018
2271, 640.0356623983466
151, 639.6600393725826
3106, 638.9563286200074
382, 637.8773734319616
3429, 636.0555428566764
3231, 635.8271227970516
2292, 634.497915387623
1689, 634.4568568719184
1674, 634.4005377827722
375, 633.5753432565623
3286, 633.5161379782655
2612, 631.2713470199351
2747, 630.4678402831196
1083, 629.1168148514216
3258, 628.9719197970071
337, 628.7976467147415
2648, 628.5629669836578
2985, 628.4761614751619
1202, 628.2686833624709
2918, 628.0372758027637
1115, 627.7000493206307
2009, 627.1925153885012
2753, 626.9885225546268
2564, 626.7329743313
3291, 626.2462332650957
196, 626.0162048656258
2210, 625.1076831828475
2484, 624.8987534798972
2235, 624.8893693805818
3418, 624.7327225189149
2623, 624.5867817415781
2276, 624.4285780816738
2282, 623.8238103070689
3280, 622.9631454636432
405, 622.8792528967883
1429, 622.6138547146641
1043, 621.650933630875
476, 621.3614466029023
2819, 620.4013242639904
502, 620.2706621569483
3334, 619.6914761331429
2980, 619.4819609798346
1145, 617.7510499314873
1025, 617.7118745495383
1179, 617.5819403933466
2673, 616.7729155560114
1636, 616.6548852204784
397, 615.9363254153287
2167, 615.3168884222066
1635, 614.9278623720647
2185, 613.0780622709449
3313, 611.8834419105866
2733, 611.8437228192087
3125, 611.7827850271442
2821, 610.849531095542
450, 610.2476722195692
2605, 610.0530783517902
3296, 609.0341999141247
1607, 608.7498082858694
1041, 607.6466848023064
1696, 607.6167059035063
2809, 607.3522949955942
2386, 605.4495571763912
1236, 605.3610946217266
1299, 604.7982174325925
1750, 603.6164732264216
1042, 602.455427868639
1212, 601.9018335557574
426, 601.069711651111
154, 599.846032481204
3048, 599.2293883425576
1174, 598.7960334920525
2693, 597.115747549624
3153, 596.8978942206041
178, 596.6253100552628
3425, 595.9058850143097
2679, 595.5430327132881
1867, 595.4974409609131
1852, 595.0606486787063
523, 594.4378131504045
2626, 594.2190442984293
255, 593.8026726843202
2862, 593.2753493945002
472, 592.9847871290059
2586, 592.937546433558
2139, 592.7184081375166
1214, 592.2604044141418
2184, 589.6744723084379
38, 588.7226392107918
1737, 588.6409563355325
279, 588.0969845453526
2226, 588.0580247658423
55, 587.6858847274224
383, 587.6029066422676
2094, 586.7344227854069
2299, 585.4792610168298
2713, 584.9938004089662
162, 584.6869226413515
3421, 584.5989630354886
210, 584.4495221044766
1872, 584.3145755177227
1759, 584.0311265966308
2492, 582.8173724357506
394, 582.7548313924224
1449, 582.6276106417021
3160, 582.4512565570134
2337, 582.0674646554144
3410, 582.0079853837489
201, 581.9759189831566
3395, 580.4028925186731
1088, 580.3420731546231
2490, 579.9371169263829
549, 579.4077546306139
3021, 579.3936559773558
2695, 579.2578513194479
2531, 578.9216268567478
552, 578.8712623507704
3078, 578.8694827165967
215, 578.311695983507
506, 578.2588603612415
2498, 578.2487306259253
2249, 577.9305238497552
2303, 577.5709766413634
15, 577.1630593392259
2687, 576.7738915096517
2692, 575.8162775902387
3047, 574.9783313379664
3113, 574.4544461072015
2606, 574.4372479126558
2462, 573.3538599595556
2177, 571.5151263891522
1530, 571.3548817572196
1856, 571.0894530666784
2266, 570.9530045476381
2496, 570.5546570802355
3139, 569.8972967478468
3262, 569.1182864805669
851, 568.9415821659468
2264, 568.6776182268627
2519, 568.3145213692776
3028, 568.2418874304312
2704, 568.1384648845888
1226, 567.4654270393542
2822, 567.4091640427977
3091, 567.1884887193428
1144, 567.1474622079273
3393, 567.1418322417811
2919, 566.54907625362
2538, 566.3725151461405
3198, 565.8669030542242
2455, 565.7633703995108
2603, 565.4215460938674
2279, 565.4110877937287
2654, 565.1751372776058
2345, 564.2967432427313
2464, 563.8348447658909
1753, 563.5927211361044
1301, 562.8524079449661
2570, 562.76616473835
1045, 560.4952161334083
3396, 560.4449769395261
3333, 560.2047754397275
2765, 559.3705252794169
2534, 558.6634739335934
1096, 558.1263289998448
543, 557.695435700569
1589, 557.1872163312786
2346, 556.9289074647756
1652, 556.6447637130809
1586, 556.5754594587058
78, 556.1253540968835
2813, 555.8587971119276
2715, 555.5339369436183
3193, 555.4536829368138
1857, 554.0382936536436
1069, 554.00953107302
2978, 553.639792505091
3261, 553.388339921769
1452, 552.7843284472807
2798, 552.3756685366691
2869, 552.3190064059843
2707, 552.1013374919393
1099, 551.5530755022987
2975, 551.4880747804
2974, 551.4880747804
2342, 551.261758200203
463, 551.2289483820786
3003, 550.473856492679
536, 550.3124866890754
1960, 550.2420456479584
3132, 550.2276729536692
2341, 549.3179110007654
3332, 548.7436195061026
3180, 547.6661827081663
1253, 547.2780428054227
2629, 546.6763157126926
2349, 546.6571275656925
3372, 546.4092361552351
3344, 546.0414735949915
1866, 545.6750539080767
3251, 543.5674304728518
1688, 543.3644259860683
2416, 543.181550224021
2769, 542.4778394381852
1761, 541.992810607473
2511, 541.7787972686095
2522, 541.5575960409457
131, 540.5107407627614
2581, 538.8941531172491
1961, 538.436265668759
2506, 538.0416103865424
172, 536.5391186862219
2675, 536.1889025002325
2417, 536.1856305070785
2223, 535.9452168398863
1112, 535.9242919852138
1974, 535.6416766105906
1462, 535.6310088721715
1229, 534.8388487521623
1447, 534.2308397453703
2600, 533.085618184836
2415, 533.075283858172
2313, 532.6759016683758
1101, 532.6046744267298
2700, 532.2408896807545
1067, 531.8298856606575
2794, 529.8468809851912
16, 529.6038674700904
3441, 529.3939208245737
1557, 529.3097577773285
1130, 528.2989033023119
1855, 526.9959668329195
2, 526.6806981757663
2452, 526.3900684846462
3260, 526.3102982193124
1655, 525.6964209236085
2752, 524.953651736979
3131, 524.2638968879417
1760, 523.7757658720802
2638, 523.4942233888859
431, 522.4920150565359
1464, 521.8695736717129
3329, 521.7156721360815
1662, 521.428990201514
2727, 521.377360540184
2717, 521.1170495713983
3361, 521.0652773684282
3420, 520.912746227228
1148, 520.7849900199791
2760, 520.7622104995385
2495, 520.015088432275
2488, 518.6534727238642
1683, 518.4786983108146
2284, 518.3960954378881
2662, 517.6962763020031
2479, 517.4507375131079
2983, 517.2164736517577
2730, 517.0100916287358
2632, 515.4196831555627
1139, 514.6768078487195
2460, 514.5108456714898
1147, 514.4939031376844
2079, 514.4380795400459
1678, 513.4720173864173
2269, 512.9042896426236
1095, 512.6948520441031
2392, 512.2207376729972
3364, 511.4506134075436
3019, 511.3444078868456
2665, 511.2658121870188
3165, 511.0106363245819
3342, 510.37171218193737
2014, 510.068899044108
2499, 509.7921442559175
1465, 509.70942283920147
2290, 509.5328407020327
1608, 509.18523530904196
2080, 508.79083132568246
2044, 508.76669001766885
2396, 508.05288586704705
2408, 506.489349262184
1141, 505.7639804372767
2644, 504.1466403344971
61, 502.8730984340614
1559, 502.2470035868489
3367, 501.8219279741468
1199, 500.79374089969906
2440, 500.1684657786205
2037, 499.7956858959423
3375, 499.40878446286797
1254, 499.38436322221594
2960, 498.9017957888522
3115, 498.5448472134826
2387, 497.7288500480433
1600, 497.6689793119716
91, 496.05655262334204
125, 494.5814000345025
3366, 494.3257197822683
1262, 494.0427108526964
3100, 494.0088164046606
1438, 494.0022207219863
1125, 492.53219566648255
2714, 491.80839472483007
2509, 491.13659427912836
2743, 490.89542889348417
2797, 490.8104742964589
1070, 490.36760392019323
1217, 489.63124092044933
1773, 488.1216143913165
3351, 487.8800484124183
83, 485.44339607938474
1660, 485.3408631264115
2698, 484.8634347129583
3301, 484.7069293282329
2530, 484.6692023574025
1430, 483.9976414734943
1137, 482.7843858666463
1436, 482.0473318994766
3117, 481.3200378737251
1451, 481.1688707059321
2413, 480.824016923724
2092, 480.74088076903155
499, 479.7629210084927
1860, 479.5717375690637
2065, 479.0359437491288
1160, 478.1721292984765
545, 477.7869970134348
2311, 477.2340861419731
3414, 477.2261581099698
3141, 477.1026877534521
1847, 477.0655899790091
1059, 476.1358667247061
1242, 476.04349996476816
413, 475.76036639651574
3154, 474.7472704813614
2421, 474.06182553421377
2535, 473.68856973759586
2670, 473.32268295453605
3399, 472.70327938511053
3266, 471.496134015394
1209, 471.15056515689525
2477, 471.0034045504501
1154, 470.73979924753644
177, 470.04363501901247
2625, 469.817114000451
209, 469.75376412180606
1257, 469.5170826619329
3102, 469.17944125742065
2970, 468.8926347403273
2684, 466.6510260383056
135, 466.6372041983089
1664, 466.5794043811406
2304, 466.40692465016394
3158, 466.0165085323022
1446, 465.49698986556706
2028, 464.18862072422166
3322, 463.5334272901544
1175, 463.0607856447768
553, 462.81900460095295
2598, 462.66124804461367
3335, 462.5223567006936
2412, 462.22665840826517
1097, 461.6160850576454
3430, 461.43488676894725
2565, 461.39425226053663
1596, 460.33259704551574
2537, 459.6587622268258
1881, 459.4443305334018
1667, 459.33599605909905
1213, 459.17467471350886
2976, 458.8278245765878
2401, 458.1379397775752
2061, 458.1246881059194
533, 457.83548218800144
99, 457.1415549561365
1298, 457.0651147442743
3103, 456.97232016313484
2444, 456.47453632566976
261, 456.13474615774027
1227, 456.04256951370513
3357, 455.2575176511065
3377, 454.3966127223369
2771, 454.376155852275
2815, 453.71441589733405
3398, 453.2945662288628
3004, 453.1300301522624
105, 452.773148698256
1431, 452.4828654271616
192, 452.2071890439019
1182, 452.07862375221555
120, 451.2214809735459
2634, 451.0716078590991
2591, 449.9568758608092
1188, 449.69380612536173
3053, 449.6640267480506
1149, 449.35869804175024
3081, 448.89430626299406
205, 448.7775637883085
2699, 448.4607868797537
1208, 448.18785881578754
1251, 447.63215201532876
1246, 447.6178538758886
2660, 447.1737557226992
498, 447.06897735727716
1201, 446.39750067711134
1593, 446.3482300230509
2667, 445.07849690441765
62, 444.849461058966
2659, 444.39648871624604
92, 444.24462479949614
1116, 443.8185801687418
2669, 443.50292892898875
2472, 443.0786711571269
3397, 441.912547269915
2502, 441.90330501038494
2501, 441.90330501038494
2576, 440.98732326584235
2664, 440.7311159035954
520, 440.6722144318233
3076, 440.2320457200657
2552, 439.6449984538444
3394, 439.52472657571974
89, 439.3971070802543
1176, 439.14179642412137
1998, 438.5424856866141
492, 437.98761634356595
1197, 437.84424047191936
2631, 437.26656347653994
1435, 437.06171098974454
541, 436.9213975792232
2796, 436.6169830657307
2967, 436.2852586518575
3330, 436.262166129493
2691, 436.2376646669472
2405, 436.0048812586238
1181, 435.83863622809844
2469, 435.7329160576807
369, 435.55877195726214
3124, 435.48802325770794
1597, 435.3337724291595
2661, 435.0744541610079
1250, 434.7774274473237
2344, 434.58830891551474
3052, 434.33657024971586
2614, 434.0426782795269
3109, 433.58056219997997
3152, 433.5337141056628
1711, 433.24989382900486
3400, 433.2231270221581
2023, 433.20164532146475
2762, 433.16440520440625
2719, 433.09066129794405
2474, 432.96918419138547
3157, 432.8557004405039
1206, 432.66782860886656
2409, 432.60279668883356
3074, 432.4191019726031
2007, 432.40662263559847
110, 432.0711050290563
66, 431.79890085934494
3338, 431.63736354395394
2268, 430.8906345421556
3067, 430.109761705315
3087, 429.90258881509925
2617, 429.8494571621794
3390, 429.59267844625066
1261, 429.4094231621643
2716, 428.98482325613907
2627, 428.7250878572941
1127, 428.696135743671
2494, 428.4592151904815
1107, 427.9298151639538
3156, 427.6660345553492
2609, 427.215605159946
2347, 426.779294370101
1167, 426.3222398807411
3104, 426.2707551313965
3008, 426.14437620983284
133, 425.7434561264301
2510, 425.3472378927744
3088, 425.05212921354376
1196, 424.99306802732974
438, 424.85709646499015
338, 424.43571451765354
1195, 424.3900242857682
1223, 424.34748010446157
3249, 424.2160692983092
2674, 424.05739570476027
2977, 423.8865894264661
3096, 423.80669213169114
1078, 423.68321632650407
2800, 423.66964229687744
3075, 423.31666643798746
3033, 422.80891322452936
2761, 422.41705919280145
2457, 421.5379592760541
2521, 420.4603950173866
2541, 420.264900412918
2982, 419.86072563086617
160, 419.3656090199343
2476, 418.8767118748887
106, 418.7064989520576
511, 418.4709047643903
3116, 418.09508972975584
3253, 418.01225341455313
1514, 417.90773775786056
1222, 417.63302887373897
1136, 417.3333657515342
3127, 417.2904011200769
2770, 417.2098240400262
1656, 416.2092116249946
3355, 416.17820603765006
2724, 415.9166071566076
2542, 415.8519621510932
2637, 415.0824705361579
2504, 414.6124068986774
2984, 414.33613904321476
1109, 414.08555790135443
3427, 413.95901718364064
522, 413.44802140174977
1300, 413.150628142048
2448, 412.8697789851919
1225, 412.34182661191835
3060, 412.13875741403643
2678, 412.13735925988806
2089, 412.11418337400664
3325, 411.4523485110707
3337, 411.17739650402484
3138, 410.4427747567752
190, 410.3311585726285
304, 410.18494844506864
114, 409.55571428033693
81, 409.29207313781677
2567, 409.25387703051473
2956, 409.11574774867677
2702, 408.9461624968052
1131, 408.68563928684415
3263, 408.3909989760429
3328, 408.15956867405345
1133, 407.9501509431078
1108, 406.7664303565902
103, 406.6985580326696
2676, 405.7976993612349
2356, 405.16347624695425
2478, 404.05395803459476
1138, 403.795948646445
1441, 403.3430026446302
113, 401.9418637145374
2619, 401.61186069561006
1170, 400.5685179205364
1123, 400.5409485865586
3137, 400.53421453144387
2074, 400.0631869125777
2706, 399.0923955718512
434, 397.747103898906
2866, 397.6548712735121
2411, 397.6013970327783
1155, 397.1298273995901
2557, 396.73944245868984
3406, 396.2009625278061
1120, 395.8257959753255
179, 395.6859676350158
1224, 395.4664540318252
104, 394.8567016575205
2459, 394.8497846156458
2585, 394.4353518299031
1168, 394.2696049358446
2082, 394.0011810357328
1163, 393.3707519634275
17, 393.3573767323957
2529, 393.2052847729004
1713, 392.08917271381387
2554, 391.862059666943
1194, 391.56797987682245
2560, 391.3266000991653
2273, 391.14242815564285
1240, 391.0392175622723
3126, 390.89812821171716
2775, 390.6985647323233
2467, 390.0777746820919
1207, 389.8607348864285
3349, 389.6706845760708
3140, 389.433406676859
2406, 388.646482355032
3122, 387.80309569244946
277, 387.1162996404043
2595, 386.9362328991326
3250, 386.2835053307882
3368, 386.00168424650093
102, 385.7308482445977
2642, 385.59620227816646
2544, 385.5530203071169
2577, 385.25581845988256
2663, 385.2547539827005
1560, 384.7610803253113
2633, 384.014022645504
2628, 383.9200693803618
121, 383.4866202680026
1146, 383.3320038825137
2685, 383.27249694174554
2482, 382.5110131469725
2787, 381.4192430405177
1135, 380.5122296882272
1658, 380.46109129389936
2550, 379.61503971112705
1186, 379.20541496015585
2799, 378.6563979115984
2573, 378.6512869852289
2523, 378.5685618806356
1460, 378.2368708668099
1996, 378.05470234802107
3356, 377.52954217697373
1969, 377.51068262431335
1428, 377.08710560087997
2384, 376.3111297409479
2414, 376.2574476908913
2399, 376.16850365514415
2551, 376.09562930400756
267, 375.54144946875823
95, 375.34836431020585
1052, 375.13198508409624
3422, 374.8813269490618
2689, 374.8157660114601
1061, 374.3219289777187
2350, 374.24944811590876
2618, 374.21857632881824
3365, 374.21115739676117
2913, 374.15173266131904
3374, 373.96421030503046
2972, 373.87834161038035
2480, 373.00585859887775
2378, 372.76895519690737
3358, 372.73551507755644
2680, 372.72041193785356
3326, 372.4632849919193
1068, 371.5022655274593
1220, 371.4291907333358
2545, 371.1907980226566
2443, 371.03491927450074
2701, 370.1879720985307
290, 369.8855486431218
2909, 369.70114909040694
510, 369.29520146973744
2481, 368.42163648517544
1198, 367.65116673772894
2047, 366.911695312644
14, 366.63343993770576
90, 366.2574961625105
3428, 365.7794485463804
2445, 365.6465375942439
2447, 363.51510220084
2602, 362.4557961578651
2295, 361.7508195616116
3307, 361.5617444445334
2588, 361.4434294021373
2458, 360.9101863179385
2465, 360.52750050477516
3345, 359.74173941897
2613, 359.6642883235922
1965, 359.5683171602231
1477, 359.53971199376184
2489, 359.4781386704321
2463, 359.41244404170925
101, 359.1104929521579
2643, 356.47472587024646
3360, 356.3727393416588
2487, 356.2639438843957
3376, 355.025003830904
2599, 354.7720910038344
2584, 354.77005669450824
1046, 354.6229281882561
166, 354.25066261578223
436, 353.8329671080595
2512, 353.3565027576422
2728, 353.0207424757876
2915, 352.7580289537019
67, 351.96891135324745
1719, 351.9498859287168
65, 351.2940864537001
2081, 350.1231398373636
2446, 349.94269954386937
2097, 349.2607828060839
2516, 348.6533669150875
1034, 348.62170146496766
2540, 348.42573169202996
1588, 348.31733712333295
3417, 347.89366310461565
1134, 347.4178428708364
2593, 347.2646024436949
72, 346.8555128147323
2639, 346.64601619095754
2395, 346.2310227667142
2708, 345.88984668316124
2636, 345.27268633664136
1065, 344.89379945593464
1150, 344.40084785559117
1663, 344.38097539380635
3252, 344.0005402758796
108, 343.14777709582785
3391, 342.95285263439916
3387, 342.6482725098682
358, 342.16041147574333
93, 341.6649780667779
2057, 341.3755755867946
2555, 340.99939311971247
64, 340.78691548797406
2400, 340.12902057721277
167, 339.7031053716777
3308, 339.5269854961973
144, 339.42007573873343
70, 339.3056344101355
69, 339.3056344101355
3392, 338.9620156970036
2052, 338.8747309438466
2077, 338.69468475061063
2590, 337.40720862981755
2582, 336.23308603236393
1520, 336.15997585659414
1180, 335.5925025050844
18, 335.42500959370454
2031, 335.1145718210181
1813, 334.99647997841714
1962, 334.8271712505128
1406, 334.66150043698724
1079, 334.1317001012825
2355, 334.0957005952105
122, 333.77548309985866
2090, 333.49286012120496
232, 332.70275969615795
2526, 332.4358421582088
1440, 331.4799846737709
3177, 330.8094711150212
115, 330.6739087185496
260, 330.37141470564853
1073, 330.2890652928329
2468, 328.49718132462795
1216, 328.2254830858942
2441, 327.823484098333
1693, 327.27247294024284
2450, 327.2370921636531
1864, 325.5967884290154
1537, 324.2257321833
1152, 323.5349210035063
2914, 323.373352620476
1189, 323.13761197826284
268, 322.9810168279193
1103, 322.87127217883136
2539, 321.9282079449048
1467, 321.8965519441114
97, 320.94624773059394
1118, 320.3492550530499
1178, 320.2903158323179
1053, 320.0896411738362
3446, 319.0032354137306
1605, 317.2256111677116
12, 317.1391914842354
2971, 315.6971682286025
517, 315.2140516698234
2596, 314.8486568815468
68, 313.7516618453195
32, 312.9910737450231
1397, 312.53718029998817
1156, 312.23235228006035
1634, 311.92663582865214
96, 310.7382607817559
1151, 310.5951165456833
2709, 309.6134725020343
1518, 308.3706232825921
2647, 308.01101039501435
1191, 307.65675976417396
1632, 307.0725287076175
3343, 306.5633414648319
3164, 306.30213103042195
1302, 306.0814501198178
3188, 305.1787563738517
2615, 304.4649933034774
2579, 303.94171125147693
2066, 303.4644318887113
1519, 303.2748339745753
2010, 303.1708459167095
3238, 302.27614261663894
2060, 301.52179299427985
13, 299.7115731510355
109, 299.24812619382453
2038, 298.53477075103945
1694, 297.9706086158946
2270, 297.8197697068013
2801, 297.4987851378438
22, 297.34843441140185
2351, 297.2087455495753
2471, 297.08601000780385
1838, 296.7261089971656
1958, 296.62463117425983
1558, 296.61549169036493
2517, 294.61088508274673
2594, 292.86204471724267
2900, 290.8086212328933
2861, 290.4691279794427
3359, 289.93526938647676
2500, 288.34448342246793
1153, 287.51122067589006
1709, 287.20916612050087
3438, 286.99784448409144
1457, 286.8050569130592
916, 286.40947884427464
637, 285.9506292815033
2040, 284.8404942671382
465, 284.68890120364193
1316, 284.68813448676104
2275, 284.5478659431044
3431, 282.8748110151729
2916, 282.65642270008226
500, 282.4246596256937
3085, 281.2840729093358
3237, 279.9317676484781
2503, 279.8098053641802
2433, 279.0736167117505
86, 278.81750040317786
1878, 277.7888373650323
2064, 276.84855634446126
1638, 276.6787243137341
1800, 275.9970279970078
1, 274.55672118821957
2046, 274.17597960203483
2515, 273.1203890015056
2860, 271.72995478618094
768, 271.2700441681948
1661, 271.06408832605564
3346, 270.96679342033167
2732, 270.79346297761407
4, 270.746958317096
2058, 270.50409944321297
59, 269.51830726814177
2036, 268.7710039827738
3236, 268.34152838558913
182, 267.61388207535424
10, 267.23085929560443
2682, 266.03744799409554
3310, 265.2174242578819
1164, 264.76373299959545
3234, 264.7628070388035
2192, 264.64340266469065
117, 264.5932838686093
1062, 264.0856731730482
2470, 262.98431642789114
1574, 260.37946822707426
1255, 260.29132108296614
3363, 259.0610712622837
2043, 258.7333209832049
2578, 257.52092168843166
507, 256.69886616978454
1454, 256.2672986552957
1785, 256.19126777059125
2857, 255.02653332620065
2731, 254.54071234427073
116, 252.51063223952812
7, 252.17411442375817
3240, 251.3101327833355
2063, 251.0381612994907
461, 250.50104692144953
2725, 250.3990542960518
1788, 250.17971870629412
1814, 249.78151470383264
3242, 248.59300233308173
2085, 248.26418606331436
459, 248.19747518151686
1562, 247.3116763178141
641, 246.84835447718393
1572, 246.19238612523594
953, 245.40761950322997
2320, 245.3986227096104
1324, 245.08304061877556
2569, 244.81407548353388
1794, 244.7302385680394
112, 244.69985350611304
2718, 244.13537086484055
107, 243.96550095381284
2805, 243.87487623937534
2832, 243.81890333842435
3009, 242.80499272430413
826, 242.76347232324716
28, 242.5137805008252
1576, 242.10443064190844
63, 241.79998483527194
3256, 241.40186345743768
6, 241.33811701820122
0, 241.21613695749326
3235, 241.12139415471287
484, 240.04947007975505
823, 238.90716102551437
1818, 238.73076902384912
2191, 238.6469575158197
3, 238.44217723594693
2672, 238.34498126176263
118, 237.72515386749842
1723, 237.71897296648422
2999, 237.6147274034522
9, 236.80045994252293
1573, 236.45701543022176
814, 235.97046979530046
11, 235.68234990953312
2910, 235.52256653674647
1309, 234.51304551765202
1543, 234.1103308112288
30, 233.47134566081098
477, 232.95376644347385
111, 232.866688645196
1484, 232.7973093750664
524, 232.5875864730938
3017, 232.35478564749783
1509, 231.80901277656136
2153, 230.72874415930488
2518, 229.70051341792197
2208, 229.5400521649786
1410, 229.16257202745314
273, 229.09376761504177
745, 228.5329585208233
2134, 227.57015314967245
3257, 227.2503099232976
1004, 227.2064907772058
1824, 227.00390038104695
848, 226.90682958609224
2211, 226.76148794418165
735, 226.74687670987242
292, 226.7278463182108
1882, 226.5857908606459
1567, 225.90405018147183
2889, 225.86783079256625
5, 225.71433454021522
3215, 225.28700286579368
184, 224.96299442636953
259, 224.82236341378496
8, 224.60734369055933
1940, 223.6526033571355
1939, 223.58573145198716
2878, 223.4052597450513
1806, 223.325625699679
421, 223.30902388796883
94, 223.23085509998916
2158, 222.7180051375826
2242, 221.69267899433967
2532, 220.44120073008602
1535, 219.9807486545538
2193, 219.97119650525266
1418, 219.65453254372707
788, 219.38306470124834
1951, 218.6884318991638
3000, 218.6391895292828
1575, 218.4244455245833
923, 217.6915403085383
2856, 217.51593882815692
682, 217.2276107396299
1571, 216.6242501564863
2859, 216.24054028913127
2170, 215.83387715096057
2429, 214.56817504740266
2207, 214.45848841005196
2556, 214.4361938091969
917, 214.31950738723353
1003, 214.2074066902744
2806, 214.11716640250935
1269, 213.65884057771328
526, 213.5440230581429
3025, 213.48348514310956
1907, 213.31616294854814
1051, 213.00910060155982
2180, 212.13263198547756
786, 211.96282232257207
1810, 211.83039089753365
29, 211.42981892618195
2868, 211.23215550364438
2124, 210.95288734201267
2135, 210.9108740663855
33, 210.4298148107404
803, 210.36016178583313
744, 210.24184701639135
2205, 210.16068289281554
1776, 210.0863916514988
2991, 210.0298425975921
1884, 209.90682805164096
1780, 209.51775716181263
1210, 209.47656503609073
2435, 209.335364059875
2428, 209.335364059875
353, 209.13698083054115
442, 208.999563915309
387, 208.86721992102565
185, 208.785488546755
1640, 208.6405998704642
1165, 208.59654277753776
234, 208.51057045788542
1424, 208.47408544059738
615, 208.46154431752177
791, 208.4520997226799
248, 208.2000924110821
3269, 208.14528184664493
857, 208.03820770622644
727, 207.9439655033521
1889, 207.60145695028322
2236, 206.73636101306215
1093, 206.22777675902248
3016, 206.13224593486282
3018, 206.12818580986388
1039, 206.04329989387173
746, 205.89635881279327
2262, 205.81407052071808
3029, 205.73639072896597
417, 205.14289501245642
686, 205.0680392321772
2157, 204.67646983071617
1306, 204.5344804782811
2318, 204.44056202785472
3228, 204.32248044310285
1525, 204.2545542585729
2194, 204.18968725638217
2936, 203.89829861173487
2195, 203.76317332200065
490, 203.57060278533524
2243, 203.56991287648697
936, 203.1228944041013
1653, 202.96670911220238
579, 202.74429343035325
527, 202.7378352820733
945, 202.44507750920056
1807, 202.3287513117459
1356, 202.30331732143395
1885, 202.27739332805908
1617, 202.2016190500556
2196, 202.16400093230882
2054, 201.96595635771638
249, 201.96310420934452
781, 201.94424113066154
716, 201.90048464470155
60, 201.90021582069517
2953, 201.65249966402075
1822, 201.64963750804498
1943, 201.63741226589153
305, 201.36701714216142
1423, 201.31348958209935
3282, 201.2345944691562
2997, 201.06876625955397
416, 200.53418003460772
2188, 200.1915023236178
980, 199.94083622852028
1336, 199.88136441764954
2438, 199.79180235405997
2187, 199.7581711696362
1566, 199.7174673213532
575, 199.7081927913294
321, 199.47823185819763
981, 199.3090913432847
1487, 198.9665345694899
1999, 198.96276320844606
1092, 198.93714494780826
762, 198.9106592977332
778, 198.89945404597057
1615, 198.89640399575768
612, 198.60152381281043
1623, 198.60136007383133
844, 198.4884556036225
3319, 198.38734262103674
1023, 198.32643650063565
920, 198.27619147575814
3233, 197.7153086005728
1895, 197.6734834726793
2160, 197.4214435139854
717, 197.38404707397916
590, 197.37404637600142
2993, 197.252008882686
581, 197.21495361988843
1577, 197.18948382632024
961, 197.0739431720893
1985, 197.0536835075718
243, 196.84723617820376
825, 196.82649881845342
698, 196.74868843908965
1803, 196.57360497805357
1279, 196.5235622172535
23, 196.38645983044694
2189, 196.37977377121302
3320, 196.26914092553815
1580, 195.95863257069675
24, 195.76541620955172
817, 195.66237872577005
2365, 195.6185420157583
1037, 195.5198755905698
2145, 195.42057686198095
2142, 195.37703678736335
27, 195.3675519497103
2434, 195.20112615425813
743, 195.10828223724704
2949, 194.99767623705787
1977, 194.88639058044447
2360, 194.85153666835248
1972, 194.74804727988774
2431, 194.66103956421944
955, 194.4749669530936
2362, 194.30657025204476
1425, 194.1186084846803
2035, 194.0739672437954
600, 194.06240362913528
420, 193.7800398268346
2095, 193.63713602034588
247, 193.60568590054822
2879, 193.58977042919108
2220, 193.47622549155196
1579, 193.17118883347223
815, 192.96027780271436
960, 192.89005682555413
922, 192.86467183636796
419, 192.7954671046879
319, 192.70869002077347
2214, 192.55909015965798
787, 192.43401004221334
969, 192.3564139750085
1331, 191.91024474859273
808, 191.83925325655017
709, 191.60585845927977
1054, 191.47351109965044
370, 191.4440336467527
2181, 191.3058780069462
560, 191.24835470510558
528, 191.23672915532657
1038, 191.07978379677112
1412, 191.07568329300997
2845, 191.06191708463808
1976, 190.82077469141686
1473, 190.7767979865914
2829, 190.64635594839083
1890, 189.93023797880727
2122, 189.90215861456414
999, 189.85297433844693
2219, 189.83162183715746
1840, 189.60692032718472
2828, 189.54386573930498
1308, 189.34638198282823
2907, 189.20938435309694
1599, 189.05407629098565
1371, 188.98918007021706
574, 188.8746290477657
1523, 188.86104208525074
1490, 188.49449830206459
2846, 188.46599069386525
1266, 188.43525218535015
242, 188.38771276482308
601, 188.2317975229455
691, 188.08995677314903
1404, 188.01811515950064
585, 187.97607568314027
594, 187.96008925428686
964, 187.8408467674854
2427, 187.69773487627657
804, 187.50911287246572
2422, 187.181392436997
1314, 187.1613614171595
1839, 187.1204104550728
856, 187.11319258932414
1495, 186.9431071513451
2858, 186.8249022296749
2231, 186.8070853067105
313, 186.7672352925688
418, 186.70976226803762
907, 186.66386082210653
2209, 186.6318180086842
1408, 186.61111108745675
2992, 186.4304915536072
223, 186.40232359149675
2877, 186.25457657119597
2173, 186.18938799171156
1790, 186.1376220451987
1211, 186.01853325801497
903, 185.95986044138854
3026, 185.93363333239805
789, 185.92699433202807
1321, 185.88311241664448
529, 185.87049950447528
2996, 185.7039808301328
2228, 185.68538572978423
2171, 185.52339553121158
1594, 185.51094450128818
1823, 185.47665204684276
1315, 185.44303631782938
2168, 185.38352603054983
2905, 185.36363433548064
1942, 185.35570786465388
2049, 185.07649740957174
187, 184.97708012232317
2200, 184.94385061029112
1510, 184.82868786329857
780, 184.80391536391537
1887, 184.75559622343224
2206, 184.66388218075446
3229, 184.62035796311514
1289, 184.60816081139635
972, 184.4611201707577
2165, 184.45610306477226
1427, 184.41678958216568
1369, 184.39586916471762
2804, 184.23870061296657
1508, 184.16131069244634
1846, 184.0233569099405
1505, 183.8086342069274
1957, 183.77417623847165
586, 183.62956554342028
2924, 183.58392195347113
837, 183.4661294908356
2837, 183.40134369948302
872, 183.32762486850987
1984, 183.31071230050281
3309, 183.22539818023165
845, 183.2180627152318
2711, 183.080280128256
1501, 183.07487613555688
1478, 182.96491700247748
2190, 182.78401265133135
846, 182.77417980507593
593, 182.7591956068222
1348, 182.65408293327923
3270, 182.6354974706553
683, 182.5681538204102
1527, 182.55407362551742
558, 182.3657618343843
3031, 182.32113669544708
2334, 181.9891841360078
371, 181.93756068408754
2113, 181.92717923459605
696, 181.57972749292514
2256, 181.4980766555056
3267, 181.3986005649275
2850, 181.33783636105767
1421, 181.23159541851257
1512, 181.06794471444658
2150, 181.02821042800375
2841, 180.9867596504352
1983, 180.9844333848877
2164, 180.9790957988333
928, 180.8471151962621
1001, 180.8018972101666
49, 180.79265562613384
2998, 180.73895861271328
638, 180.66741216325525
1883, 180.57393830653155
1986, 180.52427659603057
919, 180.31583280445554
1488, 180.30357102248269
1380, 180.1458381422407
1361, 180.1457125956695
1390, 180.13294745468968
657, 180.11115346819736
1792, 180.01995617463038
1828, 179.99504977545195
2321, 179.79803702696677
839, 179.73877353805358
1494, 179.62265525842614
2115, 179.61008711060796
2324, 179.51576632124988
1426, 179.45086219490128
886, 179.43315921341093
307, 179.29963256760502
821, 179.29692333012835
1481, 179.22615107234225
2852, 179.0484710018341
2439, 178.98584043432442
661, 178.9456449724837
2372, 178.87891824661372
784, 178.8700918704833
775, 178.8095914022744
902, 178.76302070296316
1389, 178.7521991234286
1322, 178.7214319242244
2839, 178.71433936213774
3321, 178.64756349481098
2062, 178.6170826089275
2229, 178.5861929545268
1578, 178.55309563476567
602, 178.52876079140844
26, 178.38346380021662
1268, 178.25905911411633
987, 178.14711501145376
599, 178.13823105696449
1455, 178.08449328193336
993, 177.94785528678477
639, 177.89335602432453
2125, 177.87579317723848
2117, 177.7797236336452
2230, 177.70619948328732
708, 177.54563517998415
1820, 177.5119192776205
1396, 177.51181931281167
606, 177.49489407454377
1549, 177.4637030580011
2120, 177.3273898401791
718, 177.29017868191758
2255, 177.2885939302654
659, 177.2746333549508
2042, 177.12943489509192
938, 177.0380271020482
584, 176.9749017309066
224, 176.87437253602263
3014, 176.79304071501005
3268, 176.7221110063404
711, 176.67513097288204
2359, 176.63102361000594
777, 176.62772357992722
2851, 176.5280987558777
3002, 176.47068756376635
1908, 176.45758506580626
855, 176.3448024123513
2831, 176.33203744175657
664, 176.25716643345535
230, 176.18912994580134
1345, 176.0650438504099
665, 175.9921726369182
286, 175.93376402659962
2750, 175.9059360420328
1614, 175.8873776941092
1886, 175.83540935604387
2162, 175.70851097733922
730, 175.7037406332871
853, 175.69913929072618
790, 175.65181205496884
1271, 175.64946173735612
798, 175.63270659860171
1339, 175.62687058953367
1493, 175.58711980870171
840, 175.4491628655006
989, 175.38059802723717
690, 175.37108016925444
1377, 175.30685813050619
882, 175.2690692236086
849, 175.2639321134718
256, 175.1701213005672
1861, 175.16722207586756
2994, 175.1213161451228
235, 175.0967111190003
1622, 175.00574346181665
776, 174.92466536162462
927, 174.832144633682
1312, 174.81294077848838
2237, 174.80289978656637
1601, 174.67426977207026
971, 174.65254616696782
2116, 174.57491845637148
1413, 174.55332373783565
2844, 174.5189828515786
752, 174.4863518772377
1295, 174.46541457331796
1474, 174.4252707708691
867, 174.4184312817702
1014, 174.26360271134914
970, 174.24482831489746
1398, 174.12146894416395
564, 173.9115183612329
892, 173.83585055243293
1330, 173.8068932857923
1343, 173.7314533580357
525, 173.72357130943308
1550, 173.70549496610093
1511, 173.60541082611505
2908, 173.54164114997485
559, 173.5040032880622
315, 173.40803311875436
306, 173.40803311875436
489, 173.3412194981938
1920, 173.11428973612695
1829, 173.1110471667965
2898, 173.09272907063644
572, 173.06693070222389
1825, 173.02097274839008
785, 173.00689057741198
3272, 172.72158527062209
2888, 172.70447235748185
1926, 172.69772690306868
2141, 172.66515001295508
1555, 172.6299600063398
1902, 172.5959674654836
2213, 172.53358260965973
774, 172.511680018507
1804, 172.50064740168233
850, 172.48667156124526
723, 172.47466856418316
1273, 172.43564679284202
2361, 172.29113064942914
1561, 172.2870532021445
797, 172.26439958398345
2051, 172.2516802185919
569, 172.18298836917023
1959, 172.1727289145089
1368, 172.16767676865345
770, 172.1312828512282
1815, 172.12040673895905
713, 172.11210624812657
847, 172.08942326116806
1544, 172.0576054235111
577, 172.02177142526392
1378, 171.84001265218984
2376, 171.73069795080897
2366, 171.62130456847575
689, 171.55536505924672
2227, 171.5450730412761
1006, 171.46671303715328
3045, 171.44474466267386
573, 171.43240718052508
1989, 171.42401334988512
1278, 171.41597365198174
1539, 171.3329663546371
2107, 171.28688042856538
2912, 171.25352875990333
1393, 171.22806225862476
2254, 171.13294227294446
2884, 171.10347863630253
2369, 171.07040136849986
1392, 171.05289191766897
1422, 171.0093039123102
822, 170.97194609908362
2067, 170.9357352046065
2830, 170.87471957329294
1352, 170.75403312143496
1420, 170.68700670326774
231, 170.68186512526813
636, 170.57822877494235
1417, 170.57524488075993
1500, 170.53682279184682
2245, 170.5294946810627
779, 170.43070423834124
226, 170.37343896456102
1285, 170.3582295116262
2899, 170.28846387865065
992, 170.2830155296827
2131, 170.23196775870977
871, 170.21973180543625
2903, 170.2021503195374
918, 170.06791914428058
3043, 170.06301990468037
1400, 170.06014046947982
635, 170.04155699390054
673, 169.97627912697942
879, 169.96689476201627
2432, 169.93652935856886
240, 169.89838915409155
2166, 169.8948823110759
1475, 169.89170387308033
3030, 169.85948930611644
694, 169.8198747958284
1480, 169.72210097619336
983, 169.62295072969076
1370, 169.57496329068235
1409, 169.38127970888442
900, 169.36485029340156
876, 169.33733038763535
1293, 169.2730119413705
854, 169.1435806869306
2121, 169.11916867619217
1830, 169.10816201045873
3044, 169.09445908217458
1909, 169.0514767686564
933, 169.01671177990394
2881, 169.01297298739652
2198, 168.91132605131577
868, 168.9098745885391
364, 168.85071639698137
1915, 168.56248319529547
741, 168.4862271419934
1280, 168.42766950022698
2882, 168.34760935381624
896, 168.2174309414511
2154, 168.18028242063173
1817, 168.10417256004837
2547, 168.06122588045156
2199, 167.9325291421534
693, 167.8567503018964
1411, 167.77122302767484
937, 167.67615548011992
1791, 167.57068626739667
2163, 167.54713759062903
948, 167.5451002620912
1835, 167.52704449453944
1888, 167.44933525785038
3271, 167.41992275815906
2875, 167.37119950027346
759, 167.25607357672
1491, 167.23769127654666
887, 167.21134353108897
1367, 167.11750352976784
1419, 167.10188676783477
675, 167.08460653671537
1904, 167.07569670882802
257, 167.06219011408632
755, 167.05269804419802
672, 167.0164693581374
1831, 167.0107795875787
946, 166.9816643041654
597, 166.94372148675836
725, 166.90457166171623
1382, 166.899839445428
935, 166.88132105485067
2246, 166.87607216790494
1906, 166.80439398319507
656, 166.7416613333065
883, 166.6798306672161
614, 166.6108022396362
323, 166.58817976910413
311, 166.58817976910413
764, 166.38202236994746
763, 166.30155934922365
1841, 166.25306028476723
766, 166.2525327818069
1403, 166.25029937143992
2138, 166.22477839074764
1346, 166.21397014204095
924, 166.19033944801112
2114, 166.15740514984302
2897, 166.0987823527451
567, 166.07517695534406
2148, 166.04493198090995
2423, 166.01414459304155
714, 166.00203609096852
985, 165.99713378805697
2842, 165.99118153524142
963, 165.90892771761239
1372, 165.8673454971905
1498, 165.8126314792224
1036, 165.63108510602797
2323, 165.58718323337177
2319, 165.5456451279168
236, 165.47591895611143
346, 165.4546560591614
2123, 165.45023817634493
565, 165.42499226229918
253, 165.37080553675892
1981, 165.32179083502714
1486, 165.28204638046537
645, 165.2667380435067
782, 165.22184939220145
1801, 165.2033776738807
870, 165.16525940353677
312, 165.15300674066847
728, 165.15276396063257
1944, 164.99249734286266
2216, 164.96731624071103
674, 164.94044772731488
1618, 164.88054815378445
1288, 164.81395144806496
1328, 164.81253695685848
646, 164.8063282703581
1782, 164.80378727354784
697, 164.77179126858275
2146, 164.61771574714314
742, 164.60285481060342
374, 164.59247987531964
1277, 164.58725285681874
942, 164.58170012665605
351, 164.56245401066002
1458, 164.50496180267933
2891, 164.46440595297227
932, 164.4226932921487
1387, 164.3791241321529
3068, 164.31938041840365
984, 164.27539617712165
704, 164.24516481753406
2430, 164.238609239107
3027, 164.13436519090357
800, 164.11728638110185
1934, 164.05767553023767
2331, 164.0381262509636
1292, 164.03162846321732
1772, 164.0186221117868
1595, 164.01317046629927
1291, 163.90712763504612
2854, 163.86285234273862
603, 163.8070776361058
1536, 163.76721288805993
2925, 163.74261868316594
1927, 163.74118151575985
836, 163.68826969714044
31, 163.68661142997576
1353, 163.6664188412294
761, 163.6523113631914
783, 163.63793223090772
324, 163.60857837236776
1905, 163.4415495390038
701, 163.41684814949096
1018, 163.41266168621237
1415, 163.4044524379506
1374, 163.40367175925118
568, 163.38660015634244
2169, 163.35330408713727
1405, 163.34555660613208
3037, 163.33312376993155
640, 163.32822520696058
1388, 163.32390464879143
2840, 163.31256566941477
959, 163.27190417631112
1327, 163.2712179919804
897, 163.24754938487104
720, 163.10794519641337
2202, 163.08809315816248
2136, 163.0459648022338
1992, 163.0211935793236
1563, 163.01091273944883
925, 162.92658893277056
347, 162.91625646100522
1357, 162.8739482834107
1789, 162.8185294839196
660, 162.8157345684471
1021, 162.63568366899156
1297, 162.6173960064645
1809, 162.6142953374266
1323, 162.60009573402812
813, 162.58408870614957
2923, 162.5634444703366
986, 162.5554331895955
2833, 162.53708087313748
750, 162.39945231791515
1982, 162.32961379830837
3038, 162.32891339708152
1275, 162.30203983497498
246, 162.22105697749757
258, 162.21640632514158
1391, 162.18187432443776
705, 162.17622312964545
1554, 162.16339708334453
1270, 162.09428234960703
2849, 162.0675545166441
796, 162.00401844009843
623, 161.99678400959277
1548, 161.9963307184436
2233, 161.9862472896826
1499, 161.9835445809057
2119, 161.95431221064075
843, 161.93987468676738
827, 161.90909719256834
2183, 161.8624550147313
908, 161.84714627958692
1020, 161.83263083754588
1272, 161.82573055478292
1340, 161.7988755933084
828, 161.70984244139223
616, 161.65898190422402
1524, 161.63748457198253
740, 161.63097530753993
2410, 161.53821419991183
792, 161.53529722808204
799, 161.41019975474902
1453, 161.37986795262137
2130, 161.36892794064843
2140, 161.25955616028259
1506, 161.2194397956418
962, 160.90488060087284
2175, 160.8747441052916
2847, 160.8439490435672
3448, 160.75603580799654
934, 160.73380789512134
2129, 160.7237109228892
1048, 160.56576467948227
1294, 160.56518791384258
1009, 160.4543990851596
2946, 160.3770198479515
707, 160.2567397598236
1469, 160.22813153300632
2373, 160.1616703288092
692, 160.12839462014418
930, 160.11419020929674
1598, 160.1100649222703
1265, 160.10583617634666
710, 159.96972824954273
2375, 159.9383264259648
722, 159.90844749354326
1786, 159.89288380133144
2232, 159.87393547159343
350, 159.73381984180673
801, 159.733055191599
422, 159.70957552379863
2947, 159.69863979230152
1318, 159.60259136023407
2377, 159.55026681427847
1921, 159.33818074518254
363, 159.27702824239844
905, 159.21956899595048
566, 159.18108687734968
926, 159.14212363769434
2336, 159.14082500689338
1836, 159.00587193001618
1779, 159.0038317433547
904, 158.96477879113752
1479, 158.90312498521865
967, 158.89670217816192
1819, 158.84581169670702
834, 158.83313126177063
1354, 158.82855837260666
1485, 158.81664075855312
238, 158.73518537098025
1329, 158.71886836585657
977, 158.63066841562767
893, 158.61392014124624
1673, 158.58854838410156
2176, 158.53613352991923
754, 158.46518677514754
2826, 158.4233548025234
1365, 158.35776285664608
973, 158.2571045106009
576, 158.18408590875893
1808, 158.12516916351558
1935, 158.07497905730392
2222, 158.06584731286236
1928, 158.0476468971925
1930, 158.0426040501254
352, 158.04209209799362
241, 158.01495763482822
1949, 158.0113366679768
1022, 158.00545966169324
911, 157.79972831665395
314, 157.66901573708824
3230, 157.6060101702395
824, 157.5974784481434
2133, 157.57617739587897
3034, 157.51889348462745
596, 157.49552004368314
658, 157.4299859164264
1492, 157.3664301519547
952, 157.2817145583515
2876, 157.27114213531277
1954, 157.11067199175173
1620, 157.06182421849707
2950, 156.97008218373372
301, 156.83200375777062
2247, 156.71701273626053
1900, 156.67280680746896
2403, 156.670533623905
1504, 156.6415064791619
765, 156.63134102043023
1950, 156.45119479000368
1777, 156.273893889771
667, 156.26269014014352
1837, 156.18216149140275
976, 156.11037156233195
1799, 156.085078210241
729, 156.05285550256326
931, 155.9841579402856
873, 155.97469884503255
1778, 155.9642948217802
2144, 155.9519161717467
810, 155.93998826102657
342, 155.93707382929742
910, 155.91338360999939
320, 155.818344412745
929, 155.76007755094727
2325, 155.75528711258264
1320, 155.73934881462952
1898, 155.6765254772163
899, 155.6643960261395
706, 155.5784405125491
2322, 155.5777021520472
831, 155.5642641037062
618, 155.54434659991674
898, 155.52085369726262
994, 155.49373088883496
1282, 155.48807829791278
1007, 155.4842043367335
1582, 155.43388976219
1414, 155.42371784171462
2072, 155.3435534410921
2902, 155.28561841728333
979, 155.27324559988477
1591, 155.11773488705703
1017, 155.08084218698434
1010, 155.05150238711278
880, 155.0063290451855
2426, 154.99440694962692
1953, 154.97779567034866
865, 154.95616453189362
702, 154.9499886447561
2327, 154.93618617069907
1319, 154.9110784018631
703, 154.74277327479504
724, 154.61148313676605
325, 154.58856999019804
644, 154.54425846292187
1470, 154.49414545149156
609, 154.48170097947516
2370, 154.3606488469757
2367, 154.35778126265149
1832, 154.34405137551354
239, 154.32667747802745
633, 154.31438769038533
712, 154.31274978140766
1827, 154.30430580792193
807, 154.28446550343838
1932, 154.20983209222035
1476, 154.20861921912694
632, 154.17637171028935
354, 154.14539145685023
1385, 154.08132309869382
830, 154.0807792137645
1326, 154.0550431041939
270, 154.05096996494993
875, 154.04250147624867
1351, 154.02554996851913
1394, 154.02450224320864
1332, 153.94402588472252
2126, 153.87481797651327
2425, 153.85614619289726
1569, 153.8284104924074
943, 153.80278762856778
1540, 153.68283509132567
944, 153.6587964344627
2874, 153.620148657664
866, 153.60181793482252
631, 153.5649090341445
1834, 153.5412743536373
269, 153.41807613331864
2330, 153.36037733235597
982, 153.33834572224714
2880, 153.15708072018631
2436, 153.14279899604773
1311, 153.06878782242714
891, 153.05870968844295
3015, 152.9048532604265
1402, 152.84757393906528
958, 152.7974247799074
990, 152.79107178326382
1362, 152.78353198124006
1080, 152.7805944920531
1049, 152.77642977982842
1416, 152.75404040852976
666, 152.75309086780928
604, 152.75153040896657
684, 152.73745163294694
624, 152.73745163294694
285, 152.70540446222014
858, 152.66350354508253
2000, 152.63516886199804
2251, 152.628966513412
1286, 152.60974088209872
1568, 152.60039232154287
949, 152.52592068898497
1551, 152.5159092818415
1366, 152.50698938189328
2186, 152.48790636121794
3024, 152.48324306311648
1401, 152.45644662031432
1335, 152.41820154994068
1011, 152.35774325449762
2156, 152.3361136171134
1359, 152.31606275551377
1483, 152.2711160859477
1304, 152.24581662219234
974, 152.19862228598782
996, 152.1877472173615
668, 152.17368019306554
954, 152.1645402275182
687, 152.15534093870073
2931, 152.12052543909198
2317, 152.09757633882296
2172, 152.0550032702914
3012, 152.04206133637166
1769, 151.95947878208003
598, 151.9163738212481
1529, 151.8609218483143
653, 151.8318072037545
1383, 151.48336174600936
1619, 151.42274009649148
1008, 151.41761364840585
1489, 151.37612849463784
1303, 151.21927259536787
998, 151.20136418142846
648, 151.20136418142846
1606, 151.16220109956183
819, 151.1596658622746
1946, 151.15792124392604
1325, 151.15624038239582
595, 151.08121668153117
2201, 151.06748582233442
1307, 151.00418138698024
1918, 151.0011430407071
2149, 150.93913821595385
1016, 150.84326041698807
3022, 150.82512025963905
721, 150.69879437046987
2326, 150.65586844426468
1956, 150.61245006265696
1774, 150.60948393519192
1281, 150.50868915557027
1342, 150.4622446585856
245, 150.3676878948204
1903, 150.3627219122873
2281, 150.29475465362776
829, 150.26514834709192
2197, 150.2632748920332
1937, 150.24751055294743
1925, 150.24361742790097
818, 150.21048174935686
2834, 150.20336002585023
1015, 150.12781296103228
1276, 150.09866726733185
620, 150.09850251874312
1192, 149.9410842968
1528, 149.9016513252555
229, 149.88804743322726
1507, 149.85593487608634
688, 149.7362729344741
1787, 149.72864374521814
2132, 149.7251785484274
753, 149.72171453286336
1341, 149.72088926845734
2151, 149.7036318544138
2332, 149.6901572989946
1522, 149.633183486874
1305, 149.61824295887004
1055, 149.53126556626987
2127, 149.51543644951974
1833, 149.46929291382298
1783, 149.45251769960427
975, 149.44848258748272
805, 149.38632930872998
393, 149.36462377931423
2159, 149.274258786499
1654, 149.2455401620487
3035, 149.20116475410444
2871, 149.1529075373967
2437, 149.14320452028716
1296, 149.0851227907023
271, 149.04101427077637
327, 149.01226503977873
1948, 148.97894708144375
1916, 148.97718637663053
726, 148.8973478064375
1482, 148.88286745903991
2906, 148.79802330465623
1317, 148.78976151358694
756, 148.74486691280245
888, 148.72581762101578
339, 148.65622873008948
1284, 148.43108816857134
340, 148.37000145460308
662, 148.36706049240013
700, 148.31338563944874
2147, 148.28259433318797
1376, 148.20517754806076
361, 148.1607250158752
3450, 148.1565237503909
1503, 148.12596736941506
1344, 148.09258458049246
1496, 147.94607331827822
2895, 147.91192253030633
1896, 147.8739080559321
2225, 147.87011012973062
1922, 147.85847540432684
2835, 147.84180014321456
1952, 147.8414578237686
367, 147.75210237552471
1497, 147.7209445657295
1990, 147.57538980913876
1621, 147.43051830337163
751, 147.41728684295595
806, 147.27473796037387
771, 147.2730994586957
1333, 147.19468786057175
747, 147.1607153602944
1399, 147.07528512692494
621, 146.94056080142062
842, 146.92001655576047
571, 146.91911909294902
1897, 146.78352115787877
1386, 146.77753724662526
1044, 146.73981435454635
2084, 146.73584210872338
3273, 146.71299399109424
1407, 146.69057171918388
605, 146.65793324256717
715, 146.54527987737885
2221, 146.5033484977566
1793, 146.48676165833274
968, 146.45989517049486
2161, 146.3773014384379
2328, 146.33689675936216
997, 146.33451407705493
1570, 146.30077932986944
2418, 146.09764167980683
2215, 146.05839188414788
1766, 145.9573807561697
349, 145.9073467476738
1556, 145.90435388005903
1472, 145.88898936733153
1565, 145.78923061899843
1767, 145.75633923158364
719, 145.70500029392298
1929, 145.59053396127098
1019, 145.55724023199605
2178, 145.37693195542195
2112, 145.3750174424573
2374, 145.36181450333038
1471, 145.34877868402336
812, 145.25570538065992
1553, 145.25269507693048
894, 145.17813341458853
878, 145.04009944602527
760, 145.00762708866966
1013, 145.00189285811456
1056, 144.977239288266
769, 144.97201266860017
2250, 144.95914780669543
1863, 144.88103441415555
357, 144.8220186446383
2940, 144.81343575178323
317, 144.67038437606672
309, 144.67038437606672
695, 144.65617766243375
767, 144.64943183049527
318, 144.59907935361298
1349, 144.59889405747523
1936, 144.47446082278222
1538, 144.3964209300177
2329, 144.30910766660472
890, 144.29212646308807
1375, 144.28953134447096
2929, 144.1352798840686
2241, 144.1020408458833
2843, 144.0185778444793
947, 143.99760706006384
1796, 143.95279070620742
1050, 143.93975356540915
1757, 143.92306350392593
2932, 143.83797387077465
1899, 143.83079913195516
360, 143.80532564560986
3001, 143.50309757176197
940, 143.49421512557845
1938, 143.44784015965718
2928, 143.4357528649362
2922, 143.42089140046548
366, 143.35181950737595
2174, 143.1173748232768
739, 142.87958055204186
2893, 142.84300731577363
2420, 142.6893749764808
570, 142.6657128183324
3013, 142.6640252835788
2128, 142.64090444785208
1360, 142.63459742219473
627, 142.63382463023402
345, 142.5330489430421
1395, 142.49352081199868
2883, 142.4093980313399
1805, 142.36948499464296
3224, 142.23917083438712
877, 142.15073718333792
2901, 142.0356701145853
811, 142.02590663722472
809, 142.02023270198222
869, 141.94425183242603
244, 141.91181946802547
2886, 141.8912970383802
3011, 141.64064655356103
2335, 141.60315131534009
835, 141.47656139615881
1363, 141.4249770005117
1797, 141.40430171214751
2363, 141.32889288354758
3451, 141.32292935367235
978, 141.31380596746337
1313, 141.3023183146317
2137, 141.23536704657994
1923, 141.1374157154072
1917, 141.12091601986927
1283, 141.05497529976722
2155, 141.02101559589343
2253, 140.9169505094237
1955, 140.78760296830512
950, 140.7626530752496
2234, 140.69644298675027
915, 140.644321743297
2885, 140.5788110706929
1592, 140.55345944307444
2118, 140.51122569107528
1924, 140.47770487608736
795, 140.47065758626619
587, 140.4136894813688
308, 140.391181714342
1988, 140.3906475806717
348, 140.3610265904429
1945, 140.06088460793916
995, 140.02097940312683
1158, 139.96004679500444
1334, 139.93388500112803
1338, 139.9313789565519
359, 139.8629850384288
2371, 139.85432211472823
758, 139.77546792507152
921, 139.71396602648997
322, 139.62426299512063
310, 139.62426299512063
2729, 139.58926675048008
3023, 139.4323650081978
592, 139.40128190330483
3449, 139.3969855433506
2182, 139.36286611507754
1609, 139.35733274076938
1546, 139.30157766398145
749, 139.27928250108664
2887, 139.22741020124886
652, 139.2245682740015
2848, 139.1055505919539
1337, 139.1013656873123
2892, 139.0382243541067
610, 138.97724241606446
833, 138.93580935811428
355, 138.89286001483518
1552, 138.89274337021305
2926, 138.66653792630453
2838, 138.661924412582
625, 138.59157791505802
1933, 138.5738811136483
2368, 138.5562383464257
1816, 138.4536047688704
1901, 138.43443808023173
622, 138.35469568225025
1987, 138.0678801039082
589, 138.06379975058272
2827, 137.96777678867818
1802, 137.88950259587924
1812, 137.85895543276803
1545, 137.79990166673255
2836, 137.75723872957366
941, 137.6206839946424
889, 137.37603954273425
3218, 137.36310605109335
578, 137.35706562421032
2937, 137.31011760772307
1947, 137.2926702614685
874, 137.2477614919976
991, 137.13372522715534
2944, 137.0318054226268
1000, 136.9226884109691
1845, 136.75871764643767
2952, 136.70273147393036
2001, 136.68794241412243
1843, 136.59478066403466
1798, 136.59336328599522
630, 136.5757730399387
951, 136.54059651776447
2995, 136.45306693471508
233, 136.38785425988303
2316, 136.35811809160978
1602, 136.2905048035389
2872, 136.22663799436708
1763, 136.1617404001727
1290, 136.1254705115184
343, 136.0841094274138
1350, 135.967749615228
2921, 135.90107136469814
988, 135.68132263524387
362, 135.65094122982586
2927, 135.57632468817044
25, 135.48264960957587
1005, 135.45363145504933
2896, 135.42876225269308
2357, 135.42534788852288
909, 135.42012178693136
1844, 135.28471185111198
1310, 135.12488558302908
617, 135.0748600008015
2911, 135.00692149050772
1826, 134.6518919169274
1379, 134.5972209262286
1384, 134.41741937020032
1547, 134.31163413824444
841, 134.28388955762935
1775, 134.27573477168008
802, 134.2569620119595
1795, 133.94216928524025
2945, 133.90787177277016
2894, 133.66024954997218
2855, 133.52226923383233
1541, 133.37914735088995
1821, 133.32894046771875
2938, 133.31535191968217
591, 133.1441620785989
356, 132.92690591595104
341, 132.8616164859402
2890, 132.78285172208618
1526, 132.65826598087978
794, 132.2794136430316
1842, 132.12707681128649
2402, 132.0471915087704
1012, 131.9143634237414
1762, 131.88836070908476
772, 131.79735970551093
2358, 131.6173863313694
2933, 131.60029929700892
1347, 131.58176563446622
2333, 131.43565588341508
1373, 131.2352392512053
1784, 131.0966936730546
2248, 131.07378366893283
1931, 130.99262770944634
1355, 130.86309505443097
939, 130.31968903022866
2935, 130.13762461593694
1613, 130.01968282685553
2364, 129.78577135955257
1532, 129.70709501336037
1616, 129.56599536707174
1542, 129.49197261754105
2939, 129.49132456020462
628, 129.29577011536531
2904, 129.20313209557946
2143, 129.19539107667111
884, 129.11875715340486
1764, 129.1053594322671
629, 129.08249167640062
3220, 128.96806397163502
3036, 128.8570472652955
1919, 128.81697111161822
1781, 128.3457146476804
1768, 128.18091371792067
344, 128.1506467500807
1274, 128.10175234566185
1190, 127.54300532919879
1765, 127.47687099205471
2941, 126.48307288500979
793, 126.43860961388323
2934, 125.62142363455183
390, 124.5085904075913
384, 124.44103505143646
316, 124.23891601434715
2954, 124.14641695131903
901, 123.80613068904175
1287, 123.15322166766516
1564, 122.40919151776484
1267, 122.06208988133616
2957, 121.95467330921414
3219, 121.70400200975493
1534, 121.67872765922183
1364, 121.3378666412836
3216, 120.68377920183748
3223, 120.13381699950986
2073, 120.0443600106319
3221, 118.60626572276641
3222, 118.42516378896904
3412, 117.57054483255646
3217, 117.2481279410617
2943, 116.91741711462434
2955, 116.47653351498136
1358, 114.38664168723105
486, 114.32098825915628
2930, 114.05812688530655
2870, 113.79748928833646
391, 113.24431084410989
2873, 112.18586808582916
403, 111.6047157672643
2942, 109.03932016069452
2865, 108.75716022375279
1064, 106.06458951180498
516, 105.3918911415685
1468, 105.25914959541797
3145, 101.57295391615364
2867, 100.36464455292942
3411, 100.05328399912365
1862, 99.71040942764259
1264, 99.20825580569124
2012, 98.82558655805664
2739, 98.21888686500611
1157, 92.65456993575852
519, 92.63938431200526
493, 91.9635600593582
3121, 89.52523441017405
183, 85.29502324998
3161, 83.09732924080548
1612, 78.92236123024824
