1913, 4525.476474804241
3079, 4304.84091383545
3176, 4019.9324450257104
3297, 3990.6381039705807
1880, 3931.6724632843325
1100, 3842.1478083503275
34, 3822.879275373595
44, 3715.567652843809
3050, 3669.069538259253
2741, 3638.4455689465476
1105, 3623.5065884373025
1870, 3576.937624387183
191, 3553.766069267888
222, 3532.294358269597
816, 3514.052091646624
3246, 3435.323576815757
217, 3392.1901227938547
3084, 3385.694295859292
3293, 3309.2618270503767
148, 3298.3336330787233
3192, 3297.028019483588
2723, 3289.9488984641143
56, 3263.1409756490334
562, 3239.0753908607053
1244, 3158.830815835067
3083, 3128.92500085612
611, 3078.6698743490633
3199, 3023.047217930652
3435, 2971.1560778348357
1853, 2956.6777017274558
3384, 2941.967447093373
3204, 2936.6885568414327
3213, 2902.463641879457
2808, 2901.4978996064165
3274, 2901.1604158867694
1033, 2856.960740703759
479, 2844.022193955899
2811, 2840.685030519162
495, 2836.637148049338
194, 2822.243527365986
2736, 2815.5765325358648
2981, 2797.712211733865
670, 2795.7971587954585
1910, 2792.9101432380803
881, 2791.476750362707
2810, 2752.4171940115716
2005, 2745.7437623158808
228, 2738.775466380478
2045, 2738.294032311634
3209, 2732.9608301596154
3287, 2720.172534789308
381, 2715.526580831632
3092, 2713.8643156302733
3159, 2690.9695815499404
198, 2681.0574399702305
3098, 2679.423442060257
3093, 2675.6571852844286
1993, 2656.004980115915
3413, 2597.308628322515
406, 2579.4543278012375
2391, 2572.301586339471
3171, 2557.6243473495274
3278, 2557.3472662203835
1087, 2556.8486310914877
3336, 2552.2823181286917
379, 2546.502651051391
3276, 2542.2265315633076
3283, 2536.691691446414
2027, 2534.17241573832
3170, 2532.7908483584447
650, 2528.4830751290606
1002, 2526.9340476011494
2013, 2524.050176859664
389, 2518.4874929561342
3292, 2511.8260590483987
2751, 2503.93075398205
2722, 2501.75325399247
3245, 2494.4561530664137
3101, 2492.9892205137976
3432, 2486.676775265605
1850, 2467.6760421458125
563, 2456.273331932225
3348, 2416.6465394166753
3144, 2409.689415209104
3151, 2407.8015191686704
3440, 2400.230966001608
1122, 2389.6025806129746
57, 2381.3983721495924
2106, 2375.383511061597
1877, 2373.659023614158
134, 2365.6809403295465
1077, 2354.133812032098
555, 2343.0718472396866
203, 2341.8365645519184
3185, 2316.8122023687006
468, 2310.6752299696527
328, 2300.8328450716613
654, 2291.4241861675214
2076, 2290.6577600131754
275, 2287.1574654239594
580, 2284.119430145841
3059, 2277.8066912058944
1893, 2275.985782299127
678, 2273.748230549898
738, 2263.973279466936
2768, 2262.04511405605
1680, 2261.370775477151
1770, 2260.1895686688235
3133, 2253.3376256910315
480, 2251.835344047468
895, 2249.71012769123
3056, 2238.6489758242
1235, 2237.873487443398
3173, 2232.8520544982007
274, 2232.5135187207525
3380, 2228.540145208131
3208, 2214.2530150742373
496, 2211.8847151897307
147, 2209.524410195997
452, 2175.359058562687
2795, 2169.402179833785
3057, 2163.646928062447
3186, 2153.073710122298
1675, 2146.0186569236453
3062, 2143.255081620593
608, 2139.854237803657
451, 2137.100425154699
1443, 2122.7782226434038
913, 2122.309349512041
3315, 2115.042063363881
3241, 2112.174721657766
2793, 2106.6099624810877
3095, 2106.017615843208
470, 2104.828466675792
588, 2102.84384917684
165, 2088.5080740617113
3178, 2086.128282887983
3244, 2083.983296129594
676, 2067.6173002722117
2920, 2060.68641615507
3110, 2058.771677627792
2817, 2055.125609925009
48, 2053.3102410253605
649, 2049.5725043803536
473, 2048.376032813696
3259, 2048.363397508968
401, 2046.1136700453044
3386, 2042.4126414225884
2108, 2038.7023875983252
3312, 2035.8801039779512
485, 2031.746917331943
651, 2020.174837655704
445, 2004.5889515297677
52, 2001.189639277232
3143, 2000.2849523855334
906, 1998.4055867802977
1111, 1997.047112971318
140, 1993.8717091146696
372, 1992.312564311107
433, 1990.8262720864786
3439, 1990.1586575028111
466, 1985.6747391520955
288, 1984.817740258516
607, 1981.6550535127199
540, 1981.0686089711398
447, 1972.6908222987263
2744, 1964.015626221534
335, 1963.5721230635766
515, 1963.4102345014223
3051, 1960.3683524595083
613, 1957.9901680252692
1439, 1956.589424419131
424, 1955.0055261486787
2863, 1951.798425427599
2767, 1945.2022512659341
1666, 1943.7930636361875
534, 1941.190205519817
2029, 1940.6616936440146
1677, 1940.3677255944483
3304, 1938.3763423289492
3206, 1932.9584434972808
2773, 1932.6531597873739
2025, 1928.8774372960945
2759, 1927.298640223626
2240, 1923.4958115580368
2343, 1923.005318910974
2734, 1920.022151377275
2020, 1910.6308828363506
464, 1908.807075572187
3211, 1905.343530828115
1707, 1902.9873249121265
415, 1893.9990520279591
3281, 1892.4540894625204
2026, 1891.6155862407263
3042, 1891.5215863670364
449, 1890.4016889135019
2951, 1889.135137912687
3294, 1885.7350481497785
2789, 1880.2486293163186
1024, 1867.1653205245523
294, 1867.0969464417872
1738, 1866.2218906695186
3284, 1865.5189480019947
79, 1861.9970484194205
3424, 1861.4978869811655
3285, 1861.3794142167037
1587, 1859.0966830766984
3433, 1850.9463894611476
298, 1843.729325287196
3226, 1843.5963389206934
331, 1833.810260872873
583, 1824.9992621496094
677, 1818.683750356871
655, 1807.08639709585
1121, 1804.5845892976076
3289, 1803.7597752920385
173, 1796.2914440972945
204, 1795.7893865241342
3194, 1790.5443283361292
3197, 1787.9531053058097
3298, 1786.1488657172963
130, 1784.8762509659543
3443, 1783.9314983040858
1742, 1783.735087850765
731, 1782.3513816664658
193, 1778.47797628325
1729, 1778.201787808642
2748, 1772.148389221966
663, 1770.6576149184275
427, 1768.4695820358015
1238, 1754.4529530134735
1687, 1754.3995924820526
142, 1753.9786340373216
862, 1748.293513951276
488, 1744.1450385141309
2296, 1738.1059164306034
2774, 1732.3851892732725
141, 1723.5525745315565
376, 1723.3329758598693
2622, 1721.7067574479984
206, 1720.6978372546575
3182, 1717.1532651740838
126, 1717.1371945767846
2003, 1716.5225170752165
3039, 1715.4195733999597
3214, 1714.2644586910865
1725, 1713.6734712059501
3447, 1711.7575598229269
748, 1711.6087407929151
3212, 1710.5020223638899
2505, 1707.8347238107615
3174, 1694.9127819029873
3300, 1694.4444102455918
85, 1691.5455191969443
2078, 1691.0570107775382
1098, 1690.9415713492474
2238, 1690.7654139169965
861, 1688.5077727237692
297, 1682.9971521259367
1874, 1675.682771387148
299, 1675.4965179740864
1259, 1668.0252811715768
3147, 1666.4909289916634
2513, 1664.3160624832235
643, 1660.3982467065264
42, 1659.429941620474
2776, 1656.0186275250705
1879, 1652.2270796183993
2757, 1647.567332936312
3354, 1647.3225872758942
1256, 1645.0783312676833
1084, 1644.8441603903511
2002, 1643.2995620308443
3434, 1642.255634874231
441, 1637.5099279101898
1627, 1637.1722451468886
1914, 1632.9757113320475
1997, 1632.4851984819015
685, 1631.6102107137483
1102, 1631.0827948661392
2630, 1629.8119108403127
546, 1629.7452715252869
1029, 1627.5392039644096
1732, 1625.5778127391766
2224, 1620.165882680218
2666, 1616.0055279363012
2109, 1615.6562574787717
3163, 1614.1526765315505
2766, 1612.269341563978
435, 1609.334077677228
3134, 1608.5897564453337
1434, 1608.346889368343
1433, 1608.346889368343
2790, 1607.7699542456057
467, 1606.2108395559824
1231, 1605.0430723216803
266, 1603.9929423527622
3128, 1598.0413390285012
3327, 1593.963783038909
1912, 1593.2276900984195
966, 1591.9823462825013
2507, 1586.438872551635
3200, 1586.2924845391015
471, 1585.9980459440824
2786, 1583.9984994723948
3404, 1582.2345497084018
2041, 1581.0911532494456
1243, 1580.57918032723
2011, 1574.721393275783
3305, 1574.176245908274
281, 1570.0749780770743
2508, 1561.4669727613339
272, 1557.092069156173
380, 1556.1776857109564
2104, 1552.5221851112178
1875, 1551.1532220445747
2651, 1550.3537142383964
35, 1549.1319144803954
2032, 1548.956551193171
408, 1546.2606029718324
2454, 1544.956925489867
3032, 1536.185223999517
2988, 1536.1064570067804
1690, 1530.6943797806364
3172, 1529.4944016912416
1058, 1528.1671479397676
455, 1525.6962767245825
365, 1522.5383630947895
84, 1519.4404900253596
478, 1516.1532690657198
2820, 1511.9753171873533
1686, 1510.4935994820999
1695, 1508.8418315598444
3149, 1506.436738694312
3190, 1501.00624181943
3445, 1499.7282183535644
2824, 1498.4632928131657
3314, 1498.4506633798119
189, 1498.1869035717416
237, 1497.430307362374
425, 1491.952015374735
2059, 1491.310422669124
2749, 1489.1249061864871
1237, 1488.067967725384
3203, 1487.58404360676
1249, 1479.2143221109461
2948, 1477.791042698935
3065, 1476.0168578298362
2048, 1470.3164587063181
1611, 1469.098644372083
392, 1463.0879666180292
280, 1458.5887115688095
634, 1457.9991462490868
1722, 1456.9391048766704
2442, 1455.7767881079433
129, 1455.2103480933404
732, 1454.7846489942842
1991, 1453.7673471632147
1980, 1446.5132477509578
1720, 1444.5544046260377
2671, 1443.832295696341
37, 1440.6441354858089
208, 1438.0043761392403
3210, 1437.547421460305
1859, 1435.8177268857546
2008, 1434.0355870826565
733, 1432.9414621183844
475, 1431.391209448384
1995, 1430.827614838924
680, 1429.8772119586788
3175, 1428.853977495042
2780, 1428.7437225817218
3202, 1428.3368346023535
300, 1427.0898490588818
152, 1425.6283711961853
1159, 1424.5360314289746
491, 1421.35077776748
2393, 1419.1457303137252
1221, 1418.1899692500915
2016, 1417.2586114307735
1233, 1412.1864064336792
73, 1410.8774722496396
3189, 1409.5847149875335
2721, 1406.1878439974205
3082, 1404.1870216889627
2103, 1403.246913730341
2491, 1402.314175903604
2075, 1399.0641663625806
3120, 1398.2779208247232
332, 1396.224596793302
2083, 1393.5576794575047
3010, 1391.565203194978
773, 1384.9235275652868
1076, 1380.8623775727694
3205, 1380.5913765154562
440, 1379.8240998371932
1851, 1377.0050412436115
150, 1375.341581638135
58, 1371.735610317102
1975, 1371.1290625367976
439, 1370.21952198196
483, 1367.1321431905606
303, 1365.5841779495306
1104, 1363.2564082763643
864, 1361.9567136378107
2034, 1360.5394345886616
2987, 1359.2474006466932
88, 1354.6940014248412
3389, 1353.4805841984294
1971, 1353.3579927970284
3167, 1352.5235156277388
863, 1352.1097422124096
1232, 1351.84825634349
2021, 1348.0197551653516
3184, 1347.92769748693
329, 1347.702183218416
2742, 1342.9016931122696
460, 1340.9574548961841
1868, 1337.1340617438896
453, 1336.8621783675703
832, 1334.446820804664
2203, 1333.2850758362717
885, 1331.638413919191
669, 1330.866383675246
3243, 1330.4428097383
699, 1327.4087553290192
679, 1323.9304952707716
513, 1322.9615209405501
2587, 1322.481749821614
2782, 1322.3364173006232
437, 1317.645170164138
642, 1317.0780630399674
2737, 1314.9582608831863
1032, 1314.4486610530696
2566, 1311.2600001153687
2764, 1310.6925851567582
1894, 1310.2842587551995
1718, 1308.6648179058607
220, 1306.681098701319
302, 1304.5052942143336
1090, 1296.5495729580086
2825, 1291.49679315966
2964, 1288.5967434023996
2963, 1287.4297341753356
3350, 1285.2026052963195
1646, 1282.7927039519357
219, 1282.2377416988684
1685, 1281.603474603313
3169, 1280.1152297091094
330, 1279.181616862255
2098, 1274.0286928495925
2583, 1272.584007581981
75, 1269.4122554260591
859, 1266.1928264240437
82, 1265.4000597945474
852, 1262.5390569196372
2006, 1260.526979661816
2389, 1259.756921591634
2802, 1258.4950167857487
1625, 1256.2328517968413
2091, 1252.8529697421907
2772, 1252.3342908803063
3187, 1252.1765163993784
3248, 1247.260347785828
378, 1245.3176474518345
2816, 1241.0903571265337
1644, 1234.338584940829
2696, 1234.2529506828528
175, 1231.1503833199426
3150, 1230.426200518946
2812, 1228.8766626932763
2784, 1228.6148795951992
1871, 1228.3697695381677
1756, 1227.7760762662665
1698, 1224.07374659963
2807, 1224.063535330722
1215, 1221.5523545069332
2272, 1220.3846444688527
143, 1219.8498974085412
213, 1219.010114148171
2755, 1218.2668124468616
3264, 1217.8083258871702
1381, 1215.586098039546
2553, 1214.5987878979772
168, 1212.989638398195
734, 1211.7787650801329
512, 1210.501653888622
1848, 1207.732071573815
2688, 1206.8630186556973
2989, 1205.9794595207725
2788, 1205.9526167216038
2483, 1205.770350018173
3146, 1204.1761907853092
180, 1203.896352123284
295, 1202.9697141691445
2263, 1202.7695334351777
2562, 1202.3998265963837
333, 1201.8699636240933
1968, 1201.824681773702
2288, 1201.620497092071
3379, 1200.8363253281366
145, 1199.5465702228507
3444, 1198.4566103515235
2558, 1198.370238170214
3123, 1197.8828145334046
3142, 1196.9706090881027
1252, 1195.5143027727977
3341, 1195.4262054305736
3069, 1195.0810422149661
202, 1193.170232101114
1432, 1191.919903322915
3352, 1191.6578075345985
74, 1191.4169047459782
494, 1190.76595731831
3239, 1190.4995878130421
3040, 1190.3449236807007
2524, 1189.2569898440145
2353, 1188.9968876783596
3168, 1185.3880256920652
3403, 1185.2426521561304
3054, 1185.1314052770338
412, 1184.735314267759
456, 1182.91898278162
1994, 1182.1012789145482
3183, 1181.2035748813917
428, 1180.3016204121766
265, 1178.2798492234033
398, 1178.2608917967405
3275, 1178.1963687326058
3105, 1176.9358183965471
1258, 1176.8137990977787
2705, 1176.4317271504563
501, 1175.7996651765372
2823, 1174.6771248227576
2758, 1173.9762593085238
3290, 1173.5650284600217
3324, 1172.9650278638055
2791, 1172.026027587406
548, 1171.9264079096902
557, 1165.8895299474173
1669, 1164.8690563292323
1708, 1164.0818922849319
2280, 1157.913066189231
2050, 1157.7427728183493
3409, 1156.226681984391
334, 1155.323802759456
1739, 1151.989342721607
1858, 1151.303098641085
838, 1150.906201908564
3255, 1149.6709823622955
2015, 1148.6907238989472
2746, 1142.8460254353095
326, 1141.6059009735914
2017, 1140.6359168216807
3225, 1139.833577666176
1071, 1138.821135416814
2917, 1138.4817747096092
47, 1137.6327917946553
3426, 1134.8912477928554
1626, 1133.7590268108204
2265, 1132.872149561616
518, 1132.7446469067975
1682, 1132.743096205845
3063, 1130.8292214527955
410, 1129.9548236273295
1026, 1122.1804998911095
2291, 1118.9948625758645
482, 1118.7252218174438
2965, 1118.187681685584
2101, 1117.8425950691224
1854, 1114.9958328580637
956, 1114.7708051090983
2740, 1113.366058687474
957, 1113.2473550619668
2300, 1112.5813640588328
156, 1111.296316370845
3302, 1111.0274706500384
170, 1108.4308324441288
136, 1108.152695544875
284, 1106.1602742926002
221, 1105.676835292476
2394, 1104.6892389088757
3191, 1103.0973393599281
3129, 1103.0837818493496
561, 1102.6167745914647
2070, 1101.5952877800783
2004, 1100.1271840177744
551, 1097.6527701930452
3090, 1097.463105230011
1234, 1097.0299129649518
2514, 1094.759755515932
1228, 1094.4893233660084
3114, 1092.1851357561093
2694, 1090.593042776323
757, 1090.5078302144718
1717, 1089.9943965835462
444, 1089.853288016038
1963, 1087.2578898380445
2018, 1087.0294045822172
539, 1086.7987919501948
965, 1085.4462094746937
2022, 1084.4299669773966
3415, 1084.1836932154456
1641, 1084.0087243670937
1964, 1083.6142011344807
51, 1083.4209210657032
1740, 1083.3069047808124
1517, 1082.1049724716247
200, 1081.014318704802
3107, 1080.4650337903558
158, 1079.4782461136674
2781, 1078.565737331478
1583, 1077.496788685476
860, 1077.093975978864
1106, 1075.3864151220855
282, 1075.3511018193606
291, 1073.9545840887051
3401, 1073.0787568430367
2777, 1072.8887794803202
2735, 1072.1334896568096
1747, 1071.721045075627
2710, 1071.0461122902145
1585, 1068.5396033399168
3135, 1068.378312752069
626, 1065.643882407059
1892, 1065.4779915573076
1072, 1064.8013923154485
2546, 1063.7393441804327
2314, 1063.1375052967107
3279, 1062.6544527032775
1714, 1061.8235257038748
2093, 1059.185064412482
1643, 1058.6387279038279
3148, 1057.2463722942405
3388, 1057.0867481406597
2257, 1055.7505329877886
2039, 1053.6276742619011
1239, 1053.2816991051773
3385, 1050.3970872812683
2610, 1048.529006723334
2218, 1047.7998252760312
2286, 1047.4797514786092
1746, 1047.440554650812
458, 1045.6623215354484
2258, 1044.845816661497
2536, 1044.6946281797382
1731, 1044.3605440887259
1869, 1044.1584747560757
2088, 1043.608942654161
3080, 1042.627357218124
3046, 1042.1967465742046
278, 1041.1164756508506
409, 1040.6367949972173
1075, 1038.0168385879929
2024, 1036.556533166939
554, 1035.0865250692932
3118, 1033.6267108045654
1703, 1033.53361239072
2086, 1033.0999202758742
207, 1032.1505802882605
3130, 1031.6407640809853
1466, 1031.2500253884352
1459, 1028.8314665006649
2307, 1028.5252082715854
2381, 1028.463297082621
2620, 1028.1031483947058
1086, 1027.2131248550784
2053, 1025.524815298981
214, 1024.185959794258
1726, 1023.1008791434092
1533, 1022.6986446616326
3162, 1022.110298264062
3318, 1021.960102190505
2559, 1017.1333080945519
2404, 1012.9223109305913
199, 1012.036717361414
2274, 1012.0227150930198
3247, 1011.4742570679281
293, 1007.1836499395909
3066, 1005.728338516506
87, 1004.1882605745782
2686, 1003.361269922848
1140, 1002.0756615905879
1040, 1001.4176232888084
2864, 1001.391884350413
1584, 1001.0284754945167
544, 1000.8231910934454
1642, 999.8366124973481
1110, 998.8464453234138
2385, 998.0564862839744
2657, 997.4199997599616
3077, 996.6494291037395
503, 995.9802341598378
276, 995.828006549111
3041, 995.6963517566559
250, 993.5874800798274
681, 993.260192205073
296, 992.2247878343535
509, 991.8265928660426
1461, 990.737826993107
3207, 990.6293611002687
1057, 989.9402428075379
2473, 988.9416568116166
1448, 988.8457577798989
2244, 988.2891131013587
3299, 987.889397763592
77, 987.7593990515743
385, 987.3750775277589
1173, 987.0752510737123
2574, 984.8815596309477
2792, 984.4472065529895
1715, 984.3922842356284
1970, 984.2359319032238
2645, 981.748439148773
3303, 981.4225662166299
2986, 981.1801793527718
40, 980.0658091255435
2607, 979.8540689866039
1205, 979.4508585983335
2814, 979.4000471286419
2640, 978.8639713923661
1721, 978.5500020003457
2338, 977.7828126387595
3155, 976.8837208618096
3070, 976.712549825346
1771, 976.4718546011654
3347, 976.2715097364123
1647, 976.0461269864641
2424, 975.9744908623323
2099, 975.5090611122912
1126, 975.4019406450261
368, 975.3747924581878
2390, 974.9735308968462
457, 973.9642747546741
2294, 972.691481545267
395, 972.3035390774648
2102, 971.0246828406223
2549, 970.5038073589916
2677, 970.227551408926
2690, 968.7227069025508
1230, 967.0114172226654
146, 965.9147880342372
169, 963.9635421343069
3419, 963.1129978225849
54, 960.5021852435714
2571, 960.4179670452767
914, 960.0652397579178
3437, 957.1858507474162
1733, 957.1268910071041
263, 957.0099448452205
399, 956.0849183767824
1712, 952.7004802924778
2055, 951.5022609052781
1260, 947.6156010858498
2261, 945.9791761965466
159, 945.6137212111739
2756, 943.9970089432812
216, 943.9593688426385
39, 943.9544902096574
2779, 943.8733582858862
1701, 943.431719367766
1204, 942.0416168817612
211, 942.0044340312015
3055, 937.6081209053384
3111, 937.5679153061878
1752, 936.4035213891085
41, 936.2178493215731
505, 935.9105959131864
123, 935.1797909503327
2308, 935.1208039335677
1705, 933.8609346487088
1172, 928.5184746737278
3099, 927.9895300275972
3370, 925.7787414412751
2653, 925.2823361711875
3181, 924.9363111047585
3072, 924.6349856906279
2019, 924.2159500182827
1603, 923.8323814424906
3108, 923.3952448737995
481, 922.5488062475183
411, 922.0997595424295
289, 921.8907652868616
3382, 921.6660106337612
1630, 921.6362753296663
535, 921.0733852729563
153, 920.8526786542517
3306, 920.1685575546162
2379, 918.3340315820415
1692, 917.157178319687
2306, 917.152656590635
2650, 915.9891776301897
736, 915.8749347189946
2030, 915.2413903539735
1911, 915.2310106782097
407, 914.8986281818786
1063, 914.4572159359672
2348, 914.2116579232671
19, 913.9868333513613
3049, 911.8813645607106
1028, 910.6751258541407
3179, 907.5329295800823
2111, 905.4050124282077
2096, 905.4050124282077
1456, 905.2326808431684
1027, 904.8051670459344
21, 901.7047556418189
2287, 901.5657763245812
1142, 900.7555989666988
3089, 899.0939580636497
1624, 897.4437711846783
2785, 897.222444276202
1755, 895.8982739931398
188, 895.6550140220638
400, 893.6641821873753
227, 893.6064872111639
647, 892.6538922458082
1119, 891.2852114541712
1736, 891.1619605689637
2305, 890.8516702363049
1515, 890.5898406757949
373, 889.229576459631
3331, 886.1603899766724
386, 886.0594809514911
2033, 885.8545503061041
432, 884.4337779607749
1117, 883.1483934630946
671, 882.1438489076191
71, 882.0106527612076
2419, 881.7725105971981
2105, 881.6787229033274
124, 880.966218377747
1502, 880.5977757177847
262, 880.3279652090424
1873, 880.1815136844813
2561, 879.9440095095568
2302, 878.6755037105071
429, 878.4205778090992
3058, 876.8741370740415
2649, 876.252347660591
1891, 875.8970281504143
2783, 875.7405168106427
1710, 875.203794083785
1581, 874.361863257351
3020, 873.7097548464402
45, 873.3278231141547
174, 873.0364117596699
3277, 872.568656682917
3353, 872.2364543785145
3316, 871.8107606270888
2071, 871.3546700327224
1450, 870.3460673246318
448, 870.0180054234916
3408, 866.5207322717902
1610, 865.3303484485398
2520, 865.1066158234154
532, 863.2604975624033
2572, 861.750838449024
3317, 860.6904348775531
430, 860.5099798954702
46, 859.7731730882775
402, 859.7283867240778
820, 859.6155467963094
454, 858.030446453316
1082, 857.8740984152464
1735, 857.6763816384498
3097, 856.9381078176532
582, 856.5794471563311
2525, 856.1713437814464
2961, 855.7322099026981
1758, 854.9428419148086
336, 854.6601143316509
1463, 852.8868885915703
1604, 851.70339032748
1966, 850.9578261573175
3323, 850.8663753121397
2621, 850.6172764220421
20, 850.1708768043227
2683, 849.7829634895655
1132, 849.3420227362777
2703, 849.1403915038197
3381, 848.7841695985454
1030, 848.5793530905821
3227, 848.4655073308138
157, 848.1032548969297
2624, 847.5083502929456
2527, 847.0576931474103
3201, 847.0538326376548
3112, 846.1885523333005
1631, 843.6194257553921
132, 843.3234696761197
254, 841.7880474149304
1676, 840.9042171420814
3383, 839.1248153633554
3265, 839.1223734995484
2745, 838.5877628377168
1047, 838.1464183247932
2497, 837.6369337938536
1865, 836.8921247536284
2354, 836.2807112778536
1744, 836.1621226564888
2298, 835.3425944436676
556, 835.1118602449625
3006, 834.9416153323541
2100, 834.5919399061621
2738, 833.0629501675865
1162, 831.3123046085299
1531, 828.8366227359675
2601, 828.7408217482962
2818, 828.4752364989567
1590, 826.973117198524
521, 826.4167912344491
1651, 825.3919983888895
1716, 822.8430323034812
251, 820.7209812168546
1247, 820.3483084371314
443, 820.0765376364023
1748, 819.2813501170713
3295, 819.1302992142687
2568, 818.5352507551628
3064, 818.5171172958878
2278, 818.3997361997696
1089, 816.7060777447318
287, 816.6182384082144
3340, 816.1634980251471
2968, 815.7921436231521
2712, 815.3578557873828
98, 815.1773449202175
1684, 815.0049193062733
3166, 814.9123446973643
1161, 814.7918623682268
1513, 814.3250310425684
1185, 812.8602952694372
396, 812.7667178194387
119, 812.5205866564239
1060, 812.4210852851145
3136, 812.3898080770207
2652, 810.8969976610072
2152, 809.7174518542936
3442, 808.9552351477158
3436, 807.9876618138463
1633, 807.8613691587617
137, 807.5877768717693
2720, 807.4712756388454
1248, 807.4579834104478
404, 806.2906654790443
1066, 805.9480896941521
1659, 805.4495334162602
1670, 804.9290430418419
3288, 802.7533610800953
1437, 800.8996695862464
3362, 800.0225095267363
1628, 799.0392233391511
3407, 798.843255360218
2959, 798.6948639800587
161, 798.0969176990722
1219, 797.3491512133747
1444, 797.0180697488968
2754, 796.486876736532
1218, 794.8683835913016
50, 794.7842977355174
2763, 794.1745339778847
469, 792.2997359078122
1973, 792.106405441291
1074, 791.2639436901318
181, 791.2527832507097
2580, 790.5409381880411
2681, 790.5325807652815
2259, 790.422222314923
1094, 789.4241431442554
1668, 788.7582783391263
2656, 785.6390020356711
1171, 784.8198473111174
2217, 783.8142963594165
2973, 782.8750888041756
218, 781.7890032511137
2382, 781.1230142275856
127, 780.9552262163406
2608, 780.6808167804521
171, 780.4419298231122
1657, 779.7504314593454
225, 779.6094185161531
1645, 777.9168545311511
1035, 777.8498331804424
2668, 777.7420668240962
2646, 777.0432077408508
737, 776.4493177836334
1700, 774.9055972344232
2969, 772.7780037418366
2990, 772.7121290355788
1941, 772.5603486208253
1672, 772.0902748674665
1743, 771.1612307696738
504, 770.7920312264566
1730, 770.7448628621189
2726, 769.8188745374405
2641, 769.6211050332884
3405, 769.3562793900551
3311, 769.2890057876064
1091, 768.9259109741637
1741, 768.8353220805287
3373, 768.6847746814159
3423, 768.5805844199016
2069, 766.8194439572113
1699, 766.3203569083989
2056, 765.7902738396123
530, 765.0902227231169
1143, 763.3869271139607
514, 762.9293947135652
1724, 762.3372040892244
2548, 760.920563560717
1811, 760.3083395293904
462, 758.4362803693487
2485, 758.1584841741053
446, 757.0360199378928
2635, 756.0070737720935
912, 755.8298016195382
1671, 754.9360162096581
423, 754.88537890357
550, 753.3382056898529
508, 752.9862605604656
2398, 752.8742812784418
2110, 752.8480286538702
2293, 751.9799162657847
2388, 750.3495997962142
2068, 748.2073705786778
1876, 744.5568519218393
1128, 742.1840150878171
2289, 741.8740540728672
2277, 741.5133886682343
3378, 741.1416599221981
1967, 740.184695266718
1166, 739.5534103363204
53, 739.0165768536417
3369, 738.0721119237732
2979, 736.8835265636677
1241, 736.5811851929454
3196, 735.4217823980007
3119, 734.4989937053349
2597, 733.8142588739187
1184, 732.4718384201755
487, 732.4268139522887
2563, 732.2725818388078
531, 730.7250645761774
2212, 729.6317406460911
2958, 728.4971210628578
1113, 727.7180371368395
2962, 727.6687131206186
2918, 727.6270360997471
164, 727.4536787238299
3416, 727.4107285140439
1754, 726.5770425952
2803, 726.460990087989
1445, 726.3123181477159
151, 725.2126932909954
3254, 725.0321979151875
1745, 723.7280761187737
2493, 723.7162002726878
163, 723.5417907779355
1706, 723.5107384637441
2451, 722.3738594383918
2397, 721.7567808970932
176, 721.3594112167505
1177, 721.1312838255759
2267, 720.2225136558013
3094, 718.1791537482335
2449, 716.9285554451468
1728, 716.0225480577703
2456, 715.9160013004222
2592, 715.0795920779367
1442, 713.4700589816551
1650, 712.8676397041882
1187, 712.4053007626563
1649, 712.2469139527316
3005, 711.3395149724325
2340, 710.9187897749098
264, 707.6025739006446
1689, 707.5444821520132
537, 707.1052137273672
2252, 704.4907010924242
1114, 704.3424726448034
2697, 703.8968330541946
2466, 703.6400546359326
1665, 702.0637256341015
619, 700.6226843499135
100, 700.2748816557284
2210, 699.1965797708265
3086, 698.954599004084
2380, 698.6284378799409
155, 698.4211402229815
2533, 698.3849411518885
255, 697.8817786858714
3429, 697.4427034442144
1978, 696.517100727131
542, 696.2041972514917
2309, 696.1407695035585
128, 695.6577333844873
139, 695.2975309036987
2383, 695.0290485809711
36, 694.9022445483741
1849, 694.699278672603
1085, 694.3799516285978
3286, 694.2415095907918
2297, 694.0036201504862
1637, 693.8831028977517
3106, 693.4595829482694
283, 693.0252000062009
388, 691.2449821801106
3073, 690.9358369396547
1734, 690.8168433831705
149, 690.4283111797926
195, 689.8976138263829
1648, 689.4807124445333
1429, 689.3229575469499
3402, 688.6558696588379
1727, 687.2888714328808
497, 687.2691617507714
3371, 686.6677344849819
3061, 685.9770619510613
2611, 685.1019437034734
2853, 684.5275036703849
3339, 684.3746816234348
547, 683.140742223832
1679, 683.1404234923854
1129, 682.7735350840868
43, 681.4536235960205
2575, 680.8660258916738
1704, 680.2658751951057
2283, 678.9453994452549
2310, 678.7887587294349
502, 678.5307820129447
414, 678.0316561027588
1607, 678.0266166407545
1629, 677.8844555578795
2486, 677.1456627308452
1639, 676.1282547275717
3291, 674.7543509060243
252, 674.1321110269183
1200, 673.9157589246662
2009, 672.8716056678275
474, 672.71324977698
2312, 672.4287158402283
1236, 671.1187478836293
1681, 670.9615067251005
1979, 670.7432930464053
154, 670.734980003687
2416, 670.1720917380816
197, 668.9771193219206
476, 668.6595618319146
2819, 667.8313602920883
1697, 666.421124788366
2753, 666.2358123826524
1115, 666.067447355837
212, 665.6444420095839
2528, 662.7183665145076
450, 662.5442603072654
1691, 661.9879069582039
3334, 661.707379939347
2204, 661.4104291153126
3232, 660.254742618828
1245, 659.9419543071951
3048, 659.7195567677893
382, 659.5136863302288
3280, 659.009934390542
3418, 654.7795423579724
2301, 654.0234779769177
1452, 653.585865159711
2285, 653.4845799291843
3125, 652.6175140780341
2179, 651.1530594334679
1031, 650.9261370165019
1521, 650.8939407729521
2415, 650.6516222477105
377, 649.7742159534183
2966, 648.6598098381237
80, 648.4947061680764
2658, 648.1388545127159
2475, 647.2842352893838
3007, 645.9500872337035
1516, 645.4085920621178
2339, 643.6283023262147
383, 643.4496894627368
2862, 642.7736469734521
76, 642.2337299633324
1872, 642.0909206175916
1749, 641.6797408583842
1124, 641.0625156967704
2352, 640.740233200724
1025, 639.6259732421773
1203, 637.4244239019628
3153, 636.2381062591752
1145, 635.8755615108736
1083, 635.28549784273
1856, 634.9530368933004
2386, 634.2396153516814
2407, 634.0657462006259
2985, 633.740503148049
2655, 632.3167254232958
1852, 632.1155631324599
405, 630.72570593352
2087, 629.6336752973493
1702, 629.2040049262027
2239, 629.1549559522391
138, 628.7834816111632
538, 628.7739896690588
3231, 628.5937992412672
2648, 627.8094318624733
1753, 627.5347033115959
2337, 626.1108403826779
2778, 625.9259865356137
2315, 625.7137244285918
2260, 625.1194573776032
2461, 624.3707194811793
2604, 624.1227011141708
1751, 623.5201063178802
2733, 623.4160732782775
1041, 623.1707201618036
3425, 623.049347214919
1183, 622.9200485144441
2453, 622.8771913183463
3195, 622.722678786937
186, 622.6859824495058
1193, 622.1819766602057
201, 621.7449258819105
2980, 621.3471066291858
375, 620.9959496738509
2235, 620.9660131175544
2543, 620.6838219960509
552, 619.4797875609993
1462, 617.8434286609345
1042, 617.7494722543661
2798, 617.555078544758
3047, 617.3404292165471
196, 617.0141063884439
2765, 614.9614781809507
2919, 614.4040217966199
2715, 613.2844605542172
1449, 613.0964050105603
2185, 612.3605307047649
3028, 612.1492195999866
2673, 611.7738157306504
1857, 611.6662096500919
1212, 610.8227551947742
3421, 610.7401398638918
1169, 609.8889905096603
2282, 609.7993709264505
2167, 609.7637447982219
1043, 608.7860159821007
3410, 608.5449881040814
543, 608.5435449768966
1674, 608.3405967970644
3078, 608.2107838801197
2809, 608.1117428767507
1299, 606.7776751743038
2589, 606.5593931014696
2612, 606.3440478453499
506, 606.0527070066972
3258, 605.4590367906768
549, 605.1334629872916
2271, 604.8909995249521
279, 604.1432869905663
1589, 604.0050825994787
2693, 603.1647183020887
1174, 602.3560106058736
1636, 601.6502679542378
426, 600.9383653089525
2813, 600.7318625525907
2484, 600.5526812410591
1179, 600.354687041456
2279, 599.6298695804252
1696, 598.8834149608227
2605, 598.5750154108728
2623, 598.4849081969816
3313, 598.4384039964817
463, 597.9315723258296
1635, 597.5349048174471
1867, 596.6369467264295
1214, 596.3483346882063
2616, 595.7082559659567
1088, 595.2101811193886
2679, 594.4500897493562
337, 594.3091555991977
1586, 594.0573362683649
3139, 593.3831256928273
536, 592.7695969108731
2303, 592.4147803907198
472, 591.8304707820735
3395, 591.604385255037
2975, 591.478673034807
2974, 591.478673034807
3296, 591.3458573225107
2747, 591.1356680738685
2717, 588.9068013954308
3393, 588.6491947194629
1253, 588.5368522134862
2713, 588.2216924916228
1760, 588.1698111837919
2292, 587.5153227738432
1465, 586.7102168383245
397, 586.3430730763154
2978, 585.9973873573732
210, 585.7889518111401
55, 585.5199619632781
1464, 584.8221953022671
2564, 584.3739081217009
2531, 583.9650106388608
178, 583.9117612577409
3333, 583.7656222942013
1263, 583.2470738446344
1202, 582.8469947183115
15, 582.7425194347063
2139, 582.3793637958383
3003, 581.8430561145692
1855, 581.0966538664321
2226, 580.8136449859812
1737, 579.9246033908108
2184, 578.971119525266
1750, 578.4154505730312
1761, 578.1834247744067
3132, 577.4780248452597
2821, 576.1114728192463
3332, 575.7095770821415
1101, 575.4571790488299
2769, 575.4031002887394
3160, 574.2700474394045
3372, 573.2948763839618
2417, 573.1659639449807
394, 572.8043276297598
172, 572.3810744661201
2752, 571.5607506289679
523, 570.3660181888721
2498, 569.9814129806335
2626, 569.3017275826323
1759, 569.0503087682671
2299, 568.2118433487104
3396, 568.1315070793751
1099, 568.0662514846574
2730, 566.5373846364769
1096, 565.4392185687188
1974, 565.1708796697582
2276, 565.0401896690198
2687, 565.0189363691297
1961, 563.9645575484789
431, 563.8322613042458
3198, 563.3489902032208
1095, 562.2054210195308
2396, 561.7124334413259
3262, 561.3313231306329
2264, 560.8025458605373
131, 560.789814450963
215, 560.7027795061463
1229, 560.6423313776194
3091, 560.5208650502957
2586, 559.9023086367846
1081, 559.646698239869
2797, 557.9992140338786
2094, 557.5417669948653
2, 557.2597138635267
38, 557.1939569236746
1069, 556.8990852305121
1045, 556.7813497011015
3113, 556.499020956673
2177, 556.3215573308673
2492, 556.2717493392623
1608, 555.4552311049056
2249, 555.0201669341902
1683, 553.4822797518252
1226, 553.3425865620075
3131, 553.1242620379551
2490, 553.009319187777
1652, 552.6430723689547
2392, 552.419609580267
2223, 552.4002402730534
2570, 552.0500132576344
2462, 551.1458614016185
2519, 551.0528469539626
1662, 549.1672049912813
2455, 549.1296572071237
2629, 548.7053813392125
2704, 548.3723150922453
1144, 548.3717118830479
2464, 548.2258429666159
3021, 547.9060212212911
2496, 547.8681087272397
61, 546.5825943165379
2822, 546.5267404854912
2345, 546.1994559732645
3261, 546.0518619547693
1530, 545.9332683844315
78, 545.6252866277118
2538, 545.4641205214657
3193, 545.4113829346384
1112, 545.0960267716673
2511, 542.2713341521705
2707, 541.9472875563531
2349, 541.7326203648541
2695, 541.4770165652739
1688, 541.4294148793468
2960, 541.2321446655277
3441, 540.8655199146002
2869, 540.2954791509147
2080, 539.0534959317841
3342, 539.0347999810533
1447, 538.6923124694551
2692, 538.6836377745551
3420, 538.3139912360316
2654, 538.1696223517985
1960, 538.1009431724873
2346, 537.1135975071511
3344, 536.8635392441183
851, 536.3645199938902
3180, 536.3038387420787
2675, 535.3892527774093
2341, 535.3283072363124
1451, 534.9820094292884
2342, 534.8263582268783
1866, 534.6261090806212
1660, 534.4895410750453
1301, 534.3857141479234
2534, 533.8342443659429
2269, 532.235618689359
91, 532.1820711932698
1125, 532.1230307223018
2522, 530.7882728082782
162, 530.5606397793359
1070, 529.5461099998728
3367, 529.0759630365013
2794, 527.5834364766408
1557, 526.9934616999916
3375, 526.3810086167706
2603, 526.0917081041433
3251, 524.5310629605249
125, 524.3830584944816
16, 523.37636985742
2606, 523.3307944946438
1148, 523.1706745169824
1067, 523.0206449342659
2506, 522.854409396613
2581, 522.1953891293726
3329, 521.0403808182423
1217, 519.4017244411888
2499, 519.3209442591151
2313, 519.272263230377
3115, 518.825656150837
1130, 516.2174439977886
2387, 515.2740166086221
2014, 514.6835573095832
1678, 513.9715812900092
1139, 513.4927043529783
1436, 513.4773862342065
1438, 513.0301343021852
3361, 512.5019853031881
2727, 512.4507911847841
1773, 512.1306761706073
2600, 511.62632211379713
3366, 511.3457244319957
2700, 511.33552246188026
2421, 510.4137847946685
3260, 509.8115663696617
499, 509.55359270492306
3414, 507.6591529748734
2638, 507.6508039706158
1655, 507.4871335476876
1254, 507.45471740109235
2266, 505.7851117274583
1059, 505.65731491318934
3117, 505.55629097295594
2284, 505.1257329058474
3351, 505.1051869193834
3364, 504.1745254204114
3141, 502.95166138251545
3165, 501.88082666133323
2452, 501.78425295268187
2488, 501.0497143192164
3154, 500.3692765478497
2662, 500.2660347226944
2460, 500.1509199140928
2290, 499.7080302804848
2495, 499.553746285983
135, 499.30368386007643
2760, 499.2586119652188
2509, 498.8896840795981
2983, 497.36074986681655
2044, 497.0490232626512
545, 496.55431493006154
3019, 496.1879502323865
1147, 495.0766895560922
209, 494.82169416301974
2632, 493.58314679578
2413, 493.48861131281416
3399, 492.92219065417794
2304, 492.35920794437953
1257, 491.7206176665012
1141, 491.5176280993097
2412, 491.44122214486543
2479, 491.41755412645904
2079, 491.12811461917227
2665, 490.6644209774904
2065, 490.54268442366043
1559, 489.8826075069517
2771, 489.85596306249266
2408, 489.8180779421669
3100, 489.2106375417045
1446, 489.1409262701462
83, 488.8708286041268
3158, 487.88121109999787
2976, 487.71820425512783
2440, 487.4584878040336
3335, 487.4473798441832
2815, 487.3404324848318
1881, 487.062593440891
2037, 486.6737851011152
1596, 486.34078504636017
553, 485.93478397629985
1600, 485.79509238052987
2644, 485.50458506838754
2028, 485.00592399754146
177, 483.5751561946465
1298, 482.68018394509255
3398, 482.3240578815991
3102, 482.24327737813945
1227, 482.0135466265095
2698, 481.74533489092505
1097, 480.69593979095987
3430, 480.04413276805326
2409, 479.88346105039176
1199, 478.72116625387133
1860, 478.665810000486
498, 478.48739766885296
261, 477.8855032746616
105, 477.75378000739306
3377, 477.6057918091989
1667, 477.45407499587157
1116, 476.621228991922
3301, 476.3183445918057
2714, 476.19823272581857
3103, 475.76692129976976
3322, 473.6800587173006
66, 473.4980050799524
1242, 473.42436474423664
1137, 472.88798967868524
89, 472.3569800308101
2530, 472.2453663581616
2743, 472.05602785938356
1431, 471.44393903682385
533, 470.72845294131315
1160, 470.38839372726517
1262, 469.83522301543775
3081, 469.7573126899325
1593, 469.1378759300434
413, 468.5233988187583
62, 468.5114211911744
120, 468.12458712912036
369, 467.2567540961127
492, 467.0963243681546
2970, 466.3010035904421
1430, 466.22875469867597
1213, 466.1003938131442
2535, 466.0738765288498
92, 465.2893127641515
110, 465.2725911142917
2477, 464.2581428048147
2092, 464.02832457938445
2796, 463.6780859098185
2716, 463.24614659625786
2565, 463.1409729859852
1847, 462.9405470620386
3397, 462.55563363031195
3053, 462.40767096889675
2401, 461.9566175614012
3266, 461.82764804562004
205, 460.9386127959585
1435, 460.51416481887276
2719, 460.01033776536207
2967, 459.6857981780982
3076, 459.61518429284536
1209, 459.30584074975303
1175, 458.6629641456384
192, 458.13098507934967
99, 457.76906104369306
1154, 457.6811877155809
2444, 457.1285299814441
1251, 457.09680172135273
1188, 456.29959797739645
1998, 455.91205664521686
2800, 455.86946881091274
1664, 455.78341340688195
3087, 454.67002601885156
3052, 454.3821148469031
3109, 454.2509654577253
3400, 454.17767687397924
2684, 453.8749466769836
1149, 453.7075856826256
3124, 453.62964945430537
3156, 453.534613763309
2762, 452.59005897236216
3157, 452.4003907349604
2625, 452.38319827358515
1246, 452.01908561947
2007, 451.2195304784657
3390, 450.521046315279
3394, 450.49001805306506
3152, 450.3034887079468
3067, 449.60277293653525
133, 449.5665518255093
3074, 449.13885635568323
2537, 448.99132485960723
338, 448.69952253198005
2670, 447.88806077908697
3096, 446.155571443951
3357, 445.53305183625633
3338, 445.48675340546765
2977, 445.33697925197475
3004, 445.29286431613417
2061, 444.6022295561211
2591, 444.47821791115723
2598, 444.0010297103683
511, 443.58384963700746
1182, 443.5536926482187
541, 443.12893428060056
3104, 442.9626233946599
3330, 442.77262965291675
2344, 442.7115374680195
2761, 442.6687411133008
3088, 442.2514934673783
3075, 441.8258993553756
1176, 441.29594544345446
2770, 440.9729696896159
1201, 440.89419108717266
1222, 440.6731420651893
2664, 440.2698814828807
3116, 439.40290809475226
160, 438.3611712165001
2356, 438.310509338625
520, 437.6217559648383
2023, 437.3120203351232
1250, 436.80004327818335
2472, 436.4351563221871
1261, 436.2161139978499
3127, 435.9479401226004
1107, 435.7811581822684
1208, 435.04704449312095
190, 434.85430618362955
2406, 434.4453548996033
1597, 434.4435537048926
3355, 433.95974654996013
304, 433.8356690302394
1078, 433.50628436863474
1514, 432.99985700653696
2552, 432.7710652197906
2311, 432.3312684770931
2667, 431.70828880239617
114, 431.3983955464236
1711, 431.164752341788
1225, 430.87432101092566
1197, 430.18254952221207
3060, 430.05482798724665
106, 429.9402170853038
1195, 429.8373132838655
2576, 429.6851944079559
2660, 429.3162015317754
3427, 429.1799122725837
3328, 429.1057897401319
103, 429.0325209460936
2699, 429.00788076013254
2661, 429.00501118078125
2268, 428.9672319969575
3337, 428.45730991154716
1223, 428.3947731554093
1127, 428.34159860736764
2474, 428.0223800021573
522, 427.7578358721823
3138, 427.7305883962272
1181, 427.6636839742208
1167, 427.42270926170255
2457, 426.1018008904106
1656, 426.05361258141403
1441, 425.747118023462
2634, 425.3147810042433
1108, 425.2215950246885
2631, 425.00522704203206
2494, 424.56247901941794
113, 424.1635491656161
1196, 423.997009999081
2617, 423.5112685675277
2674, 423.3966855712734
438, 422.2292772414548
3033, 422.2212405383439
2469, 421.79996244649874
2347, 421.73332621321515
2691, 421.6211057780024
2659, 421.46262332450846
2502, 421.3428807387999
2501, 421.3428807387999
2411, 420.91983296326737
3008, 420.69671122959613
2510, 420.40559706666573
2669, 420.2718795161937
3137, 418.74605058990517
434, 417.39044649125276
3249, 417.1624611361127
2982, 417.08110554035983
1224, 416.821910789761
1206, 414.67310412289254
2541, 414.5442162630634
2542, 414.5048954715409
2405, 413.9891871916796
2627, 413.22454635126326
2609, 412.98436873875255
3406, 412.8835863859777
3253, 412.24581966023914
179, 412.0629096667872
1131, 412.0253385104394
102, 411.531976198238
2984, 411.5045455025826
2448, 411.219314809358
1136, 410.87122355139303
2521, 410.73144059946634
2614, 410.5543453065244
2476, 410.47842933559576
3349, 410.33104314747396
2637, 410.2715648642401
104, 409.9473674034595
1120, 409.27780256425376
3126, 408.98376261259216
1123, 408.89841946966897
1133, 408.690712055961
2775, 407.8275162558531
2799, 407.5000715774422
3140, 407.1020766878443
1713, 405.72140862838705
2724, 404.6684573400405
1138, 404.35708926473467
1109, 403.77393724348383
2551, 403.4930279800781
2702, 402.66204175870047
1155, 402.46902797828227
3122, 401.63914925199254
2089, 401.59204981884994
2956, 400.99013000351806
3325, 400.96722730597014
2504, 400.96303398868827
2273, 400.07239772985696
1207, 399.92653184451854
3368, 399.7517671345089
2787, 399.18398147689135
1658, 399.07824228730465
3263, 398.7034012129199
1163, 398.5611391122834
95, 397.0109093247901
1460, 396.86388023452156
2678, 396.4670632432103
2378, 396.4179822429661
1240, 395.74191884848227
121, 395.4436748620458
1996, 394.99868161106104
2478, 394.9305749882467
2399, 394.6397505390663
2567, 393.12142752801805
90, 392.6794798518644
2619, 392.1157502929421
1428, 391.2791472589612
2706, 391.1734934078755
2972, 390.81048234108385
1168, 390.6802798943292
2585, 390.6773406603671
2866, 390.3258094401377
81, 390.1408484823089
1194, 389.95278537881177
1300, 389.7209336080353
2414, 389.3324567701417
2074, 389.16761544018857
3356, 389.05929805672395
267, 388.9494346295634
2676, 388.23911605155746
2529, 388.1171928769429
2550, 387.8165647226857
2467, 387.4662514120162
1061, 387.42657716691537
1477, 387.41480036504083
17, 387.1990578084536
1220, 386.52184129383943
3374, 386.038100517298
2384, 385.66100962244025
2554, 385.5605509092546
510, 385.55713564592577
2082, 385.44875978817385
2459, 384.7624769008526
1170, 383.4532465312172
3428, 383.14667995453397
2544, 382.9391265003177
2560, 382.09901982468045
2913, 381.6542513588022
3422, 380.9337714552249
2557, 380.918298334796
277, 380.5873661143394
2577, 380.447246488082
2633, 380.02107331120584
1560, 379.27780767741984
2350, 379.097253806616
3250, 378.6313018367197
2595, 377.8363715017841
1068, 377.1973485652084
101, 376.64986098859094
1186, 376.6132188737841
1135, 376.3048722006496
2663, 375.7218447909334
2685, 375.5195326629538
1146, 374.4319900228775
2628, 374.4279231252304
2482, 374.0380775535547
2642, 373.2901734996992
67, 372.2667371687133
2573, 371.4146292568481
2523, 370.5058095097089
65, 369.41897603684924
2097, 369.4043309654976
2689, 368.5812164346106
3376, 368.38696537629045
3365, 368.1239231473045
1969, 368.0851213413316
1198, 367.9389624678286
2545, 367.3236786076278
1588, 367.2816357365803
72, 367.26647793233104
1052, 367.02061718490006
3358, 365.00940651840835
2680, 364.92511760040225
1034, 364.5346424129334
2443, 364.48920720321985
3326, 364.46129543421574
2480, 364.3637701386176
290, 364.0478713699738
1079, 363.81986355199325
2395, 363.7238101058018
2915, 363.5122023200854
2618, 363.05343075755576
166, 362.0596929997651
2909, 361.51869584396854
2588, 361.47370189801853
70, 361.277941951625
69, 361.277941951625
14, 360.78616610244256
2701, 360.4256927724329
1719, 360.0505655821219
3417, 359.7433411386306
2445, 359.32160131142854
2047, 358.06211804033416
2447, 357.96302176282495
2465, 357.71150794419356
93, 357.6705773852619
64, 357.5715810378771
1406, 357.47209488633086
2602, 357.39001724417324
3307, 356.79795090794136
2481, 356.6759357721673
1663, 356.41131097052084
3387, 356.216267934751
3392, 356.1174874843566
2463, 355.9376069438245
2295, 355.4121914309805
2458, 355.23894087182083
2613, 354.9564996033384
358, 354.5919337444962
2643, 353.30404330626743
2489, 352.97971186802056
3345, 352.9099614096073
108, 352.8867878262651
2599, 350.43757432009227
1693, 350.4190827672529
1189, 350.40808174247536
1134, 350.28251223246355
2487, 349.6870578223154
232, 349.3223604862052
1065, 349.1538577632796
1046, 349.01626012081476
1965, 348.82304093645087
2512, 348.53827953426577
1962, 348.33956984494114
3360, 348.1826333088898
1813, 348.08828093813094
2400, 347.5246244096556
122, 347.2676934531842
436, 345.5644259658602
2728, 345.310864551245
144, 344.81798616072325
2584, 344.63869256605574
260, 344.2232801859733
167, 343.62767386537706
2081, 343.14494200976037
2708, 342.9556435369687
1440, 342.0651595330259
1073, 341.7498555665919
2516, 341.56103617956165
2446, 341.395454544775
1216, 341.1749972245967
2355, 340.9482523703646
2593, 340.34928181430763
2639, 339.4226498724665
2636, 339.30552965752577
3252, 339.1369697555447
2540, 338.4537779038053
1150, 338.3515295934447
115, 338.1853749947164
1864, 336.3357905315659
1180, 336.1189833197462
1520, 335.876071885235
3391, 334.8747846483919
3308, 334.84912592685384
268, 334.8175238388599
1605, 334.5601315805835
2077, 333.6463632632714
2052, 333.40808285677105
2057, 332.7317252852017
97, 332.4729045974079
2582, 332.42973285210746
2555, 332.2070787116549
1397, 331.5329876544133
2590, 331.11245163505646
68, 330.695365203535
1191, 330.299716096723
1467, 330.05233932160456
18, 329.48078613724357
1634, 329.26981949593954
32, 329.01511693722495
1518, 328.64308235433964
2031, 328.34508635083057
2090, 326.84742804909735
2971, 325.67926394344636
96, 325.2554204880739
3177, 324.0359634270583
2526, 323.6485017105616
1152, 322.890561156511
12, 322.21365698654574
2468, 321.6676444971665
1632, 319.99714202739335
1178, 319.93912227631756
2450, 318.4143626489311
2441, 318.20200976339106
1537, 317.873001349887
2914, 317.2458924128963
1053, 315.7580155087688
1156, 315.3559848879224
1103, 314.80547928633837
3446, 314.6692275417801
3188, 314.63986561367557
2539, 314.54646395539993
2010, 313.5584559030347
3164, 313.340580415588
1151, 313.2149349508605
1694, 311.40822888681777
1118, 311.2298028192876
1302, 311.18094556375405
517, 308.4884273567159
2596, 308.37141429226557
2270, 307.4438975361087
109, 306.1352003443839
13, 305.04277749627744
2709, 304.323892698282
1838, 302.7677168855121
1519, 302.0607793258929
2647, 301.7556074600494
2801, 301.708293948791
3343, 301.50252995876855
2900, 301.13957093871744
2351, 300.7952916570567
1958, 300.6987631840867
2615, 300.13820830513225
2066, 298.89511414473077
2861, 298.04212149004576
1316, 297.9159657088781
2060, 296.4238532111657
3238, 295.849886697392
2579, 294.79439694151847
1457, 293.6319625355292
2038, 292.7745818345814
22, 292.70768508690315
2471, 292.3560227479028
1558, 292.34191070830764
1709, 291.1531235817113
3431, 291.02678044478927
1153, 290.830042003843
916, 290.61192551121195
2275, 290.24186100539094
2517, 289.82070550635734
3359, 287.27374508125797
2594, 286.9864120513169
2500, 285.8172493587094
637, 285.4252701600639
3236, 284.25582878381095
1638, 284.21156757093917
3438, 281.4855768218836
465, 281.32276190867935
1, 280.6286086346837
1800, 280.57247625338954
768, 280.11765684242135
2040, 279.7960794538419
2860, 279.35973490611815
500, 278.06479665783843
4, 277.94658170998383
1661, 277.2250521631388
2433, 277.1500114447107
3085, 276.97439751410354
2916, 276.7164017290614
182, 275.8291686013169
3237, 275.396067949711
2503, 274.36494813741695
10, 274.12866278448
3310, 273.92617206706126
1878, 272.75476533263736
2064, 272.7181822562997
2192, 272.67454710416905
86, 272.5146999958908
117, 271.38642869945033
3234, 271.24602997290214
1062, 270.245936667047
2046, 269.2209138912418
2515, 268.75721450843963
1574, 266.9402353767569
1255, 266.86526292219935
1454, 266.80591905051716
59, 266.6857499041423
2058, 266.49035401522667
2732, 265.94969897578244
3346, 265.74582003857455
2857, 265.3672537968016
2682, 264.2316951584002
2036, 264.19384658750903
2731, 261.65863245488924
116, 260.6160519856417
641, 258.8773452141383
2470, 258.47781645585115
1785, 258.3144265721505
1164, 258.1029082040082
7, 257.012444478074
1814, 256.53545468851735
2320, 256.40996733112047
2578, 254.84897737717188
3363, 254.76545464710492
953, 254.54456614215198
2043, 254.48122977524682
112, 253.99752826688942
1562, 253.16854110108005
1324, 253.1405979178311
507, 253.06180653599242
3235, 252.48653533383302
3009, 252.4320829045655
1788, 252.346409035332
1572, 251.59339878208127
2832, 250.52335941305563
2805, 249.3016419978748
28, 248.65904028257154
3240, 248.2830653673389
107, 248.08242575844412
1794, 248.0223880387622
2063, 247.53721253318346
823, 247.3670799078639
461, 247.27886977815064
1576, 246.47763334256032
2725, 246.36102956621127
2085, 245.69896140957124
118, 245.66273407436557
1818, 245.49556863071902
3242, 245.24638148579174
459, 244.95061739887828
0, 244.87657385792167
2999, 244.83111477924245
826, 244.59811331244575
6, 243.5812476524516
2191, 243.36960089503125
3, 243.03394969660917
814, 242.99144810912736
1573, 242.27746741000436
2569, 241.72749234626806
9, 241.4660978285234
1309, 241.23442398139684
2718, 240.8778199820872
1723, 240.67907670134178
1484, 240.26151263859958
1543, 240.2031618305716
11, 239.91900824543404
30, 239.4960452630099
63, 239.2591213652451
1509, 239.25784121123124
2153, 239.10569368927045
3017, 238.65753305822545
3256, 238.2049609688944
524, 237.88237079113173
484, 237.70799469011524
1410, 236.6871096615573
745, 236.47523079089802
2672, 235.66179202845527
2134, 234.46545133446773
848, 234.12881938404732
2208, 233.61909865325606
1004, 233.32592346144426
2910, 232.37391009352186
1882, 232.15791366709837
1824, 231.38395396795352
735, 231.3493312336808
2211, 230.9319825484191
5, 230.82334788914915
1567, 230.22256426906023
94, 230.05461004415812
477, 229.701668750123
2878, 229.60431371810483
2889, 229.2688622884361
2158, 228.83369227981896
8, 228.6305123661419
111, 228.08574459303816
259, 227.88393908966387
3215, 226.96249795984141
2518, 226.87574561330933
1418, 226.80787020793142
1940, 226.78263991194203
1939, 226.73892202924353
2242, 226.44562870820675
273, 226.10816634952977
1806, 226.05071746438114
421, 225.0506469436003
788, 225.02090269280453
3257, 224.41334020292928
923, 223.45703947444446
2193, 223.4228192195458
292, 223.2389894501636
1575, 223.2246655607054
2856, 223.02376111691024
184, 222.82799089170442
1951, 222.64246314231767
3000, 221.97530206292262
682, 221.13115006657034
1571, 221.0745883567455
2859, 221.04486996131138
2170, 221.0007336136366
1269, 219.53712753531167
2207, 218.38426117130842
2532, 218.10392227975262
786, 217.73441979767048
1003, 217.67452266873022
917, 217.6634571423493
3025, 217.52069370364302
2806, 217.18616797895885
803, 216.4201741152073
29, 216.29002546771602
1535, 216.26666349319933
1907, 216.0679905863522
1810, 215.84553982250165
526, 215.77014922472193
2429, 215.48176198377746
2135, 215.29496942224955
1780, 215.182311793899
2991, 215.12032414832373
744, 214.88685919465348
2124, 214.79261586049213
2180, 214.58214714376334
2435, 214.34088247424833
2428, 214.34088247424833
1640, 214.30614703096774
791, 214.20039998426833
1210, 214.12079331772398
1884, 213.8929863903786
2205, 213.80419586175574
353, 213.7128033092657
615, 213.2762313065859
3269, 213.18697583335762
1776, 213.15842889814184
857, 212.5833385849795
234, 212.48446251091653
248, 212.4222186397462
2556, 212.1367818436713
727, 211.97489824039098
746, 211.46432368354334
1039, 211.44930091734543
3029, 210.33658291264447
2236, 210.32741192065336
1051, 210.28004277120579
3018, 210.25008241019478
1525, 210.18196118059328
1306, 210.14721545230879
3016, 209.87726845212237
2157, 209.6063419127145
1889, 209.36345742915984
686, 208.99203089897057
2194, 208.8767346798229
2868, 208.3996030295099
2243, 208.34321733969622
2262, 208.2488163031564
2318, 207.93398128609482
1424, 207.8846344679888
945, 207.76742672769902
1356, 207.5570008487859
2195, 207.3838859753357
2953, 207.29018955043784
3228, 207.265758469058
1617, 207.23962653971475
2936, 207.21537834923203
579, 207.1846130466699
716, 207.0708756307246
1807, 206.7317414345982
1885, 206.67482778006723
33, 206.61326941917986
781, 206.55402562717836
2997, 206.00232565183168
387, 205.87228152762356
185, 205.80337857982084
442, 205.7860501126605
1165, 205.71146147417684
417, 205.47446492485741
2196, 205.4428840243719
1822, 205.4393995984688
249, 205.30676095453165
1999, 205.08653033303543
321, 204.93445840920845
1336, 204.27343993857065
575, 204.04672476240725
980, 204.03381278997946
936, 204.01232875275434
527, 203.8878696736224
612, 203.80338486109196
1653, 203.70421359245486
1623, 203.62022617781196
1943, 203.48253983488402
1093, 203.46296516085744
416, 203.44458423984892
778, 203.28423206736153
844, 203.26715002790075
762, 203.26428060041206
2438, 203.2112720847634
2187, 203.1948021507486
1487, 203.13765425107871
2188, 203.0031407409919
3233, 202.97898631882438
981, 202.88301129636304
920, 202.84135550100805
1615, 202.61111825774816
1423, 202.1942034457974
2993, 201.84177433911688
1279, 201.77286738297175
2160, 201.76359920395953
490, 201.6974299158326
825, 201.68404277925893
961, 201.68275214230152
1577, 201.56343073029578
581, 201.38708697728435
1566, 201.35412466693376
1023, 201.27378705723834
717, 201.09322789176764
23, 201.0840299042649
3319, 201.0398769393031
2434, 200.969533297558
1985, 200.85788308561175
1895, 200.81074800497112
698, 200.65790302439336
955, 200.1499124861593
2054, 200.08846694416115
1037, 200.00093848690545
817, 199.96810664371318
60, 199.95015593347156
2189, 199.93123696656107
1580, 199.6786609097675
243, 199.6673157185555
3320, 199.51019971958112
2431, 199.21688390456214
2145, 199.05739526001878
3282, 199.00394858422175
24, 198.88978520113872
600, 198.84397124509647
27, 198.76449197629478
2949, 198.6613310900394
743, 198.60588820646137
2095, 198.5531466189446
305, 198.49070095527173
2365, 198.34563823941048
1803, 198.2425331212373
2142, 197.93983180533448
2360, 197.79226431571118
2362, 197.62017130231735
922, 197.42798189157259
319, 197.41325993630525
815, 197.3120071627826
1038, 197.06353415920447
1092, 196.9270954076947
960, 196.74954235210396
2220, 196.7195215297361
1579, 196.58476883066947
247, 196.53458539105256
2879, 196.453711023562
1425, 196.35288942907854
969, 196.31595846003577
420, 196.0385985166407
1412, 195.97304742911396
2214, 195.72796031064755
808, 195.67415240164158
1331, 195.50847483242885
787, 195.46526639677214
1977, 195.21263483625037
560, 195.09523819851725
2845, 195.05616985329246
590, 194.6116748319097
709, 194.5647889581911
1473, 194.10089186863857
2181, 194.05784308957172
1371, 193.9737201213455
1404, 193.97280332108005
528, 193.92718064192883
1976, 193.90856003988415
1523, 193.8237798173234
1308, 193.77788220226756
999, 193.69390067509906
370, 193.60569104526934
2122, 193.5488915509649
2829, 193.44955221007493
2219, 193.34518401561525
574, 193.2408778247711
2846, 192.93156180527578
1840, 192.86754451482372
1266, 192.743259911956
1972, 192.62217002194163
691, 192.42282851940755
1490, 192.40317702379423
2828, 192.22292648489025
601, 192.20498521903468
2907, 192.1570236575443
1599, 191.96493364320165
2035, 191.87076958436666
1495, 191.71344192243768
585, 191.6643023597824
242, 191.50481440000559
964, 191.28656484467086
2422, 191.09785716052062
1314, 191.07287014699324
804, 190.93983300107323
856, 190.88517242617263
2858, 190.8806982078866
2427, 190.8536166106819
419, 190.85342547968452
1890, 190.82738726600599
1408, 190.81045604337055
2992, 190.67543554650152
903, 190.54936269222435
594, 190.34990907028546
2173, 190.16064805595838
1054, 190.0103956775265
2171, 189.94418777580267
1510, 189.932829140562
1823, 189.69318476626788
2996, 189.61904350656164
907, 189.59773489602932
2231, 189.54667058959976
789, 189.51869210107182
2209, 189.27335553490164
529, 189.25340536854208
313, 189.14398157283998
1289, 188.96023877177018
1839, 188.95910690724256
2877, 188.91937077689724
2905, 188.87454635080212
1321, 188.85616126608568
1942, 188.80216284706543
1594, 188.7006848054427
1846, 188.52027862109645
1887, 188.51750741259988
2228, 188.41941458456657
2168, 188.30138361257886
1790, 188.15630826267085
1508, 188.05923928842947
972, 187.91966350122476
418, 187.86750056428272
2206, 187.855404943793
1501, 187.8174110033501
2200, 187.80974193924865
1315, 187.7945921712426
3026, 187.77336435968775
2165, 187.52612561269694
586, 187.4490143980279
837, 187.34825988028854
1527, 187.31600923925626
780, 187.2874600588069
3229, 187.27336740467362
1505, 187.24981798485942
1478, 187.22083695988232
1369, 186.81332396155474
845, 186.59237435701795
1348, 186.41679570662993
1984, 186.4125868461037
593, 186.40246098570896
3031, 186.27033368752217
1427, 186.25711261551584
846, 186.05126806015124
1211, 186.00189927470976
872, 185.86415758202938
2113, 185.663353514304
223, 185.65052247101525
2190, 185.541580651776
558, 185.47416563506354
1957, 185.31848833602487
2850, 185.29911425661476
3270, 185.12437451093382
2804, 185.08146603159864
683, 185.0126671458358
2837, 184.9623157614199
2334, 184.8747057390775
696, 184.8380560512919
2150, 184.80595974206076
1512, 184.7949998963206
1361, 184.42697999991316
1421, 184.22554811878024
3267, 184.05429850853167
2164, 183.98417256383237
2256, 183.91274977160393
1488, 183.70015054188625
657, 183.69953269471918
1380, 183.67450279134692
2998, 183.66722322905957
371, 183.61378828970612
1390, 183.58187348310767
2852, 183.5397645428779
1494, 183.33227724734007
2049, 183.3302952750411
1983, 183.31218342827833
1322, 183.2400061908543
187, 183.23371625714543
919, 183.19362240067366
2115, 183.1746868980262
839, 183.1550077699971
638, 183.01354311038475
1481, 182.9327841428652
307, 182.90166423129173
886, 182.86223231289438
1389, 182.77644447936814
2841, 182.6414626215772
928, 182.48490154651265
1986, 182.42179578117236
1001, 182.41411294939897
1828, 182.1522529665756
821, 182.14729597707753
1455, 182.13230193307618
26, 182.1066164998434
2321, 182.0071799945395
1268, 181.71573429567033
987, 181.6759353471091
1792, 181.65811544049183
784, 181.62451937629302
2924, 181.6026633781469
993, 181.5480453144771
599, 181.50155661697445
661, 181.4547684694414
1426, 181.41980998596796
2324, 181.3906093175784
1883, 181.36603358847276
2711, 181.29074308588682
3309, 181.269326941775
902, 181.19204191593064
1578, 181.16524847924623
2120, 181.1255408462045
1820, 181.0487920037393
1549, 180.87103571289276
2125, 180.77195409592903
2117, 180.73111342494227
2439, 180.6857315899597
2229, 180.62641170072513
2839, 180.47901023282125
3321, 180.4786546753129
2372, 180.38318005266635
708, 180.3583147631821
1396, 180.30900820083306
602, 180.23118406691353
606, 180.21666207896348
639, 180.20047724300528
584, 180.11911161539277
659, 180.01497016487602
775, 179.9430429931704
3014, 179.88471999407727
718, 179.78195559126604
2230, 179.70114995899613
3002, 179.61440732354265
3268, 179.47865246165728
777, 179.39505170828448
989, 179.38089195490832
1493, 179.27669542212502
1345, 179.244438445001
1614, 179.14148768825441
2359, 179.14075814613133
2831, 179.13046000652201
855, 179.07157960259784
730, 179.0313572008025
1377, 178.9271245467205
840, 178.9141387142478
665, 178.8659187016208
690, 178.79924504123912
2162, 178.7958106619734
938, 178.7796867728726
1622, 178.72133951750178
2255, 178.6310106322367
790, 178.5844690478955
2116, 178.561724530028
1886, 178.54685292608437
1908, 178.54601209608913
882, 178.42788521531983
1339, 178.41647517151026
1295, 178.36909988224724
1312, 178.3088857879606
849, 178.29454263467025
230, 178.18335777920254
2994, 178.1672882652503
664, 178.16651664949904
853, 178.1576045082693
1474, 178.15518059449
2750, 178.1343370123957
798, 177.98453679513355
1271, 177.97251469210767
2237, 177.9472228446839
49, 177.83262885695115
971, 177.8277522874276
1601, 177.81816171811053
1413, 177.7077438151455
2844, 177.6671965270955
1398, 177.6611072377974
927, 177.65617769144356
867, 177.60508030097668
2851, 177.51857725367555
235, 177.46421093894963
970, 177.3711861542521
315, 177.35391089761586
306, 177.35391089761586
1014, 177.29732374945556
1330, 177.1331884203558
752, 177.12119714761604
776, 177.1118329346461
711, 177.09422712607008
564, 177.04075422135813
2062, 177.02613099659854
1343, 176.92398348069852
892, 176.69475762699605
256, 176.68347564418056
572, 176.48614033693792
1550, 176.32420534525372
559, 176.18713534564375
525, 175.96887556823697
1511, 175.96470171083027
1278, 175.96356784495623
1555, 175.82472878516225
1561, 175.7681289373694
3272, 175.75167065291532
2888, 175.65514087337763
2898, 175.6106085647041
723, 175.52997211995225
1902, 175.43348911358518
1368, 175.41862306409624
2908, 175.38389795857347
847, 175.33657385764096
1273, 175.25436009478173
2042, 175.2173950562689
2361, 175.06072130088444
2213, 175.02603429013496
850, 174.96401651725083
785, 174.9419592168103
770, 174.9213304799563
1544, 174.91689203318984
1378, 174.84582093657062
1352, 174.82921188575207
2376, 174.81569679751726
1815, 174.81465069201522
1420, 174.79348501617883
1825, 174.66660455575874
1829, 174.64553532860114
1392, 174.631936859981
1422, 174.61803135903935
3045, 174.60455795963284
224, 174.53485644792246
1920, 174.491281303337
797, 174.46976538507917
1539, 174.4660409094868
1417, 174.42675490029546
2141, 174.3300246466119
689, 174.32202864437863
569, 174.2978368557144
1804, 174.2245858633988
577, 174.20868617439626
286, 174.09062707067034
1006, 174.07907281891056
713, 174.05738773272665
1393, 174.04573035281786
2366, 174.00352994417358
774, 173.97694102787776
573, 173.9405581154292
1500, 173.83468468591312
636, 173.8208686641995
2254, 173.65063366859434
1926, 173.63626055677798
1959, 173.59063638816417
822, 173.54755817774557
2227, 173.4666412624086
1285, 173.4187733530205
992, 173.40765604156127
1861, 173.3249464465438
1400, 173.1711588193196
2899, 173.14680775986133
635, 173.08913460944908
2245, 173.0851882531843
918, 173.08498533101346
1480, 173.07869730535123
879, 172.94457566769924
2903, 172.94448736376535
779, 172.94385124545798
1293, 172.9242028946266
2369, 172.7780827722004
3043, 172.72887355098166
2121, 172.71212525823452
694, 172.65618413478825
871, 172.65156768583137
2131, 172.59213430672622
231, 172.57986288846007
364, 172.57613711177618
240, 172.51194600179556
876, 172.50348867361566
1989, 172.49903262283948
1409, 172.4652901016539
2830, 172.32853802200157
868, 172.2537795417758
2166, 172.23588331125632
900, 172.1923416371113
2884, 172.18432999798344
3030, 172.13031640529567
2881, 171.9996981025566
1280, 171.90041874824473
2547, 171.82558217023436
673, 171.76080236194304
983, 171.69013353466502
3044, 171.6658651395566
489, 171.61890047122586
1475, 171.4964693777962
1411, 171.4692108430293
1370, 171.25471332745272
2198, 171.20150910165995
854, 171.16243560060323
1817, 171.11267607102553
2154, 170.96863755941698
1830, 170.90483946034942
1909, 170.81567652302368
693, 170.81037712960193
2199, 170.761350506928
1491, 170.5139056998734
896, 170.51202709334567
2051, 170.4021170499798
883, 170.293752408464
948, 170.2465824320038
1419, 170.11879489437135
741, 170.07669086883357
1367, 170.07414164692628
2882, 170.03312300613018
2114, 170.03233240531262
2163, 170.0104787276008
597, 169.89127471204918
937, 169.8690930020521
3271, 169.84913084512257
672, 169.78573166997774
935, 169.7694310205406
257, 169.74094076487825
614, 169.74032694182438
946, 169.64069589382603
933, 169.63963523933552
755, 169.63575847766694
2107, 169.61868278386933
887, 169.61156373540553
2432, 169.58449899952794
725, 169.49161041186568
1915, 169.49150776248428
2912, 169.4538741685726
759, 169.36116322552542
323, 169.25468419096106
311, 169.25468419096106
1403, 169.2256955753044
1835, 169.1668311144598
764, 169.13588858588076
2875, 169.1065563041799
2067, 169.07705083447976
2148, 169.07593956801492
1841, 169.0600550746643
1498, 169.00451482876267
2897, 169.00084296253334
1372, 168.95696510015665
656, 168.93003752672604
1831, 168.92889914442574
675, 168.8775732124045
1904, 168.79724162503047
2246, 168.73951917882957
1346, 168.619859800949
763, 168.5997265342047
226, 168.5957581027483
1906, 168.59367914135632
1382, 168.55178162465032
2423, 168.51435077743724
1791, 168.51250533528602
2319, 168.4751868109126
985, 168.47345052441415
924, 168.441949278965
253, 168.4065249593016
782, 168.18117679217332
2138, 168.1194692550522
1618, 168.0666367670335
870, 168.0474988776283
1328, 168.03891727283835
1036, 168.00623411970528
645, 168.00531744999046
1981, 167.93741650934734
1888, 167.88325536143603
236, 167.86964727258098
714, 167.85053610879362
567, 167.82073291417348
1277, 167.780828531655
963, 167.7795128348372
766, 167.70443474437866
1292, 167.6354732866253
3068, 167.5911337558305
1387, 167.49412873717475
1288, 167.42370450386093
346, 167.42124371434153
942, 167.4175940456859
932, 167.33716767220628
565, 167.31453663580595
2123, 167.29716782746476
674, 167.25646234652132
1595, 167.22995903766082
1405, 167.21139016082392
2323, 167.1405920964964
2842, 167.1268419363603
742, 167.0496104447046
1801, 167.00764545903274
2216, 166.97915599699922
351, 166.96971055825125
1486, 166.9330431711948
704, 166.87454622036608
1458, 166.7880188110213
2146, 166.7569949313844
984, 166.68478740046496
646, 166.66934070436835
312, 166.64626478903412
1374, 166.59803067235578
1415, 166.5488876595007
3037, 166.51003801794445
2891, 166.49646704597248
3027, 166.49525779138753
1772, 166.47101019844553
1944, 166.38892745392522
728, 166.37922872663918
603, 166.35422308896602
2331, 166.2579635005213
800, 166.19351784119266
1388, 166.09574005076928
2854, 166.08805106517863
1018, 166.0309203697413
836, 166.03069102326637
761, 165.94245249316631
347, 165.9269822396635
1327, 165.9088848741679
1353, 165.8969538655607
697, 165.85291229843682
1934, 165.75995526971295
1357, 165.7540535653597
783, 165.7398403473977
324, 165.6368485930837
31, 165.63148764477396
897, 165.63026662252142
2430, 165.54128035620366
1291, 165.53676672724413
568, 165.496202656313
1275, 165.45983773057384
1391, 165.45577192694063
1992, 165.4150144693932
1272, 165.390331359688
1563, 165.34815711250985
2202, 165.32111433902412
813, 165.30777597316026
959, 165.29382109649438
1554, 165.2787404597572
1340, 165.26000052451482
2169, 165.24777151502838
2833, 165.14014431963585
1323, 165.1085975984105
720, 165.10255433355022
1927, 165.0704209041602
1548, 165.06533022610574
1782, 165.05845809108834
701, 164.99498433636197
1297, 164.9319636384433
1982, 164.9285176356375
1905, 164.91590457945864
1021, 164.8935191733113
3038, 164.84132027593796
623, 164.82767053670918
2119, 164.69980797297114
986, 164.6473930336008
2840, 164.6240042674174
1524, 164.62330357360807
1499, 164.54097104039744
925, 164.523185678283
2849, 164.5171646461359
1270, 164.49802127168255
640, 164.48476125003452
740, 164.44039792277312
374, 164.4118778278817
2410, 164.38153470243628
705, 164.37269900438292
828, 164.30952753042536
2136, 164.1896401459642
750, 164.1359027140066
616, 164.11939542370135
1789, 164.04362764627723
1809, 163.98382249857622
2233, 163.91621796902277
660, 163.86542202035676
246, 163.80561281854943
827, 163.7805007914055
2130, 163.73971402755564
2183, 163.7374805780311
792, 163.70450750029332
843, 163.59546536813048
796, 163.5880061374353
1506, 163.56509442390285
962, 163.5170398455654
2847, 163.48690430625422
1020, 163.45042274350064
908, 163.38229662953086
2175, 163.34383018404657
934, 163.3206637733665
1294, 163.27910916588488
258, 163.23907363587745
1009, 163.20032558782486
1598, 163.0883541909534
799, 163.06941311135117
1453, 162.9948319318342
2946, 162.96508712847103
2140, 162.95131633329873
2129, 162.947018306606
1265, 162.94341657318563
692, 162.89365172962255
930, 162.8170899360466
2947, 162.41830128414847
3448, 162.3975497823946
1536, 162.31628902882912
1318, 162.31426977108265
350, 162.25921688544338
422, 162.22924337060752
1819, 162.12616177020698
707, 162.06968034114234
801, 162.04852005706638
2925, 161.96037677776678
2232, 161.9569397937295
1469, 161.8919920678935
722, 161.78075069284967
1329, 161.75966251906354
363, 161.6437936074378
710, 161.55363735120375
1354, 161.503113911544
2375, 161.44222190605436
1786, 161.4257071864101
967, 161.38243977457327
905, 161.35105015312186
2336, 161.31974506631124
926, 161.29891033879883
1479, 161.2181035471583
2373, 161.1676405035267
566, 161.120129204144
2923, 161.10579400398387
238, 161.10136718273003
1836, 161.09181378387683
2377, 161.08797165483728
904, 161.04940674139834
1779, 161.0279962326008
2176, 160.85771022269563
893, 160.8431210751771
834, 160.787873632617
1673, 160.77448702149093
1365, 160.64592436909007
1921, 160.63399662182826
576, 160.597883838101
3034, 160.57015370990064
977, 160.53699894951623
824, 160.45531551358883
952, 160.428976083453
1492, 160.30787872089778
1485, 160.28104355455034
754, 160.20354941770665
1949, 160.19073374434947
973, 160.16531182303282
2222, 160.12091197201391
2133, 160.06124072541292
3230, 159.95345316516318
1022, 159.9221026845807
314, 159.88817686754055
1935, 159.7824956972293
1808, 159.76406550115578
596, 159.76375330159067
658, 159.67069656412954
1930, 159.6652919849349
352, 159.45258252952698
2826, 159.4468146979508
241, 159.43329601166204
2247, 159.3259653700348
1928, 159.24869215464255
2403, 159.23103442113037
1620, 159.14831043830395
1048, 159.1087172635849
2950, 159.0678271627972
2876, 158.7792157899155
1504, 158.74004056079076
931, 158.5709579332078
1582, 158.35005044358536
1900, 158.34729030584836
1954, 158.31487785764665
1837, 158.30444993455797
342, 158.24870363187975
320, 158.21163635566887
667, 158.19876513699583
618, 158.15146406703076
810, 158.14888208152604
1777, 158.1242630525081
1414, 158.07448258699083
929, 158.0655417558404
765, 158.00926589824488
1950, 157.98373378698994
976, 157.98169314391043
1898, 157.9723997940518
1320, 157.94618671137977
1799, 157.94475608041233
911, 157.9118467343629
831, 157.89034736622378
1591, 157.8871411015926
2144, 157.76599259970473
1007, 157.75061107081788
2902, 157.61400111335544
1319, 157.61276631106787
898, 157.56494097626256
910, 157.47816623569116
729, 157.45390313699696
880, 157.42612705224832
706, 157.39085175133016
899, 157.39047884179115
1282, 157.38970973649427
2325, 157.2982286651298
1010, 157.19976943250813
1017, 157.16623449550428
1778, 157.0197638216927
2322, 157.01687931993243
2327, 156.99114334190858
873, 156.98335576436722
865, 156.8952268140471
2367, 156.79787664456504
1326, 156.78395591837304
994, 156.77745343429086
979, 156.73563695019925
1953, 156.71548618861857
609, 156.6798610757284
2426, 156.64296922517366
1470, 156.60611542907085
644, 156.59132195485924
702, 156.57175702553752
325, 156.54286835885506
1332, 156.53508441082172
724, 156.50932626666437
354, 156.47802372693647
1351, 156.45517480173055
2126, 156.40752339550315
944, 156.32257586313682
943, 156.30783844283997
270, 156.30730609950183
632, 156.28095630222757
703, 156.21620689963027
830, 156.2001188734027
1540, 156.15640277864088
2880, 156.13944778651322
239, 156.06713074687707
1394, 156.04646784069737
866, 155.93702619398206
633, 155.93334310305306
631, 155.89159462352958
982, 155.86082422340246
1832, 155.8206448071256
1385, 155.79826092690405
2425, 155.75187037496573
1827, 155.7421215264013
301, 155.74174498265978
807, 155.705856227086
1402, 155.69093545210404
712, 155.6290153690028
269, 155.61447974878226
875, 155.53462726514843
2436, 155.53082211895926
604, 155.5044293243102
2370, 155.46292059391774
1335, 155.45306911316612
1476, 155.43643876594675
858, 155.4168820589632
2000, 155.27447482418413
1304, 155.2563500395459
2330, 155.24185833304105
1483, 155.23579485114638
1569, 155.23159115861395
1932, 155.20128967048456
1401, 155.16796330876917
1362, 155.15864841644054
1080, 155.12334307890004
891, 154.9656780781701
1359, 154.9466329252006
2156, 154.9420420505763
1416, 154.91275380933658
958, 154.87503172287225
2874, 154.8181860073793
1551, 154.76753367272684
3015, 154.73232979146454
3012, 154.7266889019612
1311, 154.70135841008783
1011, 154.68824709947967
668, 154.6326355012635
1769, 154.6239461640768
1568, 154.57669940475125
1366, 154.54527060956423
2186, 154.48035580884664
684, 154.4683353310476
624, 154.4683353310476
1286, 154.44011254515567
990, 154.4151465382167
2251, 154.3795779180042
996, 154.31021419437494
666, 154.30035556230948
1834, 154.21090685453703
1303, 154.167565625043
653, 154.15520312896692
2172, 154.128242576876
3024, 154.0931331299948
949, 154.0565191675076
1489, 154.05086262484684
1325, 154.01186232419062
954, 153.9617772398317
974, 153.89275831054857
2072, 153.8109532156349
2317, 153.80235071000968
598, 153.76635001368837
1529, 153.68169290432022
1383, 153.63759895995648
687, 153.58089006288603
1307, 153.4462557046789
2149, 153.41531730147622
595, 153.3845015733531
1619, 153.36476038293108
1281, 153.12940384912807
998, 152.90999930900094
648, 152.90999930900094
620, 152.87714149881103
2201, 152.86841671599876
819, 152.73580123952047
1016, 152.72466472553631
1522, 152.71262918628057
1008, 152.70475345335885
721, 152.68826696784492
3022, 152.64074714409097
2197, 152.56846871817058
245, 152.52364217108232
1055, 152.4995095168161
829, 152.44821623440944
1342, 152.41900403864594
1946, 152.30635071799978
1606, 152.2867870288307
1192, 152.20919265163622
1774, 152.18990916044368
1276, 152.1685560643253
1528, 152.12394190497966
229, 152.07711609597737
1305, 152.03491503777008
1341, 152.03096884619015
2132, 152.02467887484224
2151, 151.9952066990504
2127, 151.9149628397903
818, 151.82286739104467
1918, 151.7859709295832
1507, 151.77184167707503
1015, 151.7659174569483
3035, 151.75196584685526
753, 151.7304705207999
2332, 151.61601314878095
1903, 151.54260689134324
1956, 151.4715869767094
688, 151.46081438536908
327, 151.40398236862512
2159, 151.3742316601202
1049, 151.3709558883584
975, 151.36009950411227
2326, 151.30070747306885
285, 151.24329289345079
1376, 151.12562211999227
2281, 151.01723597340785
1482, 151.01669307843827
805, 150.95045103677936
271, 150.9224932417702
2931, 150.9054642259242
662, 150.8113730910782
1344, 150.76650579598856
1948, 150.75198561225685
2147, 150.72716226486577
2834, 150.70963129706897
1317, 150.690487319144
1284, 150.63863025238888
1787, 150.617545709995
1937, 150.59763588379312
1496, 150.47134390505855
726, 150.44244415750828
2906, 150.43980286370035
1916, 150.40987085050753
339, 150.36337071892328
888, 150.32076814021062
1296, 150.3131803260797
3450, 150.3044359918862
340, 150.25845493407067
1654, 150.2098065039127
756, 150.19586717131972
2437, 150.1290503276504
1833, 150.11126044579638
1497, 149.92100969588415
361, 149.81122342293247
1783, 149.8041895871637
1990, 149.66424972137818
1503, 149.6262629361363
2225, 149.61231793277648
2895, 149.57313853634673
1952, 149.45519300617113
1621, 149.45282264504323
1407, 149.44241414762078
700, 149.42054876875446
1333, 149.3621327514533
751, 149.3152556441399
1922, 149.27203183512268
367, 149.18273575030548
1896, 149.03835138528456
806, 148.91476342764813
1925, 148.8114133123971
771, 148.7911843428073
1399, 148.73696604108324
2835, 148.72519012761936
1386, 148.68473035767641
747, 148.6675180238323
1570, 148.66166784325532
2328, 148.47402105565854
2161, 148.40809894391958
393, 148.3726780523182
997, 148.3715454853564
1897, 148.36626913633822
349, 148.33840343851878
842, 148.32534514842203
3273, 148.266392260213
571, 148.25401148089574
621, 148.01629000804058
715, 148.00937381835368
1565, 147.93874564965844
1044, 147.89557103544547
605, 147.89029221868665
2112, 147.84788755545065
2221, 147.79379392637952
1793, 147.77102265112387
1472, 147.75764868672698
1767, 147.72317957892753
1019, 147.6994256202059
1553, 147.6170943749913
1556, 147.56308070543622
2215, 147.49798979420467
968, 147.48207270239843
2871, 147.39850297997486
878, 147.26069087189683
1766, 147.25418524484223
1056, 147.24817901725714
894, 147.18602178054903
719, 147.11962421233855
812, 147.070435623523
2178, 147.04200818805427
2250, 147.0416905109394
317, 146.9869123273909
309, 146.9869123273909
1013, 146.95957483218038
357, 146.8260285230775
2932, 146.82028609307238
2418, 146.75561379636744
1929, 146.7506006098933
695, 146.54376537222643
2241, 146.50736123343418
1538, 146.41016234811175
769, 146.33439562448436
1471, 146.27602283477756
890, 146.27493299629893
760, 146.24716726792104
1349, 146.17518400893917
1375, 146.16407208315957
1796, 146.07451346662913
1936, 146.02127720925526
2374, 146.00661228073832
2329, 145.87929159307296
318, 145.8228957726662
767, 145.77032315723412
947, 145.7651333867511
366, 145.76230161504424
1899, 145.75850079774742
3001, 145.75217040255498
1757, 145.74757643564175
360, 145.5513124373246
2084, 145.53694248288315
2174, 145.49064836497632
1938, 144.93308983021058
940, 144.91209310358155
739, 144.90607618444818
1395, 144.8791895330745
2843, 144.851263299861
2420, 144.8144752452625
2128, 144.71382496038376
1360, 144.6673373519873
877, 144.4606660329335
2893, 144.40845816534633
627, 144.28052756055806
345, 144.25840444850124
3013, 144.1841706957797
2901, 144.05770803503066
570, 143.90636273325995
1805, 143.8737371022661
3224, 143.83200886925053
244, 143.76703119530734
811, 143.72251252939878
2883, 143.65506872376463
1863, 143.60856208879366
2940, 143.58003302776487
1363, 143.4397354560554
2335, 143.41343899515127
2155, 143.40290060428524
835, 143.31975683910295
2363, 143.27594432526845
2886, 143.24735825806158
869, 143.23849792081958
809, 143.18357814594873
978, 143.08356716606633
1313, 143.07606207735958
1283, 142.99750741189214
2253, 142.93484999468245
2118, 142.88363865109426
2929, 142.80740834350954
1797, 142.73985398144637
1050, 142.7367366482092
1917, 142.63234395839476
2137, 142.4548046831422
915, 142.44941998073568
3011, 142.3683263753099
2234, 142.3025783138391
1988, 142.26793797385812
1923, 142.2404954559783
2922, 142.20318420320783
587, 142.16673016779504
348, 142.14631527986586
1592, 142.03958276223028
995, 141.96895012592168
2928, 141.91609665328852
1334, 141.8803653041823
1955, 141.87257506915574
308, 141.84033435087937
1338, 141.75251272244216
3451, 141.7443314667024
950, 141.67234265664047
3023, 141.66469819585163
2885, 141.66086096553448
1924, 141.65727420472138
359, 141.65103353953654
1945, 141.34929702520859
758, 141.30084959985567
3449, 141.299427783676
2371, 141.28322963302915
1609, 141.20028351984737
592, 141.17465722721977
1337, 141.16727160962284
749, 141.1654209990027
1546, 141.1448828787049
833, 141.12830261314292
322, 141.08309842211548
310, 141.08309842211548
2182, 141.05570517091655
2887, 140.94091708930245
2892, 140.93167780152064
610, 140.88848924311304
921, 140.85039981927474
355, 140.68435533263985
2729, 140.63953093970738
652, 140.52000669460986
1552, 140.40061917944544
2838, 140.36085036137715
2368, 140.32409134427027
2848, 140.17168269322772
1816, 140.1032344471328
625, 139.89341384157487
1987, 139.7693121033897
1933, 139.7378631479178
1812, 139.72405265856568
1545, 139.6841570431021
1901, 139.67649318526406
589, 139.63239146993956
622, 139.36563262889024
795, 139.318517548539
1802, 139.15283781768915
991, 138.95074992823857
2944, 138.84155157203858
1798, 138.79104929470935
1158, 138.74912759886763
3218, 138.71890086957993
630, 138.71038101661134
2827, 138.70342927467883
2995, 138.67265324122093
578, 138.57293424974574
941, 138.53649190044362
1947, 138.50973156308672
2001, 138.35529075560956
2836, 138.33286019658337
889, 138.3079154067058
1843, 138.2916274367967
874, 138.17352217159717
1602, 138.16598386062068
1845, 138.13042339368707
1290, 138.1158077742582
233, 138.09093079221947
1000, 137.95112420112832
343, 137.74241333296123
2316, 137.70929142680293
2926, 137.53028814142698
951, 137.43452077752443
1350, 137.39670634689077
1763, 137.30443569641852
1844, 137.016542578994
988, 137.01651332772934
2896, 136.94396689385079
1005, 136.83235624119007
362, 136.7872967017207
617, 136.77616790864238
1310, 136.7307773761317
1379, 136.67954814279463
909, 136.67513103316224
2357, 136.58605587638004
25, 136.3899374404862
1547, 136.17051967720963
2937, 136.14203285480588
841, 136.03367602549082
1384, 135.97734472701646
2945, 135.63622443029308
802, 135.6008163594769
1826, 135.55060076176434
1821, 135.53258833026234
2952, 135.49749010971578
2855, 135.37282509571648
1775, 135.361141078953
1795, 135.22077091622668
1541, 135.1446918957282
2872, 135.00456836359066
591, 134.96860583038372
2894, 134.83944264208048
2921, 134.76869514309772
356, 134.61517493331132
341, 134.51829398479146
2927, 134.39016578057047
2911, 134.18224661313027
1526, 134.1590672566756
2402, 134.12060669613354
2890, 133.90492326025108
1842, 133.57048327043157
772, 133.2551054207848
1012, 133.18765377989976
794, 133.16464653291607
1347, 133.0297657905133
1762, 132.99993303361356
2248, 132.9993664823244
2333, 132.88575152801187
1784, 132.70799316306812
1355, 132.679457996168
1373, 132.666434340652
2358, 132.53021248345624
2938, 132.31765840601088
1931, 131.52650010818678
939, 131.51244316589396
1532, 131.50946050549342
2364, 131.30037174887653
1613, 131.25028093319588
2935, 131.24930495472262
1542, 130.81998189373897
2904, 130.81408811136424
1616, 130.79494976999837
3036, 130.52740618116255
1764, 130.52429201752696
2933, 130.51836986535565
629, 130.4662938867744
884, 130.39340989203527
628, 130.34552974056822
2143, 130.28565499705476
1919, 130.04272040902654
344, 129.82218846364842
3220, 129.64471073883288
1768, 129.58120115339412
1781, 129.54269425470437
1274, 129.4514782427807
1190, 128.8712591355335
1765, 128.80266084382342
2939, 128.48556285693596
793, 127.57921892835168
316, 125.943225353864
2941, 125.49891925345172
901, 125.18744689416184
2934, 124.64851349067538
1287, 124.59566756563615
1564, 124.0279847585412
384, 123.66326990174566
390, 123.53807411092498
1267, 123.4146898318563
2954, 123.01638414020347
3219, 122.71100159788327
1364, 122.25872084924809
3216, 121.95640552411177
3223, 121.10482590318547
2957, 120.98039502120596
1534, 120.69549813006148
3221, 119.72139513113271
3222, 119.36360237641279
2073, 119.11185975275276
3217, 118.43678144511124
3412, 116.75429644036333
2943, 116.00366217240897
1358, 115.82120193650721
2955, 115.75687247238119
486, 113.46260979345737
2930, 113.05516544720908
2870, 112.96714472467109
391, 112.44470771185769
2873, 111.55888565832242
403, 110.79119185837803
2942, 108.41976614869421
2865, 108.03054678670131
1064, 105.38713013877813
516, 104.5418549947518
1468, 104.48243346200495
3145, 101.05067225298878
2867, 99.73310005571658
3411, 99.48632572927038
1862, 99.1005564149286
1264, 98.68443340102235
2012, 98.24822785832646
2739, 97.64834788683936
519, 92.17894843795078
1157, 92.14926142542392
493, 91.44787195442035
3121, 89.01014061854929
183, 84.84692695899126
3161, 82.65901422151066
1612, 78.52826402959607
