3184, 4453.767370262106
3187, 4367.254711367188
634, 4309.882781464195
3324, 4161.413644091654
3150, 4008.9887657066793
732, 3967.4240275990055
3239, 3959.837028751413
3082, 3836.1718183762628
3120, 3652.4861081056433
957, 3646.3431252169153
863, 3485.3900725810286
3168, 3329.30926791333
1968, 3301.179530880062
626, 3294.1514335242305
3444, 3191.6452993584735
3066, 3175.9288013039004
3090, 3101.295645454025
3129, 3100.330063912273
3225, 3056.7801465732787
460, 2995.993706105696
699, 2960.7224044294835
3105, 2909.2423695908487
966, 2895.959522847435
3352, 2872.7285869689827
3063, 2838.5181253083315
150, 2806.6531301965515
3080, 2799.2941156391544
2710, 2780.7817287734056
3443, 2771.2083122096305
643, 2742.8818169522774
2102, 2726.3272913515398
3207, 2706.47520375753
2694, 2706.336992702577
3111, 2702.2236437133906
3279, 2695.475630732449
3147, 2688.3918216881534
58, 2684.837780408679
455, 2681.97018291045
84, 2628.362413861573
965, 2627.679312719947
3354, 2615.9446959931993
3290, 2603.652315654932
3130, 2577.7924645181074
733, 2549.2413653628023
663, 2541.116858358553
2782, 2535.8619890344544
2657, 2514.3070595232516
3146, 2502.775708734725
42, 2492.969408517678
3347, 2481.228231117296
1894, 2473.4069576896695
2917, 2472.768304931865
1626, 2433.902513945134
2558, 2427.6676173363007
748, 2427.1540315974444
2812, 2426.6106611603304
3284, 2419.123547676785
1875, 2405.5506505511635
647, 2401.697557650625
3123, 2393.3013204247436
3255, 2384.2832279356094
156, 2382.4780104988204
734, 2379.9166133292683
3306, 2364.692315000972
3248, 2360.930584037199
1231, 2319.4492324594257
3099, 2317.9496978694265
3206, 2315.7972450390694
2755, 2307.549887775918
2671, 2303.926988465217
1879, 2300.5792329937017
3294, 2278.3014025222983
655, 2273.131279151409
1868, 2269.4588549646187
395, 2268.6558008338607
681, 2266.270004209192
2393, 2264.6878999095456
1971, 2261.7637910309145
2666, 2246.669394805867
54, 2237.571076488028
2574, 2237.250397818871
649, 2234.7550457763714
2111, 2227.1949695222906
2096, 2227.1949695222906
276, 2222.4005069841505
1892, 2221.0780451921273
2780, 2219.388128646071
1877, 2213.025742776175
199, 2210.894310513002
88, 2208.4307440751154
265, 2183.0543108663633
1871, 2178.597082790374
298, 2171.2043243093995
3312, 2167.4392906282756
2553, 2166.933750740139
757, 2166.767970504712
3186, 2166.4378523808227
3299, 2160.040372170024
3415, 2145.8312425547942
214, 2141.908327930608
302, 2123.163343410112
613, 2121.1518886395897
3265, 2105.672803539377
2721, 2105.0670862046227
2788, 2101.7739448059942
3314, 2101.219427089623
2742, 2087.760312568446
2390, 2078.916180986342
2814, 2075.270336693819
2686, 2069.781030703002
1869, 2061.1322020575444
3095, 2059.7108303408154
2758, 2056.63507483413
3134, 2055.406355598949
1644, 2051.819510094137
3304, 2045.5489622787077
145, 2043.76258572874
291, 2036.7483429792444
3318, 2031.699841728345
254, 2019.6245937119588
2781, 2017.6360936517776
2098, 2001.317963328753
3183, 1989.1139764246548
2562, 1988.4729238331952
2021, 1981.5620852731922
409, 1975.8837525859267
3201, 1974.8832975738815
19, 1965.201055821091
412, 1963.6069463110402
2568, 1962.148980872718
2738, 1961.872595753153
386, 1955.9304774959544
250, 1952.6826656968542
3059, 1950.1537415777052
1701, 1950.078874806967
3211, 1947.1214666343762
1028, 1944.865136703152
1874, 1944.1335365852196
219, 1943.3939403653465
2696, 1942.3594435570242
2524, 1938.3395399516032
1733, 1936.958875826384
2527, 1935.809701699279
2784, 1931.0558312694588
2824, 1929.8995438950278
3092, 1922.955304232206
2571, 1919.6784143388886
2442, 1918.170841196359
2101, 1915.0620772156346
518, 1913.423627575995
2004, 1910.766773331057
3316, 1909.191981135379
1682, 1905.9454428197012
2017, 1904.3104007277514
1873, 1903.790824420495
1721, 1899.2387506217192
3144, 1894.312302658312
580, 1892.0089415511532
563, 1887.5083378016084
398, 1882.9139850816932
561, 1880.6551384209731
2651, 1877.7127232129092
3241, 1877.516838914391
134, 1865.5755504923918
513, 1862.3627318571582
3197, 1861.2353044980277
3062, 1857.8793141461435
2779, 1855.758987640458
3143, 1853.3754948826818
2816, 1848.6836308854029
3097, 1848.584617322571
2793, 1847.9606834857273
3323, 1845.8751947198402
1104, 1844.138901977747
838, 1839.6286546726312
3289, 1827.7960108030247
2473, 1827.5173680398757
3170, 1825.281297399799
1715, 1820.342686756549
21, 1813.002217090972
1729, 1808.223814597525
3041, 1808.1086089765267
1858, 1805.3793505951414
2508, 1805.1420118387787
2491, 1804.250572612498
3278, 1798.8808354331031
3112, 1793.6734961586978
859, 1790.5175029802062
3380, 1789.3396882409245
2572, 1788.1120798805362
427, 1783.8939588023597
3136, 1781.5509961079088
2240, 1780.2196098161287
3433, 1778.572264440156
1643, 1776.213451976313
895, 1774.9726865986931
1627, 1774.6355160097132
1439, 1758.5528868605631
2587, 1756.773331393589
2536, 1756.680004029999
20, 1755.316960592956
3442, 1753.2710412906238
654, 1751.9790447394519
473, 1746.1393544140863
85, 1742.2109920151672
3101, 1741.5170661200293
3194, 1739.9112371853091
3305, 1739.6216782206145
127, 1735.0696839760035
2808, 1734.413611865859
2683, 1732.6209942685214
3288, 1731.4807851586231
1714, 1728.8311939764149
1756, 1728.3093905122796
3163, 1727.189813183411
1941, 1725.7952280623485
3200, 1725.4452844765253
2823, 1719.8419614367185
1695, 1717.5034625362382
1891, 1714.7986980085918
237, 1711.7206168985053
678, 1707.3412492959417
3362, 1706.4633923064953
2705, 1706.3241727465925
651, 1704.2465487530515
1047, 1703.364376696653
379, 1701.4818467512598
3432, 1700.4039901437493
87, 1697.91070022478
1703, 1688.87295094739
551, 1685.5362571659912
2620, 1683.6980757522244
2008, 1682.8726733371889
491, 1679.2276633391275
2624, 1677.0384216606597
1698, 1676.4125441228246
1752, 1671.9896122245393
2559, 1668.6487240710771
2726, 1668.2383163342845
3133, 1667.2191874856926
2649, 1666.8696062987115
2640, 1666.3397078766982
1238, 1665.2819027828932
3162, 1663.7590258697564
2745, 1661.769041709635
1642, 1659.5071963686062
2653, 1656.586300004897
3295, 1651.88455798857
1731, 1651.673854129044
2514, 1649.8625326291215
2607, 1642.2311014126226
1002, 1639.6141910784613
2454, 1639.2120326088575
1726, 1638.3282645148076
2948, 1636.6535550712783
3204, 1636.1623563172407
3246, 1633.7100341776857
555, 1633.4062736808246
2561, 1633.3184168906876
2003, 1630.165030822342
2566, 1628.8821333515225
3311, 1628.718647097057
278, 1624.8965225401753
1712, 1622.4430404782931
3384, 1612.3873034590786
3383, 1610.1605414319802
2505, 1609.6632433996415
1966, 1608.656733085696
2608, 1607.5406366628197
679, 1605.6789514060054
2039, 1605.3398839729018
2525, 1602.7845213093633
294, 1602.2943911155749
1106, 1601.1643982417966
2756, 1595.2698636821922
280, 1590.3136629502449
3039, 1586.8856484959254
2690, 1581.0816678354504
57, 1580.329066429293
2736, 1578.8326573961297
1024, 1571.7417621942498
1631, 1565.650425193623
3336, 1564.3390607079575
385, 1563.9459862888436
3020, 1563.6551530187824
1725, 1560.7988111805819
2650, 1559.3032075945705
2108, 1559.1375113326058
1232, 1550.3832402871658
2610, 1549.5523730855598
216, 1548.6766495756076
165, 1544.1852152720533
1740, 1543.5366917937647
1755, 1536.667683810613
287, 1535.44208081979
3439, 1535.406823136582
2106, 1535.1124959742904
2951, 1534.7271446344141
1244, 1531.4540272435288
512, 1530.2396012422334
2104, 1526.5727903165607
2002, 1516.9581077929658
3327, 1515.1611711080534
300, 1514.476291664731
2580, 1513.783755239736
1735, 1512.1878247595523
2635, 1510.5053548610547
1710, 1510.1645149267993
1630, 1510.1244730542423
3243, 1509.01484676221
281, 1508.931100384616
3413, 1508.7952985347742
1738, 1505.8343113143371
2030, 1503.9095774529499
1633, 1502.5463990320864
1744, 1502.1577410736572
1463, 1501.856485590518
2959, 1498.7354103212338
1659, 1497.7241123118195
2785, 1497.5299847235492
1722, 1496.9631488943398
611, 1495.3335780104005
1122, 1494.2600019163342
2645, 1493.7675906789086
1739, 1491.8244529195335
2520, 1489.4937392391337
400, 1489.0700372329704
2720, 1488.411433734899
141, 1488.3714809727637
2497, 1482.8461264700559
1748, 1475.8481226689937
2652, 1473.879348529074
218, 1469.3145614008429
2353, 1465.8803859422035
2677, 1465.7724892856597
408, 1461.4083985113457
1717, 1460.5212960467784
508, 1458.2264656088205
3005, 1456.2933540393215
1967, 1456.2170682429396
1641, 1453.6009929855563
3254, 1452.293910439335
2485, 1449.4885423052579
1657, 1447.9148584400277
1684, 1445.8556733441014
411, 1443.3344287583768
2203, 1441.0635216960343
228, 1440.4545447982405
2656, 1436.4605869235577
1670, 1435.851888945708
3192, 1434.457263491229
396, 1430.9695491772652
1625, 1426.3886617376968
1121, 1422.4412058208468
2563, 1421.8804707705447
2005, 1421.8535355178885
2864, 1421.5669944679148
381, 1413.7838374077924
376, 1413.7074970515603
3171, 1411.9053535810601
1645, 1409.5321989611216
1258, 1407.8502610767366
3178, 1405.3759937995185
44, 1404.3094306105095
198, 1402.2680554071192
1687, 1402.2545560270394
1033, 1401.8639290467484
2597, 1400.3441789259764
2688, 1398.2782741005212
2621, 1398.0203879881922
3040, 1397.6520591281144
1672, 1397.6026535541255
3199, 1397.024960782349
404, 1396.6643485052957
3050, 1395.9295315497811
1741, 1395.0774094218348
439, 1394.2917759095671
2789, 1391.784776100833
1730, 1390.2301809521007
1084, 1390.0247210783127
2601, 1389.4973556919213
670, 1388.3765656689577
50, 1386.5252075396966
2397, 1384.0775728829194
2795, 1381.0006745858723
2513, 1379.4209879501916
3084, 1377.9594898021169
3094, 1377.2232050898765
2486, 1376.673852462776
1677, 1369.151674513202
1692, 1368.5061097305238
137, 1367.3929162134991
1705, 1366.9638388523038
2712, 1366.5659477680458
2630, 1366.2640032144097
399, 1366.0612250184383
1699, 1365.8321587520531
73, 1365.678567788205
424, 1361.510808029932
3151, 1357.3571656008505
2741, 1356.9873869723604
680, 1353.3313147009355
1745, 1352.8975280796108
3350, 1350.6689237491114
1114, 1347.8896651954833
2811, 1345.0452492822515
2810, 1344.1581236451277
445, 1343.9793145588876
1700, 1343.336323509021
2244, 1343.0815008282623
35, 1341.571446544214
1742, 1340.9241885565832
406, 1338.7241967900948
1743, 1335.579843071194
1668, 1333.4088751494403
2681, 1331.7176705679956
2449, 1330.9580279644204
2641, 1330.2273906625712
1671, 1330.0804659277162
881, 1329.03663180048
2583, 1326.2184727508645
3274, 1316.6841087705257
1628, 1315.3559910836707
885, 1313.5797048378367
194, 1312.389621387646
1716, 1307.2791005842935
1913, 1302.8070061177623
2391, 1302.518837556244
1647, 1302.2215701549362
2493, 1293.7464341011757
1649, 1293.6615179675032
1718, 1290.753366637981
2483, 1287.3815068441047
1704, 1286.0263748154543
1685, 1285.673044583518
2646, 1283.2353886996184
252, 1282.1404405785502
1708, 1281.195199686283
2048, 1275.7541597331417
1666, 1275.6237481518758
195, 1275.4982531460796
3083, 1273.8142809885612
1724, 1273.6071973966523
2533, 1271.9433405235573
275, 1271.7875749336724
3213, 1270.4057216037124
2456, 1268.7732280679893
562, 1265.9432469750607
282, 1265.6280729072428
3079, 1265.0461446664099
2152, 1261.0116728541227
1720, 1256.2502905732597
43, 1255.1138044588206
2466, 1252.487183370284
1646, 1247.7641686006912
222, 1241.9563098639153
816, 1241.9497408513112
2238, 1241.6266677445246
1057, 1241.1780734246563
1728, 1239.8185401661394
956, 1236.5693578531213
2528, 1235.4949678499179
149, 1234.089653822766
1727, 1230.8408958346108
1650, 1226.1942984974557
2288, 1223.6370258702032
140, 1222.3026805502182
2723, 1218.7053913444392
3071, 1217.8083258871702
2404, 1217.64259409961
389, 1217.6302736087905
3176, 1215.8509834574552
497, 1212.9110941013626
1706, 1211.6558840348932
3259, 1211.5897757224814
3435, 1208.1940098106884
3287, 1206.279222390247
447, 1206.0664969214417
3315, 1205.2305295358228
1747, 1204.3233378470363
148, 1200.796674463817
2258, 1200.4582326671925
2338, 1195.9425604613932
1648, 1195.0159654234888
36, 1193.7783784807787
217, 1191.882715315028
2451, 1189.5255163273844
2475, 1188.9132358687466
1679, 1188.8848649606525
2668, 1188.4380281220597
1102, 1184.7913754874685
3051, 1183.1962277434454
1754, 1180.0284049529794
388, 1179.7551773634423
56, 1178.2689425595543
607, 1175.3382319114571
266, 1173.1276090404783
1243, 1171.014970360687
685, 1169.4312992707537
1746, 1169.2907302807819
3209, 1167.1781138699307
1734, 1161.5917118323032
1680, 1161.2722768010165
2343, 1160.1025342138314
2749, 1156.6802616730993
82, 1153.372076442088
1185, 1153.221583795429
34, 1152.4874401595157
2697, 1150.199646267947
2981, 1149.7571177029852
1993, 1147.8392357108155
2453, 1147.735012761491
143, 1147.5646706057487
1970, 1144.5858682375374
1669, 1143.6683539741919
1707, 1141.655190613901
2293, 1141.0049113692137
2305, 1140.7827058519647
474, 1140.1810253182616
80, 1139.8572833462292
2280, 1137.2342883107367
1681, 1135.0678638523104
1639, 1126.9684015516862
2592, 1125.7759354476937
515, 1124.060286051738
1637, 1122.3981602687854
274, 1118.5550894138942
405, 1115.2360916740827
608, 1114.2883819844906
2655, 1113.0866121738568
2041, 1111.6110179671289
2575, 1110.808859391666
3258, 1106.1732130838
3297, 1103.388509393344
191, 1102.9342626845564
1249, 1102.8525834333525
2212, 1102.7020708179543
3293, 1102.1654106894382
3195, 1097.741782198513
212, 1097.4590081560973
2034, 1096.7542340138934
1691, 1095.6768446280169
3007, 1094.0391025906263
2768, 1093.4868127939394
2658, 1090.5558687409437
2287, 1089.0627205101148
2045, 1086.625249670568
1702, 1086.6053197852616
495, 1081.6700423572183
2025, 1081.3446819201824
2289, 1077.2611715792107
77, 1076.1644263976154
1686, 1075.9333613666588
47, 1075.9295679720128
1751, 1075.685111397272
1235, 1075.680346918588
509, 1071.6693105367465
196, 1069.8294238097787
2703, 1069.1084960154974
1697, 1065.0084989832299
2623, 1064.7558277997748
2543, 1063.2072221517053
588, 1060.7342213182296
2612, 1060.1703427690973
1870, 1059.86290329062
2093, 1059.1064724701948
1880, 1055.7388563862962
1732, 1054.3538354808313
452, 1053.8669310538244
1749, 1053.2317630645182
1665, 1052.7587894757112
138, 1051.6618111922407
2020, 1050.9362315970563
2809, 1049.3403339428298
2778, 1048.2290806857095
2673, 1045.1917032331585
676, 1043.1352131786086
1087, 1041.3839107677998
2283, 1041.3008771158034
2340, 1039.7145476663784
2314, 1037.2904185310592
1910, 1035.147292772991
3232, 1034.3845573849712
2383, 1033.7881185534825
861, 1032.824485667443
468, 1031.064683260195
650, 1028.57283680063
1100, 1028.1051445875469
2484, 1024.5548068421704
2751, 1023.830818180206
1859, 1023.6218398014854
2604, 1023.6174304820395
2461, 1023.0804507299313
372, 1021.3484875247505
913, 1020.9244899829408
2722, 1019.4970364164134
2980, 1019.3969112314962
2087, 1019.3560776552712
1914, 1017.5656341181257
3292, 1014.4761030584943
1675, 1014.3429413545218
2611, 1013.5868435554921
3160, 1013.5755577187709
3159, 1011.9433738875426
862, 1010.5652200804053
1853, 1008.9571191210322
1105, 1007.6929333189012
3348, 1004.4295073211439
906, 1003.6104988077152
3313, 1003.2338257076218
1629, 1002.0740984814652
2339, 1000.271071189889
74, 999.7366365610006
288, 998.7601593834444
337, 998.3014364150123
3245, 997.427016141308
479, 996.6048720504797
2605, 996.4958832519092
425, 995.768639613254
540, 993.6945999945061
3440, 993.2864572035911
2616, 992.1977088893747
472, 992.0260623620708
2549, 991.7924098529483
1381, 988.2321427562375
52, 986.7745028760327
1171, 985.4988485232815
2920, 984.8836115215258
1636, 984.8184395558839
2204, 984.6136625245225
189, 984.4486500005694
2498, 984.0984295809
2531, 983.4349631532106
2648, 982.6289414184031
2385, 980.8835856917743
3296, 979.8894571692947
3231, 978.9818668198486
326, 976.2442564070972
55, 971.9088317507543
2282, 971.2919689745081
433, 970.9810298694542
738, 968.6870095573811
3093, 967.5169287279576
2013, 966.6416434834728
3042, 964.79785306161
147, 963.9716574814776
2239, 961.3049910833361
1674, 959.4521023630717
2379, 958.819111554237
2821, 958.4579459284221
3098, 958.2957748755699
48, 957.9873734695943
2235, 957.6318757542753
1770, 957.5791495029395
126, 957.216800797882
2272, 956.5355496672271
2179, 954.6059910740827
3057, 954.1798501098774
15, 952.888448583995
480, 951.9411926582785
206, 950.457437666242
1635, 948.4034467336338
2679, 946.2904859473705
1077, 944.108175252351
1854, 942.2826738918384
3208, 938.9893027788983
2693, 938.3314871204431
3276, 938.1118327713712
2622, 937.5816643197755
1893, 937.2942236896472
1159, 937.1745406475407
1237, 936.7199082346433
3262, 936.2034759990997
2462, 934.9324358187511
470, 933.1879576791647
2687, 932.3825625895951
2589, 932.0067898478054
2773, 931.3376247129003
415, 931.2661206739783
2217, 931.0335342466211
3110, 930.0888872247913
2167, 928.4192710456717
203, 926.3166561372783
1443, 925.7684330656294
2988, 924.7473590621669
2185, 924.6623921622222
1696, 924.0569990555083
2076, 923.8202116603176
193, 920.3069955636184
3091, 918.6117745317765
3283, 918.3889416979897
2027, 916.6096685001593
1737, 915.9114214362088
1045, 915.7213645763613
2748, 915.2852314771746
3300, 915.1910647806782
1771, 915.1674301373033
3244, 913.987391821094
2496, 912.8579235937333
435, 912.600003729392
225, 911.0143143991587
3185, 910.9784816848446
485, 910.6565940202231
2094, 910.5097562262221
1750, 908.54965299377
3173, 906.0748548668201
1221, 905.8023779025929
394, 904.7573910587506
2078, 904.2964425581524
2822, 903.5931898106285
1850, 902.3410928244789
335, 902.3110789926703
2713, 901.191752930772
1587, 900.698565621472
3193, 898.3199048606396
1256, 897.7010329705828
3113, 897.438325589801
173, 897.190712922245
2464, 895.7171672146717
3056, 895.3236854397466
2744, 894.7008792597609
2776, 894.2493486399374
2286, 893.7005399046172
2695, 893.2767757118331
38, 891.1160823713177
3226, 890.9315827196217
2507, 890.2604853330548
2294, 889.1805424824541
3261, 886.8902387556508
2455, 884.75899818516
2564, 884.5366309664475
583, 884.150779800012
2802, 883.2032826964253
2546, 883.0021765193992
401, 882.5053940774005
2853, 882.0063039236088
1461, 879.9052452864123
2629, 879.8190975707131
2767, 879.5366992985026
1058, 879.1270842652568
2586, 878.3735872805329
1530, 878.3675174559588
3021, 877.7085725028955
2570, 877.3854120579513
328, 877.3696462392977
2654, 877.2146398018848
1205, 876.9841119518239
2519, 876.922711129126
2224, 876.6531597362898
496, 876.2036513956435
1960, 876.1579762156485
2226, 875.8174457947391
2492, 875.1149371758632
3180, 871.7408302951035
534, 867.5307365406732
731, 866.6650316619118
1652, 866.0910803151635
2692, 864.1820894818262
2029, 862.0752821463008
449, 861.3894540422351
2817, 860.8291000563588
2299, 860.3262875228652
2869, 860.3062751137705
2032, 859.100921624438
2704, 858.9911769123482
1111, 857.7673391995797
2534, 856.6559696161289
2490, 855.0081787391464
2264, 854.4468490386
2626, 854.1501466056036
2307, 853.886338980416
2734, 852.5185956436351
3190, 850.9909680258211
78, 850.1482304056932
464, 849.9306564779622
3298, 849.8679207591446
3281, 849.579134546515
440, 849.1231480423044
2538, 848.7268605978364
2820, 848.2556024959422
1759, 847.0356976680263
451, 847.0209677436102
2139, 845.9188750514962
3424, 845.4514390020258
2675, 845.1935561465234
204, 844.3387035808992
3251, 843.7040413498067
1611, 842.8185607284958
2707, 842.6778519946132
2184, 842.3828354770386
3128, 840.302854101077
2863, 839.558261419432
3386, 838.983208845791
2296, 837.6063563393321
3285, 835.1802840649519
1029, 834.0843146201428
3329, 833.5251131702007
2291, 832.7682028108204
488, 831.5033066856466
3344, 831.3397739470738
2759, 831.0522615131362
1098, 830.6786285951899
3447, 830.5291404159675
1162, 827.6247600274858
402, 827.2582131649831
79, 826.389875416749
3214, 826.129407314101
2825, 825.9204217973619
466, 825.6656731067335
51, 825.4004541113576
2083, 824.6192794913609
3175, 824.2502280229875
1557, 823.9062362994695
2511, 823.047979378339
1434, 821.2980120872622
1433, 821.2980120872622
2700, 819.9729609664323
677, 819.340357372837
2603, 818.854398835033
2522, 817.9170454458881
2109, 814.5732215919719
2600, 813.7830264033923
16, 813.3485849125694
2249, 812.5512989819356
130, 812.2550619342927
2349, 811.99183412197
2727, 811.132789318068
2026, 809.8590228200486
2506, 808.3769579650409
1082, 808.3329108223094
3260, 806.6265839641756
299, 806.5283506598381
2345, 806.067002751169
365, 805.8058436172507
2346, 805.2234423944445
2499, 804.1810395416861
2774, 800.3515503311813
2177, 799.4982762024986
2341, 799.2362059971766
3434, 797.3726678853026
548, 797.2310599144275
75, 795.1991957640037
2091, 794.7426384412656
3364, 793.5321918726231
3361, 791.4180928152168
2342, 791.3300594043094
2581, 790.4246700478124
2757, 789.0243033671995
2218, 787.340883467059
331, 786.2327631496473
375, 782.823580749659
2766, 780.6515581015075
1655, 780.2538368275575
297, 778.8977317619455
2606, 778.3336977469305
3182, 778.0015792038909
3212, 777.733179475107
3174, 777.678764542958
441, 776.7348754250642
3445, 773.6221380543088
2313, 772.7907034723574
1259, 772.7025783195793
380, 771.5877974120145
471, 771.0165568246724
864, 770.4927832041993
3404, 770.2954025536008
2662, 769.7347136717301
2665, 768.9524027174127
3165, 768.6561231786636
2263, 768.1354316014375
3019, 767.6888176821835
1690, 767.3447439753512
467, 766.3137005020686
2760, 766.2839968994746
1517, 765.1310434091408
208, 764.3234910001108
142, 763.1910486633295
2638, 762.851889898106
2044, 762.8278178740213
1991, 762.7315069778733
773, 762.2308231438878
2790, 761.1126342745649
1997, 759.2479090315982
475, 759.2357969613994
2488, 759.2214691402044
3149, 758.1828544455682
3100, 757.1539780558072
1515, 756.9743141208917
546, 756.3677583316528
3172, 755.4470457717846
2460, 755.317494563908
2786, 754.7259285083314
2011, 753.3065186581213
2079, 750.5753232272733
1912, 750.2228551320173
2965, 750.1338085103449
3203, 749.0805151846918
3205, 748.929382073065
2037, 748.3819309137264
2419, 748.128444094135
2479, 747.576749516053
2495, 745.6552474032881
168, 745.5363371729096
2389, 743.2685892445179
1980, 742.5832028034455
272, 742.082737515534
2257, 739.5765924592256
129, 739.3889309834103
521, 739.178129163112
544, 738.9274756291109
2987, 738.639325719075
2016, 737.8102473280107
37, 737.504958554
2452, 737.4657495243057
478, 736.528486467683
3065, 735.9153967886232
3032, 734.8757573154784
2284, 733.6934299162206
832, 733.4094337559989
1204, 733.0015961833211
1995, 732.9435848569765
2644, 731.5388773261399
392, 729.9586544185019
83, 727.5291103483308
407, 726.6840208550062
914, 725.7692778266266
2440, 724.3040412958042
2259, 724.1544448144305
3301, 724.0019445815595
2059, 723.6570478767306
2632, 719.9370076024054
2075, 718.6446139652527
2019, 718.382928130708
3202, 717.1466195306364
2103, 715.0456859735715
483, 713.3872484386784
1466, 713.2107777513168
3189, 712.9105598191193
669, 709.3076946753031
152, 708.3463322113065
2509, 707.8145638327109
3010, 707.7692229677062
642, 707.6157341985287
3210, 707.119953640747
1758, 706.7265490984292
303, 706.701236273563
413, 706.0431839427334
2024, 704.8532793969127
1063, 704.7899319361345
2381, 704.0563862565136
2530, 703.9018358668633
2092, 703.7994467116334
1559, 703.3611892361114
2698, 702.53628192856
1076, 702.148841866648
332, 701.2741524223545
1459, 701.0298580091873
1847, 700.737297428676
1963, 699.7642874004647
2300, 699.3746056218054
3167, 699.1596300595214
3169, 697.8671665545011
2006, 696.9178968195
2714, 695.9574377483033
1975, 695.6697659335423
378, 695.3769246116823
329, 694.1617315388606
1851, 691.689903190923
1233, 691.3628632064456
330, 691.3083378833174
3426, 691.1758972790153
2764, 689.7579513400515
428, 689.3011199653455
2743, 688.576460587585
1032, 688.2363388738803
3389, 687.7294114340164
1090, 687.3496046440159
1172, 687.0542510815974
2970, 686.1192965828486
220, 685.7707096968959
2963, 685.3094605392137
1848, 684.6241303594852
453, 684.5655050045086
2625, 683.7929283248476
255, 683.5631551631411
3266, 682.8387059633957
2746, 682.4806949168916
3142, 682.4241071565959
3006, 682.1435197951363
333, 681.8015184725328
2535, 681.2934012585821
175, 680.8878215861052
1604, 680.5239498779802
1502, 679.2444954504916
213, 678.0538249522589
1432, 677.5090400077801
2772, 676.877582952496
2807, 676.1939795505348
3403, 675.9501486392453
410, 675.3835972372844
2737, 675.3646994025673
1140, 674.2502624272548
1215, 673.2840948156473
1142, 673.0540591422006
2477, 672.840046367122
2989, 671.0218547538877
1664, 669.4311771985945
1252, 668.5432370496461
2278, 664.4160682154464
2670, 663.3436723539032
437, 662.7126478274788
2964, 662.20589605413
3379, 659.6460017621255
2537, 658.1397541556693
2684, 657.2509806094212
46, 656.4145580408587
2061, 655.8518408420233
3341, 655.5613039542245
2565, 654.821600016811
2086, 653.5430442746515
3275, 653.5318091263952
3191, 653.1067533788416
1513, 651.0756931365374
3357, 650.873393935103
860, 650.8478135365317
3409, 650.6694871895583
2018, 650.0798914293869
852, 649.5982706039873
2598, 649.1015838309515
3069, 647.9425637071349
2088, 647.0016482829282
1533, 646.076880028606
295, 646.0275308932733
2070, 643.6758483795215
334, 643.3157455705921
494, 643.1436063188867
1583, 642.9444649701207
2740, 642.7888072701379
557, 642.2230321713805
2354, 641.8712234707408
158, 641.1033683128032
2444, 641.0241743054336
2050, 640.82751944676
501, 640.678396135422
200, 639.790439669842
3401, 639.7133173604693
2791, 637.2018661695269
1456, 635.2397720395904
136, 635.2334282533346
180, 634.8003094101146
3054, 633.8400304510247
444, 633.5934591544828
2306, 633.438949054547
456, 632.5928635023221
1260, 632.2880524288145
3302, 631.8026442628674
1994, 631.4026944939558
2660, 631.1825437706322
2015, 630.7095077473278
1026, 630.2129847247353
202, 629.5149383110813
284, 628.6756123189575
2667, 627.4564740660987
2394, 626.3578163173732
170, 626.0480777583126
2552, 625.4742312577708
1581, 625.3928034761798
1071, 625.2439118284232
2265, 625.1142936268561
3114, 624.5903816547162
2401, 624.3206353826909
482, 623.923433118668
2472, 621.3390478342532
1585, 621.2480784009988
2591, 620.3643152780232
3135, 619.3083710856248
293, 619.292347937622
2664, 618.9316061281475
1964, 618.1062099006333
2777, 617.9980207001253
2261, 617.8790809106814
3388, 617.6154503675378
539, 616.6806804416684
1239, 616.5585291446376
2735, 616.3372506813637
1072, 614.7884031840555
2424, 614.5982364341681
3107, 614.0420393058089
2576, 613.4242784294895
2055, 613.1078185360374
2022, 612.6392019808408
2699, 612.2215817946773
1516, 612.0526942808497
207, 611.9762200166781
2661, 611.5277185192984
2691, 611.4154720615591
1228, 610.9242981871656
2348, 609.4868764523648
2669, 607.6822736789451
2659, 607.2016343867141
458, 606.3920751892304
221, 606.1858640414209
1075, 606.1120206307468
2474, 604.9347573578518
1234, 604.8645962750708
438, 604.1090120539975
554, 603.1482017198014
2274, 602.5810178056049
2494, 602.5046826292001
2510, 602.421823267662
2617, 602.213851966722
2469, 601.8130568355394
3148, 601.0007524910043
123, 597.0055076493478
3008, 596.2551392913131
3179, 595.5805461168653
2634, 594.6267289779569
2053, 594.3555135826159
3419, 593.7895794519558
2502, 593.0740784112459
2501, 593.0740784112459
3385, 593.0722941517191
3046, 592.9584695701641
1624, 592.2875999244078
503, 591.9164710454489
457, 591.6468167073458
3118, 591.384860585
2457, 591.1978638273404
1173, 591.174345885223
3249, 590.074493413013
671, 589.5859156092449
3033, 588.7331757865732
3077, 588.4292943902615
2405, 588.205449844224
2298, 587.9694297032868
3253, 587.904815588482
2631, 587.4682681381067
1110, 586.9023092293069
2674, 586.1229007134532
1448, 585.5918994572957
1086, 585.5707945130248
2308, 585.4783295312304
3155, 585.3454521897023
1603, 585.1398279397048
2614, 584.6864684160615
296, 584.1437558612203
2986, 583.450564923261
1584, 583.4251720595703
2609, 583.3944744737158
2521, 582.9696909190312
98, 581.9613158446336
2285, 581.3640063945827
1040, 581.3416145418086
2961, 581.0530169031252
39, 580.4437227685696
3247, 580.4425759098975
169, 579.7906176385864
1132, 578.6624451410948
3437, 578.2040038575186
2627, 577.9618122695124
1610, 577.272839046847
2099, 576.6079117291773
2476, 576.0165555991443
1230, 575.7855319979458
3070, 575.6533350903564
2792, 575.4574276674651
3089, 574.9123994180763
368, 574.8809449253539
2637, 574.7450359575882
263, 574.3332282669377
40, 574.1741816855701
188, 573.8807004299556
3370, 573.3764346526409
146, 572.9571989612131
124, 572.7428596130237
1911, 572.671226058657
1184, 572.3099080654331
432, 571.6342434997772
1177, 571.4313320477818
3055, 570.7517951819503
1109, 569.6348775024309
2956, 567.8989206515437
2504, 567.6405797589025
1521, 567.6361151451324
1161, 567.0436896887396
505, 566.9337305631053
1126, 566.7667146961858
429, 566.1226846107356
211, 565.7896847120794
2542, 565.5239551839916
2089, 564.7607480328174
100, 564.7471607081209
41, 564.4493171378867
159, 564.0878207854639
2724, 564.0493870818133
2541, 563.3429828808257
3303, 563.24097331494
2302, 562.3382429434325
3325, 561.7239683233706
481, 560.179890171871
3263, 560.1656018239065
251, 560.1224409268307
3072, 559.9495709489813
1119, 558.9296701275208
736, 558.8257016934004
3382, 558.72657008154
2702, 558.7129722854756
153, 557.4733706212577
2448, 556.417049811443
535, 555.9170863438335
289, 555.3481096469081
3181, 554.9798548092023
3331, 554.7074273785779
2416, 554.63945410247
3049, 554.5316805829837
3277, 553.6376360258566
71, 553.29868902545
2252, 552.9043752023933
3108, 552.8793858577592
1651, 552.5876599692821
2267, 552.1218224712375
2033, 551.102830089962
2277, 550.4551813023551
1143, 550.0711031479234
3340, 549.3152440243579
2678, 549.1580013375018
430, 547.1907272729084
1676, 547.1344390075404
1736, 547.0827158164827
2352, 546.6023539428846
3353, 546.1219743608381
174, 545.6670727971098
1117, 545.4817423086872
582, 545.3604054471604
3408, 544.9715865877954
1450, 544.0997135628261
3227, 543.943964988811
2619, 543.9153234979007
2478, 543.4027962446728
373, 542.6399615357283
45, 542.6370773563416
227, 542.5148506948212
81, 542.1401680601563
532, 541.7883727039336
2074, 541.6127420097752
2706, 541.385041174716
3317, 540.9423906686263
2567, 540.6344702400787
3058, 540.4993860456241
157, 540.3581640148424
2866, 539.708538805955
454, 539.4682205619004
2071, 539.1580958658996
2105, 538.7163366187741
1027, 538.4382854255869
1081, 537.7245420119069
2557, 537.0977708556518
1066, 535.9884361183812
2783, 535.6595179495133
2529, 535.2213755723434
1300, 534.5931515103423
448, 534.4027162358653
17, 533.9377149490584
2962, 533.543698569316
262, 533.4764622262688
2459, 532.8861721536576
3381, 532.5229315053923
2585, 532.1188182970855
2560, 531.2591107244904
2676, 531.0024187254562
556, 530.733374190306
2382, 530.3589439909002
132, 529.9991824802207
1166, 529.7893930055689
1531, 528.086491527174
3436, 527.9994767917784
2554, 527.6441351249898
1247, 527.0250815677889
820, 526.8506501229398
2548, 526.1050517788238
336, 525.6964533662797
2100, 525.5635431212
2968, 525.3262454388812
1030, 525.2674252648525
2082, 524.8537865063308
1248, 524.4204273035418
1060, 523.8757094003851
1865, 523.6327852024586
119, 523.602996231811
277, 522.7952246000339
443, 522.7617908630446
1444, 522.548795307092
2467, 521.8183453060304
3250, 520.3996451609434
2415, 520.2946550651311
2544, 519.8352213708217
2663, 519.4228014828232
3166, 519.1955558095345
2763, 518.560717682844
3064, 518.2945981411975
2380, 517.612188355739
2628, 517.3489600620262
1560, 517.1736099739925
2577, 515.5455951940507
3405, 514.6042194358337
2210, 514.2860178782803
1218, 514.1602206657424
1590, 514.0874924767828
1973, 513.356340924478
737, 513.2307476677038
2818, 513.2205445728916
514, 512.7227785884368
3423, 512.4291333436946
1187, 512.1451983017822
3407, 512.027171764771
2595, 511.7892247489114
161, 511.6911851514002
1089, 511.6655484122516
1219, 511.18950217165246
2633, 508.6145222376658
2685, 508.29275934768947
1811, 507.24063256412984
1074, 507.21010091481276
2573, 505.57287382359533
1094, 505.43859532240657
181, 505.16728589854443
1437, 505.08373670882867
530, 504.7690878753737
3373, 504.06806376315524
531, 503.98523686795255
2482, 503.9001311151123
53, 503.4504158940235
2642, 503.26366136512235
2990, 501.6696578857835
469, 501.6367821428995
1203, 501.2727943935353
2918, 500.90119949647857
423, 500.4271307951357
2056, 500.29781591168097
2754, 500.19644520049565
1129, 499.5938064322499
171, 499.5720304312238
1035, 499.1942624512387
1969, 498.63602710806396
2973, 498.4602069943228
2689, 498.28378502171756
2969, 498.21942018524066
1052, 497.9843639700941
2069, 497.8343634332385
3365, 497.41736235031965
3369, 496.4384862912509
2260, 496.2344947272623
290, 495.7659106214222
2523, 495.7078583543534
3358, 495.5894222483004
2398, 495.27420832135823
2618, 494.25823243321014
2110, 493.4736937916217
2701, 492.8675579151105
2068, 492.7678364092604
504, 491.8526686378283
2480, 491.3676779606517
1091, 491.22267389522165
2443, 491.1643225967604
2276, 491.06431965710857
3326, 490.67526662109776
2979, 490.5576546699824
912, 489.033329974442
2297, 489.0152934572781
446, 488.8926589154839
619, 487.96448279818696
462, 487.93309580314167
1876, 487.48087178129225
1241, 487.38578805626014
2680, 486.8792335176968
2481, 486.8160802836933
3378, 486.52064472282
14, 485.62218680332217
2909, 485.50912695972835
550, 485.47787191454563
1442, 485.4078663511143
2545, 484.9706282934733
1452, 484.8982920326021
3196, 484.8407603743496
2310, 483.9092708979931
1085, 483.64980278086034
1128, 483.57410986952294
1200, 483.11847197229764
487, 483.10068002575866
2047, 482.3882685795421
2445, 482.2049234792444
2803, 482.0916278548702
2447, 481.72169814885495
2388, 481.542186458227
164, 481.3572030460531
1689, 481.00098258703025
414, 479.9209660658007
163, 479.7216759154691
2407, 478.9779285451313
151, 478.92987777540765
3307, 478.77747645821415
3119, 478.7700137918819
186, 477.9340137723442
1113, 477.89426812699764
2386, 477.87608225845906
3416, 477.64946632866616
2309, 477.2918954972661
2312, 477.2306316406188
76, 477.0136845079615
2458, 476.87087251414175
2588, 476.7523953602676
176, 475.93180895011136
1978, 475.8813263000667
3086, 475.6817268895582
264, 475.4696448274331
1429, 475.16118370249956
2465, 474.60088835988324
2463, 474.51743640615825
3402, 473.008894676753
2602, 472.1674622345028
2958, 471.19680322744205
3371, 471.10090470173685
1445, 470.72442326226525
3345, 469.2812555762149
2292, 469.1464584939264
1124, 468.8320676833178
155, 468.5807691895064
3360, 468.2265552923648
2966, 467.66072433266186
1607, 467.6102246097066
2613, 467.315831386553
1979, 467.2360692974968
139, 467.1187595025753
2301, 467.07935788270396
3106, 466.83832466259963
537, 466.8016994836389
2643, 466.6627241462791
128, 466.5503212590696
3339, 466.3117784104272
2489, 465.8392917230982
2733, 465.6661987886698
1263, 465.6301799723303
2271, 465.3740637269691
1046, 465.26633081509056
1849, 465.21770925932987
1193, 465.04672301783427
3429, 464.81241292058615
2487, 464.3412231075671
2985, 464.2811742562464
2599, 463.8095295159294
1965, 463.0487267918133
2279, 462.585303730534
283, 462.03945624913183
3061, 461.1976880685301
3073, 460.0895706526281
3286, 460.07444158168363
2728, 459.85850333947093
2512, 459.8320837006739
547, 458.9578610511404
542, 457.2329095540958
476, 456.51293847310546
1236, 456.4753463217732
2819, 456.0037360558121
2315, 455.9927079684288
502, 455.68813544471135
2081, 455.24362523583045
436, 454.9319236875653
1462, 454.50924361873007
1183, 454.4597730452278
2223, 454.1398577399652
1245, 453.7499690836005
154, 453.51465240900103
3291, 453.5052271094344
3418, 452.60785334564383
2009, 452.3534587656272
1202, 451.8856745242871
2516, 451.6832387500051
2337, 451.1083667185726
3334, 450.8925081485082
1031, 450.88717333403054
2593, 450.48265586224875
2584, 450.35216787850356
1083, 450.13575228162244
197, 448.9025663226585
1115, 448.75280213803205
2747, 448.49805027210095
450, 448.2282337407928
1464, 447.82944205871064
2266, 447.6400948320295
2753, 447.0289293635932
2636, 447.02010575864034
2540, 447.0176426389917
3280, 446.81949514936025
1145, 446.49493324681833
3125, 446.116227598751
377, 446.05215122466996
1169, 446.03829376909084
2708, 445.9858097828083
1872, 445.92511897051156
2446, 445.8957125305231
3252, 445.1488538875698
382, 444.5350761851407
3391, 443.90281321853394
2862, 443.8321650280493
1043, 442.18925013713624
383, 441.24473740077553
1299, 441.18219938777423
2639, 441.09787450937864
3048, 440.9674131403383
1753, 440.6613821132147
1852, 440.4206913499251
3421, 440.3813057205751
3153, 438.1583046719188
3308, 438.09262576775916
2052, 437.8911616747364
538, 437.73984152880644
2715, 437.40249862543357
1042, 436.2299403313461
2077, 435.6470835677506
1174, 435.15505945405954
1025, 435.10925524909504
1041, 434.711684005396
2057, 434.19789934744205
1856, 433.98461928547266
1179, 433.8039710834383
178, 433.7435857222029
2590, 433.3171171116275
1520, 433.15190859844597
2582, 432.9916950300596
3425, 432.77616566410967
2555, 432.2114881726659
3410, 431.7561385681685
1857, 431.566314598721
2798, 431.3936310555701
2919, 431.19329539133946
2031, 430.79309415282205
397, 430.43306115755456
3395, 429.7842674930605
18, 429.51841433438796
2090, 429.27492457427735
1212, 429.12491336813764
1867, 428.77297907386406
3047, 428.68805482273785
552, 428.65541289399897
201, 426.6154545086912
2765, 426.50037140045214
3078, 425.48826361236763
543, 425.09326120610024
1214, 424.8182288472165
2303, 424.4589890593164
1465, 424.4099640447357
2717, 424.33142204527843
279, 423.79914111828464
1088, 423.7265487114021
549, 422.9234001098965
3393, 422.5265304231347
3028, 421.9870154222434
1449, 421.8983783409492
3177, 421.8209458029686
215, 421.6507115585401
1586, 421.42261051187006
3139, 420.6337562326913
1589, 420.28448402718874
2417, 420.0159206276052
426, 419.7622742615176
2797, 419.5099499631082
463, 419.0461440956605
851, 418.6946089538441
506, 418.5135964326354
2526, 417.76339762466296
1253, 417.6160994814812
2813, 417.1063836016109
1451, 416.87885686293987
2975, 416.7407638724715
2974, 416.7407638724715
2468, 416.5532270413227
536, 415.51294105062044
3333, 415.27265463016903
162, 414.34993850334706
3396, 413.8741241917712
3332, 413.6121950015316
523, 413.5250481012003
1760, 413.1988800540269
2269, 411.4744020496778
210, 411.4578108896354
3372, 411.36475203995104
2978, 411.0916885325181
2441, 411.0120983041178
1855, 411.00929637757656
1301, 410.62401831281124
2914, 410.6078063734428
172, 410.4815561660243
3003, 410.24013000571654
3132, 410.18865871243577
1144, 409.3642023623334
2, 409.15059322837726
1101, 408.65159768076154
1537, 408.5783473645415
1761, 408.35383104802554
2450, 407.82506813461
1866, 407.65813489447197
1053, 407.3919162487158
2769, 407.26177029751204
3446, 407.1134277746271
1961, 407.08125845841806
2752, 406.6301623906067
1103, 406.1706515982681
1974, 405.8929369701433
2730, 405.5658540478438
1226, 405.2100855643408
2396, 405.09550750353355
1096, 404.24474600209766
2539, 403.6079434741849
1688, 403.5922735989108
3198, 403.0263068833733
1608, 401.66788517475834
1683, 401.12052393529405
1099, 401.07368822717893
1069, 400.0889489712893
431, 399.7903026714519
1118, 399.78604956026084
1662, 399.187024594534
131, 398.8842809665054
1229, 398.5337203571147
3131, 397.9801595250319
1095, 396.5696140281183
1112, 396.34688127237183
2596, 395.9657326656864
3441, 395.7643575495487
2392, 395.7033373586329
517, 395.3127456002125
3420, 395.09649327770364
1600, 394.32792528410135
2709, 394.2386028204156
1130, 393.86479876294504
2080, 393.7393339914478
61, 393.23622555928506
3342, 392.74086669687574
2794, 391.89819076706914
1678, 391.48748413879457
91, 390.82299438114484
1660, 390.38170891947243
2960, 389.81799976286624
2983, 388.5536110769972
1447, 388.0563979298869
1148, 386.20166404429136
1125, 385.46426424593454
3367, 384.20168492603415
2290, 384.16235445140495
2647, 384.11118038204756
3343, 383.8134822945555
1139, 383.36922119508296
1070, 382.01480551596836
1067, 381.87440958205275
3375, 381.8463969241577
2408, 380.9686204476476
2066, 380.7510220841336
2387, 380.5009850897362
2615, 379.79344449746054
2014, 379.46794074193593
1217, 379.14034363778416
2413, 379.08738876893324
1147, 378.9947740572913
1773, 378.7969519295687
125, 377.56485888829894
2060, 377.20898430266885
3115, 376.9928843937818
3366, 376.2134025708416
2311, 376.2108494938799
3351, 375.6350721135414
1438, 374.77480488103254
3117, 374.6087785007163
3238, 374.5437575715892
1141, 373.35753983504094
1199, 373.239148648946
3004, 373.18245531495074
1254, 373.065911858636
2412, 371.94719722502634
1558, 371.82786734365754
1436, 371.75608080428816
2579, 371.59683644152716
3141, 371.0387879653512
1262, 370.86774633405577
1596, 370.52210226030326
2421, 370.5205600921263
1059, 370.21424868414596
22, 370.16902492357895
2304, 370.08672659372667
2038, 369.98021148433537
499, 369.9343640085883
3414, 369.04352225265393
2471, 369.0291372218288
1257, 368.7871744494765
105, 367.9962847678108
3154, 367.7233553839237
3399, 367.5300837062777
2409, 367.4022799041078
135, 366.65445164800644
1430, 365.2149830921058
177, 364.4476934938027
545, 363.6538908710894
2065, 363.64334793179233
2517, 363.2733379333235
209, 363.2389130257561
3335, 362.9224086218145
3398, 362.6927836880861
1860, 362.5948672095843
1519, 362.48024579187745
3158, 362.2644655276339
1446, 361.9097754515627
261, 361.81666402658743
3322, 361.1719242688397
3102, 360.994261608001
2976, 360.74458733367175
2771, 360.59170392346795
3359, 360.3812506915997
3430, 360.3659849194789
2815, 359.7767837185571
1154, 359.43196445054656
3377, 358.9298189487453
1881, 358.84656222612756
1160, 358.81808499933504
110, 358.7550316810333
2028, 358.6780496641886
62, 358.60988796235785
1137, 358.39733678814696
553, 358.2353703920932
2594, 358.18964390533216
1593, 357.5193118593659
1298, 357.36913966951886
1209, 357.287414312904
1667, 355.9175875877562
1227, 355.8300401645389
1097, 355.71947959857187
2500, 355.69266672398146
1175, 355.4645692429703
120, 355.34102885871124
2716, 355.0914772471582
498, 354.98008401582587
1431, 354.957031106958
1597, 354.92626610724477
1213, 354.8649718550127
1242, 354.74381550971526
89, 354.5028265648474
66, 354.2781027520681
3103, 354.08213227799445
99, 353.9030379961232
1116, 353.5700822218895
92, 353.1823888130575
3081, 353.12494003698293
3438, 352.74884582439023
1149, 352.20918587428804
533, 352.0269620713891
2356, 351.8711502817732
369, 350.8612097980622
3394, 350.43139068740805
492, 349.6034777547014
2040, 349.48288607125437
3076, 349.18757497793945
3397, 349.10560260850156
205, 348.75946749939635
1188, 348.6754836940499
500, 347.5327285725519
465, 347.4209480700199
2796, 347.19627440812286
1435, 347.01204635817385
3053, 346.27405420551014
2916, 346.0216286676388
3085, 345.8145413547931
192, 345.7624487502919
3124, 345.3636545203993
2800, 345.2643611321229
1246, 344.64602775219186
2967, 344.58017261193044
2719, 344.27750177571636
3087, 344.2036956257207
3400, 343.9959960013807
1261, 343.6891678543127
1251, 343.378779855816
2344, 343.22911724990416
2762, 343.1312866243282
106, 343.045487446899
3157, 343.02934142878826
3067, 342.8819052083922
1182, 342.8749220633685
3109, 342.56515264214875
3237, 342.4287724525354
1998, 342.26840867503137
1711, 342.1178785558828
3156, 341.67756920317845
3052, 341.0269528466931
3074, 340.73344795080754
3152, 340.4131377931755
2503, 340.21218881369185
133, 340.02383505475024
2007, 339.58863415530055
3390, 339.21923087226423
114, 338.8906247627013
520, 338.81940922285395
2064, 338.6163787727088
2406, 338.38709792415415
1201, 338.381172373112
1208, 338.29320798743026
3104, 338.28882468253227
3088, 337.92081531853876
3338, 337.91675344323903
2268, 337.8691616165306
3096, 337.8543287390223
1176, 337.42019432898564
3116, 337.41130882134735
1181, 337.2389117657214
338, 337.23530521737206
2977, 337.21187417804873
1878, 337.01334854829355
541, 336.97537385860505
3075, 336.82767046493433
511, 336.79984048547374
3330, 336.6304941206547
1250, 335.6812635491626
86, 335.1636159789771
160, 335.0169407754242
2770, 334.22482379303455
2046, 334.1139780519739
2761, 334.06281629319074
113, 333.9768443151481
1197, 333.6950002328753
1222, 333.57502654470966
1206, 333.5246988132378
1107, 333.4296616483005
2515, 333.40083635732907
2023, 332.8601839163505
1514, 332.6395393995551
190, 332.3275644728414
3127, 332.1757227431785
3355, 331.9362010795231
3427, 331.755600981851
1196, 331.6793307767342
2411, 331.50890774510816
1656, 331.4841750105615
1078, 331.3937502105103
1195, 330.8922766263066
1127, 330.22104711533547
1167, 330.1787054877132
2347, 329.80884027644004
59, 329.6558796557036
2058, 329.3430391548584
304, 329.29281096676544
3328, 329.2191978484133
3060, 328.92735409452854
2732, 328.8076745831395
1223, 328.3949600360484
3337, 328.2367806383806
1225, 327.4536765658146
2036, 327.44988149782847
3138, 327.4186715761122
522, 327.3745246462431
103, 327.3484086953967
3346, 327.18844293575
1441, 327.07118311201293
104, 326.3331932382638
1108, 325.9137259392395
2682, 325.24027118897624
1133, 324.1286434560186
2982, 323.84295422146874
102, 323.6320900166164
1136, 322.71917748678277
3137, 322.5469389291315
1460, 321.4017206147457
1131, 321.2760453816557
434, 321.16246622510465
1164, 320.6877899766053
2984, 320.5369761290394
2273, 320.410724334762
1224, 320.17865406210944
3406, 319.94770618443084
179, 317.6363241592429
1170, 317.5018284459446
2799, 317.2923127405167
121, 316.7255244360215
1123, 316.54473961838255
3349, 316.21490505324294
2775, 316.07337685729215
2470, 315.93102632673003
3126, 315.8186081148128
1138, 315.817758132157
1163, 315.80857018152193
2551, 315.74259105352456
3140, 315.2369312745884
2378, 315.1924033857877
1713, 314.86576974948593
1120, 314.0178113193658
1155, 313.59416516252287
2578, 313.18423365539786
1658, 312.8504326751594
3368, 312.7504367079082
95, 312.44253544528254
90, 312.4090135759357
2550, 312.1807348182626
1240, 311.8245318593203
2043, 311.14497410523137
1168, 310.86259721872034
3122, 310.7264159638122
1207, 310.1921203434733
3363, 310.1697978735169
2787, 309.79435823046623
2350, 309.1602181765726
507, 308.9056083361184
2399, 307.753577821701
1194, 307.43308924285463
3356, 307.11821603636054
1996, 307.1008583382817
2913, 306.8977960250558
1428, 306.3106479411056
1477, 306.29483370834345
2414, 305.7120875610558
267, 304.9746329125728
510, 304.011574367058
2972, 303.5700429408345
3422, 303.4798859160779
1220, 302.81037303038414
1061, 302.79222428946247
2384, 302.54536754233226
1186, 301.8491815415576
3374, 301.69302548608766
3240, 301.6374994307235
3428, 301.18461898571184
2063, 301.03063017365685
1135, 300.7766969061668
1146, 300.3184455085302
2725, 299.9287280504569
461, 298.8550137630342
1068, 298.6581490026724
101, 298.32762959786953
1079, 297.9277632364414
3242, 297.821153120484
2085, 297.3505051088098
2355, 297.0805438025262
1198, 295.1082825966131
459, 294.83108151138026
67, 294.36624201351043
65, 293.25150808285724
108, 292.35824535799014
1719, 292.29032284226616
2295, 292.0588620855128
2718, 291.70987780255274
3376, 291.6758780291953
2569, 291.4265370858564
2097, 291.2602150195819
1588, 290.89984590053706
72, 290.55224646976103
2915, 290.4359763099764
1034, 289.84836560760226
70, 289.7907898137063
69, 289.7907898137063
3256, 288.7972332064401
166, 288.6700642549984
2395, 288.5157996330223
1663, 288.25308748120784
93, 288.1144949652189
1189, 287.85093636654824
63, 287.79645270393314
484, 286.9887562035777
1406, 286.74086068137467
3417, 286.52255363790863
1134, 285.19707926901503
232, 284.55389572403277
64, 284.3564190117701
3387, 283.77560182143316
3392, 283.7449407214464
2672, 283.6589702289236
358, 282.4482343598239
1813, 282.37268419978307
122, 281.56756048274855
1693, 281.5099627308851
1467, 281.4071181644847
1962, 280.10656022154865
2400, 279.4212401527807
1065, 279.20085716711355
2910, 278.0806414837744
144, 277.84454663628907
1150, 277.3256293189102
115, 277.121692617209
167, 276.76635704363946
260, 276.5816836514476
1191, 275.55030808864745
1216, 275.13426199878944
477, 275.1304161613432
1180, 274.95765697438014
1440, 274.2945832573665
111, 274.17320266220696
1073, 273.50762030661207
1605, 272.38287040271257
1864, 271.1444274930213
2518, 270.9225429987782
1518, 270.45536988673626
97, 270.43533515594464
268, 269.55230738663295
1397, 269.4488162500189
68, 268.7446793959978
1634, 268.5359763108432
3257, 267.6014097020386
273, 267.5378787610155
32, 267.2230783779935
292, 265.8263079536483
96, 265.81337100055464
184, 265.22267996158604
12, 265.2021430612763
2971, 264.589179677538
1152, 263.52458542467684
1178, 261.9596259984717
1632, 261.2946872295175
1156, 259.2873421621739
2532, 258.1261911196113
1151, 257.85257544536256
1694, 256.4910420282788
3188, 256.1622222698109
3164, 256.1046044961541
109, 256.089067735497
1535, 255.63848613419583
2010, 255.16173493494318
1302, 254.55893110651718
13, 253.74917105900323
2270, 253.3637777696404
2801, 252.92036190435354
1838, 251.29688275719997
2351, 250.51426056009197
2556, 250.03178108415355
1958, 249.19305593855876
1051, 247.82228004977324
2900, 247.15602797834103
1316, 247.12568741195795
2861, 246.5165778453366
2868, 244.53798778794672
1457, 243.9041289182907
33, 242.92170523578744
2275, 242.01586240994007
1165, 241.94268170594796
1709, 241.86958948502917
442, 241.8633384760049
1153, 241.53635613118033
3431, 241.51705052156586
185, 241.3044813166391
387, 241.28409865063705
916, 241.02844655624926
1638, 239.45880365872858
1093, 238.48955931469345
3236, 238.2883075637103
2433, 237.42188623007064
637, 237.23304101199477
1, 236.24430051466322
1800, 235.48341307555592
490, 235.45302440849156
768, 234.6566844824367
4, 234.49997510854243
2054, 233.58773118253512
2860, 233.5685130364194
60, 233.1869802503902
3282, 232.43173746445117
1661, 232.12545315311473
305, 231.3390561235141
1062, 231.25294379997942
182, 230.02526619296543
1092, 229.43108593010032
3310, 229.15366478183174
10, 229.07917446568234
117, 228.69707696796488
1454, 228.60540389959453
1574, 227.87881113715682
3234, 227.78182241113518
2192, 227.54255137596908
590, 225.79686319427267
1255, 224.1413212559966
1972, 223.54607635933328
2857, 223.47779926382663
2035, 222.42038340864946
116, 221.71248661916223
641, 220.47730372835397
1785, 220.0644915730051
2731, 220.060442438174
1054, 219.3090693152975
7, 218.39268343583672
1562, 218.06529670972802
1814, 217.75190289582054
953, 216.68579448107027
1572, 216.42341874045678
2320, 215.85771502050378
1788, 215.74075224903774
112, 215.4917034124037
1324, 215.21858732171015
3235, 214.4850358233202
3009, 213.8987091880999
223, 213.43623666651388
1576, 213.42997389013317
1794, 212.3938307832128
107, 212.32513865105614
2832, 212.06742530896074
28, 212.047067387289
2805, 211.27799430189958
2049, 211.0567031833788
823, 210.82248155903883
187, 210.77862765516377
826, 210.14769993946413
1573, 210.07127488820024
2999, 209.80998938837507
6, 209.70343528100398
118, 209.65495741562071
1818, 209.54670967485816
2924, 209.27566293222495
0, 208.72526588088192
3309, 208.38076386040711
3, 208.23101908444013
1543, 207.85705752346706
2191, 207.7304300499371
9, 207.71457095735326
2711, 207.69413458352585
814, 207.51247852088213
1484, 205.70351329258762
1309, 205.57189056883942
1723, 205.53967317520653
30, 205.266200442882
1509, 204.61207223975074
11, 204.6028120225273
49, 204.3901194931888
3017, 204.35168889688225
2153, 204.25273442419498
745, 203.490394305606
524, 203.34955535195954
1410, 202.82488260721007
2062, 202.71303043420892
848, 201.25483151806847
2134, 201.14818212731657
1004, 200.75312827756386
2208, 200.74496763530877
1567, 200.3698007524956
2042, 200.28532317244293
1882, 199.71911746050446
224, 199.7105646430913
1824, 199.48391387874693
286, 198.96276030165868
735, 198.58614074826124
5, 198.5432785197932
2211, 198.496926925903
1861, 198.10908900921171
94, 197.83733795215483
2889, 197.66958325993767
259, 197.61230631512808
8, 197.23673209417103
2878, 197.13003062496134
421, 197.07482506806969
2158, 196.30939240855733
3215, 196.30319494725597
1940, 196.28156871393122
1939, 196.24825923269333
489, 195.52214382282276
1806, 195.41159248643402
2242, 195.40454407583715
1418, 195.2580213462445
1575, 194.73274692048938
788, 194.50047306350348
2051, 194.12818259823464
1951, 193.20805100675182
2107, 193.1268310188003
923, 193.10202982742746
2912, 193.06237034722264
2193, 192.7761688964151
2856, 192.7371262456174
2067, 192.4935437533087
1571, 192.3983296394558
3000, 192.27599391388557
226, 192.12521698128128
682, 191.53573531081034
2859, 191.37761141145472
2170, 190.82718573523957
1269, 190.26033507364423
1003, 189.53567364769302
2207, 189.0588464771166
786, 188.84472652690633
2991, 188.5910119200216
2429, 188.42903240825424
803, 188.39717436588572
917, 188.2742393711344
29, 188.27376787823442
2806, 188.2525150001592
526, 188.11840103397458
1907, 187.9060017757545
1810, 187.8214095055459
744, 187.72224648252882
3025, 187.67876293034084
2124, 186.6600827277039
2435, 186.60904156622166
2428, 186.60904156622166
1780, 186.5127821049829
2180, 186.46990603924402
2135, 186.40253058880205
1640, 186.35039177824262
791, 186.11588683427502
1776, 186.01831039665115
3269, 185.911969444031
1210, 185.79291836922306
615, 185.67213996336565
248, 185.65354674660773
1424, 185.558623152024
2205, 185.50822433910366
1884, 185.37762057960794
353, 185.36949937866433
727, 185.11635155337487
857, 184.499172804997
234, 184.15678689583282
1536, 183.88402899729854
1039, 183.64140220652226
3228, 183.4723399856627
1525, 183.42167159979536
2925, 183.3984703061919
3016, 183.24546447643482
1889, 183.20208017368074
2236, 183.096546733366
746, 183.0711919964103
1306, 183.05628254658606
686, 182.99380758339154
3029, 182.37038896823756
3018, 182.36425001658097
2157, 182.34025237491207
2923, 182.19977408618988
2262, 182.19261165507896
417, 182.02988428637346
2318, 181.9264983803344
2194, 181.59441891609976
2243, 180.97963442389081
945, 180.78013842113234
579, 180.68590606286438
1356, 180.64532882612343
716, 180.64506918262265
2936, 180.64249474658982
781, 180.45656387571208
2997, 180.45613169004898
1617, 180.39454508948674
249, 180.36184708901195
1885, 180.09357938451768
1807, 179.97103146604508
2953, 179.86240307402005
527, 179.8617335276907
1048, 179.66572826101645
1423, 179.65536851692474
2195, 179.61974207839924
2196, 179.6063536213416
321, 179.51553674802975
1487, 179.35748400124018
1999, 179.29944178098864
416, 179.2473931108351
1653, 179.03142749799358
762, 179.00069294564028
1336, 178.91254087397968
2438, 178.87056140998214
612, 178.85180887278977
1822, 178.8278471469184
1943, 178.57830690983351
1566, 178.4423819447943
980, 178.3629742473342
936, 178.29657167400492
575, 178.18204456645188
1623, 177.9654219473226
920, 177.70841996958478
844, 177.7052658134767
1895, 177.69379711740748
3233, 177.55199532968567
1615, 177.40937165676667
1577, 177.39253366446036
2187, 177.33047405424557
778, 177.2579553507449
2188, 177.08847744119797
3319, 177.01287036997564
1580, 177.00309612778676
981, 176.94025146989605
1279, 176.9142926073866
717, 176.82443186899133
825, 176.77043499904988
961, 176.5198703854842
243, 176.45290973101785
2993, 176.44134446734571
2160, 176.37356516873396
1023, 176.25485188858724
2434, 176.17975383523745
3320, 176.1233682960822
817, 176.08018720093983
698, 175.9618780600264
1037, 175.9270267446455
23, 175.84902728071842
581, 175.81936833034428
1985, 175.5282376410387
24, 175.2895591224896
743, 175.25586097730394
955, 175.1923885646268
2431, 175.0438443103041
301, 175.02787632920845
2189, 174.86814947608715
1425, 174.5636114685124
27, 174.5408808755475
2145, 174.50793644083654
600, 174.5033230445629
1803, 174.43638540685194
2949, 174.14172384459442
2365, 174.12017991179732
2142, 173.74854111845818
247, 173.68185402044722
2095, 173.6473989893044
2360, 173.58721978529573
1977, 173.52637512173936
420, 173.49709376806686
1976, 173.49009843772512
1038, 173.4510829500789
815, 173.31196460734796
2072, 173.31000698896753
969, 173.2690235550198
2362, 173.2042813542571
1579, 173.15835233882635
960, 173.0500518968871
319, 172.99921388867637
808, 172.91486345894964
922, 172.8597865075144
2220, 172.63994078955596
2879, 172.37710353303336
1412, 172.02432664082994
709, 171.9085985691523
787, 171.86347390698697
528, 171.748520752086
2214, 171.72293898172686
1331, 171.48166428757574
560, 171.24880756660883
1404, 171.2060766237527
2181, 170.96380511299034
1473, 170.89427579428244
370, 170.8320563596053
2845, 170.78912753587315
1371, 170.42179633831805
999, 170.35051531279686
574, 170.315635856667
1308, 170.1981315899498
2829, 170.08023685972424
2122, 170.07908864519626
1523, 170.00647909036329
2219, 169.925669801139
1049, 169.80778119833042
242, 169.72530259739105
285, 169.58872982563008
1266, 169.47916317901257
691, 169.417249683436
2427, 169.39836250209237
2846, 169.38790666681183
1840, 169.31668535539166
1890, 169.25013476282479
1490, 169.2453646450178
2931, 169.05654730620145
2828, 169.03210231346998
2907, 168.97480368272272
1599, 168.9106807764162
1495, 168.8415403940493
601, 168.77360761199262
585, 168.75039715284925
2422, 168.60518777346064
419, 168.58479645114423
964, 168.5459765845415
804, 168.41196415459208
2996, 168.40990109235045
594, 168.38506661007074
1408, 168.19875887662076
1823, 168.174530003314
903, 168.16544590588384
418, 168.02757563305477
1314, 167.89462239458015
2858, 167.88588248247788
856, 167.87843330943957
2992, 167.86587619749318
313, 167.8244449712062
529, 167.73850741113097
1846, 167.4589607684515
789, 167.41512576154065
2173, 167.36033411667333
2231, 167.3357918460957
1510, 167.19501994548045
1839, 167.18629816524876
907, 167.15315698095844
1594, 167.0074634434476
2209, 166.9665572960868
2877, 166.94730738285674
1790, 166.90076909572642
1427, 166.8285430096162
1925, 166.7059825601976
2168, 166.6873991066078
1321, 166.6842590240085
1942, 166.63191539513767
2171, 166.61667837131586
1315, 166.57908107334035
972, 166.4450518252032
1508, 166.43839544915127
1527, 166.37748139176796
1289, 166.31757087946906
780, 166.289532369759
2905, 166.2695351567031
2228, 166.04831350072058
1887, 166.0036504532791
837, 165.87651733578335
393, 165.84393104024812
1369, 165.83682513489467
3026, 165.80573181338806
3229, 165.76890592998154
1501, 165.70995755451995
2200, 165.64550340537602
2206, 165.52005261409403
2165, 165.4559180414736
586, 165.41506997669183
1505, 165.35171658779583
1478, 165.2459406933705
593, 165.20776735993158
872, 165.00419589830932
2871, 164.87792805902433
845, 164.6849030802867
1348, 164.65105978371008
846, 164.6010814453548
1957, 164.57444276966493
1984, 164.5359198247236
3031, 164.3486894210043
1211, 164.31021482780162
2804, 164.20538722957428
3270, 164.06422297653134
2190, 163.95035935503068
3267, 163.94868552003038
2113, 163.87916193867719
2334, 163.80215930265265
558, 163.77525384148194
683, 163.662226249416
1421, 163.6037224672944
2998, 163.51516598112215
2837, 163.5027269002938
1512, 163.46434393761882
2150, 163.08207444727606
371, 162.9963389285405
2850, 162.98498206655444
2164, 162.96478716977626
1380, 162.94357789168234
928, 162.94231624381024
1361, 162.903899676551
696, 162.88843876459535
2084, 162.8464902841068
1488, 162.6890305146764
2256, 162.54236992172258
1001, 162.4774927513284
2841, 162.47477492105946
638, 162.43012811072842
2852, 162.4119032946164
1390, 162.34692559521253
657, 162.26625365202463
1494, 162.2451011603924
307, 162.22666851132024
919, 162.21339751979602
2321, 162.17041915289465
1389, 162.1239861051035
1426, 162.12359857262808
1322, 162.10947774017896
1983, 162.06269454745828
1455, 162.05488749808163
886, 162.0439437170206
2115, 161.86466401445094
1481, 161.83926425386827
839, 161.78745305206346
1986, 161.77954010871397
1828, 161.65423516394176
661, 161.51661807961875
1792, 161.3677772436109
775, 161.27422202686253
784, 161.25458842400184
2324, 161.24420794869505
26, 161.15411847844138
821, 161.05702989709363
987, 160.8932263223269
3321, 160.85957546742804
2439, 160.78871066833915
1883, 160.73691757489067
1268, 160.7267217764505
902, 160.72394264803853
1578, 160.71865873600876
599, 160.6121806417133
993, 160.49338180907776
639, 160.48372838670014
1820, 160.42324753988862
602, 160.41696550648427
3002, 160.40605328987485
2120, 160.3310423313156
708, 160.30403393523065
2229, 160.29750047275195
606, 160.25872068826666
2940, 160.1707484123218
1549, 160.15134203093373
1863, 160.09122847617442
1396, 160.07579923082994
2839, 160.07483577404759
2125, 159.99181389579982
2372, 159.92720696142595
659, 159.82438689144672
2117, 159.8237730090471
584, 159.64467442699257
3014, 159.63029906994802
3268, 159.60279690917582
938, 159.58410509657347
1493, 159.5428196346623
2230, 159.47389579123225
855, 159.44365314298165
718, 159.35680796668814
777, 159.2957279537806
1050, 159.21812502577515
1345, 159.14830108106554
2255, 159.07337015490052
2929, 159.02794847195864
790, 159.01221657563786
1614, 158.96370478079734
665, 158.92241736364727
690, 158.87215952124296
2359, 158.82940539531495
730, 158.81330092505857
2831, 158.80332813303224
1339, 158.79531714617767
1271, 158.75814206105474
2994, 158.73297242534844
840, 158.63779535164906
2851, 158.61555297499712
1377, 158.58551551856925
776, 158.5715987434954
882, 158.48628151746502
1622, 158.4836448144569
1908, 158.40597159785375
853, 158.39800200264006
1312, 158.39683568030563
664, 158.3505238478583
2922, 158.34380832655447
798, 158.3035980602003
2116, 158.297471054273
711, 158.2846040989347
2928, 158.2703060845474
849, 158.2425377254268
989, 158.23855055614757
230, 158.23136879274196
1886, 158.22163956800972
235, 158.22092058177952
2162, 158.2181890463471
1295, 158.2163760574056
971, 158.09693550291217
2750, 157.97744686201614
1398, 157.96698262290792
1601, 157.9258661243405
315, 157.8289401729576
306, 157.8289401729576
1413, 157.8052467652891
927, 157.69600426324783
2237, 157.65689867108446
970, 157.65277173701813
1474, 157.54969968679814
752, 157.54721623886286
2844, 157.49898410351682
564, 157.4404002151257
892, 157.40678341565985
867, 157.39454570884791
1330, 157.35592351164468
1343, 157.29356958343354
1014, 157.1026575394015
1550, 156.90506640794064
1511, 156.84436959485743
256, 156.80478858979654
572, 156.75284649984377
559, 156.52748504753345
2908, 156.49456287273316
2898, 156.48219161512233
3272, 156.47995414995017
1561, 156.41114731581396
1555, 156.33620238942717
525, 156.3337238182113
723, 156.26665668254174
847, 156.09485351713732
1278, 156.07426734719922
1368, 156.0566952289296
2888, 155.99148283717838
1815, 155.9734471588218
785, 155.94852321276247
850, 155.94429165233385
1544, 155.84150143792382
1920, 155.82928641965202
1378, 155.8118359989227
1902, 155.78356680074327
1273, 155.7530703744871
1825, 155.7301266117032
577, 155.72717097726238
1392, 155.72339788204263
1352, 155.68542473235988
689, 155.62283241895264
569, 155.61822453227313
2376, 155.61286776473835
1926, 155.60366763161153
2361, 155.5676262933739
1539, 155.56715806585441
2213, 155.54757828428978
1829, 155.54386605926757
1420, 155.42303747390207
2141, 155.3208072929743
1393, 155.31173885952856
1959, 155.20774970481386
1417, 155.1894399075373
797, 155.15527962762812
1422, 155.131818810256
774, 155.02787053007867
713, 154.9944014565365
3045, 154.96820671527644
573, 154.96348176154387
1500, 154.9601278505965
770, 154.940639939405
795, 154.8229009356788
2366, 154.7641952942045
1293, 154.6757933667004
1804, 154.63752494825832
636, 154.62394346434624
1006, 154.6195325640135
2227, 154.58128795870172
1285, 154.543240782851
1989, 154.53787538290152
3043, 154.50771209182105
2369, 154.3359913084247
2884, 154.32904060682938
822, 154.32891508295924
779, 154.2542964033933
918, 154.23104210674543
240, 154.20019437886546
2899, 154.19653841462187
2254, 154.19552761328964
1158, 154.08633134785995
2903, 154.08021644754825
1400, 154.0275831662592
635, 154.01216134828266
1480, 153.9493300543236
879, 153.94578366690823
992, 153.94025541034893
900, 153.899765528114
694, 153.8950397343142
2245, 153.88981173053148
2547, 153.88223387151592
2121, 153.86339171397645
1475, 153.81416059139036
871, 153.81109037287533
364, 153.7775617985333
1409, 153.73447448772404
876, 153.71167148212893
854, 153.69910771290824
231, 153.66067710159697
2166, 153.6499875408831
2131, 153.60387006365536
2830, 153.4727006214789
1370, 153.43378864407921
983, 153.38200434391965
933, 153.3359931941901
868, 153.26012555868573
1280, 153.19972844311863
2881, 153.1702011228478
673, 153.136290224342
3030, 153.06578141046373
2432, 153.01147143331352
1411, 152.97385164415496
1817, 152.86922322517003
3044, 152.8265421269703
741, 152.76665308580087
2154, 152.61418312938093
2926, 152.58653041022248
2198, 152.57071017219803
1830, 152.5126498763127
1909, 152.37796926936895
1419, 152.35750009153728
2882, 152.25675734426036
693, 152.19090181449852
1491, 152.19051662891462
2199, 152.17795947805496
896, 152.1711439302589
883, 152.14026279301024
1915, 151.93522024055795
1367, 151.90803400846315
937, 151.82391712774762
597, 151.78928121408268
257, 151.78680290513705
2163, 151.61393410992838
948, 151.58175367600936
946, 151.54852456028885
1888, 151.5303893738807
2114, 151.52705379397221
323, 151.51686670487382
311, 151.51686670487382
1382, 151.39708534677325
672, 151.38675540460528
2246, 151.37649070343605
2875, 151.36845543622675
887, 151.36652930812505
1498, 151.3530771960895
1791, 151.31868659838563
755, 151.29169336809187
1403, 151.2564402966432
3271, 151.25173584187624
614, 151.22453634610508
725, 151.21838173285883
1835, 151.21681775876047
1346, 151.20726351593808
675, 151.17610960798316
764, 151.1741894200521
2423, 151.16386147987808
935, 151.1357858297165
759, 151.10659928483358
1831, 151.01781064117114
1841, 150.98557508471444
1904, 150.96593032639134
2937, 150.92141641904277
2897, 150.9091179188332
2148, 150.8348563381606
1372, 150.7896813727021
567, 150.77255237581957
1906, 150.7626295380325
763, 150.73267864655458
656, 150.7185538895776
1036, 150.6069717089347
985, 150.5742690189828
253, 150.51771473835984
924, 150.4458614350248
1328, 150.3396422217579
236, 150.33238405082977
2138, 150.32272371476782
870, 150.20627959792748
2323, 150.19008178491796
2319, 150.18869145799917
2952, 150.11538671153826
766, 150.10946810566895
963, 150.10727990970543
2842, 150.05158638619824
1277, 150.05093708911267
714, 150.04409350196892
782, 149.9872307648619
1618, 149.96965911610974
645, 149.96759078165508
346, 149.93422351897138
674, 149.90086199257166
704, 149.83685143600476
565, 149.8153325245296
1387, 149.771154131325
1292, 149.74744481434226
1458, 149.70527125092121
1981, 149.67117498497424
984, 149.66451907120629
1405, 149.60891172793615
1486, 149.54595528911682
742, 149.5157499320896
2123, 149.46614562351482
3068, 149.44759905999396
932, 149.43876577709636
1801, 149.4204151845785
2216, 149.3959237266949
2872, 149.38742540384507
1595, 149.37919654354457
2146, 149.3362591800723
312, 149.31635857744462
942, 149.19333677697756
2921, 149.18092912929538
1288, 149.14082400841392
728, 149.13618578174734
1944, 149.13338814357826
351, 149.11878383645382
2891, 149.04571903178152
646, 148.98837751214586
697, 148.954657463333
2430, 148.8869992672561
603, 148.8859693510785
800, 148.88025327927278
1327, 148.87395755724583
1353, 148.8532985793403
1415, 148.8532821555068
1374, 148.82807485989008
1291, 148.82308820295583
1934, 148.800698676667
761, 148.7521282601242
2927, 148.6914045552108
1782, 148.66296315454272
783, 148.62730426566085
1388, 148.60278576443872
2331, 148.5883022522207
3037, 148.55686187151082
1018, 148.5534310320238
836, 148.52512684424138
3027, 148.46890268256075
374, 148.39841905333904
1357, 148.36877177038818
568, 148.36777295535578
1772, 148.35858505242365
1927, 148.31450411789925
2854, 148.284180406299
959, 148.27557276851675
31, 148.22080043896557
2911, 148.2204123218079
1992, 148.1734916701179
347, 148.16662205034714
1563, 148.16501375270389
701, 148.15719547318244
897, 148.12052839299207
1021, 148.09135512953625
1272, 148.07648504248357
1391, 148.06121874530604
813, 148.04690037785673
1340, 147.97979981214095
1323, 147.97488606382475
1297, 147.93933426792367
640, 147.9001985896457
1905, 147.8938866169999
1275, 147.8912730298473
2169, 147.8826852679509
2840, 147.87160916301704
1524, 147.8668959654549
720, 147.84995650531113
1548, 147.82097768985713
1554, 147.81519472797302
1499, 147.78754691570242
2202, 147.76258457184548
324, 147.75819306327392
986, 147.67863507056555
660, 147.66635126248104
1270, 147.63912752256994
750, 147.54762127071695
1789, 147.54380367280146
796, 147.51223451948763
925, 147.50264727988267
705, 147.4718038593584
1982, 147.4113367921169
2833, 147.37323981421582
1809, 147.3613644576265
3038, 147.35822787558135
740, 147.2933594117782
246, 147.2725845050076
623, 147.26332262524238
2119, 147.2400854855635
2136, 147.19354380712832
827, 147.14785170017072
828, 146.9486550687659
792, 146.93742061788402
2849, 146.93546004652652
1506, 146.9338140448459
2410, 146.88646388003775
908, 146.87565657938887
962, 146.86379893807336
1453, 146.812244575538
1020, 146.7348837431945
616, 146.7098373155408
2233, 146.66042011422618
2130, 146.6577373036736
2183, 146.57649163036584
843, 146.46012209285254
258, 146.4578010900069
1294, 146.3582952329834
2847, 146.30025881209437
2140, 146.25782272165193
799, 146.246815258214
1009, 146.22034329750224
934, 146.18853764077042
2175, 146.16466746769837
1598, 146.16433484534545
2938, 146.16363994387473
2946, 146.1033447276388
692, 146.0096211041502
1265, 145.91320068824484
2129, 145.90434826563026
3448, 145.81225024183396
1318, 145.7737861477693
707, 145.67487459819722
710, 145.671469470071
422, 145.6505910802945
930, 145.6093174806591
2947, 145.60347277548638
1819, 145.55287529626
2373, 145.5147922644344
1469, 145.47982427185303
801, 145.42342158107158
926, 145.3806290634189
2377, 145.25339001990696
350, 145.22039837142142
1329, 145.19536092814494
2232, 145.10335181684138
363, 145.07656417464472
722, 145.02946606064114
2375, 144.99656795432102
967, 144.89983275842164
2336, 144.8832706727402
1354, 144.8743023835643
1479, 144.85551496098924
905, 144.84703032803128
1485, 144.7674384712849
566, 144.74296997121596
977, 144.67152107313686
1921, 144.56517237679157
1786, 144.53077106434958
1836, 144.4658961372248
238, 144.4476435751614
1673, 144.43845348763523
904, 144.43077373636896
1779, 144.41989490331417
893, 144.39265322072131
1365, 144.3048966842052
2176, 144.22113653244378
834, 144.1831061667211
314, 144.14082336260392
576, 144.13705401214088
952, 144.10411628535113
824, 144.10400191317532
754, 144.08550083263788
3034, 144.00132066245402
2933, 143.95608824627445
241, 143.92847462158974
1808, 143.91790107981996
2222, 143.8997531685092
973, 143.86996783553292
2133, 143.8687097462741
1492, 143.85841079611916
1935, 143.80097588992726
1949, 143.7968947303061
1930, 143.73911285011295
2826, 143.55321597337226
1928, 143.49469612813618
3230, 143.41826041321482
352, 143.36199187301602
1022, 143.2890905413746
596, 143.20830025100443
2247, 143.08871041101196
658, 143.05672330099745
2403, 143.02195864981064
2950, 142.897006690472
911, 142.85696204481744
2876, 142.83771981674235
1620, 142.82199131372388
765, 142.75237635503697
1954, 142.73068863120577
1504, 142.6594576262324
1837, 142.62899859419426
320, 142.59128071658574
931, 142.47908131982538
810, 142.45601398823138
1582, 142.413009710104
976, 142.4031055009475
1900, 142.38406493359102
1950, 142.34857779945614
1777, 142.32593825162934
1591, 142.2963778163043
667, 142.28647311771485
1414, 142.27445641528388
1320, 142.25190581477335
342, 142.24374175709698
1799, 142.13370128670144
2144, 142.0996183079558
1898, 142.09325260258447
929, 142.09250333720902
2325, 142.05726686852236
729, 142.05377990549286
1282, 142.0379480073395
831, 142.03704785745137
880, 141.9530780133715
2902, 141.87843077876536
1319, 141.81600121968722
706, 141.78700214035908
1017, 141.76147943177483
899, 141.73408051745756
873, 141.7231652404624
2322, 141.7195820390505
898, 141.6922813124155
618, 141.672321592791
910, 141.61744932388518
702, 141.60359128637558
1778, 141.5969028930709
1007, 141.5870273023445
2426, 141.57228716016468
2939, 141.5241956337853
865, 141.4166127539948
979, 141.3072541295842
270, 141.28907056844673
1326, 141.27180444740932
994, 141.24867157693663
1010, 141.22561685363058
1953, 141.21236610455324
1332, 141.11823295158604
325, 141.10219603616292
703, 141.05772613459433
1470, 141.0503030236504
644, 141.04183455740295
2425, 141.0395181509186
1351, 141.01718654851345
609, 141.0042873722786
2367, 140.9691416900193
2327, 140.88417617100947
633, 140.86942421935896
724, 140.85345409288956
830, 140.70640234815727
1540, 140.6816133676594
632, 140.61601462795028
354, 140.6047437219425
807, 140.5778011705382
1476, 140.57027071690945
269, 140.57011632449854
2126, 140.5332494224979
1827, 140.52275830945942
2370, 140.51341216111095
1394, 140.4942264154963
2436, 140.46741680258285
239, 140.44833393073384
943, 140.3810936536212
866, 140.37699582155958
875, 140.36682543831998
2880, 140.36560614611514
1385, 140.36124585704923
631, 140.32901801335083
712, 140.32786888996256
1569, 140.31844955528535
944, 140.29315639976582
1932, 140.2503318685659
982, 140.24682152917222
1402, 140.1931846795877
2330, 140.13228496711557
1832, 140.08148775972694
1483, 140.0001347687607
2000, 139.9959702071072
1362, 139.95247833649677
2874, 139.91759761854686
1769, 139.8211852709091
1304, 139.81578327780335
1416, 139.79239023189214
1335, 139.78644617583288
604, 139.77517898853054
1568, 139.76725919502553
3015, 139.74513639663815
1359, 139.72886326449705
1401, 139.72740890573596
1311, 139.66721713621638
1834, 139.56265017409592
666, 139.56108436974324
1080, 139.5277222480881
1551, 139.47559139020908
1286, 139.46417021909912
891, 139.44859928141236
858, 139.42854956030797
2156, 139.40876254043064
958, 139.40173509234376
3012, 139.36649241293168
1011, 139.36625558639838
2251, 139.3598735377285
668, 139.33066133144405
684, 139.23126740135106
624, 139.23126740135106
3024, 139.21556405344404
1366, 139.16304381646404
1489, 139.12661106339777
996, 139.095890482139
2186, 139.08930499817424
949, 139.06078747208457
990, 139.03620567972027
2172, 138.97084655954222
2317, 138.94205588278356
1325, 138.9289624822911
598, 138.85142484304433
1303, 138.8442316410265
687, 138.82414918488715
1383, 138.77304053686888
974, 138.73195027454048
954, 138.66776580005916
1529, 138.66401114724212
653, 138.62019423433884
1619, 138.51665316397916
998, 138.34286163752594
648, 138.34286163752594
595, 138.32832002534892
2149, 138.3105174878132
819, 138.3016659245505
1307, 138.17447359396206
1522, 138.131759344633
245, 138.0889721370095
1008, 138.0624682459388
620, 137.9812382368427
1281, 137.9669983333781
2941, 137.90065506622804
2201, 137.84331015812282
1946, 137.83501711056087
3022, 137.82060328189468
721, 137.74355352784775
1016, 137.72362619374925
1918, 137.71021995798822
2197, 137.69482835097577
1055, 137.66633260847658
229, 137.5548025529106
1774, 137.52170591889114
1342, 137.51094602418297
1528, 137.44443191296523
1606, 137.38424749590934
1341, 137.36608728530203
1956, 137.31792217504454
1192, 137.29366388604123
2326, 137.288405757834
818, 137.27548016775793
829, 137.20301548709088
1903, 137.17952592021805
2151, 137.15975564993948
1507, 137.155265055427
1276, 137.10995484120895
2127, 137.1041724077282
1305, 137.07707217171694
2132, 137.036804025056
1937, 137.01169447791602
753, 137.0003553574569
1015, 136.95442496067471
271, 136.93749592200547
2934, 136.87283075235501
688, 136.83159014834197
327, 136.8040184381624
2332, 136.80161705369633
975, 136.7238654010382
2159, 136.6426702595628
3035, 136.6007020752169
2834, 136.5787568258824
1296, 136.57331295979563
2281, 136.5720550622499
1376, 136.53875330230525
805, 136.48384438916372
662, 136.44748288738674
1787, 136.41471118807107
1482, 136.35654076335658
1833, 136.30478636934788
726, 136.3011126387214
1948, 136.24143502456906
2437, 136.1938745876091
1344, 136.15660316908162
1783, 136.07391197424235
2906, 136.06168244155725
2147, 136.01131756706954
339, 135.96577362992812
1317, 135.95165300713296
1284, 135.9516146897493
3450, 135.93195478643332
1496, 135.90375154795356
1916, 135.86529722360578
756, 135.84719799842713
700, 135.80464211801646
888, 135.71380141133045
340, 135.69880700244414
384, 135.59909657104956
1503, 135.56038941058426
390, 135.50420591259925
1497, 135.3812325513517
361, 135.37471041257805
1654, 135.31346899677354
1990, 135.18674649903062
1952, 135.1533286972904
1922, 135.13502207347742
2895, 135.1111230443974
2225, 135.10843319368144
1333, 135.0656699348597
1407, 135.04063366913297
1621, 134.97999304717928
1896, 134.9749513945598
2954, 134.96889401435268
1399, 134.93527907802377
751, 134.8659508119518
2835, 134.85491367461205
367, 134.80440284333145
1044, 134.68447580603097
806, 134.66661380062598
747, 134.63163391422358
771, 134.60431690053736
1570, 134.48179520508413
1767, 134.41280127494423
3273, 134.37976767314842
1897, 134.3624134734445
1386, 134.35652711597606
1565, 134.35489891165818
605, 134.315075153064
571, 134.2379694846267
842, 134.18002314778315
621, 134.14025926328904
997, 134.04179552746066
2328, 134.0103465977275
715, 134.0020484927275
1556, 133.98934610951082
2161, 133.92741981669656
349, 133.87167955759168
1793, 133.85229970193197
2215, 133.799078551428
1766, 133.78202378726647
1472, 133.7721647870646
2221, 133.76737215951158
1553, 133.73423539721165
968, 133.72355363132357
2112, 133.6835979600349
1019, 133.5821073571747
878, 133.54483972908224
719, 133.43117970311724
1056, 133.37385216964555
317, 133.35913183240268
309, 133.35913183240268
1929, 133.35381829425896
2418, 133.3435160657482
894, 133.30976610919518
2178, 133.28081322026026
2250, 133.1944576486421
1471, 133.1904859313162
812, 133.04163094450846
760, 133.00725586164205
1013, 132.97596116238594
2932, 132.92242649298154
769, 132.8129953597434
1349, 132.80392692252894
357, 132.71312330372936
1538, 132.68056748149777
695, 132.67222055672224
2374, 132.6607689058845
1375, 132.63377449713244
2241, 132.62231307472172
890, 132.54814627107925
318, 132.52367327877872
2329, 132.4541550011789
2957, 132.4476905311948
366, 132.40317393242378
1936, 132.3759144715633
767, 132.35593760506134
3001, 132.31562834197055
1796, 132.27578420999558
360, 132.16216798549607
1757, 132.13826380977406
1899, 132.09553782475382
947, 132.07266666038055
1534, 131.98677475521265
2843, 131.82926365507163
2174, 131.6521463686936
940, 131.58654487136582
1938, 131.57703342149867
1395, 131.40254113577078
2128, 131.2201333370053
3013, 131.20093203541245
1360, 131.18063836098153
877, 131.1049037037182
739, 131.0822036637273
627, 130.98554490979245
345, 130.92961520585462
2893, 130.8711731892044
2420, 130.77917709689117
2883, 130.6511550300962
570, 130.61590678067464
244, 130.52093697954166
809, 130.49964870631982
811, 130.47161763772962
3224, 130.4497863443477
1805, 130.4241587135372
2901, 130.41731105253518
1363, 130.30554290986723
1283, 130.22270379181285
2155, 130.21153925113254
2073, 130.18966506336582
869, 130.11179214819083
2335, 130.08819480788713
2363, 130.0150932281356
978, 129.93460530260992
835, 129.93108586846137
1313, 129.9178564379857
2886, 129.7725450718407
3011, 129.76381233335204
2253, 129.6832259103269
2137, 129.5841087696376
1797, 129.55779471030604
915, 129.5439569269505
1917, 129.3369732093971
2118, 129.30046407649027
1592, 129.24118601506683
1955, 129.21810783750678
1923, 129.1852074913452
3451, 129.11106077256133
308, 129.0978090227338
2234, 129.08190938759563
2885, 128.99554328995941
587, 128.96393464608678
950, 128.93842752788814
348, 128.8735438411852
1988, 128.8622892866309
1334, 128.83806201464188
1924, 128.80665351596878
1338, 128.71908556332994
995, 128.70971657600953
3023, 128.6361334705112
359, 128.54652498707836
1945, 128.5450383668044
322, 128.47059578089244
310, 128.47059578089244
1337, 128.39433001594202
1609, 128.38833243104824
2371, 128.3646587089231
1546, 128.28410023120634
592, 128.25752004902094
758, 128.20255667649548
921, 128.17945945543903
749, 128.09515871619496
2892, 128.0803635071474
2729, 128.04869379178058
1552, 127.97573578207462
3449, 127.96288023790784
2182, 127.93146343852708
2368, 127.92108014004931
610, 127.91517514990282
2887, 127.90749031732554
833, 127.87681332294285
355, 127.84709444267773
652, 127.78980202850147
625, 127.75704749504273
2848, 127.55584389933612
3412, 127.48408247865105
1816, 127.44536991831536
1933, 127.33681342441346
2838, 127.32538163579066
589, 127.2619134023193
1901, 127.12347543880668
1545, 127.11417751704104
1812, 127.05811122690402
1987, 126.81825789686654
622, 126.79079910028693
941, 126.59894368085773
2827, 126.54278156269528
1802, 126.48597969981002
578, 126.45993689032782
874, 126.45903773551247
2943, 126.44801126931995
2944, 126.40920298695832
2836, 126.36747481054951
2995, 126.34467920562453
1947, 126.3030538164917
3218, 126.28291505135451
889, 126.25830707306947
1798, 126.24207792206427
991, 126.23015743138195
1845, 126.15344949499203
630, 126.1317066736819
2955, 126.11201610811935
233, 126.01237701869137
1843, 125.96281254130305
1000, 125.79601565323813
1602, 125.79204891767223
1290, 125.6533087897057
2316, 125.60929759696702
1763, 125.56456838568252
2001, 125.50647477223417
951, 125.4188159846243
1350, 125.41176873658677
343, 125.35689208695122
1310, 124.97137523798914
362, 124.94314520481616
1844, 124.90114983145779
988, 124.89022040129365
909, 124.79024996808447
1005, 124.76308665046336
2357, 124.74108026004419
25, 124.44215514002097
617, 124.41849472797307
1379, 124.3672617919829
2896, 124.29073471503183
841, 124.12638227881985
1384, 124.05641815732547
1547, 124.03021198696517
802, 123.91265609490854
1821, 123.6978920655874
2945, 123.69529234297866
1826, 123.66355872838795
1775, 123.56034563407673
486, 123.55805799432278
1541, 123.53229121103158
2855, 123.38292332401332
2894, 123.33594812287576
1795, 123.13724440137123
2930, 123.04826857748925
591, 123.02229781195673
2870, 122.90706101152487
356, 122.77981769257332
1526, 122.63099718045414
341, 122.60345151492602
391, 122.29457122869083
2402, 122.28578020498965
794, 122.09161058437782
1012, 121.94624708426228
1842, 121.92772865995641
2890, 121.91682007270806
1762, 121.9071760988752
772, 121.67985991256164
1347, 121.4643081018136
2358, 121.42813849869087
2248, 121.39411033387664
2333, 121.36736215293156
1373, 121.18484551025522
1355, 121.12134167334625
2873, 121.10761835446648
1784, 121.04698014597052
1931, 120.64277642014119
939, 120.43691405938665
1532, 120.38736526522369
403, 120.33021615882858
1613, 120.14160470250388
1542, 120.07577108859894
2364, 120.01628109820335
2935, 120.00682442052648
1616, 119.70027493690924
884, 119.45381223140029
2904, 119.44454431648008
3036, 119.41005476800949
1764, 119.34372670237778
629, 119.31080388649859
2143, 119.28782652390849
1919, 119.2392053825529
628, 119.21309328528065
1768, 118.96097362023593
3220, 118.87536789526082
344, 118.6965936590985
1781, 118.4099420966634
1274, 118.33967321050328
1190, 118.30066302653653
1765, 118.27418822441085
2942, 117.4279931802057
793, 117.13524615379583
2865, 117.07195664852196
316, 115.50625251085945
901, 114.89277823881281
1287, 114.33832678221425
1064, 113.99036608511696
1564, 113.92399406098177
1267, 113.36974407437843
516, 113.08545719662521
1468, 112.88772063768458
3219, 112.86021120071297
1364, 112.53599881174577
3216, 112.19447505831457
3223, 111.49220142856073
3221, 110.29770450460944
3222, 109.9613898114441
3217, 109.21314682341328
3145, 108.8807190121197
2867, 107.40125573983734
3411, 107.17894836802955
1358, 106.89891960238775
1862, 106.66780931366728
1264, 106.1621101601543
2012, 105.69939082840042
2739, 105.00346445504235
519, 98.69617269393349
1157, 98.64289440296885
493, 97.89051142342015
3121, 95.11734280738747
183, 90.35428297540732
3161, 87.90011667204537
1612, 83.24521630489706
