1851, 7048.032053844191
220, 6775.4124156740145
2791, 5653.701974529711
3203, 5505.375837559604
3167, 4977.25880500902
2790, 4917.065379369114
2964, 4596.9081041496
3210, 4487.994111888171
2737, 4207.779713640712
380, 4187.78154162146
3379, 4171.7647681006265
3172, 4155.081753925338
303, 4078.3499104369193
2777, 4076.6533051861848
501, 4019.017893709876
437, 3995.1964102276083
546, 3952.2536991977295
1997, 3873.893055945466
1215, 3863.2035948856205
1912, 3830.8813421071895
202, 3812.187280223585
180, 3769.4998489960794
3054, 3756.4120159784975
152, 3719.785961976729
2963, 3670.6795702540535
3065, 3665.4526716344317
175, 3645.3422082118236
3142, 3641.7115509070036
1233, 3584.648494236641
1994, 3556.7986732599047
334, 3534.766934528571
200, 3527.9904493738745
3389, 3525.911843500516
1076, 3516.1339291271
3212, 3380.608382868748
3118, 3376.1820473506773
3107, 3366.777935226202
2022, 3356.407021418443
557, 3351.354593326966
331, 3330.0923944424558
3182, 3277.887133913819
471, 3245.1980386206114
456, 3243.3907140727893
1975, 3241.434919022495
213, 3239.275758063093
2764, 3239.019210485636
3069, 3230.950344792501
1032, 3225.1865548756573
295, 3210.0063165365596
3385, 3203.8795192132984
478, 3180.8091301669338
142, 3164.4675467389575
3434, 3147.6415168247813
2059, 3126.8667182652957
1234, 3119.592264547149
494, 3107.8221771189524
3046, 3090.35204764107
3114, 3073.9951721681146
483, 3068.419145517311
1584, 3063.574248682556
1964, 3019.0545821072537
2011, 2996.0106537264537
2015, 2978.587637974396
207, 2978.4277710222614
3281, 2976.310460177475
3191, 2976.17874007369
1072, 2967.300198872485
1259, 2947.404032646461
1848, 2945.7030795781525
170, 2913.104568013345
554, 2912.787634193985
3445, 2904.7761473525184
3148, 2879.3962276067937
1583, 2859.9737710462027
3169, 2843.3116398062543
221, 2836.8424021051137
2807, 2826.135137538451
3401, 2806.424930109095
1585, 2798.2725894305663
3070, 2790.029475254639
3285, 2773.3441894845273
378, 2769.1805618257927
1040, 2764.4505839912936
2103, 2761.027090043124
296, 2758.642565216924
3032, 2747.075922038719
2394, 2747.049749779728
2075, 2739.3375138380584
3189, 2736.9238385942203
1111, 2732.2008552201673
3247, 2720.4456249740642
3404, 2714.928603500428
642, 2709.5790553467514
2026, 2709.4337217005655
451, 2693.2938138221057
297, 2676.020392304829
1448, 2673.923977783127
392, 2656.4156473098546
3135, 2652.6305633056845
464, 2642.3276601337393
2735, 2633.4924373176095
453, 2626.9529009810235
677, 2619.8901314972645
2740, 2605.5803947617223
669, 2595.8379255509108
3149, 2590.6938898021554
1995, 2584.0411626340538
3056, 2578.76342555445
482, 2573.910960146994
2792, 2563.5510324441657
3205, 2538.586944642413
3010, 2533.8384927572633
441, 2523.714202309859
1075, 2522.5952308659807
284, 2517.36568858613
3128, 2486.20443466737
2766, 2482.78565428158
3424, 2465.968627550614
3155, 2459.723926523451
3275, 2452.8248461188355
467, 2450.243844956376
2786, 2449.049675849311
146, 2422.5001295374573
1980, 2421.090966991515
3173, 2411.523040397954
3077, 2408.580011538128
1230, 2379.0173808997797
1077, 2378.992605306755
130, 2372.1224747499514
3185, 2368.6533747945896
40, 2367.7102467374452
3302, 2338.9652340657617
3108, 2338.3925830757503
3341, 2324.881464925735
2265, 2324.211898880986
332, 2323.7295948153055
1090, 2319.336633686278
3049, 2288.303961955757
3303, 2284.5064770437534
3072, 2270.179875761342
159, 2262.2216633169323
1736, 2255.733696445046
458, 2248.6945601681196
2050, 2246.3684650400733
505, 2244.7972010324866
3098, 2243.7581991654106
2006, 2243.6218872896015
2099, 2243.0324144208835
2863, 2237.718951476012
1239, 2235.4604831618944
3174, 2225.3942335067454
1086, 2221.109357445118
3208, 2216.018859010793
2774, 2211.832270938161
488, 2205.6088902794636
3214, 2201.3158145983443
3298, 2200.211255273259
158, 2198.399341499371
37, 2197.514238555472
3388, 2193.8169954141476
1071, 2190.637892064664
3244, 2190.6159816514432
227, 2187.5503367234537
481, 2181.791583216878
496, 2175.6910933529525
466, 2169.087740125152
2296, 2164.5775533471333
3386, 2159.7154643564804
136, 2155.0340967850457
2772, 2152.282960854788
79, 2146.248657298077
2016, 2143.7670103494884
41, 2135.9824152593774
263, 2130.985284363348
539, 2126.6963536934727
503, 2125.2370227588613
1991, 2125.007422222002
1228, 2121.909153968735
333, 2113.3029229146837
330, 2109.8907652707785
3382, 2109.340527785641
169, 2103.3822333065823
736, 2101.341361001602
204, 2086.0764131502765
2029, 2083.3203616306987
1098, 2082.0945362539264
328, 2078.9743519255035
289, 2077.521662459961
153, 2077.3696797244434
449, 2072.9776575681567
773, 2070.3255721294518
448, 2069.1980584987127
3447, 2059.889396543556
1126, 2050.5586927299596
3190, 2045.5539119921034
1027, 2038.2284159122628
2757, 2033.7224776662913
1117, 2032.8697244694345
3403, 2032.8486350393675
2989, 2031.6973165116915
335, 2029.3124765762661
3057, 2017.4417648088554
3089, 2014.7905387356457
2817, 2010.008152203065
3300, 2004.335424872109
174, 2003.0932909589267
203, 1995.1644377041303
480, 1988.2598196920928
3283, 1977.844932007742
368, 1974.4794728276825
2759, 1972.0243983484727
3409, 1969.566129583704
365, 1969.4432380345131
832, 1968.5025097608204
2767, 1958.9047631216022
208, 1956.7557876213796
444, 1951.90546366501
1770, 1951.738587128778
534, 1945.6852434576194
39, 1940.2525069154315
173, 1940.138838912888
147, 1937.2592646086894
475, 1928.648872261704
583, 1924.7754857351897
1252, 1922.6239239821716
1850, 1922.5399561814468
3093, 1915.471427753283
3408, 1907.5210661646777
3181, 1906.039096013986
864, 1905.4002684552845
3055, 1900.499206842808
272, 1892.7199015303431
3202, 1892.6632207855846
457, 1883.4316485727663
3058, 1882.58052346588
1533, 1880.2585702488568
299, 1877.2300013119025
820, 1870.998725379588
2744, 1860.548578209168
1026, 1859.4854791053613
1030, 1859.373380577059
1893, 1855.013953315227
1173, 1852.8426498123065
1911, 1848.3627908359945
852, 1846.950558971534
129, 1845.0376278416472
2274, 1842.249595673645
3292, 1841.9491186909813
428, 1839.17089351129
3226, 1834.5204941121046
731, 1828.9123004189726
373, 1825.6948367371563
3440, 1817.2689411108431
2734, 1810.7196478293358
2722, 1809.261389878899
532, 1806.5565158303796
3175, 1804.8032478307348
1110, 1802.0333625103974
2986, 1800.7915944666345
1590, 1800.4270956907205
650, 1799.6297641084072
738, 1796.1582305624331
2027, 1796.0464901171601
262, 1795.0202661092467
1119, 1793.103156001685
1624, 1792.7045341204068
1676, 1790.7071704209816
3277, 1786.1286079059776
1432, 1782.6710002256846
2783, 1782.494060748982
401, 1779.2194916635522
2818, 1779.146683998124
2746, 1776.9099478753737
3437, 1774.4318967224503
1865, 1772.4065214592802
1105, 1772.1859269356144
1880, 1769.8268375332823
211, 1766.0916542314421
2013, 1764.1875285376314
3110, 1761.2277638621408
1437, 1748.5783739440128
3276, 1748.1959443982194
1443, 1746.4423049767195
3331, 1741.0139104206871
2070, 1738.571109818372
1690, 1738.4558286871923
479, 1737.0485038244387
3353, 1736.0587198757098
3381, 1735.8333165261336
3064, 1735.6458823541625
3245, 1731.5987205800664
2389, 1729.648791988592
3293, 1726.6340836767297
3317, 1724.574853494198
3227, 1719.7952703240214
2076, 1712.0787131039735
2053, 1710.5124869419792
2100, 1698.4884030589303
1870, 1695.3365054770968
1450, 1693.7872792939138
2263, 1689.6819256511353
132, 1681.9612016988845
443, 1680.6266278198354
2105, 1679.779840182295
582, 1679.441760812273
1100, 1677.6076019217992
1218, 1676.672662628537
2109, 1675.912806000801
45, 1675.6826777046863
1074, 1674.269353594809
485, 1673.792884158071
540, 1670.435871083016
860, 1665.9301438803425
1247, 1665.0670375172704
3370, 1662.2276281918018
535, 1659.944859198446
3042, 1654.2351785200171
2748, 1653.6319832693935
3166, 1650.0970632512694
3297, 1647.7578814222338
71, 1646.6923733563808
157, 1646.0432251446516
469, 1643.4607432691755
1060, 1642.5821374242432
415, 1642.550158433047
2018, 1639.9297073899518
1853, 1635.5378402365588
1089, 1633.921791396067
556, 1624.1724029223078
430, 1623.5894958635681
2968, 1621.349000257482
2754, 1620.8023667809975
906, 1617.0638642056044
1675, 1615.7916361482512
3348, 1615.6578609377339
2751, 1601.9534634121055
454, 1601.7911346846752
1603, 1596.2848982100472
2078, 1590.3446665285915
2990, 1587.7581889727435
608, 1586.3457164103156
1087, 1584.312559171861
1219, 1584.0452327653802
1444, 1583.6313058920437
1587, 1583.4983153562048
2973, 1583.2623177214155
3407, 1579.9785192019012
912, 1574.4427330561612
2045, 1574.3611311014497
1910, 1572.5250991722717
1973, 1566.3362097488468
191, 1563.6932751755976
161, 1560.7485183222468
2773, 1560.598046587451
1091, 1556.254902176296
2032, 1551.8473855598204
336, 1551.1488289454878
429, 1549.7247509416436
181, 1549.1192549605082
588, 1546.7260730816986
2033, 1543.6720632335134
171, 1540.1937314451618
3419, 1539.1578277872004
168, 1538.2398986794794
3159, 1536.542345293357
1256, 1533.898532330872
372, 1528.1277547336192
671, 1527.1742097894667
217, 1526.390903150419
2083, 1524.1762164258769
2820, 1522.814781766115
48, 1522.0032001420198
293, 1521.692786288076
75, 1517.6094575582258
470, 1515.7101933523384
2969, 1515.313577474716
550, 1514.0171074236196
1029, 1509.3979288745413
504, 1508.4405559263446
3176, 1507.9292470752396
2763, 1505.6604064886208
193, 1501.5678843164874
2776, 1494.0506908613036
1248, 1492.6132745220302
913, 1492.4356217531972
2920, 1492.1469846960579
1035, 1491.5251228796785
3209, 1490.3052423145302
495, 1487.7642158301758
1811, 1484.344873418088
468, 1481.8561219909652
1094, 1473.591426156987
462, 1473.5408227423395
2056, 1471.7884381238655
432, 1470.3783886163317
2388, 1467.8493679436776
2987, 1466.0598508456821
1993, 1465.7442312178998
148, 1465.4677098131044
2071, 1462.3687926472473
2069, 1461.1810801025208
2308, 1460.9137593245682
34, 1460.720034519614
3378, 1459.707442669164
410, 1455.6324265553421
188, 1454.9526803587503
433, 1453.357606184853
3083, 1452.9814093632308
2110, 1450.0692434962957
1963, 1447.7598277600077
2723, 1446.9193555365655
446, 1444.3867333640067
530, 1442.8688540023616
2088, 1442.8114047021345
435, 1439.192494631551
3426, 1426.8180295463058
288, 1423.015578968267
487, 1422.423832378254
2224, 1421.2177011340968
3287, 1420.455058635163
3079, 1416.2952944726683
3179, 1412.3969649496457
1235, 1408.0701208181315
816, 1405.0823782914795
222, 1401.528667183011
164, 1395.4213084888497
53, 1388.7842233212257
124, 1388.450078062863
3436, 1385.533094290858
676, 1384.4948333244004
1241, 1383.1887676246795
56, 1380.6804315195254
3119, 1380.6455550576482
1113, 1373.481475010678
1445, 1372.1550441917157
1260, 1368.639728002527
514, 1367.518039636567
2398, 1364.7648436881927
440, 1364.1891131643747
3196, 1360.5773535073686
3213, 1360.167377923132
52, 1359.4420037181014
1128, 1358.8453723981804
2424, 1357.5237280779681
264, 1355.6562515350647
2020, 1351.7155691131175
2622, 1351.4394451013777
452, 1347.9056643558135
3071, 1347.702183218416
126, 1346.6568809033088
2958, 1342.3231057914172
3435, 1338.7429195338188
2300, 1337.9823108859248
1876, 1332.3633120752504
3340, 1331.2483121866442
1058, 1330.4735972080193
1459, 1329.967302002314
1434, 1327.8005374274192
1433, 1327.8005374274192
3084, 1326.9845672323052
2086, 1325.7873037373508
737, 1320.8308906613554
3373, 1319.0073363417043
562, 1318.721946240233
3405, 1314.7317999202473
1913, 1312.1185624890772
3416, 1311.7828585497446
3106, 1311.527424081826
1680, 1307.4239834728473
176, 1307.1854796953712
2507, 1305.9506593740487
163, 1305.3796724368822
861, 1305.3715788178763
128, 1305.019666411369
3061, 1304.4279681020205
1066, 1304.202951834093
3073, 1302.9619313864803
2961, 1299.713330510034
423, 1299.4128268933798
2768, 1299.2378892273844
537, 1293.4533849445422
3151, 1293.2277147220477
206, 1280.1173117845153
119, 1279.3498368266667
2803, 1277.856502688737
151, 1271.205150933493
2068, 1269.3315636722446
3429, 1267.0477407505934
189, 1265.7513903970748
542, 1263.546957042928
3086, 1262.85309819976
862, 1262.664978883959
2302, 1261.8402047695022
3050, 1261.4234407616536
3286, 1260.8826722226047
3259, 1260.5772857681095
2091, 1259.4438246939433
3369, 1259.182971620168
123, 1259.1475130893857
155, 1255.9455167027947
881, 1254.894427897691
1531, 1252.2887857957392
274, 1245.2003737418368
251, 1236.46809768377
3291, 1236.3891558915593
1651, 1235.5527483081828
2055, 1234.5405373233768
607, 1234.4316052890983
3339, 1229.1769081243367
198, 1228.5614747247832
425, 1226.745700147506
502, 1225.6278275075642
2009, 1225.5156078630025
2981, 1225.1729968470966
2382, 1224.9716074301214
1466, 1222.5096435980008
283, 1219.3145366768729
139, 1216.877441249388
44, 1216.4358701802378
2348, 1216.2792167453113
2819, 1215.6614829478642
2753, 1215.6461597123505
3423, 1215.1690651215
2825, 1214.421896817842
1442, 1212.3198462466166
450, 1210.5608599815794
1115, 1209.4601394811286
2025, 1195.478871135706
2979, 1190.7421204590657
914, 1189.3407527030204
2391, 1189.293802669791
670, 1189.072661007412
1161, 1188.6681543597963
194, 1188.1931398311092
1236, 1187.7823079367881
547, 1183.6313590989992
2810, 1182.2367720878424
3199, 1181.1245053685373
389, 1179.2834997226905
3051, 1176.8925589258408
406, 1176.3267147131173
2548, 1176.294094655188
611, 1175.858674465367
1244, 1174.5191837094778
619, 1168.9515592250036
1689, 1166.5514812866022
1978, 1166.2258175255176
2024, 1165.4272026757194
1429, 1164.2491845472102
197, 1164.2071662115634
382, 1161.6062056279966
2988, 1159.9616105995246
154, 1159.3582255345923
381, 1155.434823091726
3280, 1152.1452516111283
140, 1151.4922815967745
3274, 1151.4020235411576
3246, 1150.5301092424447
2741, 1148.470753607149
1610, 1147.6736856458679
1849, 1147.4894672788612
476, 1146.2819076065364
1666, 1144.9262288147238
3192, 1144.1542278564443
1979, 1142.0556128399398
3153, 1139.6019147719069
2005, 1138.4147545058875
548, 1137.1659672725057
1102, 1135.7977225786879
383, 1135.4059552994456
1033, 1133.4111121375956
2811, 1128.8167007715595
1859, 1125.8055077442993
3125, 1124.1207748878833
3048, 1123.6264486581736
3371, 1121.4483221451592
2306, 1120.533220197016
1852, 1118.560264760523
1025, 1117.7828683617365
377, 1117.447190811737
1914, 1117.3570758940787
3315, 1116.2909673638055
2862, 1114.064604759282
447, 1110.8531476422315
2795, 1109.2516437081695
1611, 1109.084687917763
1456, 1108.0819857702518
3439, 1107.929806633236
1707, 1107.00323337413
1237, 1106.6440049850967
1132, 1103.735235652008
1245, 1103.186851563026
1686, 1102.176587405539
3178, 1100.747706259298
1221, 1100.4134404685788
414, 1098.3563774793956
1159, 1094.0611622480644
1002, 1091.0359473315302
424, 1090.042617429481
1031, 1089.4542724932423
2272, 1087.501791642558
165, 1086.740562563239
2965, 1083.7997700198473
1517, 1081.1172810742573
1732, 1079.379598138368
2298, 1076.3603421822393
1166, 1076.2851092537826
3334, 1074.6308226305935
2106, 1073.993786731424
3171, 1073.1976790636186
555, 1069.3954141138552
1083, 1068.517864353345
2108, 1068.1556740864978
1140, 1068.0625503731885
1856, 1066.2176879144838
228, 1065.9503873617628
1872, 1065.7014595301196
201, 1065.2331983537024
3133, 1063.0282875238845
1607, 1062.9708477378972
515, 1061.6161245795904
2381, 1059.7686808487715
1085, 1059.2594347682734
685, 1058.809990447139
531, 1057.3737950550828
3047, 1055.6191915432946
275, 1053.3106670739123
1042, 1052.799577479029
2918, 1051.3210828795588
1200, 1050.8256926224976
895, 1048.8132497734634
2238, 1046.7446886238001
1145, 1046.4560615845955
2951, 1043.0805246814311
3241, 1041.163051196335
3092, 1041.1277892217058
3413, 1040.955451271309
2808, 1040.5051221349217
552, 1039.9629910424076
3402, 1035.909743537221
266, 1035.659442772976
2297, 1034.2563726421674
1041, 1034.203659611874
379, 1033.0941364702269
3425, 1032.1731857541542
2765, 1031.8872074294427
3278, 1031.1266192868286
549, 1029.7421556266668
3418, 1029.6054022912328
3028, 1028.9586635790176
2736, 1027.7141393652814
2291, 1026.9974074287172
1243, 1025.7704943173787
3078, 1025.2518548422904
51, 1025.0138575079632
1449, 1023.1330764818009
543, 1021.433062139694
1589, 1018.100620012368
506, 1017.4395143478654
279, 1015.035740466786
3336, 1014.1223137617518
134, 1013.8474018825392
1742, 1006.0418664569163
1753, 1005.8771411734157
2343, 1005.8693236525621
3384, 1005.7989876955223
654, 1004.3527748531419
678, 1003.4968670505939
1677, 1002.9655396034555
3144, 1002.0582008656933
445, 1000.7070888300657
3139, 1000.2083331875594
1088, 999.5221984614811
98, 995.9272215998315
651, 993.9816077377195
57, 993.8225762844793
1586, 993.7813718651236
580, 993.686461849877
1212, 992.5461341422156
2041, 992.2570556266248
2309, 992.1552818310718
1084, 990.0582823467207
2813, 985.5978436089166
1143, 984.8480858211701
2798, 984.733185430118
563, 983.0114903715664
1122, 981.3562283857805
3204, 981.1500086311253
3170, 980.0362799582496
1738, 979.2491015888456
1857, 978.4701572352324
536, 977.8371463510434
3432, 976.7079615568787
463, 974.8366278290814
3410, 973.2795179644746
1172, 972.4615902968785
2919, 971.55149790081
2802, 970.9489385665377
294, 970.94794764466
2630, 970.4439758553092
3132, 969.8783979073819
426, 969.4173435543813
2975, 968.7527882325245
2974, 968.7527882325245
376, 968.3960195679509
1381, 968.1436972128537
1249, 967.7420170454182
1877, 967.6598349885547
3003, 967.600963842544
2354, 967.21910645592
2277, 965.9199433048378
2978, 965.6472435790414
1253, 965.6365370608349
1124, 965.2021756799654
3101, 965.1388988714697
1687, 963.9255601829252
1024, 962.7692315816142
1214, 961.9292474886331
2793, 957.9537080999515
85, 957.3235173657665
544, 955.7332148396574
538, 954.3552317613113
3143, 952.4062507084136
3062, 950.9551987954333
3206, 948.6838674665696
3095, 948.5220217944365
2301, 942.544826618008
1867, 939.2792980591975
2003, 938.4490673893957
2769, 937.8986705723881
3333, 937.7973156967282
1174, 937.7692547871767
3380, 937.7671601100585
3211, 937.4606442872043
1121, 937.1342022706913
1439, 935.5586379741068
2312, 935.0485251388048
3059, 934.8833481448119
82, 934.1870806436152
1101, 933.25323458781
2966, 930.8393603591817
3194, 930.1137558529488
613, 928.1569479391775
1855, 928.0540460640108
2749, 928.0418474041041
76, 927.8800354257393
3305, 926.997634997587
210, 924.3809073028855
1581, 922.8735207794712
3186, 922.0355764721662
1043, 921.5897740660054
46, 919.7986581282927
3421, 918.6642129021599
1179, 917.625034864515
1720, 917.1708280265719
172, 916.9461661320586
1725, 914.0718354037131
1187, 913.5711909157646
3433, 913.4885552277278
2962, 912.0511228219077
143, 911.486206970842
2789, 911.37155042957
1099, 910.4269353099774
2752, 910.0098639752148
2034, 909.5585547499065
3197, 908.4944463564971
1063, 906.8976632118641
3163, 905.9356257066652
2337, 905.6537828145508
1238, 904.7602871992829
3372, 903.800737867268
3332, 900.6918427557537
2417, 900.0510156912975
1961, 899.9086543803297
1229, 897.9160602616861
2651, 897.7743836632827
2261, 897.4516724697492
298, 896.7789306434137
3039, 896.6657791743727
473, 896.4277435680586
131, 896.1114487388679
3131, 895.5617369133384
3304, 895.543783224439
2267, 894.7916771058414
1604, 894.4077731431778
2483, 894.142176814351
1169, 893.9517607180892
2260, 893.843706537344
1096, 893.0793905520621
141, 892.4166316094398
1142, 890.0643554485526
1974, 889.9465140808704
2513, 888.9360388109767
649, 888.772094379844
1183, 887.9621705431513
2715, 887.4461897901815
3312, 887.4394157168637
2240, 887.2123149999611
1129, 884.800453212168
680, 884.5828521182026
3393, 883.2153704666468
3284, 882.0066149683561
655, 880.3256699175619
1095, 876.9843169051413
2, 875.5760768425764
2454, 874.6600789263659
1729, 873.284593481314
3294, 872.0690311389022
1722, 871.2425390095858
300, 870.8228319133482
3289, 870.7150224525567
523, 870.4258414523425
1627, 868.5900339764319
885, 866.8731397964522
74, 866.2158944815912
1854, 865.7653927962014
2985, 863.4859038081509
3327, 863.1244870853133
3198, 862.641499134795
1299, 861.6654701989814
3443, 860.5427280309679
2666, 859.8903839701392
748, 859.3281101005256
2392, 857.8898405236471
2396, 857.4909117610972
1069, 856.9439973847128
1177, 856.8109406029232
2549, 856.5133368367984
427, 855.7581840864624
1112, 854.9773464376791
431, 853.4260295175387
47, 852.7532865051033
1662, 852.682990410988
237, 851.9088321943627
2048, 851.1488080157945
35, 851.0457626828073
2019, 850.2163418598956
2104, 849.2247727346692
1874, 848.7608949781041
663, 847.4035051854959
3147, 845.7078469896559
2960, 844.8935885630582
3342, 844.8438714276823
1761, 843.8428523202984
3134, 840.0649925609193
2505, 840.0228447377667
3395, 839.6529422601687
178, 839.6134042096163
408, 838.5179654870468
1231, 837.2451431398682
1452, 836.2885636048009
2002, 835.3609383679982
1879, 833.4853798196838
2717, 832.9269257864078
1502, 832.2953653304984
1760, 831.431223159268
100, 831.0644319590269
1204, 830.0823877490913
2315, 829.4217535838621
3200, 828.8651289008944
2279, 827.0122291287979
1447, 826.8478443286832
1184, 826.172903173533
2288, 825.432089211378
2286, 825.3693941176499
397, 824.5103781361189
326, 824.234191656926
3396, 823.8765403001242
1193, 823.3977968909685
1125, 822.443513515869
2278, 822.4296335148712
2303, 821.6542065135969
643, 817.1759888171807
42, 817.0895151195241
1683, 816.3337827207224
2491, 816.3253961720152
1461, 816.1334172441954
1718, 815.3452305046403
1465, 815.16192511966
3354, 814.1768173782891
280, 814.0097026190131
3243, 812.8554265742217
2093, 812.1389926526762
125, 811.8279744244828
1646, 811.5921329740851
1695, 811.5756381628004
2546, 808.9680293790667
1070, 808.7235094107053
1685, 808.4329570940695
2080, 808.1335367104449
2508, 807.8153129681758
2257, 807.3401050765318
2948, 806.0693190801267
2307, 805.4543787257758
3115, 805.0038902416599
2314, 803.8653109782542
3441, 803.6215956099962
281, 802.7552360249008
3350, 801.7170455948645
3375, 800.7332431098865
2730, 800.2317085962383
2271, 799.8827720468407
407, 799.8073030001619
3420, 799.217272830953
1148, 798.0983988609089
61, 795.8880160193282
1669, 795.5084137822208
2747, 794.3975348626651
1226, 794.3969290039013
215, 793.6229099352616
3040, 793.0643717949498
491, 792.8688765760971
2294, 792.7087306381844
2733, 792.4710583517219
2797, 791.8236237097618
1217, 791.1966153947883
1203, 789.5558285793713
966, 789.3838986931169
439, 788.6151743561151
1875, 788.3489230742658
2721, 788.2305736489766
186, 787.6180699689376
1082, 787.2188367462971
1144, 786.8875012107823
2203, 786.8825072784497
2583, 786.4706816771838
3367, 786.4129307336685
679, 785.8121274663644
2310, 785.236899191316
1688, 784.8103093525117
73, 783.9906993915477
1232, 783.0689132745438
1464, 782.8685121832779
1436, 782.236275033304
1067, 782.1738818923974
1438, 781.7657168799664
2404, 781.4288067688702
2442, 780.6565323902801
2380, 780.262332514373
2008, 779.2831546268137
1678, 776.9968550864387
3120, 775.5324479047539
1625, 772.8130171630933
2252, 772.4233691006649
2280, 772.1938401594095
2742, 771.652890193623
2824, 770.745294832885
2566, 770.5646700622835
2419, 768.7138593658473
2269, 768.5021799916802
2671, 768.2657429678478
77, 767.574024297985
3117, 767.478088535641
91, 766.928238266449
521, 766.5386122557062
499, 766.2329170404421
733, 765.9473602802989
956, 765.5978774302145
3141, 764.9290935991008
851, 764.2778561838626
1139, 762.183670037789
84, 762.0649459950888
455, 762.0616316693266
2421, 761.1818121414218
1059, 760.3602432956563
1104, 759.7963379856088
2386, 759.7103134335231
1254, 759.3917907937874
2218, 758.9333813294048
2285, 758.925201232654
3351, 758.4004635142676
1773, 758.0996946727868
1513, 757.966308116561
1263, 757.378595267095
1746, 757.3619793239006
732, 756.8103261411061
2794, 756.0618007131526
2014, 754.9347824197721
1708, 754.8953823812603
3154, 753.4960227994729
1301, 753.4672910634787
3082, 752.9906699894284
1462, 752.678898342058
1660, 750.9987090972141
2021, 750.8349745054928
3414, 750.218986706615
634, 749.4528779814615
1771, 748.9759962104583
1205, 748.1600839056689
3366, 747.5199537145198
135, 745.9100861046139
3314, 745.3166562342351
545, 745.2389751770992
3006, 742.9816405787178
1758, 741.5540330959697
859, 741.2868486431724
58, 741.2012316867314
1756, 741.1884242042022
2393, 740.215791892198
1868, 739.7627489530739
219, 739.5114514742728
150, 738.7056535367265
3184, 737.8940824913172
209, 737.514551232426
2292, 736.8818388574431
302, 735.908090734386
1202, 735.7725845663765
1971, 735.2830152404727
2353, 734.1069543744915
460, 732.8081247730981
3158, 732.7938671895279
1698, 730.9581480047382
88, 730.663506416766
1894, 730.4188196013565
2784, 730.3691436493515
2780, 729.9346426380661
1446, 729.9019637874735
2352, 729.6739288551499
1258, 728.9336059433748
863, 728.4032394461271
2387, 726.8639274203393
1608, 725.0868067772199
2587, 725.0489291548704
699, 724.5714502901159
2065, 723.6685312247065
1970, 723.5075141437866
2407, 722.6138368818011
2823, 722.172495000511
2771, 721.5941730283656
2385, 721.4747547496921
1747, 721.0844007229864
1257, 720.7909522478518
2028, 720.1170290575586
553, 719.8113637455616
838, 719.2041197973356
2917, 718.8211463250207
1515, 718.6290780564599
2688, 718.5995047939963
282, 718.0683860634314
2976, 717.73826533404
2816, 717.4828866140238
1881, 717.307745214957
1298, 714.9570049058234
177, 713.9058706269911
2755, 713.8484267285676
3102, 713.6336415368538
402, 712.6468611543823
2788, 712.1009937109673
2815, 712.0108265236673
512, 711.6872274331479
513, 711.6659948569736
509, 711.6076767956383
1097, 710.7985333903558
1227, 709.9221979216978
1147, 708.9585996069058
2098, 708.9200126109296
3150, 708.7374908712428
1644, 706.9780532521961
1866, 706.2555279653
3103, 704.9119722419833
2696, 704.633634683903
2412, 703.9853241182278
2782, 703.5535934948294
1130, 703.4762546640029
1968, 701.6069838099553
1871, 701.3823587515001
3399, 701.0049940041674
162, 699.0251243635325
3430, 698.8824788633355
2562, 698.6899420821503
2705, 697.3879384555789
265, 697.3194986749768
3146, 696.0173173810149
3335, 695.4281273286452
2290, 694.8012410898817
1641, 694.6926165528232
2413, 694.6392646200925
3264, 694.1617315388606
734, 693.5306765121696
2812, 693.5192541348646
2524, 692.8537016006127
1162, 691.5624612090581
3248, 691.1241866617166
1106, 690.9674999976028
145, 690.7282789815814
498, 689.269081349953
3081, 689.2429202844122
2304, 689.1485677854149
2553, 688.8871048446858
1141, 688.8843796712291
1116, 688.6264675909792
3187, 688.1350677216851
1137, 687.0347626890521
1431, 686.6242187700911
1740, 685.863339033367
518, 684.1786107707369
3239, 683.7895123748335
2258, 683.3146077730662
533, 683.2132387446553
3352, 683.1705825970997
1242, 682.5057762226716
2338, 682.0780568420395
1739, 681.8995798069534
2758, 681.5644518563262
3123, 681.1801719271413
3105, 681.072567790686
2558, 680.8585812196893
398, 680.0847280837638
1858, 679.1330979294534
3183, 679.0714847839712
1717, 678.6360652472164
551, 678.3188383064672
2039, 677.7718585279544
492, 677.2176090749989
1682, 677.1975363899801
3444, 676.8249380224512
3324, 676.5566476092498
369, 675.3331077621411
3053, 674.8435024210152
3377, 674.6478745758797
1860, 674.145094685299
2259, 672.9868115615318
3168, 672.9133872337887
1731, 672.8516978206111
2559, 672.3789932925142
1714, 672.3548881596214
1435, 671.6136880238604
3076, 671.0961809017138
1160, 669.7283923137358
2645, 669.3956476147935
1647, 668.9028481505461
2983, 668.4413481819647
2796, 668.2180339694104
1213, 667.2996536977682
261, 667.2751373182826
205, 664.8198179216072
2017, 664.6222829859457
2514, 663.5536311318701
1199, 663.424517712978
412, 662.6798654086264
192, 661.7482671182123
2967, 661.5685915530436
3290, 661.0288345029328
3322, 660.1197434666551
2719, 659.4930235269529
3398, 658.5702927384046
1251, 657.4966543643777
2607, 657.2034318877833
3157, 656.6050397176263
1667, 656.4274562602311
2101, 656.1657358870475
3124, 656.092074665722
3109, 655.9310997164708
3152, 655.5745478758873
757, 655.4381694457675
3052, 654.3857062450346
1626, 654.0135213755615
2864, 653.715632381539
3156, 653.6992886459582
89, 653.6076303819494
2762, 653.5990451092979
957, 653.1689224496237
1998, 652.6390162789835
105, 652.6109597942689
1596, 652.0511388250421
2004, 651.8909436538548
1726, 650.924845656341
3397, 650.8882150261974
66, 650.6990651315862
3067, 650.6493302962627
3090, 650.2486449599422
3063, 650.1830052903979
3074, 649.5293305013976
1262, 649.1341267313916
1600, 648.8960867559952
291, 648.5209868362772
3225, 648.2312113031753
1643, 648.151297868371
2610, 648.1029796245892
2694, 648.0962644527735
3087, 647.5489939588571
1703, 647.4414249883771
2007, 647.1185754930965
3255, 646.760169637398
2536, 646.7237860671827
561, 646.3883520363273
1521, 646.3836076899036
1188, 645.2438734755438
1642, 645.1486227535233
156, 644.9009945542253
2210, 644.8277397561016
3415, 644.2741410629271
2781, 643.6927477552639
3390, 643.2653163266986
3162, 643.2110402486702
1057, 642.956632527753
2716, 641.0027435426705
1246, 640.3079114927176
3104, 639.7453677921246
1209, 639.6156277146282
3129, 638.6693332130795
92, 638.6125877357624
120, 638.5971269848089
99, 638.1213005355319
1593, 637.4070216283326
3088, 636.9094310781019
965, 636.1570858200818
3075, 635.9878977008987
133, 635.9650224181589
1892, 635.4499241511618
2710, 635.0776215233711
214, 634.725193682513
409, 634.5121225484942
87, 634.471682304438
3096, 634.4159474512992
2977, 634.3193971962116
1175, 633.3912458179585
2379, 633.1485220879142
2287, 632.9719219243442
3338, 631.9685378266405
1451, 631.8420416128561
626, 630.8689809516301
2761, 630.4226638920757
1430, 630.2207091249345
1715, 629.9470972714983
338, 629.6588625634133
3041, 629.4190953382207
2244, 629.1223694527881
2415, 628.9644442817876
2800, 628.5136274479347
2640, 627.2813815796968
3116, 626.8086126337511
2620, 625.7502524331122
278, 623.9776566483247
2690, 623.8949914380376
3318, 623.6645535652435
1154, 623.4602362554327
3279, 623.4065947154479
1222, 623.2853307235479
3330, 622.7657186642963
2409, 622.6420191201642
160, 622.3701010771716
2344, 621.8764024368842
1869, 621.572529591802
2770, 620.785850709768
1705, 620.2316483268003
541, 619.0757826466735
3127, 617.6196904625764
2686, 617.4381259805264
511, 617.3879184064903
2677, 617.1865785473573
3130, 616.6431275704416
3066, 616.577102133474
2390, 616.1742837337948
1721, 615.8472084399671
1261, 615.4872032570543
250, 615.3340328489526
3299, 614.0847829209432
199, 613.8913963147993
3080, 613.7046923183445
1078, 613.5908003219888
276, 612.9161000380352
2408, 612.6132077570084
1185, 612.5043941085343
1250, 611.6716864446062
190, 610.3039840955943
1755, 610.2692558905411
2473, 610.1815565776799
2574, 609.7075102855307
2571, 607.8377760364555
1712, 607.7104991432392
1149, 607.5838229460013
3060, 607.4627893627661
681, 607.1936996773063
2305, 606.7300412673068
3394, 606.4070252403081
110, 606.3021355494703
2023, 606.2485913603479
3138, 606.2481076165599
2657, 606.1677706676126
3400, 605.9657602987811
2102, 605.8983406381192
2416, 605.8028112715147
1752, 605.5677318845771
399, 605.4356869315387
1107, 605.1506212522515
3328, 605.1440655188826
1201, 604.9018130180984
1225, 604.3770185336541
385, 603.8939958867084
2814, 603.0431305657611
3207, 602.0368673111375
522, 601.6805035696002
1176, 601.1720255332424
3355, 600.8081737020952
1733, 600.6978214749654
2030, 600.1163540612818
2779, 599.5160740159314
1630, 599.5110144617261
1182, 598.7964902094496
1127, 598.2072036281837
395, 598.1266419263021
3337, 598.0959827769365
520, 598.0701328956457
103, 597.8708954767678
2650, 597.3553397935268
1108, 596.4994598969733
216, 594.947355515206
1692, 594.2909336941736
54, 594.1860219088245
62, 593.443549762141
1441, 593.2437926080249
1171, 593.1761096520078
1197, 592.933188197195
19, 592.839469427534
2756, 592.1050274970078
2653, 591.9063953173286
3347, 591.7389085721912
2276, 591.2238998376646
1223, 591.0653085912352
2266, 590.3022991924544
1208, 590.0733987394743
2268, 590.0331639012318
1195, 589.0632803701543
2152, 588.230476029366
3111, 587.7733081955656
1701, 586.9308637157046
3137, 585.713234395999
1167, 584.8974109142115
411, 584.6422668432958
2497, 584.503490918403
2785, 584.4153771172171
3427, 584.1630057750472
304, 583.0888741935416
2561, 579.3305706626321
3306, 579.1998034230568
1656, 578.4512546232381
2703, 577.6371273513593
21, 577.3712299592446
1028, 577.2995131100356
2356, 577.0348969779944
1711, 576.4738162462738
1224, 575.7174249668045
3406, 574.6428694404821
3020, 574.4223584399368
3099, 573.9268072123217
2111, 573.1324471050434
2096, 573.1324471050434
1710, 573.0279799046334
2624, 572.8482008943662
1514, 572.747826499025
1966, 572.6160431108408
1181, 570.8686795041399
179, 570.2027026562448
1516, 569.3568541168838
2217, 568.6742313691503
434, 568.6052240823277
647, 567.5368654805062
3126, 567.0299771773622
400, 566.7888276914093
225, 566.6449924547068
1196, 566.4538922654721
386, 565.9321902928205
2649, 565.8723890539509
2520, 565.4547910163261
2982, 565.1892660920456
2572, 564.0557230297322
2347, 563.0596835443613
1120, 563.040788975746
404, 562.9402556210813
106, 562.5545255229836
3316, 562.5183333034564
2775, 562.3681722595927
1123, 562.337999352949
3004, 561.1084652043595
3140, 560.5543304364
3349, 560.0952112676173
2411, 559.6682833299521
1081, 559.4735170901935
1631, 559.2697009368933
254, 559.1165754334074
113, 559.0854777668116
2745, 557.10087371261
1735, 556.3370340668138
1744, 556.153601667758
2525, 556.0218247282769
2984, 555.3094148308958
1716, 555.2832711614177
1873, 555.1344330775959
1597, 555.0870704208851
3122, 554.6847540482665
1748, 554.3292567442725
1891, 551.5585623145797
1155, 550.9390762972977
1713, 550.7387882590631
2223, 550.0667819392205
3097, 549.7252922460327
3383, 549.5949279136977
2621, 549.5433925905547
1463, 549.1711941842752
2652, 548.998228030111
3323, 547.5994519702215
1138, 547.5177455002324
1136, 547.0871136474849
2683, 546.7919981988606
2527, 546.7117926471909
20, 546.589195642105
1659, 546.4805657846694
2720, 546.3408887077112
3265, 546.3232346796246
2738, 545.468448308152
1131, 544.7699183624323
2799, 544.3053383070398
1684, 543.9999586637585
1670, 542.1740399875194
2601, 542.1565671899397
2787, 541.8425054527208
3112, 541.0251139124852
1628, 540.2425878380657
3201, 539.8752807684151
1207, 539.7105727629726
114, 539.2595884550411
1996, 537.9693945741848
1047, 537.9552386575083
50, 536.6713755400649
2399, 536.272339153145
2959, 535.9907463483579
3368, 535.7237492584883
287, 534.5925421001192
2712, 534.3170412931454
2568, 534.2906752073584
1658, 533.5357255684166
1672, 533.4878733205398
2641, 533.470881156175
1133, 533.009386523373
137, 532.3343610299386
1460, 532.138942789447
2406, 532.1367781738795
1240, 531.9735989458086
1633, 531.6206510440078
1645, 530.758371268496
1730, 530.6698344966107
3295, 529.9083614684047
2293, 529.8952661419131
127, 529.5820039508569
396, 529.1855290507157
3356, 528.0241442610102
1428, 527.8745318196156
2972, 527.5617795778089
2646, 527.3348912895766
3442, 527.2212670229658
3288, 526.8771882853222
3136, 526.6854987969689
1700, 526.2887817289745
95, 526.2864727566889
3362, 526.161863500256
2580, 525.643567495218
2656, 525.4947059820533
2681, 525.4013617817405
1668, 525.3658484298381
2551, 525.0529533640049
104, 524.7234528992525
2384, 523.8950859931789
2668, 523.7184102171717
1741, 523.6013822014138
1061, 522.9846047903526
1220, 522.6329825080456
1657, 522.2432950977723
2289, 522.0539651424904
1206, 521.0134022329976
1699, 520.1204175140102
1743, 520.008178986893
121, 519.2619822901348
1194, 518.7076185103333
2635, 518.3981336897975
218, 517.78092519861
2608, 517.7042438704148
510, 517.6733304864108
1724, 517.3157504372581
2414, 516.2487927315931
90, 516.085231792183
2913, 515.9745915797768
1671, 515.5160822231475
2378, 515.243378623013
255, 515.2011238405782
3374, 514.5483347260769
2550, 514.5096083247633
1941, 513.4219416102632
2485, 512.264546200766
102, 509.70167809241093
3311, 509.60532027617126
2726, 509.2834954567675
2212, 508.96946320047414
2340, 508.9042014631432
1754, 508.8190547138377
2273, 507.8596121069183
1068, 507.11834364758266
1163, 506.68836385988914
3428, 505.6945703923347
267, 504.87318806700307
508, 504.66226778453944
2563, 504.5492086468883
1477, 504.32463681740956
1168, 503.75670422715393
2533, 501.98853811670386
2451, 501.45926304700623
36, 501.0913700696984
1706, 500.69527097994285
3422, 500.1236479572568
2493, 499.2783689687477
1967, 499.030612629586
2592, 498.3225159503359
1745, 498.2515677224234
2853, 497.80836564066016
1665, 497.6479546982851
1728, 497.32811066096883
2597, 496.66577877087656
2383, 496.19442023765635
2449, 495.1764745774836
3254, 493.8795415091753
1650, 492.12718260847413
1637, 490.6099994986186
101, 490.221195988177
1135, 489.974260426082
2456, 489.46439825838667
1170, 489.13694771511587
2397, 488.90611336535204
2311, 488.10043819493603
67, 487.68286329470783
65, 487.58757317764156
1734, 486.98523576010797
2283, 486.7219528448393
3376, 485.748667096126
2466, 485.7154344252496
1649, 485.11063534772484
1629, 484.7565502018127
2097, 483.89164406918974
3094, 483.870188866638
388, 483.60948915804005
1588, 483.51033397417206
2611, 483.2431502941998
1114, 483.20359889364613
43, 483.1113501367671
1146, 482.8881740362443
1198, 482.78715451593536
3005, 482.1307110845243
1034, 481.7970705107975
1704, 481.64350378269864
1639, 480.78765930000174
2486, 480.43431369975843
72, 480.20116144760135
1679, 479.63007687053084
1186, 479.5413643163783
2697, 479.51083439519124
1727, 478.0071437089574
2915, 477.09888305403535
2395, 476.7369563362603
1648, 476.5123894073992
1681, 476.3497621851519
149, 475.45683419131944
166, 475.44848907834813
195, 475.29083790053244
375, 474.7574446092961
1697, 474.1002314731856
2179, 473.79238322490886
3417, 473.23237230935007
3232, 472.8948128395853
2575, 472.75496224806096
2204, 472.39348066424446
497, 471.0765043938227
1691, 469.0519958339742
252, 468.84345541586487
70, 468.7590797126449
69, 468.7590797126449
3387, 466.7754875681784
64, 466.6333766400573
3392, 465.58147016927296
2339, 465.10660913374545
80, 464.8786096401904
474, 464.27885924322163
2528, 462.9272484177817
2604, 462.86914152305155
212, 461.9141779352209
2658, 461.6485725388036
358, 461.3474947464276
1719, 461.25422426598277
1749, 458.8983285918228
2350, 458.5310455111479
1663, 457.88808120149696
93, 457.8785496205102
1406, 457.67498941371093
2239, 456.88412487863127
3007, 456.86138268426254
2475, 456.7155929067693
2655, 456.47405239752976
1079, 454.868451280819
2461, 454.7433563441182
1065, 454.65056112799937
1962, 451.9190001437148
1702, 451.62770545590325
2235, 451.0260972868658
2453, 450.8732157428445
2400, 450.3450918266211
3231, 450.16741307506993
144, 448.17203885514937
405, 447.7048985254663
1751, 446.0398041016199
167, 445.9805662204154
2295, 445.9108326820985
2648, 445.6970367465077
2087, 445.5092647603945
2778, 445.2370759797553
1693, 445.11553792408654
1440, 444.8581798208181
2282, 444.82612491549946
260, 444.44218741311187
1813, 444.0885695415274
138, 443.9966707359338
2185, 443.9441056305269
2167, 443.8677370054101
122, 443.7993130217497
1073, 443.52345548419106
2980, 443.49999685480213
2543, 443.3062204260776
2589, 442.81563118561417
1216, 442.269039801829
1674, 441.5358181125904
3195, 440.9942915996368
2612, 440.44397958221674
196, 437.9728377492635
1696, 436.5582987360347
1636, 436.497168248457
2616, 436.3074684427819
3258, 436.2287195061802
2484, 436.051902466696
108, 435.63111673663826
232, 435.51111996506813
2673, 434.90606793489155
1635, 434.9048884467805
1189, 433.79974590471045
1134, 433.7617081664996
1864, 433.4021688298902
2809, 433.1939171724468
115, 432.42639647553574
2693, 432.2518569940026
2623, 431.7814919616807
268, 430.86047479739136
2564, 429.27159935031295
2139, 428.80709634819016
2226, 428.76310917383506
337, 428.3974425362951
1180, 427.22746903710924
2184, 427.1984889585834
3313, 427.05153422819467
3296, 425.92738019794473
2605, 425.29769753355004
1150, 424.9813661768802
472, 423.7454127961635
1737, 423.6903606850989
2679, 423.64024202801016
2531, 423.44587248138146
1759, 422.59874052516346
1750, 422.4293837947275
2713, 422.3197887753532
2299, 421.6883203424917
15, 420.57201828716387
97, 420.17786307769796
2498, 420.1189325288056
68, 420.09946065554806
55, 420.0830201191687
2821, 419.6640165085246
1605, 419.16178032281124
394, 418.4539466272629
2626, 418.2796053465134
1397, 417.7002218299274
2355, 417.3985866868874
2971, 417.3125893210283
3160, 416.7530461273275
2264, 416.56938841520605
32, 416.53606665396626
2249, 416.1968329827334
2177, 415.2379608913858
2687, 412.94797155838927
2462, 412.21837153546574
2490, 411.71956988863695
1152, 410.74069295291315
2094, 409.4681311370405
38, 409.4649926085867
3091, 409.41645779821596
2586, 409.0456222365214
1178, 408.47201646355853
3262, 408.4620406103691
12, 408.1330775988657
1045, 407.4692750767009
2345, 407.4458207068022
2492, 407.3851969491422
3113, 407.1654921524968
1191, 407.0093478705088
2519, 406.9129252029834
1467, 406.74203892638957
2570, 406.58518420599125
96, 406.4835463678864
2496, 406.29541850961743
1652, 405.99897289240636
2346, 405.95482854268926
1634, 405.79652068656014
2349, 405.58895124126764
2695, 405.20818420771866
2538, 404.9791914240469
2464, 404.40516778863986
2629, 404.31799106385404
1632, 404.2927445967727
2822, 404.0631558296372
2692, 403.7207168429856
1530, 403.67277857693256
2455, 403.4930134477643
3021, 403.4897266013464
2654, 403.30206620614456
2704, 402.28669536912304
2341, 402.27429606143755
2707, 402.2623120259698
3261, 402.0528409078978
78, 402.0014566321453
2511, 401.82884631561933
2342, 401.4547530965198
2534, 401.10345084194375
2603, 400.7066606244174
3193, 400.5916117573804
3188, 399.6274733254061
2606, 398.5453929333723
2869, 398.2069815189042
3164, 397.8055690260855
1156, 397.29086985283305
1960, 396.27736427734595
2010, 396.2371158559742
1151, 396.2034098150089
2675, 395.5909779492284
3180, 394.80302389100274
1302, 394.200649318019
3344, 393.056686401391
2522, 392.258190880338
2313, 392.1905720969668
2700, 392.1060782283373
3251, 391.3947376562632
1557, 390.92313810414504
1694, 390.7649113096141
1518, 389.4398335211466
2581, 388.463542831971
16, 388.37290213469595
2506, 387.97644687422604
2600, 386.98477705874933
3329, 386.84846383522597
2638, 386.69339087261704
2284, 384.9186741227198
1655, 384.6727834736932
2499, 383.6075953747163
2727, 383.1561545883091
13, 382.86285791308296
3260, 381.0355977462824
3361, 379.8090753533309
2495, 379.6152984932939
2452, 379.29216191932835
2662, 378.9356285387594
2270, 378.6867473846907
109, 378.41815185560523
2488, 378.210734128787
2509, 378.06784985328966
3364, 377.69577516686536
3165, 377.12117905987066
2460, 376.5532795236987
2760, 376.2958279236478
1958, 375.5965001294542
2900, 375.50406812336615
2479, 375.43630401117986
2665, 374.76625503910594
2644, 374.52128943414795
2044, 373.9078153342026
2632, 373.38375509588406
2079, 372.53912745706396
3019, 372.1855795828878
1559, 370.37784082089036
3100, 370.12723926181263
1838, 369.94350344421815
2351, 368.83738058618053
2861, 368.57202737476575
2037, 368.0912538741188
83, 367.35651618746914
2440, 367.35126636434046
1316, 367.0027466108221
2801, 366.00770707123644
2698, 364.999611583843
1709, 364.00591963028234
2530, 362.85496695003826
3431, 361.5931600535893
2714, 361.2416116986537
3301, 361.20988352087363
1153, 361.0520018180047
2743, 359.922149098727
1457, 359.7729184594514
413, 359.1225221343288
916, 358.6965179143391
2092, 357.0108549385101
1847, 356.9927546735341
2401, 356.1918182543449
2477, 355.7636524108261
2565, 355.7455337029821
2535, 355.5617134458417
2970, 355.37781935937113
3266, 353.75260045981435
2275, 351.9859330675287
2625, 351.4135187610243
1664, 351.1654703471851
637, 350.6920100700127
2684, 349.2278273884275
2444, 348.75404642811003
2537, 348.0682418642101
2670, 347.3240202607598
2598, 347.22377535765617
1638, 346.55759080574643
768, 344.5107073883215
2061, 344.20102340174674
1800, 344.1750233235179
3357, 343.7992508041091
2860, 343.64261812047107
1, 343.05957246980813
2591, 342.98088592130165
3236, 341.623124788919
2472, 340.0854207230109
2664, 340.0717051286136
1661, 338.7638349790212
4, 338.55075155196033
2433, 337.646046175211
182, 337.43453720857246
2699, 337.3353693832422
2660, 337.0265108033022
2634, 336.86221546979976
2552, 336.61320975961206
2667, 336.01144847504986
10, 335.926134422608
3310, 335.58871516401683
2576, 334.5412546790859
3234, 333.7011045803495
117, 333.18330430304184
2474, 333.13369532047426
2661, 332.628350165915
2659, 332.51231195906087
2674, 332.3269774453066
2691, 332.29913277480404
2669, 331.7047251181062
2457, 331.63308204185495
3008, 331.1771957566467
2469, 331.13763563671813
2192, 331.1104542173446
2631, 331.0101409649616
2494, 330.86511467151695
2502, 330.557663474072
2501, 330.557663474072
2617, 330.2134119212221
2510, 330.1136626640962
1062, 329.7776792158374
438, 329.59223415697465
3033, 328.43637294859116
2405, 327.6230715966605
2614, 327.39386166595153
3249, 326.10827520806885
2627, 326.0042246603265
2541, 325.2230633158462
2542, 325.17175513827294
1255, 324.82382495993147
2609, 324.48800560131843
2521, 324.1445099076496
3253, 323.0578339557314
2637, 323.0161890432801
2448, 322.0612625436954
2476, 321.7211101489745
1109, 320.36755444596787
2857, 320.168294395718
2504, 319.5168731327745
2724, 319.3232599489218
2702, 317.90631276761474
2089, 317.6716441920361
2956, 316.7915478735485
3325, 316.47684921928004
3263, 315.66324513023335
2678, 314.84437205785076
2731, 314.7317537603487
1574, 314.6501579770691
2478, 313.9467625848526
1454, 313.880181818476
1300, 313.80508713602484
2567, 313.493359634838
81, 312.07521958865516
2706, 311.38379930624734
2619, 310.7161215116935
1785, 310.6139210946572
2585, 310.4024747508305
2074, 309.87201459041654
7, 309.7729031611091
2866, 309.65939499227454
2676, 309.5455159969649
2557, 309.2079577223468
1814, 308.7023639053183
2529, 308.6933811570359
17, 308.3527155046204
2459, 308.1006820976033
641, 308.0894313890313
2467, 308.047108998195
2560, 307.52080118474163
2554, 306.52695164447715
2082, 306.2782942359047
953, 305.3112086612237
116, 305.2267319881687
2320, 304.435672659769
277, 303.6924395849051
2544, 303.5498892210707
2577, 303.20193345790017
2663, 302.7534578901464
2633, 302.6324877016923
112, 302.4815522490469
3250, 302.4716327448016
2595, 301.9399650814323
1560, 301.6811275077123
1324, 301.405248589762
2685, 301.3813925875174
3009, 301.19093237678635
2628, 300.9729805165578
2482, 300.6777791869985
1788, 300.44405628992854
2832, 300.4038205551789
2642, 300.1267189092361
3235, 300.08801316732695
2805, 299.9949627558524
2573, 298.5954897931645
2523, 297.7949106438365
1562, 297.7555494311594
107, 297.0425767288258
28, 296.7784650154588
2689, 295.86939792624815
1969, 295.7748231812227
1052, 294.9639250377467
1572, 294.96231956119027
3365, 294.92416556110254
2443, 294.6777959843857
823, 294.16851622994466
3358, 294.15235585543434
2680, 293.83876657260976
2545, 293.6385058140039
290, 293.4737226250664
1794, 293.448444019413
118, 293.1940982645862
2480, 293.1547169807738
0, 292.78680247442867
3326, 292.5914024170605
2618, 292.38485658511337
2701, 292.0981097287734
826, 291.92259746625706
2909, 291.6548568014356
2481, 291.41560992045095
14, 290.89569721326836
1818, 290.72902117353425
6, 290.5734086329968
2588, 290.5268602956498
2999, 290.0487873757574
814, 289.87785132699213
2191, 289.3182397059025
2047, 289.23822096667203
2465, 289.04501992566367
2445, 288.9730707641158
2458, 288.8307363143107
2447, 288.73711477118366
2602, 288.5501929230593
2613, 288.50695564363656
3, 288.3753206542846
3307, 287.8437030515234
2463, 287.291322024867
1309, 287.0873872144677
1723, 286.95354172386044
9, 286.8843594066012
2489, 286.56334263281616
11, 286.35837156423196
1484, 286.28243157943047
2643, 285.68751170042594
3345, 285.4077985129724
1576, 285.3473682682008
1965, 285.01007978286975
30, 284.44295857180134
2599, 283.51181778173753
3360, 283.0740165802503
2512, 282.9702611211389
1046, 282.9538866421907
2487, 282.8547870252568
1573, 282.84949809663266
1509, 282.71313643705156
436, 281.74830782590175
2153, 281.70610135801985
2728, 281.13744835455344
524, 281.12938218617484
2584, 280.7547785306468
1410, 280.0916279382728
2081, 279.2139513187217
745, 279.1726858341151
2446, 278.9967703844257
2708, 278.9138941439004
2593, 278.7581557582699
3017, 278.36234279514196
2516, 278.2052205684982
1543, 278.0025057729455
2134, 277.43768900432383
2540, 276.9523457070163
848, 276.85147573495516
2636, 276.6126038741698
3252, 276.5560535582331
1004, 276.3001675383175
2639, 276.1884071825688
2208, 276.08406156114853
1520, 274.9841623054563
1882, 274.2682053760546
3391, 274.15292510662687
3308, 273.46217264089586
5, 273.1627668249525
2555, 273.0702629832566
2057, 272.6228195583611
2052, 272.57474118659235
2077, 272.5449881716432
735, 272.3171217197264
2211, 272.17733372750735
2582, 271.8684549432995
2590, 271.859912988574
94, 271.21039035062836
8, 270.0842907372487
18, 269.9197271490703
2031, 269.68575517762787
2158, 269.00551633787063
2889, 268.7263452277854
2090, 268.6318318105435
259, 268.12132728847547
1824, 268.0802569823708
2878, 267.6304664224889
1567, 267.143068379622
3215, 266.45151511204483
2526, 266.44967887007925
3177, 266.42875611206716
1806, 266.3156351157113
1418, 265.64663933859214
2242, 265.4232594563227
2468, 265.1740655235693
788, 264.01648943249086
2441, 263.98251780980223
1940, 263.8931124349545
1939, 263.8234717023466
2450, 263.0380670442507
923, 262.8422844786826
2193, 262.57823288950175
1537, 262.2433791349348
2914, 261.91110989514107
2856, 261.79223944768853
3000, 261.5728914300916
421, 261.41940844075083
2539, 260.8932898334922
1053, 260.5639327899568
1103, 260.1042894045494
3446, 260.05864896823533
682, 259.4920671879237
1951, 259.2188679303812
1118, 258.5009445396464
2859, 257.9233982856125
2170, 257.44960677524944
1269, 256.75872910000186
1575, 256.45443314070405
517, 255.80657671931917
2596, 255.74082535061925
1003, 255.62184878112942
2806, 255.25369359543
917, 255.2132772315206
1519, 255.12144116744727
786, 255.0774655181126
2207, 254.95582547151028
1571, 254.92366235792514
3025, 254.3083158238531
2709, 253.87987254182573
803, 252.49997964645522
2647, 252.15060093417193
2135, 251.89634750769278
744, 251.07253644063647
2180, 250.95445381553765
3343, 250.87355958689895
1907, 250.79147376638082
29, 250.6636653019918
526, 250.33178294219363
2124, 250.17209250333943
1810, 249.87129592255337
1884, 249.79026557895352
1210, 249.35985434866828
2615, 249.26977561150395
791, 249.22913280501828
1780, 249.21389762639114
353, 249.15285009845638
2066, 249.054983731829
615, 248.96345568921396
2429, 248.8967811497016
1640, 248.56172299809418
2205, 248.5331312527543
1776, 247.78392505217724
857, 247.68029118595976
2579, 247.45533395467842
2060, 247.41718713308666
3238, 247.38676445320598
234, 247.25893202230424
2435, 246.98900180451034
2428, 246.98900180451034
2991, 246.9651680580937
3269, 246.83175445504557
248, 246.43452705958705
727, 246.26497544234823
746, 245.84959162914922
1039, 245.34595810830965
2038, 244.94540691761065
1558, 244.76472633075042
3029, 244.75279472454923
22, 244.69297743422297
2471, 244.44506783233066
2236, 244.01553934767878
1306, 243.8078198162566
3016, 243.5347096408996
3018, 243.24843857686903
1525, 243.24196081387836
686, 242.83603344878017
2517, 242.51784436343462
1889, 242.19828580666012
2194, 242.0545121464522
2318, 241.87458330881083
2157, 241.42196467908292
2243, 241.0626724098215
2262, 240.90186795864759
945, 240.88852110730443
2594, 240.55136931300032
3359, 240.540020522164
1356, 240.3022744399582
2195, 240.0340683977381
1885, 239.83294771562623
2936, 239.72564942659585
579, 239.48608062222604
2500, 239.43997290280424
716, 239.25618026213877
781, 239.0154990463533
2997, 238.99028313594516
2953, 238.57115734617312
1807, 238.5090137951716
1617, 238.42205326056526
1822, 238.27599322312716
249, 238.10452270071346
2196, 238.0933844664521
3438, 237.14957538838033
321, 236.67770474375737
936, 236.57517623519317
980, 236.55126201947394
1336, 236.41156420307263
1424, 236.33198283078235
465, 236.21677515532454
575, 236.2066415931473
3228, 236.10135642608986
2040, 235.6568172724521
844, 235.6545892362303
612, 235.64760663252488
527, 235.64550367572815
1623, 235.5892418389617
778, 235.58000818368632
1999, 235.53001282088636
920, 235.30860783657647
417, 235.14365765515606
2188, 235.0585570248625
2438, 235.02146150503992
1653, 234.73294244843473
3233, 234.59513848425112
981, 234.5817931291948
500, 234.46170691177647
2187, 234.4272096442306
762, 234.2399534288434
1943, 234.0552895234586
1487, 234.00096714183664
2916, 233.99405516013869
1023, 233.81875759840824
3085, 233.6751705419105
825, 233.06820273282904
2993, 232.72660241167253
2160, 232.69476807214008
1279, 232.51797881959774
23, 232.5078896567585
3237, 232.4374039715329
581, 232.3787169874342
961, 232.23218352348331
416, 231.8993859444131
2503, 231.88834102125972
86, 231.84832221678232
1615, 231.8305172712862
3319, 231.77986189860644
717, 231.61879382786705
243, 231.54707507038637
698, 231.16095710690763
1878, 231.1357952292187
1985, 231.13426405176068
1895, 231.08981762237045
2189, 230.55871355466556
2064, 230.55806183914927
1037, 230.43955143686352
817, 230.43411507603653
955, 230.30163320727377
2434, 230.1004380938783
1566, 229.68749891544167
2949, 229.60042398946018
1423, 229.4955653359095
2365, 229.36568696288467
1577, 229.26829640733882
24, 229.19617859408797
27, 229.1034307463657
2145, 228.9383500106114
600, 228.87045115547272
743, 228.81087310806782
2431, 228.55567286485189
2046, 228.2753918026871
3320, 228.26856755174953
2095, 228.21625913895673
2142, 227.95307305457598
2515, 227.8593093770528
2360, 227.74321351861056
922, 227.5118272108727
1803, 227.26980690606868
319, 227.04861201001572
1580, 227.02525600073272
815, 227.011306536934
2362, 226.61391131265745
2058, 226.22742427592956
960, 226.16853898505263
59, 226.1125110582466
247, 225.9803207379985
808, 225.69548987412657
1977, 225.64647353161055
3346, 225.62525110622488
2732, 225.60613783987165
1038, 225.52648552834654
2220, 225.4460782653561
969, 225.06060553860266
2036, 224.83330789137815
1331, 224.6076718417195
2879, 224.55509596109982
1579, 224.5342138306981
2682, 224.4500436920155
709, 224.28767911523033
560, 224.10671576947848
2845, 224.01056067829273
2214, 223.85330015218548
1412, 223.800517061703
787, 223.57868094493634
2181, 222.99526054563083
2829, 222.88685671616204
999, 222.75908022923807
528, 222.63704203927816
420, 222.46967473950798
1473, 222.44818133076149
1308, 222.37192010841719
1425, 222.13121240461254
574, 221.90715876543797
1523, 221.73658165814018
2122, 221.4446639992366
2846, 221.30402655131599
2219, 221.29696638445213
1164, 221.28008101843454
370, 221.14462797617117
2907, 220.9647058358258
1404, 220.94745629434564
2828, 220.8591848591959
1840, 220.7404077308218
1266, 220.72566715708314
1490, 220.67346154653603
691, 220.4799835413689
1371, 220.40564621152976
1599, 220.20855711720722
2470, 220.18493988179506
601, 220.04641264530045
1976, 219.80120408549158
585, 219.71797603907757
1495, 219.26217359966685
804, 219.1397186584834
1890, 219.04062648266455
2858, 218.67483084980626
2427, 218.65891339569802
1314, 218.6477720742301
964, 218.62453592971067
594, 218.61024103947676
856, 218.46339976604466
1408, 218.40844921213352
2992, 218.38946063640967
2422, 218.36289078274473
242, 218.1373789573181
2578, 217.80566882279408
903, 217.6577427610507
3363, 217.61577358784425
1823, 217.50398456960883
2043, 217.49457457295006
2173, 216.937765813162
507, 216.70001426178234
2171, 216.6963827081991
2231, 216.63035101584157
1839, 216.6078163408052
2209, 216.47639534920154
1594, 216.44282671704707
1510, 216.17379225741473
313, 216.14740211934281
529, 215.94201108173712
1321, 215.89773995883294
2905, 215.79505873489347
789, 215.7564565458429
1315, 215.6998885714582
2228, 215.6188365081173
2168, 215.5366298611776
419, 215.4897192894314
1289, 215.3317266332271
1887, 215.2525110095295
3026, 215.24379830932017
2206, 214.98037234913204
1508, 214.88431415349083
2996, 214.86181069348518
907, 214.85155619462896
1790, 214.7639745081075
1942, 214.70891469336306
3229, 214.68945119387035
2877, 214.60611503149545
780, 214.47097311326434
2165, 214.2451200720848
1527, 214.16429392233385
1501, 214.13451408763643
972, 213.990505521033
837, 213.74218195244467
586, 213.71221867018463
1478, 213.61652239619386
2200, 213.5246873901029
872, 213.34707902195055
845, 213.12976293259285
1984, 213.1164839685198
1505, 212.95023775585142
1369, 212.78865402481716
418, 212.77140310533431
3240, 212.76604458482672
3031, 212.73405943685663
846, 212.68271211313328
1846, 212.40442699655821
461, 212.34833132693865
2063, 212.33904101289784
1348, 212.25934814730272
558, 211.98263426650408
1211, 211.9191710343429
2804, 211.83984219286103
683, 211.5878943435174
2725, 211.55528777917263
2190, 211.39867354459966
2850, 211.18529138560768
2837, 210.9541219128963
593, 210.93215497100232
2113, 210.92418569723216
459, 210.78165044803376
2085, 210.67932272220676
3242, 210.67123499793118
1421, 210.6170709590274
2150, 210.4685674430049
696, 210.4407063785484
2164, 210.160940755553
1512, 210.06950720757234
1957, 209.80819131292608
1361, 209.72867997135552
2256, 209.70357334565202
1427, 209.65610118541647
919, 209.4473319281686
1488, 209.2606026599326
3270, 209.21472599762998
657, 209.1893599284315
1380, 208.96324188335802
638, 208.88378315430776
2334, 208.86727825522664
2841, 208.7826749102171
3267, 208.76999632831686
839, 208.7488595551095
1001, 208.73728972150693
2998, 208.66612679806127
2852, 208.62778931953682
928, 208.6198090303114
371, 208.51470438209256
2115, 208.28169979843605
1494, 208.15861497529312
1390, 208.1037180554767
886, 208.00746610208884
2569, 207.92839534778713
1983, 207.62455019193976
1481, 207.6230502250987
2321, 207.60247854852133
307, 207.52924992043904
2718, 207.46732653048886
26, 207.33766713112988
1389, 207.32731269246162
821, 207.30540647543853
1322, 207.28276275083215
661, 207.02633588113463
1792, 206.9640306730078
63, 206.857792467885
987, 206.75908574556138
2324, 206.75615827756502
993, 206.69459870825725
1268, 206.68960332122802
1828, 206.65452493038083
599, 206.6524500289335
1883, 206.05627852609112
1549, 205.88872042503968
2839, 205.88525068962193
2125, 205.88319416311668
2117, 205.8137128210927
602, 205.7745448680022
3256, 205.6980379317219
1986, 205.6932618854131
1820, 205.6337666736135
708, 205.52717194394342
2120, 205.37101526568415
2229, 205.34627538738923
484, 205.33693038889263
2372, 205.12219722875392
3014, 204.95643333891246
902, 204.8915711986235
659, 204.85478584378703
3321, 204.85261562305573
784, 204.82984420537252
584, 204.7350039336068
639, 204.68944788503268
718, 204.62057851670193
775, 204.51871097895688
2439, 204.44965694281368
1578, 204.26569998691068
1455, 204.21724896539254
3002, 204.055746236314
2359, 203.7254532226072
2831, 203.68797660556777
2230, 203.66666336315515
938, 203.6531581376395
2672, 203.55304959397046
1396, 203.44721555841122
1493, 203.42928490866555
730, 203.35323533503964
690, 203.25065892019475
1345, 203.08739712941127
882, 203.08439900306652
606, 203.03556307746467
230, 202.97090359442672
989, 202.90126483737194
1886, 202.82620547693864
3268, 202.80016405942837
840, 202.77877673158224
790, 202.74043038187938
1377, 202.6769982989537
665, 202.66345093645967
849, 202.6221774235769
1426, 202.50152187532038
2994, 202.48020706283708
798, 202.3373494927645
1614, 202.31518710171196
2255, 202.31395730415173
664, 202.29367653040987
2162, 202.21223308517312
1339, 202.1375496720537
1908, 202.11286580954783
1295, 202.09195972690475
235, 201.9951359333173
2750, 201.98652212327934
927, 201.80813013169416
2851, 201.79335102686184
1312, 201.66410206369432
752, 201.65942435989848
2844, 201.6514356714025
1622, 201.6501766802068
1601, 201.58496223708676
777, 201.5479543697827
867, 201.53339299887332
2116, 201.51364810224482
1271, 201.45073869926173
971, 201.3220972530446
855, 201.2469568132385
1413, 201.14341166926113
1474, 201.0422602559678
2237, 201.0119442347784
1014, 200.98902252130074
2910, 200.89977102253906
970, 200.86325454525527
315, 200.72812513481415
306, 200.72812513481415
711, 200.69755200897905
892, 200.68040526989606
776, 200.63815398549443
853, 200.53732764375815
1330, 200.51893916099763
564, 200.33934819923735
256, 200.30264347118268
572, 200.1426476787826
1550, 200.0693827450974
1343, 199.92210595073456
559, 199.91908480917405
1398, 199.6989264640365
1555, 199.39721490521578
525, 199.3308271325869
2908, 199.28449322245473
477, 199.2431830670399
1511, 199.04069926625533
847, 198.70848600374822
3272, 198.62009427465026
2888, 198.5690119194911
1278, 198.47909749374156
111, 198.41128538683898
1273, 198.36819444803766
785, 198.29426822232963
1829, 198.27837573318678
723, 198.20195959172355
2898, 198.07248878922053
797, 198.05038032650245
1902, 197.98839896665083
1561, 197.871579762698
850, 197.82232658684356
3045, 197.72057665797334
1368, 197.65128404921603
713, 197.5790641445179
2366, 197.565394040599
573, 197.5210217286327
774, 197.4984993559356
770, 197.4366616354545
1815, 197.43307072247765
577, 197.40629814951367
2376, 197.37678820343245
2213, 197.35913432692666
2361, 197.3027162786369
1422, 197.29504732691308
1352, 197.21861912671432
1420, 197.19907095194097
1392, 197.10851407516404
1544, 197.02514131336073
2141, 197.00304648837124
2518, 196.97046579972942
273, 196.93849394526674
1417, 196.93042378688253
1920, 196.9062604174395
1006, 196.90552022904603
689, 196.8846710523302
1825, 196.6761899889495
636, 196.66640827716043
1378, 196.66468536032707
1393, 196.6344300139647
2254, 196.62030374280573
822, 196.56239565170003
1500, 196.52474578366312
1804, 196.44188162420286
1926, 196.19555972769493
992, 196.131581497031
779, 196.06437540595599
1539, 196.0133117115006
569, 195.95864307246396
918, 195.84539367633263
2245, 195.79548617050605
2903, 195.72605366598773
635, 195.70127858974223
231, 195.6788403937486
871, 195.65869819861155
1480, 195.53605540717214
2830, 195.52381874293314
1400, 195.5118500689704
879, 195.44176488262522
2899, 195.350514212927
694, 195.3392736813762
1285, 195.3333356554577
2131, 195.21335357433563
1959, 195.16837453087172
3257, 195.11367722069747
240, 195.07242623186687
1293, 194.85531828782578
2227, 194.85482623161462
2121, 194.7958246139691
364, 194.57172613085686
2166, 194.56320065493202
3030, 194.543652042966
292, 194.433409767441
2369, 194.40689455506836
983, 194.3977908712018
868, 194.34813550183912
1989, 194.3204690582582
1409, 194.0785798798598
1370, 194.0252184127038
1280, 193.90613988169315
184, 193.84117746743922
1475, 193.77119720042128
3044, 193.7576921922998
2884, 193.70659635340238
2881, 193.63650789661682
876, 193.61607032248065
673, 193.4718150766413
1411, 193.24644356652104
693, 193.24255833174726
854, 193.2325058960833
3043, 193.22122873644577
2154, 192.95728949973102
2198, 192.83135790109108
1830, 192.5658145814519
1909, 192.5200884647184
2547, 192.4184524245885
900, 192.3126035194929
1817, 192.30855923308118
1419, 192.18170909622629
1491, 192.08360880798452
741, 192.0321339479496
937, 191.87730559388996
2163, 191.6332379620651
672, 191.6276937403398
725, 191.56822516270213
883, 191.45748834080752
2199, 191.45611765934635
3271, 191.39135929565205
614, 191.2324983475008
257, 191.2231932365375
896, 191.20645816775993
948, 191.12533733491605
933, 191.04723356670246
755, 191.01293728755834
1367, 190.99910579575717
887, 190.87568980788996
1915, 190.72298293155046
759, 190.70631825635454
656, 190.66869853297808
2114, 190.60197794314877
2432, 190.47507368462445
675, 190.43215083111355
1403, 190.43137464064586
597, 190.420980398156
2897, 190.36574007616088
935, 190.34188514495258
2882, 190.3321758056801
1835, 190.2189011949615
2532, 190.2053584035408
1841, 190.20444062112594
1346, 190.13725036495185
1498, 190.04250682429722
2246, 189.98517852649775
2319, 189.91380687560704
2148, 189.867278309785
1372, 189.77801894401344
763, 189.76431527057903
924, 189.73895377861234
323, 189.65362417546618
311, 189.65362417546618
946, 189.6114886586824
714, 189.6055796498257
985, 189.59624504414487
1791, 189.5935666377888
2875, 189.55928397350522
782, 189.54209373495834
1036, 189.52897787595933
645, 189.49719489378936
764, 189.49583032298847
1904, 189.4567970768358
567, 189.45111731305067
2423, 189.44882570557175
2138, 189.39269383443565
253, 189.31128828619723
1831, 189.30517166996515
236, 189.3006825656358
1382, 189.2944027175666
1906, 189.2648684127415
1981, 189.17606709758667
1535, 189.14352290567794
1618, 189.11559615339382
963, 188.9540129138794
1277, 188.89959794618795
1486, 188.86556130755196
346, 188.68028528228615
565, 188.6737432090218
3068, 188.59393089747604
766, 188.52741821290883
704, 188.51851358152973
1292, 188.4982076849091
1387, 188.48386930234744
942, 188.4521559413329
1328, 188.359407204322
2323, 188.32927951655262
932, 188.216782647306
2842, 188.20250441435093
1458, 188.19691301005685
2123, 188.07706610141304
312, 188.01882277757906
1595, 187.97566486322762
1888, 187.9750570845106
2216, 187.92760224677494
870, 187.89115974508584
351, 187.8307207385899
800, 187.67924941812848
1801, 187.58164229258463
728, 187.55331157398209
2146, 187.5446637963545
646, 187.54219370094302
984, 187.40007340302154
1415, 187.26385846637243
3037, 187.18502831265224
2854, 187.18316086842674
1288, 187.17979562701862
1291, 187.05680595162204
603, 187.00284780035992
2891, 186.96506081587816
697, 186.92322898578578
674, 186.76999575209072
1405, 186.75032694184065
1018, 186.73096222421736
1374, 186.69663415050286
2331, 186.6186214544736
836, 186.55462300811908
742, 186.54196409472053
1772, 186.5163586688469
3027, 186.4332187984681
324, 186.42340930154842
897, 186.40390283322927
1327, 186.39389150777112
1353, 186.3571093068018
1944, 186.2521238037438
720, 186.22313848732256
31, 186.1799474561888
701, 186.1630444182438
1357, 186.14761304539252
1388, 186.12648720272597
2430, 186.08362598664505
568, 186.06370278581159
761, 185.9358751186697
1021, 185.89186478666358
374, 185.77437985591314
640, 185.69193656692295
347, 185.67115098104287
1272, 185.66700662403812
1563, 185.6604236744739
2556, 185.65962671096497
813, 185.59954636272383
959, 185.59782135165065
1554, 185.5218646751529
3038, 185.48162404051547
2202, 185.47371367303734
1982, 185.4612181355892
2169, 185.40237464157707
1548, 185.3751610814335
2833, 185.34039804844286
2840, 185.27436262955834
1992, 185.269076010728
1934, 185.2369789815921
1340, 185.18341861213304
1782, 185.16261418900558
783, 185.13840546526683
1323, 185.0462735991683
1391, 185.0397745979043
2119, 185.00611255229822
705, 184.96119082112094
1275, 184.95356425695866
2136, 184.91558149666565
986, 184.8620980965234
828, 184.78536894315127
750, 184.65159973668875
1927, 184.60453967653459
796, 184.55834920646245
1524, 184.5547180329842
616, 184.53459447581528
740, 184.51520776484358
660, 184.4089105305376
1051, 184.40247350375944
1499, 184.3736326133104
1020, 184.34459198742297
623, 184.31470551881029
1905, 184.28509957018778
2410, 184.28089011892394
1270, 184.16349265524426
792, 184.0807298419695
1789, 184.0795474438215
925, 184.0349287074742
962, 183.95543737427388
2183, 183.92271339038004
2233, 183.92227142131662
246, 183.85626209434497
2849, 183.82930066113323
1297, 183.77754387696757
799, 183.70155004478374
827, 183.66793100639464
2130, 183.58029594414853
2847, 183.5741088487022
1506, 183.5425539474739
934, 183.3603651676019
1294, 183.2653557591456
843, 183.2555754277655
908, 183.19460327504987
258, 183.1634509295392
3448, 183.06615014148485
1009, 183.03186411448488
2868, 183.0315944296226
2175, 183.00408905737558
2946, 182.80286645598935
1265, 182.79041628433032
692, 182.66621087039306
2140, 182.59040119916185
1809, 182.56109075475337
930, 182.48667729455045
2129, 182.3603236949833
707, 182.28367545885473
801, 182.01565259671577
2947, 181.8281944884626
710, 181.78372853360617
33, 181.75376303557064
1453, 181.7270531047219
350, 181.6984017522024
1318, 181.68162391788385
422, 181.62565018252067
1598, 181.39612443603943
442, 181.16055616249926
387, 181.14728985660136
905, 181.1354095638908
363, 181.10888565627565
1819, 181.09997460377872
2232, 181.08909478993414
2375, 181.01896750126016
2373, 180.95204603228729
185, 180.93778399682083
1786, 180.92453145516723
1479, 180.92040882388008
904, 180.8704874629977
2377, 180.8689976256891
1329, 180.85364678215225
1354, 180.79914231213843
1165, 180.75789103257958
1469, 180.62329225820653
834, 180.608642294954
967, 180.5566146490525
893, 180.52863509638357
722, 180.47314522515077
1673, 180.31549237823828
238, 180.27640896018286
1779, 180.25949717619258
2176, 180.05490304675334
977, 179.9343011268586
973, 179.8910361259907
566, 179.87524844966865
1836, 179.79329833054632
3034, 179.76541397302077
824, 179.748938568932
952, 179.6509384840657
754, 179.5722681958495
314, 179.5186504232218
2222, 179.4877517071707
2336, 179.439194106552
1921, 179.4307464304281
1022, 179.32503875004085
1485, 179.27791527789967
1093, 179.2383580642986
926, 179.23387029498514
1365, 179.23296032119103
596, 179.20688078104533
352, 179.20305610695397
3230, 179.18121195410868
576, 179.12270421102406
1492, 179.1115600765595
658, 179.04702418267684
241, 178.761871749666
1808, 178.64067570279693
1949, 178.5271351324482
1930, 178.38494927004595
2403, 178.28640247756223
2826, 178.28588504274404
2247, 178.2827048459981
2133, 178.1365356792377
1620, 177.9195231415255
2950, 177.90165111860765
490, 177.86696648542477
1935, 177.77094761918886
1504, 177.40330648900792
976, 177.34695118505573
765, 177.3463731389832
1928, 177.23209579382788
931, 177.14384049005847
1954, 176.99212973543064
342, 176.92887695635508
2876, 176.85430653613645
831, 176.7060931325984
618, 176.69078152183414
1950, 176.68360237746847
1414, 176.68012327105026
1320, 176.6730261254683
1582, 176.6203713716985
929, 176.60962429304658
1900, 176.58307136678485
1837, 176.5504899442168
1007, 176.54590981439551
1799, 176.51952447176274
667, 176.48107786450413
898, 176.44643125989757
320, 176.42466947371173
911, 176.36740040387014
1777, 176.34544705863848
1898, 176.33659835360015
2054, 176.33248209185524
729, 176.3099034648349
2325, 176.27339151880219
706, 176.18740098490872
60, 176.1333752080992
2144, 176.11509396359438
810, 176.1122963499828
873, 176.04616916244308
880, 176.0333921751544
1010, 175.77642344252354
2322, 175.7638291384975
1319, 175.7573829978219
1282, 175.6370651386261
3282, 175.6173526313234
1017, 175.56926935904713
702, 175.4991106304222
2902, 175.41994525478066
994, 175.38832819564664
2327, 175.36115004456175
1778, 175.30219587888885
305, 175.2791655174721
910, 175.18232371555123
1591, 175.16243793455226
703, 175.10674347373606
644, 174.9538772675926
609, 174.86427482361157
1326, 174.8577026616631
979, 174.85750787424288
724, 174.84466907931457
354, 174.82378078681097
1470, 174.82365899358163
2426, 174.81773645903905
632, 174.71612690644483
633, 174.70462316687065
899, 174.68144076087432
943, 174.59954573445964
270, 174.48821463831624
865, 174.485891859105
1953, 174.4779717560975
1351, 174.43011023453454
239, 174.4226999534991
2367, 174.3367256625999
325, 174.2947152171136
866, 174.2597925115196
830, 174.25453423555638
1332, 174.23922202439852
2126, 174.20152638750798
944, 174.16192171704859
1092, 173.9684997458337
1394, 173.90266832565382
1569, 173.87135600776574
269, 173.86549226390522
712, 173.8288530612649
982, 173.81053408900522
631, 173.7957859245663
2370, 173.70197170375866
1832, 173.6923348524129
1540, 173.62386919826073
1402, 173.550287937998
604, 173.47474991341164
2425, 173.40139671318448
875, 173.35129803267398
1483, 173.33112420534
1476, 173.29510348035572
2436, 173.28041069797803
1385, 173.26520949471106
1080, 173.25577584329685
2880, 173.19874407992125
891, 173.1387001522859
858, 173.10617000908533
1827, 173.08519782093367
958, 172.84804362108034
2156, 172.77505981473513
1335, 172.75975316365643
2330, 172.6985914700056
1416, 172.69777579716532
1551, 172.56445971882872
1568, 172.55332581561214
949, 172.5491882537329
1011, 172.51451919407873
1311, 172.4501857806948
1362, 172.43503645570934
666, 172.42886325954066
3012, 172.3973976694385
807, 172.36873448956968
3015, 172.34537674233246
990, 172.31419942141844
1834, 172.28320971029277
590, 172.23473776870733
1304, 172.22716827446231
2186, 172.19920251942943
1401, 172.1869001864177
1932, 172.16351972536515
974, 172.05039331023187
1286, 172.05025908149852
1359, 171.95937751690272
996, 171.9372910811144
653, 171.8928591481434
2874, 171.8517177835183
1366, 171.8515119690253
2000, 171.84573915805234
2172, 171.78053224274814
1769, 171.7198826719839
1489, 171.628743347555
687, 171.610740198451
668, 171.60279264851354
3024, 171.5914833714698
954, 171.40474110704307
684, 171.34483935875437
624, 171.34483935875437
2317, 171.21610442588096
2251, 171.17245959244448
1303, 171.04437741240048
1325, 170.98105212407665
2149, 170.9399897814698
1307, 170.92382825162966
1619, 170.75640088999563
595, 170.69064519867487
1529, 170.66010875672643
1972, 170.60658936752998
1281, 170.56930900932184
1383, 170.41619858353957
1008, 170.39551225574428
1016, 170.3066245200562
2035, 169.97939591594817
829, 169.9584924754963
598, 169.92066896695334
3022, 169.86708253971833
620, 169.83073702473777
2201, 169.80301534313247
998, 169.79262012508147
648, 169.79262012508147
1342, 169.6638834039921
1946, 169.6209302758328
1522, 169.5924359482128
1276, 169.4746527094587
2197, 169.3741285406315
245, 169.37251150707695
1341, 169.3691209212554
721, 169.34249641280348
1015, 169.220579517315
2151, 169.19909618100328
1305, 169.14292573524634
1528, 169.1156183162448
819, 169.07464880762092
2326, 169.00655731570203
1774, 168.97695138820293
2132, 168.95703135275758
2127, 168.85121299733805
975, 168.8488794212239
1192, 168.84060249469715
1055, 168.80890723410198
753, 168.77054207260028
1606, 168.7610127040941
3035, 168.73289061117384
1507, 168.67608564159258
229, 168.6685816253618
1918, 168.58796648660672
688, 168.42092573351542
1054, 168.3936158621297
1482, 168.37922444247184
2159, 168.33011222003518
805, 168.19829830873
1376, 168.03741418583863
327, 167.9601258756505
726, 167.95296520754556
271, 167.93039231343778
2332, 167.89815722529963
818, 167.88519337826617
1317, 167.64879378848707
1956, 167.645706661308
1787, 167.63934313702174
2834, 167.62804952275323
2906, 167.54789065950328
1344, 167.52606637073316
2281, 167.5114879361974
1903, 167.4486181925257
339, 167.321045702367
1948, 167.23149984193182
662, 167.1806112792764
1916, 167.12693897791812
888, 167.0865663811348
1654, 167.05065340797861
1284, 167.01194604834367
1496, 166.9252287257865
756, 166.8780538285976
1937, 166.8617579067975
2147, 166.84354437558102
2437, 166.8376073043897
340, 166.749315203998
1833, 166.72682749276012
700, 166.70537972296293
361, 166.6006255680036
1497, 166.43850453343637
1296, 166.37200576320438
1503, 166.35751961492738
3450, 166.34557410553137
1783, 166.09361818859716
1990, 166.0259765774222
2225, 166.01852063481084
751, 165.9314331028678
2895, 165.85324184740978
1407, 165.79214001468878
1333, 165.7544588540863
367, 165.7511961542807
1952, 165.44162930361244
1896, 165.3919547710645
1922, 165.3127407827249
1621, 165.3050367678465
806, 165.23591801443825
223, 165.2285311430575
1399, 165.16957515957736
2835, 165.12335792962307
771, 165.10289636249158
571, 165.1023002207129
842, 165.07356347367053
747, 165.02608764706173
1897, 164.90123850029718
621, 164.75941557716317
3273, 164.6943396145661
349, 164.59638424797916
1570, 164.42981994713728
1386, 164.40301269829604
2161, 164.39560526632528
2328, 164.30853888237448
1556, 164.26408707653064
2221, 164.26360817462054
605, 164.24726461169908
715, 164.1573669418895
968, 164.07958571024872
997, 163.919266844957
1044, 163.88574607773774
1472, 163.8489242788395
1767, 163.80683372219147
2112, 163.7841147066685
1793, 163.7313485360657
1019, 163.7097755757905
1553, 163.66784631765
719, 163.50856925273385
1766, 163.38153295347593
2418, 163.35878422946976
812, 163.28095699141528
1013, 163.24587504361904
2049, 163.23764616103801
1565, 163.1714851440585
317, 163.12565850433035
309, 163.12565850433035
2250, 163.06484868193854
2215, 163.02311102888376
187, 163.01392471341975
357, 162.94664389730457
878, 162.89200657186967
1056, 162.76135900915415
2178, 162.73763658627104
695, 162.6455742923057
1471, 162.6054769478486
2932, 162.55839739783275
769, 162.3804576833424
1929, 162.34846191600937
2241, 162.23201550515554
2924, 162.2084982594922
894, 162.18703930354656
2374, 162.15751285574385
1375, 162.08809397806192
890, 161.91621820511938
2711, 161.8263037809067
1349, 161.78139512053104
767, 161.75461619917374
1538, 161.6693998860795
3309, 161.6466046375894
1796, 161.5611940261316
3001, 161.4935108404198
1757, 161.48706152140693
2329, 161.37589891799632
318, 161.3709888894815
366, 161.36453148908257
1899, 161.20906377773355
947, 161.11162764658374
1936, 160.93481398454892
760, 160.93108365113346
940, 160.857973973215
2843, 160.69597044183197
360, 160.569062541055
739, 160.491056057986
2174, 160.4333423020639
1360, 160.15104680393148
2420, 160.0584619831035
2893, 159.86774582935922
627, 159.83939995410555
2128, 159.78838679907872
877, 159.7038949809903
1938, 159.6414786800807
1395, 159.6227378598362
345, 159.591826681898
3013, 159.38190092382735
2901, 159.30750721160538
49, 159.15490308634315
811, 159.12268605309325
3224, 159.10839164443752
570, 158.91384293116894
244, 158.85217164278149
1805, 158.8257401671616
809, 158.5791354931234
2155, 158.51069318347288
1283, 158.46679323115873
869, 158.39812121163703
1313, 158.32840569962693
835, 158.29396869637227
2363, 158.28839294157902
2883, 158.2628220737902
978, 158.2228488964055
1363, 158.20437911187977
2062, 158.19989222241415
2886, 157.89898586600378
2335, 157.66445266992838
2253, 157.61061912184755
1917, 157.6031987063171
1797, 157.5755150953376
2118, 157.37050596932175
2137, 157.30957872609363
915, 157.27986546161043
950, 157.24592295075786
348, 157.2324317429035
2234, 157.17698390426435
587, 157.16945563396644
3011, 157.02623944017094
1988, 156.99583619817088
995, 156.88889747900197
2042, 156.77145787798446
308, 156.70179825952624
3451, 156.65056490817508
224, 156.62689115160768
1592, 156.60539907189067
359, 156.4451124124318
1923, 156.4414376032731
1338, 156.41780072285653
1334, 156.32584026343417
758, 156.28150588614662
3023, 156.27296894139556
1955, 156.0566017558684
921, 156.0335252404843
1924, 155.8618710980448
286, 155.85937528559782
2885, 155.84572109316096
1609, 155.67823111655457
592, 155.6707479640116
1546, 155.6670528786643
2371, 155.65668670614258
610, 155.64083877941985
749, 155.59840503576018
322, 155.59261201890442
310, 155.59261201890442
1337, 155.5437613922918
2182, 155.52124069983896
2892, 155.5189086842368
2729, 155.45872680972315
3449, 155.43577624725253
1945, 155.41591397078193
355, 155.3295845835637
1861, 155.32774776977843
652, 155.27368357430956
1552, 155.20767143423225
2368, 155.20276807678002
2887, 155.18737777725866
833, 155.07887329115928
2848, 155.0141103645671
2838, 154.836861660534
625, 154.50829814299587
589, 154.3378287260537
1816, 154.30409697519661
1987, 154.21669533149503
1901, 154.1346314408493
1812, 154.10228582937174
622, 154.06025448742713
489, 153.99073088459045
1933, 153.8953509606352
1545, 153.6217163011546
1802, 153.55383189822786
578, 153.2974148118819
941, 153.20012200091878
991, 152.9969719674201
2051, 152.98583921636313
3218, 152.87460882390877
2827, 152.84633806736045
889, 152.8381531896259
630, 152.72355105660375
2944, 152.63341865943667
2836, 152.6202940129674
2001, 152.44152979670423
1798, 152.3668155193019
1000, 152.33584572584118
2107, 152.28937027508277
1602, 152.25120092577188
2912, 152.2286877479812
1290, 152.1843535302268
1947, 152.1330507621721
233, 152.11898058339105
1845, 152.0683140311327
1843, 151.92121221047665
343, 151.91592657510972
951, 151.88915194459838
874, 151.8751906153762
2067, 151.8330245038298
2995, 151.76061722055985
2316, 151.60224609908184
226, 151.44632078612605
1350, 151.41592156474118
988, 151.05706327545312
1763, 151.00449908024575
1005, 150.76012167389217
1310, 150.55442094171804
25, 150.41695109266638
2896, 150.41159363455387
2357, 150.3674341398591
1844, 150.34993650316918
362, 150.22347165385867
1379, 150.09845307768828
617, 149.72583840995583
909, 149.6237101522802
841, 149.56569127291905
1547, 149.43615347533031
802, 149.31944701152125
1384, 149.28157763182628
1826, 148.99082873212384
2855, 148.82396205588526
2945, 148.74763904321395
1775, 148.6542924858043
1795, 148.6510650891388
1821, 148.43846232057442
591, 147.99578423092262
356, 147.9588927604279
341, 147.9054810808857
1541, 147.86923154449505
2894, 147.75457648021845
1526, 147.41681921348817
2402, 147.21275680756065
2890, 146.95673461527846
794, 146.750501068597
1012, 146.48947508292528
772, 146.45516374978683
1842, 146.3940435724231
1536, 146.37588751575888
2925, 146.2011799001221
1347, 145.96045012066585
1762, 145.89539645201626
2248, 145.8332980119706
1373, 145.74108493903304
1355, 145.58171097427422
2358, 145.52254855332097
1784, 145.39066420022291
2923, 145.3838380700205
2333, 145.25523193415947
939, 144.4521545072369
1931, 144.14639718094782
1613, 143.8803097842465
1048, 143.83613225264614
2935, 143.8351365365999
2364, 143.80131395337074
1532, 143.55756430812428
2904, 143.2986508271135
1616, 143.26936102280635
884, 143.26064724677744
629, 143.11307808343255
1542, 143.06098133671023
628, 142.90566895252778
2143, 142.69710426047368
3036, 142.66290681018484
1764, 142.61060943178526
344, 142.13892250315303
1919, 142.13416365831583
3220, 141.9929068705276
1768, 141.92322779902744
1781, 141.72162166414802
1274, 141.6323007490419
1765, 141.0426622971843
1190, 140.96549210303138
301, 140.82524811028233
793, 139.67712887399057
2072, 139.45063515580898
1049, 137.43931165972498
285, 137.3023576500614
316, 137.06202552159044
2931, 137.05266039168936
901, 136.6577602554216
1287, 135.94024038984452
1925, 135.38017532752184
393, 134.84483997711718
1564, 134.8061255463122
1267, 134.58863078119077
2871, 134.32445539063215
3219, 133.67984459933777
1364, 133.1201783888528
3216, 132.7319596530171
2084, 132.57963024031412
3223, 131.7871276541772
1863, 131.0079331141645
2940, 130.9944864769648
2929, 130.34577919109168
1050, 130.30509331572796
3221, 130.12270578206596
2922, 129.82933294798167
3222, 129.73532449611986
2928, 129.68677379758395
3217, 128.59031933335476
795, 127.44678759330702
1158, 126.9615249031369
2926, 125.92963397054838
1358, 125.5370752139907
2937, 124.79145236608655
2952, 124.23186647250233
2872, 123.80347354340294
2921, 123.61333420590624
2927, 123.29902690321694
2911, 123.028970645295
2938, 121.53065620325634
2933, 120.02506713345907
2939, 118.30412581285218
2941, 115.76873277736526
2934, 115.04442011982081
390, 114.11109659250701
384, 114.08661699843272
2954, 113.62991810109354
2957, 111.91955091628219
1534, 111.72914810487133
2073, 110.32798483415372
3412, 108.2740897080397
2943, 107.62569921116474
2955, 107.39066299032154
486, 105.47099529181438
2930, 105.15277695198135
2870, 105.02301732127266
391, 104.57040282392283
2873, 103.75851583421995
403, 103.1429482292213
2942, 101.0377785860805
2865, 100.74563762795636
1064, 98.42963496922849
516, 97.69763993877024
1468, 97.64547024501958
3145, 94.6072638431151
2867, 93.48613409825519
3411, 93.28418365263715
1862, 92.9266236365225
1264, 92.54954671113296
2012, 92.17464485275524
2739, 91.64676635136647
519, 86.81031089041942
1157, 86.78705757492374
493, 86.18029215381647
3121, 84.01319411861797
183, 80.29967898247521
3161, 78.34800544991016
1612, 74.61439719164733
