3098, 5032.219219738469
3209, 4992.098147933293
3245, 4349.043107075791
3348, 4158.220318888451
3057, 4066.3050326721795
3297, 3881.669706114139
147, 3873.0670709865913
3056, 3811.445687513719
1077, 3706.4624622406386
3293, 3657.3739914478024
3208, 3623.780705341149
479, 3622.165798848584
148, 3585.7063754258534
1880, 3554.8858890846363
3176, 3509.6689230029483
3159, 3482.7253119861607
3300, 3405.543372079304
3185, 3351.992920143157
2767, 3341.0055463595413
3042, 3288.4956361265936
738, 3230.942486458891
328, 3185.117088389622
1770, 3155.5730911888813
913, 3130.7876005435014
3298, 3100.216282508252
191, 3078.5752065974866
2722, 3026.126378105932
816, 3022.096780516762
3283, 3014.4093324986216
2744, 2976.511205605936
1893, 2956.269296387648
1993, 2954.0010430083653
608, 2945.395384496046
3285, 2936.410330443863
3173, 2923.527427876285
217, 2919.988968269712
3424, 2912.505922110641
1105, 2910.4264360328725
449, 2908.628244052652
562, 2903.4929950682013
34, 2892.276451549252
3083, 2890.5645692219696
3447, 2865.541511242894
496, 2855.6584577155954
222, 2847.266736936322
2723, 2833.154875098734
79, 2827.9405364005734
3440, 2827.856971891788
495, 2820.928811614918
3128, 2812.641914484687
1675, 2808.4191360677373
3151, 2807.980089685344
2045, 2782.2934296881826
1111, 2781.281187873917
3212, 2773.018788850791
731, 2741.06331960455
3435, 2739.5857875156476
3281, 2729.7563498604536
588, 2718.0353683112694
1910, 2700.5438231747657
3110, 2698.4114374610444
3084, 2695.2868030590325
335, 2659.3127345164844
142, 2654.1582401682113
1853, 2646.4391584813156
3276, 2645.8767375042194
3079, 2644.7399076546417
203, 2637.0220370604184
3213, 2635.2431569206883
1100, 2628.024688210287
2013, 2618.918315312571
3093, 2617.515126393201
2011, 2616.7010353919786
3244, 2612.025496774712
2026, 2600.966836168305
468, 2586.904290622271
650, 2586.7161381921537
3199, 2584.011354011767
3386, 2576.6819986170667
906, 2574.9408721008176
3404, 2552.8508203040283
2863, 2542.868041788816
451, 2523.77779819854
3050, 2513.345279043091
3071, 2511.8260590483987
471, 2497.821594220262
677, 2491.1025925525823
331, 2490.932336012615
2817, 2471.2820322227153
2029, 2466.1505045541303
464, 2452.7077210582665
3445, 2445.068706713249
1870, 2441.569446307615
583, 2440.8905449723734
540, 2433.5561870701986
676, 2413.0406439405547
380, 2412.044140836196
3190, 2409.8463102124842
881, 2405.982163293578
1912, 2387.4792794021255
3172, 2380.521706946753
3246, 2377.7903947491777
2391, 2376.064727121897
198, 2367.3424703383143
2751, 2363.7669757231965
173, 2359.7870915437793
480, 2358.6712712615526
381, 2345.0916147176063
2774, 2338.8824182493795
1244, 2336.1858157100014
1980, 2331.0130619024167
466, 2325.2778394719858
3434, 2322.3124800401165
297, 2313.9084540821536
2027, 2299.644284764015
2296, 2290.2572115153353
534, 2286.1544753709004
3203, 2284.653038035436
611, 2283.3641750237307
488, 2281.4213431063763
2748, 2278.1396325959404
670, 2271.8400680429327
1997, 2260.369579493652
130, 2253.8974061595886
3174, 2249.298128107168
1913, 2243.3369157866387
3182, 2237.086985994549
1850, 2233.9715483612645
1098, 2231.295169654192
433, 2227.8207558946874
2810, 2224.501824791174
3149, 2221.1739473072903
2759, 2218.510937762181
2768, 2211.8196247790647
2076, 2209.136494303579
1443, 2203.785779319106
2790, 2199.151428142657
452, 2187.3163386524448
2734, 2183.222214270997
372, 2181.255088356092
1087, 2179.083389580964
365, 2174.0970712501676
1002, 2148.4658300233955
48, 2144.239352646599
1680, 2141.621923645579
2920, 2137.9239976808935
2766, 2137.2333311025104
546, 2131.537065035166
470, 2125.755512021582
299, 2121.061151388107
485, 2112.328510145988
1666, 2107.085044278547
44, 2090.8820761401844
56, 2089.6913573630395
3171, 2068.074544754766
3192, 2065.902103538456
1033, 2060.9143857196773
3287, 2054.23732959192
3214, 2052.3441319207864
467, 2047.6100316839656
3167, 2037.3204399773892
1690, 2034.677750210278
389, 2016.826968077658
478, 2011.2381833286788
3065, 2008.0299614046935
1235, 2000.640988175232
1975, 1999.8975635279955
3175, 1999.1139133697923
3241, 1998.6206653761512
441, 1995.6283334553082
555, 1992.085474027517
685, 1965.788748635796
607, 1964.208405578936
2981, 1961.2124371030163
303, 1960.498455564543
773, 1950.8734745550905
475, 1943.2668749007312
1991, 1939.1188949606674
3274, 1933.686707613535
204, 1933.0842031672432
1259, 1932.9025643183152
3189, 1931.9426040511255
2622, 1929.5875884681302
3205, 1923.7044058937038
3226, 1920.916996445959
895, 1916.5761201836451
425, 1914.7581587977727
3092, 1912.9667856839592
435, 1912.0899995994776
1233, 1910.6553639449978
861, 1907.6066422437564
3259, 1907.1953901534205
52, 1905.358158085731
2078, 1903.948207834544
2773, 1900.7380625559556
165, 1885.0194959588289
832, 1884.4213118315613
1256, 1884.297167601435
2786, 1881.1187140422808
274, 1880.8993017504745
2108, 1869.8990159486673
864, 1868.3293217272637
228, 1863.2869491586782
332, 1858.8590630970934
1587, 1850.7069991358853
669, 1849.9180048836322
3144, 1849.721984406297
424, 1849.3261611700289
401, 1847.5298520025872
220, 1845.2182779264099
2020, 1845.0535968020772
406, 1844.7761500865265
329, 1841.9491186909813
2776, 1836.9254883540186
654, 1835.3368884017116
1076, 1832.1883897221205
3178, 1830.2142436652837
129, 1826.1580068966898
3413, 1824.9718011780856
3389, 1823.814321094147
3142, 1821.6081109287386
213, 1816.98044179095
2059, 1808.4686327926324
453, 1806.1704512207436
140, 1802.6890238198625
1851, 1802.384716356685
415, 1802.1072497828447
2083, 1801.5202029264894
2507, 1801.3571591212492
2389, 1794.1740290168866
2795, 1792.7004793345989
3210, 1792.5067706721823
2737, 1783.6279644390597
194, 1781.5673011364102
580, 1778.5511966798551
2005, 1773.1708585075162
2808, 1770.670198382152
2951, 1769.8274009298011
175, 1763.6044996357198
272, 1760.9803537419327
2032, 1757.7064171358372
2224, 1756.9741331234695
3051, 1749.575571588478
651, 1748.981695588083
3062, 1747.1931698113501
2811, 1747.0999103660647
2741, 1744.1254632969603
1707, 1738.9842930806428
563, 1737.37839828544
1032, 1731.8680870755952
2006, 1730.1494551673957
134, 1728.8780872312432
862, 1725.6212208167883
483, 1721.008791832282
642, 1720.8382400740848
1848, 1719.8526556471375
1995, 1712.5634239560895
3169, 1708.8079283405486
2963, 1703.6380247798559
2016, 1702.3425814780394
3095, 1697.80151790103
152, 1695.243672704013
2757, 1695.036165335749
208, 1693.3366448909012
330, 1692.450253030994
193, 1692.2661006065428
3032, 1690.8149650954986
288, 1689.8607702476181
392, 1684.0135764136708
2109, 1682.1109942623657
1877, 1680.3252674248654
3336, 1678.269435942296
2075, 1677.8710538123564
3010, 1675.3440027698994
3439, 1674.5147633668737
3133, 1674.2163211001418
3278, 1674.1754145014588
1029, 1666.4584668966327
2964, 1665.6837956527374
3384, 1665.3089799341988
1611, 1663.0683896057008
379, 1661.6463058889672
1215, 1661.1809736002333
437, 1660.4485656970178
3069, 1658.3355384431036
1686, 1655.1088091012675
57, 1652.6584358633638
2820, 1646.6361124180685
3204, 1644.1966062878853
2764, 1641.9690109560952
2736, 1639.1431182491294
2807, 1638.4255390494798
37, 1635.7133683495395
3101, 1635.7084296734433
2772, 1625.6714370747525
2343, 1618.6047998653537
3059, 1614.777072131831
2106, 1612.4283908954974
1122, 1611.212720158951
678, 1605.5363190533235
266, 1601.9525872724196
1090, 1594.148273057026
1102, 1593.9079716019755
3186, 1587.213302702374
334, 1582.4128022619805
275, 1581.5313328796408
1742, 1576.3416597053708
3054, 1575.6202552129826
428, 1572.051338230868
3432, 1570.7376969002135
3143, 1564.2100869563653
206, 1563.4613293014309
126, 1562.4676633504912
2025, 1562.3133959646605
1738, 1558.8587398371076
3170, 1558.148337944167
1677, 1557.0092100966376
501, 1554.4611471295345
3379, 1551.7859451046766
2103, 1551.0818527562828
1024, 1547.8180688682296
494, 1546.0453202690364
613, 1543.5213405711904
2238, 1540.8141611458905
180, 1540.4807330361523
557, 1538.9571841073223
189, 1538.7317374461736
3315, 1535.6487824190547
3206, 1535.28429295562
333, 1534.5177461833557
3202, 1532.5488404937862
85, 1532.089843196318
2793, 1528.193819304996
376, 1527.2199404806815
136, 1526.8128896959452
1732, 1523.9946078129205
3275, 1523.5446972522784
2791, 1521.4201308615031
445, 1519.2122633230088
3380, 1517.4035007353584
2740, 1510.7432675996536
295, 1508.08790014222
3433, 1505.7783805963625
158, 1505.317357128368
3409, 1501.181159656293
3135, 1499.6753803604543
2263, 1499.2584020019017
456, 1497.9555476242012
284, 1494.5623861570255
294, 1492.9961098244491
3341, 1491.0899324646043
378, 1490.4055216779652
649, 1486.3110598160715
3403, 1486.0236464723544
2394, 1480.138282821645
1058, 1478.7188251667098
202, 1470.8254009055513
1994, 1468.3898694886775
2265, 1468.2802310798113
1859, 1464.508429345641
1583, 1464.4438126319985
447, 1463.2404253602497
3426, 1459.461360628912
3191, 1454.663387757207
444, 1454.5906997112072
170, 1454.4288643096554
3197, 1452.6924091888054
200, 1450.3466776918997
2015, 1448.8874363051284
440, 1448.1762694504523
2091, 1446.7826234312358
1159, 1443.4995634329873
1725, 1442.5557861497316
2651, 1442.2139320377403
3107, 1441.4181225744583
1964, 1440.2366190573873
3114, 1429.0701852219174
75, 1422.9718723607148
2666, 1421.1906076453033
1434, 1418.5833631021358
1433, 1418.5833631021358
1071, 1418.322190591182
3211, 1415.4117573351718
2777, 1415.2985804880723
748, 1411.6399230236418
3401, 1410.1396605549387
2041, 1409.6661012800444
2003, 1409.6441620081566
554, 1408.275092870958
1439, 1407.9979923256174
3302, 1405.972146796109
655, 1405.7739465764623
2802, 1402.627329572835
2050, 1401.203968539242
3443, 1401.179130944386
3148, 1401.0101338308614
3304, 1400.5181803857322
1084, 1399.8911496372448
1627, 1390.7367999107323
1121, 1388.4725294501234
3305, 1387.4486656326299
3312, 1384.466812527228
1072, 1381.9034387388708
1252, 1380.348650084952
207, 1378.7277991974133
3194, 1377.817959822845
1237, 1377.7872110738792
1687, 1377.2958912683057
237, 1373.839815673593
515, 1371.1807722387541
3388, 1370.7219168749318
1243, 1369.2797433776318
1234, 1365.4085239231845
2022, 1361.4012743586877
298, 1361.3253508448622
2989, 1360.7291574442738
1432, 1360.4105893210624
221, 1358.395643786964
2789, 1357.6765721246047
2735, 1355.6719326829016
1914, 1355.1779326728054
1231, 1351.3876543784309
3284, 1349.9779392494515
3163, 1347.0376500575544
663, 1346.298004258509
2505, 1331.0868800560231
473, 1329.09284613788
1249, 1328.5365031370245
141, 1326.7903322732773
427, 1325.9609736024743
2746, 1325.7376512462993
3327, 1325.4022464969423
3147, 1323.3456199826142
2483, 1320.7095950246899
2987, 1319.6212346866207
3046, 1318.4417160783412
1381, 1316.9010737439737
168, 1316.6330999943525
2240, 1315.4481785915086
2630, 1311.060169794887
1533, 1310.1757148058862
643, 1309.5356751162938
1729, 1309.1056667458238
3385, 1308.5206892385327
1585, 1308.5036976398258
1466, 1305.053852976954
458, 1303.4614781376308
1720, 1302.743427898349
680, 1292.4857048053643
1228, 1290.0385652562945
3039, 1289.8892869040358
1722, 1289.1751446505725
1448, 1287.8982660900779
503, 1284.9770457018135
42, 1283.530079886748
2272, 1281.9971143214796
3077, 1280.9730006248014
1517, 1279.9609558401623
3118, 1279.6493373868939
3155, 1277.431228671722
3294, 1276.3562272692875
1238, 1276.0889247600817
82, 1273.3387381217683
2988, 1271.2959210601175
1584, 1271.1181241566126
296, 1266.2194243197898
2454, 1265.6164119614282
1075, 1265.3468915824583
860, 1257.752221555335
2300, 1257.0697439151659
966, 1254.7251274619462
1879, 1253.224713005669
146, 1251.8166977941141
2749, 1251.2821062547218
852, 1249.6438901221395
482, 1249.4811408625367
3354, 1246.9660474991008
2018, 1243.874151241803
3070, 1241.0182680174732
3134, 1240.3750318085874
1239, 1239.5066683978544
3289, 1237.3155518422072
1040, 1236.7368031721567
1230, 1236.5214152228866
457, 1230.643267942668
1026, 1229.3079511029293
539, 1228.5146937099257
1221, 1228.3292148401922
505, 1226.2262853701668
3120, 1225.655143761196
2291, 1222.6894860800414
1086, 1222.3677472010047
159, 1222.1766208863144
2002, 1221.550366643009
1459, 1221.1044570680456
2792, 1219.4427649943207
1874, 1218.817077073858
3200, 1217.956938944241
2513, 1217.125329617958
1695, 1215.3471119613714
39, 1213.62815303212
3089, 1212.0785969070178
2508, 1211.3290020627392
1963, 1211.2531925620538
40, 1210.293464068372
885, 1210.2732751433234
2825, 1206.2091440875954
263, 1201.209113151481
1110, 1200.5601243795134
300, 1198.6110159871937
35, 1196.003099481089
2203, 1194.7488981129272
143, 1192.720213329408
481, 1185.2364409308002
293, 1183.2373530008645
1603, 1182.1807459569186
2424, 1180.4407488160457
2099, 1179.9492669326269
3370, 1179.1586759547156
2088, 1176.6462291632554
1126, 1174.8571899169326
169, 1174.408647953866
1875, 1173.8326703860437
3247, 1173.667469323007
41, 1171.1022812364733
3049, 1170.997831073335
3055, 1168.7364361930481
2104, 1165.5115227985523
2070, 1164.0226929812645
2948, 1163.992334013865
84, 1162.6211797640235
3303, 1161.7895006710098
2491, 1159.8144342988437
3419, 1158.7214700858253
548, 1157.5523425712277
1173, 1157.0891019377407
410, 1154.7417636993862
1911, 1153.9282574823533
3072, 1151.7125767922512
3437, 1151.2932984414426
2274, 1150.4575148656104
3350, 1148.4189342246118
491, 1146.4510237230006
732, 1145.8958821125104
3108, 1145.4720082385466
368, 1145.0163978066028
153, 1144.7098529569
736, 1143.9521823361974
733, 1142.314740676239
679, 1138.313127591381
634, 1137.2224622074261
1736, 1136.9344106075537
544, 1136.7743009946666
2086, 1135.8143122406493
3331, 1135.4339367260466
1646, 1135.4098652863088
3181, 1135.3019027049643
1104, 1135.1454395697147
281, 1133.6026254656585
73, 1132.204331309937
3277, 1131.7041328399941
2034, 1130.664855661127
3382, 1130.0076697201512
2824, 1129.9168401665186
3082, 1123.9993708939605
2721, 1123.1553488477366
3408, 1122.383749229466
408, 1121.5157354414027
280, 1121.0301812555065
914, 1120.0864559640659
1119, 1119.530658382974
455, 1118.686167644017
1685, 1118.2523667018816
2742, 1117.4538228378963
2053, 1114.6859001519251
2986, 1114.3512330017734
2381, 1113.574156921905
2583, 1112.9528546527565
1718, 1112.5782773723174
3353, 1110.7961719545492
2671, 1110.7265490194084
2024, 1110.6863421367195
2442, 1110.2384832547689
1117, 1109.6570522731026
1625, 1108.4360523408154
1624, 1107.9165952834899
2393, 1107.1129013705627
2048, 1104.9953127722342
289, 1104.8368664975078
2008, 1104.138184410831
227, 1102.522339604788
863, 1101.3061686691744
2306, 1098.0886642694925
373, 1097.4363404763103
1456, 1094.2688219671675
326, 1094.0196838052577
460, 1093.7289659673422
1232, 1093.1716794896179
2302, 1090.3355635170103
51, 1090.034365786411
3184, 1089.1635784357918
3058, 1088.7341009767938
71, 1088.0257451700677
2055, 1086.812427358713
430, 1086.6576778809836
174, 1084.528548838393
2348, 1081.6058048565587
1027, 1078.5890458058316
2566, 1077.7179651695792
2780, 1075.9867031342062
1868, 1075.6948078279822
429, 1073.4893284632174
3243, 1072.5938991555659
74, 1069.942034546043
1260, 1067.5571853099382
439, 1067.139686342213
2105, 1065.6163847630426
2783, 1064.0880461371762
88, 1063.2204871087404
3340, 1062.3045992529796
3381, 1062.103541542989
211, 1061.0946932375368
2288, 1061.0032095076654
448, 1059.9488462546544
582, 1059.5646215689915
2033, 1055.1042406003294
432, 1054.7681147755247
699, 1054.4607511609247
1708, 1054.071271048785
532, 1051.0490968450886
47, 1051.0013825025615
58, 1049.6674709918614
2280, 1049.2635835536491
1894, 1048.7636956169663
3150, 1048.6695936762799
454, 1048.5635407802004
859, 1047.684570566354
3314, 1046.8114823468206
150, 1046.6195959493778
3040, 1045.9937886723292
2314, 1045.434843407482
3146, 1044.5312855875588
1971, 1043.6173194400901
3227, 1043.3723215148952
2021, 1042.5437923116283
1669, 1042.176849107002
2549, 1041.720327528609
2308, 1041.4925379327005
1610, 1040.16628835915
45, 1039.7477663508116
2546, 1036.3325958065327
2307, 1035.7582317321921
262, 1035.5604601972889
956, 1032.4328724198085
1030, 1031.505570544529
3179, 1029.5440231982905
2286, 1028.7723175451122
2784, 1027.3396129969974
2965, 1025.742483508446
2100, 1024.9814618326918
132, 1022.9559085386019
302, 1021.1001769973809
2917, 1020.6493427013074
2553, 1020.4136190463578
2696, 1019.1301111461228
1698, 1018.5336002390995
671, 1017.8169229867729
188, 1014.6552536618375
3264, 1014.4761030584943
2257, 1014.4675382093982
1450, 1014.1035927429864
1461, 1013.6332567810182
1644, 1013.1072888445987
1756, 1011.7072300108946
336, 1009.7780420234022
3064, 1008.7003209205128
556, 1007.2426564778057
820, 1006.7950316637441
1247, 1006.3368922727334
1854, 1006.1519608812359
2818, 1004.5650427503356
2755, 1004.0034683620274
1865, 1003.7600211302196
2587, 1003.4452656529231
3317, 1002.2252211928227
2562, 1001.9380715405507
1641, 1001.2059436627252
2816, 1000.9156516943008
1676, 999.8688090968726
443, 999.5225198354748
2968, 997.2973785425023
219, 996.8424158125114
1204, 996.6465877427797
2093, 995.567467574766
2782, 995.5174572603033
123, 995.1366118880308
1746, 994.5074790060024
2812, 993.7251053115884
3444, 992.9932496494674
2763, 992.9120145718709
2071, 991.9960185938621
2098, 991.6248004072202
2261, 990.6903132143785
1581, 990.5898689974794
535, 989.5057840928914
3324, 989.3447678853062
1968, 987.8624974979925
1444, 987.5173088115583
1747, 987.1376042241316
2524, 985.7808380241379
157, 984.7843241692584
1219, 984.426686715426
1531, 983.5986278591415
734, 983.4571864841872
838, 983.3626420662326
2353, 981.4610615602595
3187, 980.9707837622316
3352, 980.1820822254475
2404, 979.9359549372277
2218, 978.171161062766
1973, 977.8688537236949
3407, 976.0703143565573
1590, 976.0449734014721
2961, 974.6805496960885
161, 974.5908179768261
145, 972.8837702990484
3239, 971.4151176781265
124, 970.7177041837623
3248, 970.036380277847
1871, 969.9278723993611
2294, 969.4563080760299
3166, 969.3474912816065
119, 968.5636722416565
1437, 968.114531769677
513, 967.6128335211259
1132, 967.3931716242444
3105, 967.3144217760362
265, 964.1483852921351
1060, 963.8945142499647
1172, 962.1819526906739
1074, 961.4745337070331
98, 958.6392469270073
2788, 958.3211670620273
1094, 958.2077514798549
1258, 957.1338862884234
2298, 955.662077710287
1140, 955.2238183738383
1089, 954.3631977623493
1218, 952.6974956778473
1811, 952.4992278731833
3436, 950.5241824381812
2823, 950.2044730417557
2258, 948.7810391336739
1731, 948.4582675709989
1740, 946.4570332067516
737, 946.0377925224014
469, 945.8213741008861
2973, 945.1270925963956
2990, 944.8495966394158
3373, 944.7001307067608
1248, 944.3559915109789
518, 942.7455492869649
3423, 942.4407291430563
1717, 940.9285979210324
2758, 940.5334814817969
3123, 939.3334440462328
3405, 938.9753649714149
251, 938.7259835043279
1651, 938.5451766933459
1626, 937.406847657001
3168, 936.4791687757067
1714, 935.3322548642773
1682, 934.6118109494171
1771, 934.0588238412894
2558, 933.546820318813
77, 933.2919966058137
1142, 931.5727209543229
2754, 928.108110291073
1161, 928.0375105978773
3183, 927.875384391577
1502, 926.3464343356001
2705, 926.2817491917588
512, 926.1754723547817
1643, 925.4304878427799
2385, 924.1063327112355
757, 923.9275587860608
957, 923.4998227167775
2354, 920.4605739123821
171, 920.3196705630639
1106, 917.7284801711851
3063, 916.9430293625186
3290, 916.7443978918433
2398, 916.3758013857488
2110, 916.3383301798262
1604, 916.1476302519083
3225, 915.603255411773
2056, 915.4621731702968
2017, 915.4281489189711
1091, 914.4532215529333
1515, 913.5453968546235
530, 913.092163363618
446, 910.2593912967682
1970, 910.2060560162474
2688, 909.6583421269158
282, 909.0620118930035
181, 908.4044618364358
398, 908.0791437825006
504, 907.4357048239558
3415, 907.372619126679
3162, 906.5400937999401
3255, 906.2930009434951
514, 904.8006968847823
2969, 904.786874459337
2039, 904.4112684675488
2382, 904.2382892006115
46, 903.513982157336
1876, 902.92096402038
1066, 902.7233559986523
3090, 900.4281398259128
423, 899.7735894415165
3369, 897.9383041983024
53, 897.6121208941465
462, 897.3159911509565
912, 897.2463282297682
2548, 896.9483931265104
1063, 896.5835391271897
509, 896.3116574271996
412, 895.6320300069603
1739, 894.5171454385925
2278, 892.9806223662247
156, 892.0626806589513
1647, 890.2528329565354
1035, 889.9135973039256
2069, 889.624465207848
2338, 887.9413668223738
1858, 887.3321691724209
2536, 885.7062302871561
1128, 885.5721221342608
551, 884.6947551678373
487, 884.0369530868635
3129, 881.4589221806106
1726, 880.9076289413242
3006, 880.767966196289
2019, 880.6456176117474
561, 880.5956486063014
550, 880.3335796674293
626, 879.9734576009708
214, 879.742990332435
3378, 879.2580567181907
1241, 878.4134649983432
3196, 878.3858561895397
965, 877.3238350786868
2101, 876.564239454218
1642, 874.7419524876735
2694, 872.8737192217236
2918, 871.7643416668271
2514, 871.4876387521234
1892, 870.982422220204
2419, 870.6428787544415
2068, 869.4265699558249
1057, 869.1647455333939
164, 868.2589328484896
2645, 868.169129614443
2710, 867.9666248916619
1513, 867.5598396410061
2388, 865.466957094189
2781, 864.7192258839633
2610, 864.2482126077219
291, 864.1192808208265
1703, 862.1905533039854
1082, 862.1816820260544
2620, 861.4975379683822
151, 861.1695618479084
2004, 857.4595073353515
3080, 854.7657174805429
3416, 854.6945231131119
3279, 854.4153796667779
264, 853.980698710546
2379, 852.9959094412088
3086, 852.4622517765085
2574, 850.5349489215282
1143, 848.7917964712146
1205, 848.7902731068898
3066, 848.5121653853506
2864, 848.4357126307403
1166, 848.1830239546647
1869, 846.6253966102021
278, 846.2769040689633
2244, 845.0593513687894
2277, 844.2584937096561
2390, 844.1539508188343
2686, 843.5911673418195
2559, 843.1266440750569
1721, 841.3663339552701
1715, 841.1163951998144
2958, 839.6189617493098
3119, 838.8764118522624
3429, 838.693966674706
2607, 838.5609119988314
2803, 834.9431564539165
3318, 834.8871160543155
3041, 833.3763692081066
521, 833.1047883520384
3130, 832.8369353137324
1113, 831.6385652878528
276, 831.1187807154928
409, 830.4049072951655
1758, 830.3545237131231
3106, 829.8336134946554
3371, 829.0857201527816
681, 828.9184309831688
3339, 828.8557365608464
163, 828.7414708088336
87, 828.4113311219688
2267, 827.1327646677054
1445, 827.0182783551877
1705, 826.6039722573307
155, 825.6403066165004
2102, 824.8340454215623
3299, 823.6813115901159
2287, 823.5737408576285
199, 823.3797485280302
2640, 823.3446105483602
176, 822.8590045839796
2571, 822.3247404201763
402, 821.8843837508933
2657, 820.7935750011237
128, 820.7145040118048
2677, 819.3484212757838
3207, 817.0880089293993
407, 816.6291849425678
250, 816.2713205929462
1712, 813.2433120824628
1442, 812.8997070870638
619, 812.1344969781784
3347, 810.9235295538723
2814, 809.3836045222183
2473, 808.4963005044337
2979, 808.1369661418853
395, 808.0734184053285
1752, 807.8737369634955
1733, 807.547044515492
1429, 806.5517401067918
19, 805.7673309294331
2309, 804.748926282522
502, 804.7291337099031
3111, 804.6779893977139
2297, 804.6105950344803
3061, 804.0234068163401
2819, 802.1336192248298
2252, 801.0083526281037
537, 800.1227708917665
1755, 799.9184639157346
1701, 799.3663089772751
54, 798.0851157023703
542, 796.9493286669955
1607, 794.770143429298
3291, 794.483210908478
2305, 794.226205279817
3402, 794.1693047324644
476, 793.2605759172278
2259, 793.074664996117
531, 792.6683850368394
3286, 792.4679898870285
139, 791.8110928970492
154, 791.2949427368541
1689, 790.1227571650035
2690, 789.6257781356297
2380, 789.2860560868352
1162, 789.0048266588095
1978, 788.8013077432444
1630, 788.6312223244478
3073, 787.69185175254
2779, 787.1270054058896
1236, 787.0374309222709
2009, 786.2647130655147
3306, 785.6919292386798
283, 781.0389915323365
1979, 780.8273094443418
385, 780.4119934476704
3334, 778.7877393071643
1692, 778.4765534902299
1849, 777.205716953258
2030, 777.1473645543452
3099, 777.0665195341722
100, 776.811271757811
1115, 776.5570855529556
3280, 775.1133909659516
2650, 774.0262093751993
2753, 772.8462527966451
450, 772.7726779494761
399, 772.4250347865581
2756, 770.1969357201559
647, 768.9511067342478
3125, 768.8836831328816
1085, 767.0697330645817
547, 765.7586453208568
2653, 765.7246569214947
2862, 764.9701897841226
2111, 763.2356715889188
2096, 763.2356715889188
1187, 763.2185675007274
1028, 760.2564103146466
2152, 759.4404064126412
382, 758.3087109135951
411, 757.9800498008324
3418, 757.2416167719854
1710, 757.011460093278
1852, 755.4014403881105
2962, 754.8904757282846
197, 754.5372268178772
1872, 754.0155599692596
21, 753.0290508631324
1200, 752.8349397242418
216, 752.5116723185678
2785, 752.4156784510617
414, 752.3434735533922
383, 750.3103964392387
2572, 750.204945642251
1177, 749.744390045728
3020, 749.4739736884926
3048, 748.853559622366
254, 748.4444343240676
386, 747.4505873408038
1184, 747.1609757136683
1245, 746.8636281194011
2683, 746.4262274413086
2561, 746.3435537289454
2649, 745.6279788621188
2520, 744.882525768586
1124, 744.55872843985
1185, 743.7660712421015
2624, 742.9413638018672
1171, 742.291778036981
377, 741.9132077744248
2497, 741.0125039589898
2621, 739.1521507021472
1031, 739.0982997297233
3153, 739.0945004786748
1083, 738.7069914230841
1735, 736.1470840792311
1631, 735.5894803880482
76, 735.0737182885622
1873, 734.8777328034097
3316, 734.6308579970571
2217, 734.0617907375914
225, 733.9500939963009
2337, 733.1843720185616
2525, 730.0090192576137
1966, 728.7446416176691
2985, 728.4949403617431
1856, 727.3902083331303
2798, 727.3861034417048
1145, 726.9864315034853
2527, 725.1764258425221
1025, 725.0363497554645
2703, 724.5452434255589
2260, 724.4318457008269
1129, 724.0684233987467
1744, 724.0108636667889
2919, 722.4569732420631
1716, 722.0772534537961
3265, 720.7070579480711
2352, 719.9002487806052
552, 719.6750922393617
3323, 719.6661492504685
2733, 718.748693037471
1628, 718.6825046093509
1042, 718.4931943023263
3425, 717.5718565837226
400, 717.4887357584214
1748, 717.4607479381457
3201, 716.001949350726
1891, 715.9148120559198
3097, 715.7315104692256
2745, 715.6101846637262
1857, 715.5212281181924
1753, 714.9930996336948
2386, 714.965476974062
3047, 714.5573030858983
2738, 713.1442143456756
1684, 712.0965324285655
3112, 712.0134065645017
2966, 711.6955783845018
201, 711.1992570099085
2715, 710.830219241024
3410, 710.7353559683377
2312, 710.7015588460872
3383, 710.2552102639271
3078, 710.1195427643323
2712, 708.8284874685024
20, 707.8202679041486
1047, 707.4532765268759
3421, 707.3540958621165
2601, 706.9790963162183
404, 706.9697627646589
1193, 706.4898358001853
2765, 705.8508792189731
2652, 705.4769673444597
1041, 703.7446183422439
1452, 703.0516344142849
2568, 702.8183077146674
1670, 701.9916366140251
1659, 701.660705438227
1463, 701.1884005119097
543, 699.331425491674
1449, 699.1966968720196
2271, 697.8209223275876
549, 697.1411614110544
1589, 695.5806218024388
2279, 695.2444659106626
1645, 695.0728919217096
1521, 693.891206511828
287, 693.5684835729838
3362, 693.5327259616547
2285, 693.4217616512134
1088, 693.284576697979
279, 692.7295087356032
1586, 690.9205110876104
3028, 690.6497831593614
463, 690.4316907393663
3288, 690.2483642711666
1253, 690.2384050761184
506, 690.2011886796014
3136, 689.9134771658169
3139, 689.4843106455116
3295, 689.4438863644691
1462, 689.343120213525
2975, 688.683288995219
2974, 688.683288995219
2720, 688.4669978167001
2959, 688.329860661116
2301, 687.2480144886915
2580, 687.2031291987224
1203, 687.1991285406025
1672, 687.1125341455419
2656, 687.0345473063126
137, 686.9808556489934
1633, 686.4985277444453
2315, 685.8502162960008
1212, 685.7023480275492
127, 685.5686783595675
2813, 685.0776200652331
536, 683.7062045860255
2293, 683.359194584193
3442, 683.2951351798697
2310, 682.9046958650973
538, 682.6839621409989
1730, 682.4916669951645
50, 682.1984192175396
1741, 681.9443576075768
396, 681.6562208647443
2681, 680.4792624784674
2641, 680.2947193903516
1174, 679.9594884565633
1183, 679.6826631996339
3333, 679.1881388597272
1465, 678.989015609775
1700, 678.7035905610194
1043, 678.1780453976629
3393, 676.331131533366
1299, 675.731195066975
2717, 675.5933344472796
1668, 675.3714565735756
3003, 674.5222981919543
1214, 673.9177061294337
3395, 672.7195825198559
1760, 671.6458492305356
1657, 671.6133427289834
426, 670.1639211403171
1179, 669.6867187668264
2978, 668.9032920404655
2646, 668.8024822378009
1855, 668.7074329064985
1867, 667.9375909879892
3372, 667.4523852033633
1671, 666.5394936475079
1101, 666.2209913299913
1169, 665.963879156235
218, 665.7273455063213
1699, 665.3244711001673
2769, 664.686903605802
1743, 664.6381300180046
3332, 664.3507790964832
1941, 664.1392858457154
2635, 663.8513725066665
3132, 663.8478501196561
2726, 662.5984157686041
2608, 661.7830647462878
172, 659.950601380935
1464, 659.5173816515326
1724, 658.9322480434665
2303, 658.571578304939
2485, 658.4733393515025
3311, 657.6751282023872
186, 656.5658052511513
2752, 656.4705022344515
2417, 656.2191363086539
2289, 654.8076170138471
1761, 651.5039699400215
2416, 650.740210702682
210, 650.4076213497038
1961, 649.9391519124016
508, 649.7171760919967
2730, 649.2495799928643
2212, 649.1030236034047
3396, 648.732697994463
2, 648.1428685795545
1754, 648.0852054340527
2396, 645.5711728193982
178, 643.8384142021021
2415, 642.614391181337
2668, 642.5875568794684
1099, 642.3612928247969
2747, 642.0362792017232
2797, 641.8613280091492
2449, 641.6296848901558
2210, 641.4889531789015
2493, 641.4517766036424
1974, 641.3180642176208
2563, 641.151464485521
1096, 641.1003045085153
1967, 638.7561669469765
1745, 638.1054962776852
2340, 637.7903341598952
523, 636.9544494350746
2292, 636.822963438285
3254, 636.3344211888384
1229, 636.0339628377066
3131, 635.7315681311642
1202, 635.6527964485133
431, 633.8132890186464
1516, 633.5706057879273
3198, 633.2881820427236
1706, 632.8977530482035
255, 632.6573196338106
131, 632.0564766319599
2597, 630.9299820986851
2392, 630.209330881035
397, 630.0095608677515
2533, 629.3695990145701
1095, 627.9728383753072
1263, 627.872569428645
1650, 623.1449815735725
3342, 622.6864060586745
2397, 622.4898034644126
2383, 622.0196067940606
3094, 621.4665308760253
1649, 620.4880199867056
2853, 620.374916797871
215, 620.0331472181977
3005, 619.9190751541545
61, 619.9080387373979
1637, 619.4961664355908
1728, 618.8112726345523
1069, 618.0543120785248
1734, 617.1115820921773
1665, 617.0957105656609
36, 617.040573134654
2960, 615.9616989205954
1112, 615.4524792032973
2466, 614.7664422043944
2451, 614.1675409302729
2456, 613.6468113115504
2407, 613.5955401016067
3420, 613.5647478428773
2269, 613.4729059195934
2592, 612.5163320113915
1144, 612.133072763503
3441, 611.1140899007911
1688, 610.9113271548766
1114, 610.4883627697769
1447, 609.5021160185263
1683, 609.2572243767677
2486, 608.8141615240959
2283, 608.3114971800253
1704, 607.986587523622
851, 607.3372517870638
1662, 606.9866901923391
91, 606.79864915472
2080, 606.7711731623452
2697, 605.9631508240792
1727, 605.6677349171542
43, 605.2857833861808
1648, 605.2157130575848
1639, 603.6958778626708
3232, 603.667353723814
1629, 603.6475915078593
1681, 603.0244134018902
149, 602.1757642638851
1226, 601.5564280301307
3367, 600.3811126016025
1070, 600.1757645423231
1125, 597.9852304284302
3375, 597.974801439451
388, 597.9372865201557
2204, 597.5920054691326
1679, 596.917747272517
195, 594.6852875952563
2179, 594.4302150453738
1660, 593.8541964876308
1697, 593.7264979644985
497, 592.9340615099113
2276, 592.622754776126
1148, 592.6032471252297
2575, 591.0107399742844
2611, 590.8811447376257
1081, 589.6229645430865
1678, 589.3362978967781
252, 588.6293917099031
1217, 586.4381943840597
125, 586.3233668872855
1301, 586.0240462624974
3115, 585.1174342988496
1451, 583.9291407018342
1130, 583.2857161431853
2794, 581.2268915525917
474, 581.0781240863363
2528, 580.5387623836231
375, 580.3122205317679
1691, 580.1621504648645
2339, 579.2177851921646
1067, 578.543901671288
80, 577.7192013638434
1438, 577.5737293998359
3117, 577.2287729830622
3366, 576.7555396264071
1608, 576.6418273321102
1749, 575.1565613862359
2658, 574.3822691781168
1773, 574.0761701178144
2475, 573.4390926660972
1059, 572.9914108484625
2223, 572.3610469734717
1436, 572.156912127034
2655, 571.6681927123279
3351, 571.0776530472054
499, 570.8546755977769
212, 569.9054892034669
2387, 569.6452999166236
1139, 569.4972999009443
3007, 568.1906494113459
1866, 567.7752739648708
2014, 567.4561208075149
3414, 567.1891033061762
2421, 566.9872236721336
2239, 565.7182186964786
405, 565.4298786395204
2453, 565.1380181504144
2461, 564.7297726361563
3141, 564.6658347358629
3231, 563.5435670618727
1702, 562.255184179567
2235, 561.5317472739902
2290, 561.3824847652337
2412, 559.6420464049153
2604, 559.3792985516993
1257, 559.2645223438662
135, 559.2229507712785
2413, 559.0970406933266
3154, 558.0792232778508
3399, 557.7762624226907
1751, 557.06148689209
1254, 556.6079405785938
2266, 556.564911249981
162, 555.1228716584945
209, 554.8582163288429
2304, 554.7952151331042
2648, 553.3343225869277
545, 553.1079556927118
2087, 550.9485035634331
3158, 550.8111540063944
1446, 549.9139610163769
2980, 549.9070907529273
2282, 549.6074868355059
1147, 549.5453035262749
2167, 549.2935501202923
2185, 548.9020158529661
138, 548.6697209642865
2778, 547.9499359441537
2976, 547.350280052484
2543, 547.280067675186
2983, 546.1867871420006
2589, 546.1717503308839
3195, 545.8462348885682
1674, 545.4506768712129
3335, 545.30091795058
3430, 544.9890215744228
2771, 544.762550414251
2028, 544.6374861484946
2815, 544.4361513930453
3398, 544.2855154655524
105, 543.9543367187447
1600, 543.4872627832477
1596, 543.229905130865
177, 542.9395284920096
196, 542.8278368122645
2612, 542.4209224701717
1881, 542.2925875046529
3258, 541.898161282917
2484, 540.9288710369902
1298, 540.6548639232612
1696, 539.8518573303295
2065, 539.2189343486509
553, 538.8558384192073
3102, 538.5696691631539
2673, 538.3739120654759
1636, 538.1963224651299
3377, 537.6450034012796
1227, 536.0517652986601
1141, 536.0235331797221
1635, 535.9852604020499
2623, 535.2450877182586
1097, 533.717878642695
498, 533.6525646804578
2809, 532.0200196983809
1116, 531.5850055746995
2693, 531.3148820752175
3103, 530.4968127325462
2616, 530.2053452791965
3081, 527.4769798432936
3296, 526.6866778695658
1431, 526.6374135409071
2226, 526.5939212693319
337, 526.5235853821047
3313, 525.8974663962726
2605, 525.7556377944612
3322, 525.2346378735583
2679, 524.6961486423295
369, 524.2448157863531
2409, 524.2378397292182
89, 524.0842887101297
261, 524.0211388233224
1242, 524.0126819084101
472, 523.9093587332018
2139, 523.4103193041152
1199, 523.0778209971002
2498, 522.7633430040776
120, 522.7453032320054
1137, 522.5592238417154
66, 522.4942568989725
2184, 522.2399979245586
1737, 522.2369181033497
1160, 521.2312967663394
110, 520.7245859804489
3397, 520.3277082925681
1593, 520.2057261319087
2713, 520.1024216584251
492, 520.0630239216625
2716, 519.9882404504388
2531, 519.0022222898592
2796, 518.7600024377094
1262, 518.7300020619475
1750, 518.691916911225
1860, 518.4171741727324
205, 517.1528872656068
3160, 517.1327041586809
2564, 516.4973806972807
1213, 516.433761698396
2299, 515.9091435054897
1435, 515.6442804149934
3076, 515.5899638127729
55, 515.2361601401055
1759, 515.1228634004929
533, 514.8688440399094
3053, 514.8398355521356
15, 514.5764176240816
2821, 513.3186658057131
2967, 512.2316498088987
1209, 511.7610114965994
3124, 510.6328653697355
92, 509.90666080081706
2719, 509.5709691023513
1430, 508.68138379214855
2264, 508.4617270452146
3087, 508.13983086401845
62, 507.91814991236856
2762, 507.9020815893155
192, 507.65611609576086
2462, 507.5615988000888
99, 507.4252419695448
2800, 507.3071015384022
1667, 506.87896461856883
2249, 506.82882344249566
394, 506.66325540466374
2687, 505.859064919106
3157, 505.8216159190261
1175, 505.75708329404137
3394, 505.19307319140665
1251, 505.06100541118434
1154, 505.03909128932133
3052, 504.481824040434
3109, 504.12474967931996
2408, 503.43560274221517
3156, 503.1013930817163
2177, 502.825500508613
3067, 502.6277846481011
1998, 502.3568166890745
1149, 501.8783858880187
3262, 501.7134979579247
2007, 501.5170468087889
3091, 501.4276601528028
133, 501.3004168893918
3074, 501.038971593666
3400, 500.74356591373663
2626, 498.8956337347369
3152, 498.6780263768724
1188, 498.61273516726374
3390, 498.5791709956444
1045, 498.5770649953822
3113, 497.87543729167083
1246, 497.71816003869645
2094, 497.63702305238064
2490, 497.18666240962784
3088, 496.66269058237253
2570, 495.8563817304319
2977, 495.55591191359235
3104, 495.3417873733796
2586, 495.327504571262
2492, 494.6678751413079
38, 494.47434307175223
3096, 494.4248608427007
2519, 494.3354619950289
2344, 494.0901067889544
338, 493.93960262460587
3075, 493.92091888575817
3021, 493.82766904437136
1652, 493.74629458529324
2629, 493.4218479525979
2464, 493.08293073415257
3338, 493.05717800742883
2496, 492.65979140784435
2822, 492.6143612238699
511, 492.27985622905743
2345, 492.1687500394079
3004, 491.3763539011223
2349, 491.0508838633854
2455, 490.6762758255447
3116, 490.2186246157871
2704, 490.148863988379
2770, 489.5569498669148
3193, 489.35702670514
3261, 488.1058193751516
2346, 487.9630810106204
1222, 487.9380221464331
160, 487.37990008893615
2695, 487.0186706653557
2341, 486.91709829163887
1597, 486.45172572826664
2761, 486.3712957677417
2692, 486.20274128941185
1530, 486.0708504763396
78, 486.00009590628116
3330, 485.5201457882187
2356, 485.46617502454046
2654, 485.2591624740896
2342, 485.21969052591027
2538, 485.171968376207
2869, 484.0468165117841
190, 483.92230553219963
1261, 483.89387126574314
2511, 483.86913578570045
2707, 483.602129552764
3355, 483.1693479219567
541, 483.12292559008796
1960, 482.72849254303895
3127, 482.4412801746135
2534, 481.3212745761155
106, 481.107402686761
2603, 480.93738952549677
2675, 480.38615755277254
3180, 480.2032299196467
3427, 479.7450318112782
1176, 479.7212441840432
1182, 478.7093934252883
1250, 478.4383533357288
3344, 478.19548147387536
3328, 476.2843097107244
1201, 476.03834539715086
1711, 475.60631811004123
113, 475.18866817846646
1225, 475.1697459619862
1078, 475.1482535657204
1107, 475.03966274332214
3337, 474.855970506146
520, 474.8227420661112
2406, 474.66305532570254
2268, 473.35638744479206
1441, 473.2092555748401
2023, 473.1277482389098
1108, 472.9066079613043
522, 472.73488725100634
3060, 472.58693292290684
304, 471.9755285507398
103, 471.72764082848386
2506, 471.55280819689176
1195, 471.3636861361653
2313, 471.2417324541372
3138, 470.8428791814869
3251, 470.81226002837224
1557, 470.58747448720857
2700, 470.40905992220274
2522, 470.29844694987577
3329, 469.58523687550115
114, 469.4278731650891
1208, 469.20650201689045
2606, 468.99694600769743
1656, 468.2210310055379
2411, 467.78204530354816
16, 467.68233207960867
1181, 467.53104807696207
1127, 467.2949748479963
1514, 466.0916188086508
1197, 465.9353568393801
1167, 465.41508061935815
2499, 465.20561454714857
2638, 465.1284473208303
2581, 464.59437625446634
1223, 464.4677339937134
2600, 463.78613158603434
2727, 462.0553463708453
3260, 461.86654378447435
3137, 461.20393308843444
2284, 460.4977276614116
1655, 460.3680137728187
2347, 459.2227980247745
3361, 458.3124196018733
1196, 457.786774575002
1224, 457.3420203838527
3364, 455.9032189351929
434, 455.57779623411415
179, 454.8942994634369
3406, 454.2534875006805
2665, 453.28352525364613
2495, 452.777255224384
3165, 452.5171419201287
2509, 452.3147584786047
2488, 452.08525536168
3349, 452.0756104286653
3019, 451.4621657121336
2460, 450.95906546416523
2799, 450.5905932643009
2982, 450.57253954512106
2452, 450.440347465992
1131, 449.9228328674346
2662, 449.8053764794095
2775, 449.76875850583986
2479, 449.7257025801272
1123, 449.5019354833017
3126, 449.218998853861
2760, 449.10180740064845
102, 448.9059130458303
3140, 448.71645222295297
104, 447.99921235736264
2311, 446.32521005969716
2044, 445.73403189951836
1133, 445.43699851562565
2079, 445.12423071970335
1120, 444.4004449827059
2984, 444.11940941921586
3100, 443.5592153713239
1206, 443.4519316918604
2644, 442.8579376073779
1713, 441.8990759371807
3368, 441.39498977863553
2037, 441.03438367463446
1460, 440.81574504079896
1136, 440.744198708933
121, 440.462379209508
2440, 440.0061920408552
2632, 439.3525622551307
2551, 439.3419469894467
3122, 439.1686520372924
2787, 438.7062725258778
2698, 438.64267394600563
83, 438.47522967914114
1138, 437.6199068476642
95, 437.25571036890216
1155, 436.05301899733945
1559, 435.65277755144695
2273, 435.22367469451416
90, 435.15739222680605
1658, 434.01415804129107
1996, 433.93017868350677
2399, 432.8593233909273
2378, 432.66456915415995
3301, 431.97775867230627
1207, 431.2060139137811
3356, 430.87591542272503
1240, 430.4675995437548
1428, 430.08398730771046
2530, 429.1594763394609
413, 428.68410658168966
1163, 428.57848106967754
2550, 428.44503944560716
2972, 426.81702073556016
2743, 426.3999946707677
2714, 425.83427802679205
2535, 424.0169244496746
2414, 423.5775026497458
1847, 423.54773436518855
2092, 423.41375568562387
2970, 423.03909087518883
510, 422.91835967280423
1194, 422.75756091681706
3428, 422.6453393942103
1220, 422.5783444580098
1477, 422.22568035932534
1061, 421.8038034887273
2565, 421.58237950207075
267, 421.32624358932213
3374, 420.45053729898643
2913, 420.16753137287714
3266, 419.76906073318503
3422, 419.703739277039
2477, 419.2148933489833
1168, 418.5201497781824
2384, 418.2636337206237
2625, 416.41540135822567
1664, 415.77309531504665
2684, 415.7101012599234
2401, 415.6942870622544
1068, 412.92511807456975
1170, 412.51391664298654
2444, 412.34034599721065
101, 411.882631673336
2350, 411.3236200514884
2670, 410.27958850729334
2598, 408.1560597827795
2537, 406.9697379689362
67, 406.8922372668121
1135, 406.5320980378
3357, 406.5251259361792
2061, 405.56577847701845
65, 404.18821586715194
1146, 401.74076881292643
2664, 401.0483069482396
3376, 400.93023818551336
2591, 400.4086367488713
2097, 400.173653067715
72, 399.83272093963626
1588, 399.4961920928912
1034, 399.31266323449563
2472, 399.19887323779807
2915, 398.43718937849303
1198, 398.4125975704943
1186, 397.91932636703933
2552, 397.44043108951684
2395, 396.87351897131765
2660, 396.35331607222577
1079, 396.0162000425174
2667, 394.7300836163219
2576, 394.2477300724337
70, 394.07079772427414
69, 394.07079772427414
2699, 393.53447523389985
93, 393.1103917712472
166, 392.012908022098
3417, 391.79598147719474
2634, 391.5318088932018
2474, 391.1923159526193
2661, 390.4564078157063
2494, 390.35773269076685
64, 389.07855220025345
2669, 388.8451984002801
2674, 388.06892375942766
3392, 388.02043373104596
2691, 387.8943746116524
2457, 387.8015015320805
2659, 387.6940340037391
3387, 387.6745300985733
108, 387.628846537441
2617, 387.54442707315036
3008, 387.46506930283806
2502, 387.3999706339557
2501, 387.3999706339557
1406, 387.38884945432176
3033, 387.2428555656536
2510, 387.2196727377667
438, 386.9503698164997
2469, 386.34487130197334
358, 386.0057454855435
2631, 384.88880120403064
2405, 381.751379881885
1813, 381.10160886592195
1189, 380.74407651419074
1663, 380.5963631519331
3249, 380.4502749180932
122, 380.1547226411834
2542, 379.75994387800984
1962, 378.9228801334023
2614, 378.9186325477812
2295, 378.8281820947992
2627, 378.8144190975128
1693, 378.55134732254936
2521, 378.45041449309883
1719, 378.39786868208967
3253, 378.0087503173339
2400, 377.00405660542555
2637, 376.86540777569314
2609, 376.5657872147625
2448, 376.3144711048231
2541, 376.25051750468805
1134, 375.6007669907327
1065, 375.5707004168464
2476, 375.3429372809542
232, 374.52800212705824
1109, 372.6856658472036
144, 372.4430474986878
260, 372.4072082856906
2504, 371.5330185957181
1216, 371.2934085170333
2724, 371.20069820118226
167, 370.90013311769513
1440, 370.49918224588123
2702, 370.24497637082646
2089, 370.08042608580394
2956, 369.93972572116013
115, 369.5290317139583
1073, 369.17742581230885
3325, 368.64996935691744
3263, 367.66450919111617
2355, 365.5922959329709
2678, 364.6697836708549
1864, 364.3270275946339
2478, 364.1856342805054
1180, 363.7579920049168
1605, 362.83880061404045
81, 362.2175565395585
97, 361.79780497249385
1467, 361.746270163668
268, 361.7008476375056
2619, 361.3424345356441
2706, 360.66960311348095
2567, 360.5278333885388
1191, 360.14777899476104
1150, 359.80200935392844
1300, 359.5485716692162
2074, 359.4357748643758
2585, 359.22467465997096
2529, 359.14853802231266
68, 359.0537027791393
2866, 359.01916645373655
17, 357.2999706533555
1397, 357.28863980719814
32, 357.0960366555372
2467, 356.7814148507224
2676, 356.7310286279281
2560, 356.3853385605983
2557, 356.06855081801143
2459, 355.7023686906216
2554, 355.4441695496984
1634, 354.62426656106925
2082, 354.12742953736125
96, 352.95551577007353
2971, 352.3415016332064
2544, 352.2285448745973
277, 351.48140307809547
3250, 349.8079061028974
2663, 349.020861736114
1560, 348.92522639510656
2577, 348.83036741943084
2633, 348.6193247606976
2595, 348.5179569231098
12, 348.3475978717515
1518, 347.6280376898273
2685, 346.7377823130767
2628, 346.68131268780064
2573, 345.5826020605453
2482, 344.55642879460765
1152, 344.51020948275305
2642, 344.00612876932627
1632, 343.5710900562944
1178, 342.667577409263
2689, 342.29960206941035
1969, 340.7098662763635
3365, 340.31257352828015
2523, 340.1816224047857
1052, 339.8382119009515
3326, 339.28222312581227
1156, 339.12198768790694
3358, 338.95901286764087
2545, 338.5725358733227
3188, 338.4781302235196
290, 338.39523887924537
2680, 338.1480631941777
2443, 338.0418435357944
3164, 337.87672083625574
2480, 337.47651117031484
2618, 337.33453619415207
1151, 336.6831734765731
2010, 336.2051603037535
2701, 335.43849916917975
14, 335.18061107642865
2447, 334.25583359868835
1302, 333.76765211046313
2909, 333.4012478127606
2445, 333.1084780392459
2588, 332.86822555880644
2481, 332.7597809779746
1694, 332.72417871914894
109, 332.3659939598903
2047, 332.0159366847192
2465, 331.0648564120111
2458, 330.75758363679745
2602, 330.5028041929163
2463, 330.37453571890455
3307, 330.2008581883058
13, 329.9203278080853
2613, 328.6822651499764
3345, 327.8727320551318
2489, 326.20664792811004
2643, 326.17788146655744
2487, 325.45879150747766
1838, 325.3971821657724
2801, 325.25988903781763
3360, 324.52006616597174
1965, 324.46040777992187
1046, 324.29461862110196
2270, 324.26967083813867
2599, 324.0789305419939
2512, 323.1417056134758
2351, 322.7142889287984
2728, 322.29121639830373
2900, 322.2609056651541
1958, 321.85031016407294
436, 321.2069332840414
1316, 319.17836614808544
2081, 319.1520583439216
2516, 318.7765581657805
2584, 318.7277187558695
2593, 318.16614001107604
2861, 317.67332061004976
2708, 317.47669818977033
2446, 316.8430134088477
2540, 315.52965403644396
3252, 315.3535283684745
2636, 315.2141762640679
2639, 314.12470393999143
1520, 313.94540620243407
3391, 313.5256150115433
1457, 313.324449819996
3431, 312.3621144519898
3308, 311.4754092095673
2275, 310.8918338997824
1709, 310.5316719528729
916, 310.1403423582059
2555, 310.0737516615007
2057, 310.01573085853
2052, 309.9705259750355
2077, 309.7879774339733
1153, 309.5108808091916
2582, 309.14690493671975
2590, 308.3358243680153
2031, 306.3078330066984
18, 306.0324499657905
2090, 305.41769934317824
3236, 302.80099967477656
3177, 302.72049147812186
2526, 301.3371675440741
1638, 300.6802952388207
768, 300.2615011471379
2468, 300.15402033447754
1, 299.9644411037106
637, 299.7122002440053
4, 299.1249183360546
2860, 298.2785000490206
1800, 298.22011208555136
2441, 298.1353987050439
2433, 297.7459397202929
2450, 297.22694420647383
1537, 296.28466837647255
2914, 296.01963039528624
1661, 295.65467935763814
3446, 295.0303541434253
1053, 294.88451370346075
1103, 294.5654781733637
2539, 294.45200711901515
182, 293.98672244856937
10, 292.52548148713777
3310, 291.66956954735656
1062, 291.2501218164377
117, 291.1621105787554
1118, 290.5828113862531
2192, 289.8644412593126
3234, 289.4346410091343
2596, 289.0076796960095
517, 288.42651894476097
2709, 286.0589035963727
1454, 285.6106465136452
1255, 284.3407365874991
1519, 283.30519779152803
3343, 282.6180511211952
2857, 282.325724456329
2647, 282.2224276214278
2066, 280.62379359340116
2615, 280.59828188163334
1574, 279.1797217417109
2060, 278.30128462056626
3238, 277.2507756759797
2731, 277.1229100256361
2579, 276.2175179906249
1558, 275.70436507102124
641, 275.5775957205951
116, 275.3738475961153
2038, 275.217435901485
22, 274.78475372297083
2471, 274.3987394218795
1785, 274.20748616088775
1814, 273.63032808264654
7, 273.43781778307965
2517, 272.9441658288644
953, 271.11386854172093
112, 270.4481158577863
3359, 269.9650512584421
2320, 269.446824846567
2594, 269.24294270999553
1324, 268.73911902585024
2500, 267.79040730548303
1788, 267.5700142846494
3009, 267.3249070295792
3235, 267.0316812428099
1562, 266.4220875107948
2832, 265.7508455203384
3438, 265.0968311582191
107, 264.64638669907316
2805, 264.4022842592177
28, 264.37200338935133
465, 263.7657160574224
2040, 263.2882458713865
1572, 263.0577519704293
823, 262.77709135014453
1794, 262.7136897845168
500, 262.1102782345649
118, 261.2096772433802
1818, 261.1323277562779
3085, 261.1044836143159
2916, 260.71902138529583
2999, 260.3533552230577
3237, 259.3210764043984
826, 259.14017685515006
0, 258.9923723722508
6, 258.16157883946954
2503, 257.8756373868875
1576, 257.85719204377847
814, 257.4061163067677
3, 257.35867247884016
2191, 257.32100461350547
1878, 256.97268278865636
86, 256.97259084066314
2064, 256.868038519212
9, 256.2845507255494
1573, 254.54934648640588
1309, 254.424288460592
2046, 254.1453290187466
1484, 253.79876987096824
2515, 253.75735213369936
30, 253.72162679449644
11, 253.48673458149267
1723, 253.0062457782293
1509, 252.40215425488813
3017, 252.21758663531202
2153, 252.1781700207683
59, 251.96345995867898
2058, 251.69377901592338
2732, 251.3783515522954
524, 251.11506199507897
745, 250.99924559435368
3346, 250.73499591487393
2036, 250.29766405616598
1410, 250.05498080911087
2682, 250.02627283699348
1543, 249.6155156974831
848, 247.72263242024704
2134, 247.5848241152938
2208, 246.74524302045631
1004, 246.68629496031517
1164, 245.621143936289
1882, 244.63007979599448
5, 244.2866856923141
2470, 244.0967550165282
735, 243.6769439150542
2211, 243.29318276346334
94, 243.1627647752217
1824, 242.76838482966517
2578, 242.55319104953136
2878, 242.06288361456382
8, 241.91297931366776
2889, 241.724748755434
2043, 241.10718430697727
259, 241.05541466007617
2158, 240.84427229435533
3363, 240.68768033702503
1567, 240.4721973115858
507, 239.7082950804639
1940, 239.25817643920976
1939, 239.20128037341846
2242, 238.69588763960604
1418, 238.52732265000225
3215, 238.136138102497
1806, 237.6780357004648
788, 236.8583001680621
421, 235.6920247951605
1951, 235.6468350689856
923, 235.4564031713858
3240, 235.21384561518417
2193, 235.0846732578738
2063, 234.70805072143153
2856, 234.28934844340665
461, 234.23883948510993
3000, 234.0676433864115
2725, 233.9312135192614
682, 233.54862228944776
2085, 232.90827320980432
2859, 232.72813994785787
3242, 232.71425571977792
1575, 232.15151806219367
459, 232.11631804002215
2170, 231.5248366102338
1269, 230.62877207769955
1571, 229.9309003679799
1003, 229.67348687101475
2569, 229.65964263250956
2207, 229.50475407603645
2718, 228.91401879183846
2806, 228.5719859416653
786, 228.43059830240088
29, 228.07735734657118
803, 228.0689860540038
917, 227.95051416882436
3025, 227.8155407533399
63, 227.534413709471
3256, 227.10841397459532
1810, 227.08867337511737
1907, 226.94027441332761
744, 226.86187151827409
2991, 226.65647344458543
484, 226.50456001092311
1780, 226.39194832528437
2429, 226.14990648793494
2135, 226.11909028855655
2124, 225.931424284166
526, 225.86040423180333
2180, 225.45404787856785
1640, 225.38700294279823
1210, 225.3786806615557
791, 225.12809917638833
2435, 224.7098944654138
2428, 224.7098944654138
2205, 224.6893930438597
353, 224.6782360378434
1884, 224.54954955283569
1776, 224.50812747662678
3269, 224.38458603461498
2672, 223.9294845582848
727, 223.63209317101033
248, 223.27315713423636
234, 223.20853201813372
615, 223.1014395883189
857, 223.09276870694228
1039, 221.98085052596855
746, 221.52358754804297
1525, 221.03270486106794
2236, 220.92364291599532
2910, 220.7386267786373
3016, 220.69791668225605
1306, 220.68454536713608
686, 220.40243947274183
3029, 220.15062843400887
3018, 220.09921186623214
2157, 219.60812916634546
2262, 219.19046479636125
2318, 219.047157145294
477, 218.65336440971888
2194, 218.4869289550639
2243, 218.0323426461197
945, 217.82391707599996
1617, 217.80233072646288
716, 217.75727904200394
1356, 217.74744130818945
579, 217.5416891031655
1889, 217.43111030268375
111, 217.23970331852982
2936, 217.2245828991109
2953, 217.149605170959
781, 216.96336594155775
1885, 216.8718658092211
1424, 216.75804235473998
2997, 216.63294312860046
1807, 216.41813468520638
249, 216.01867843285245
2196, 215.72647782113148
2518, 215.68910914945005
3228, 215.57447602855422
1999, 215.38052451298392
321, 215.1729758678683
2195, 215.11994061213971
273, 214.96449795349795
1822, 214.761143787453
1336, 214.6674235955326
980, 214.23461321711943
762, 214.0336544985889
417, 214.02088156211545
527, 214.01957337248336
575, 214.01528553051168
612, 213.90175793641183
1653, 213.90061326091634
3257, 213.89270169429744
2438, 213.6827166200385
1943, 213.13068576820308
3233, 213.03959594279436
844, 213.03843967817983
778, 212.92917786768913
292, 212.82862917211648
920, 212.82563360674362
2187, 212.70420536919502
1615, 212.69860506540473
936, 212.69715792215544
981, 212.5592032117529
1623, 212.54270081545113
184, 212.50061863690252
2188, 212.33901498909609
1487, 212.23712900356705
961, 211.91608492600773
825, 211.80735611636194
416, 211.79882466252948
1279, 211.56454652456995
717, 211.51186170384503
2160, 211.25800661164206
2993, 211.14051053873064
3319, 210.95170197649574
1023, 210.9111831975438
23, 210.8387381409217
581, 210.71815533677835
1985, 210.7108655519567
243, 210.49358826496695
698, 210.38168643312025
817, 210.07740759889342
2434, 210.05955695350704
1423, 209.8325190910842
955, 209.69350701425188
1577, 209.16878853878737
1037, 209.12084547215736
2189, 209.0541920972958
24, 208.94071239107166
3320, 208.89427559064194
1566, 208.7307309412442
1895, 208.69203653378676
743, 208.61191421428694
600, 208.4697872224563
2949, 208.43961826228613
27, 208.41537985678696
2431, 208.2361375304505
2145, 208.05560556233664
2095, 207.9640304259352
1580, 207.88681583889783
2532, 207.75740255204732
1803, 207.4265921522061
2360, 207.30508907013203
2142, 207.0455897210273
815, 206.79760139284687
2362, 206.7702690635673
2365, 206.76860106789687
922, 206.6112812160772
960, 206.4435099328205
1038, 206.41389684322246
247, 206.30823595421066
1535, 206.2998852420569
969, 206.26293125432298
319, 206.15045201466592
2220, 205.5996791989479
2879, 205.51183691955242
808, 205.45128273132374
1412, 205.17553959554243
787, 204.66676834776015
560, 204.4678023550104
2214, 204.4396145612395
1331, 204.31053496065903
1579, 204.22917170051946
709, 204.17541624988715
1425, 203.86773979917632
2845, 203.8313996401954
1977, 203.56290969954077
1473, 203.34088409773048
420, 203.31204750481976
370, 203.22236869242957
1404, 203.2142983145209
528, 203.15111827702964
2181, 202.87054023738756
574, 202.85959653262978
999, 202.72397507215263
2829, 202.61098989486857
1308, 202.45793275461304
2556, 202.43920630763995
2122, 202.29774352231192
1523, 202.18103958232078
1371, 202.11391648524167
2219, 201.73268064000158
2846, 201.64558091207203
1266, 201.6435556259562
1840, 201.32040560243914
691, 201.2760684103344
2828, 201.17053626142007
1051, 200.8724492187828
1599, 200.8684596228999
2907, 200.84798820792443
601, 200.81920389072513
585, 200.62811863313652
1490, 200.58631435758727
1495, 200.41287370232683
1976, 200.3573127876112
242, 200.25854852809573
2427, 200.22886804186885
964, 200.13796219836362
804, 200.08073742081018
2858, 199.74705811160592
2422, 199.7022416363108
594, 199.53267403583436
1314, 199.465846497105
856, 199.36388080768236
2992, 199.211748869774
903, 199.162139271877
1408, 199.1096011244005
2868, 199.10875543149263
1823, 198.98935796884646
2996, 198.78040217351668
2173, 198.55508910385794
789, 198.5046166491987
1890, 198.17330864393116
2231, 198.16684595693295
313, 198.07281357872608
33, 198.05953742086652
907, 197.87629781413082
2209, 197.81538375662936
1839, 197.81303558135997
2171, 197.78046235331055
1510, 197.7587498131311
1594, 197.66843580006523
2877, 197.48194582179778
2168, 197.46491425082897
529, 197.41830717780638
1846, 197.28668634212136
1942, 197.24808038292431
387, 197.2396291172538
2905, 197.19564201995067
442, 197.0410137290718
1165, 196.97318814401845
185, 196.96204313020604
2228, 196.93078743951332
1887, 196.82337960031572
419, 196.81064958604082
1790, 196.73854445694596
1321, 196.62221883402054
1508, 196.49308555489046
1315, 196.46341222579264
780, 196.44323992133653
1289, 196.34166297098866
972, 196.17527362499627
2206, 196.15989405876184
837, 196.1185774088042
1501, 196.09724028420138
586, 196.06561377543568
3229, 196.0373695112021
1527, 196.02357482918094
2200, 196.00206517730464
2165, 195.8288804845929
3026, 195.73887843000807
418, 195.45707832276648
1505, 195.36045225401347
1369, 195.3253378052062
1478, 195.29660461088682
845, 195.04020110290213
1093, 194.91550403543957
1984, 194.90965298723262
593, 194.6187713407595
1348, 194.59913990776738
3031, 194.49057069687848
846, 194.42440439209
872, 194.30594719776335
558, 193.68460168132196
2190, 193.64755652912504
1957, 193.47073424388776
683, 193.36796510687432
2113, 193.32199760877575
3270, 193.30468546879564
1211, 193.18022101776629
2334, 193.17484413335322
2804, 193.0645883491436
490, 193.05274071575568
1427, 192.99590166232676
2837, 192.95732956262128
2150, 192.9359537017031
1512, 192.89868621612266
3267, 192.81814934697329
2850, 192.7115511860441
696, 192.60160199556393
1421, 192.58054920118948
1361, 192.32862795292507
2998, 192.0635818131223
371, 191.8996942870116
1488, 191.8648707186215
2164, 191.76693060915963
1380, 191.75546425119
2256, 191.71934787763175
657, 191.70697450380302
2852, 191.66850879361303
2054, 191.46524698494417
638, 191.3297109756164
1983, 191.29167482106956
60, 191.2414072528546
1494, 191.20621725420705
1322, 191.2006510873366
1390, 191.17035298857425
928, 191.159712789844
1001, 191.0531922714512
307, 191.05255800114918
2841, 191.00358863339784
919, 191.00260205915887
886, 190.98081598240725
1389, 190.82716117883143
839, 190.79624713867938
1481, 190.75846836059208
3282, 190.71226013514647
2115, 190.61192891730033
2321, 190.45337199274994
1828, 190.15505047114075
26, 190.12626323679328
1986, 190.1101689475657
305, 190.02965034630586
821, 190.0032261683814
1455, 189.93409772202622
1792, 189.896936381436
661, 189.78280164174603
784, 189.51434850680184
2324, 189.424952817138
987, 189.3006171698173
1268, 189.29971514874885
599, 189.2756880391687
1820, 189.05374205931412
2120, 188.98224077341348
993, 188.96796865966706
1549, 188.7811679279579
902, 188.71853839486923
1092, 188.68669911255668
2439, 188.4951446870491
639, 188.37549255488884
2229, 188.35971271559492
2125, 188.26224647024318
3321, 188.2096301299285
602, 188.18870426494243
2839, 188.1396236563759
606, 188.13852195944813
775, 188.10857867589462
584, 188.05590588838444
708, 188.03374756808088
2117, 187.9692924582707
659, 187.91032606468693
3002, 187.8615437031549
1396, 187.75402633820997
1883, 187.7530166052264
1426, 187.61534306882092
3014, 187.54107052791034
718, 187.2250191945363
2230, 187.22265193066792
1493, 187.1523726713754
1345, 187.03128031556446
2372, 186.98363500463606
1578, 186.97386998894143
777, 186.917863854573
2831, 186.87463585457596
730, 186.8725337393796
2359, 186.8327823478819
3268, 186.77211290841134
1614, 186.7621238507409
665, 186.68233533251004
938, 186.61361756894394
855, 186.59876468877238
590, 186.56364192856557
840, 186.49609831861179
989, 186.49576204175915
690, 186.44784494504853
1377, 186.34990986838605
882, 186.34371134488768
790, 186.30283610454882
1312, 186.29102944034025
1622, 186.27476525594534
1339, 186.1713479612021
1886, 186.0749807866181
2994, 186.06191983003865
849, 186.0070439483144
1908, 185.89600782795088
798, 185.8855462652697
2255, 185.85572726476522
971, 185.83424966676537
1295, 185.78019914179833
230, 185.70484672352939
664, 185.67266047336304
2116, 185.62042292646572
2162, 185.56806066311978
853, 185.47460789218061
776, 185.4509959332491
1601, 185.42735743118814
235, 185.36465165961627
1271, 185.33726358144796
2851, 185.32107880943542
2750, 185.26713684364088
1398, 185.16885623185655
2844, 185.11435128852818
1413, 185.09471298951496
2237, 185.06465427634458
867, 185.01695934384543
970, 185.012420380207
927, 184.99710952105443
315, 184.97059550361377
306, 184.97059550361377
1474, 184.96868636747797
564, 184.77190255240987
752, 184.74348541328132
1972, 184.73753248384244
1330, 184.58072516871397
892, 184.46373843157062
1343, 184.43323668901874
711, 184.41501816930767
1014, 184.3011484433532
572, 184.008600026071
2035, 183.97425057138327
1550, 183.64014727031787
256, 183.5669920646196
559, 183.49453328674835
1511, 183.29704616585406
525, 183.239257747654
1555, 183.21568314548202
3272, 183.19037554163296
1561, 183.14141800793348
2888, 183.1208396022988
2908, 183.07590834939464
2898, 182.95140733122633
723, 182.81639825890986
847, 182.74338626547043
1368, 182.65529644984406
1902, 182.64579268093263
850, 182.60209742149632
1273, 182.45397975816337
1815, 182.44240566346255
1544, 182.38127806920306
1278, 182.32429311218684
2376, 182.30662516707685
2361, 182.2801544990737
785, 182.25975484222374
1378, 182.19561331569176
1054, 182.13860959526457
2213, 181.99999206492944
1352, 181.95931797696824
1392, 181.9206373458452
1420, 181.89999704798075
1539, 181.89780844662613
1825, 181.878947837197
1920, 181.7854993261606
689, 181.78157364992083
577, 181.73273624086323
3045, 181.6093569662829
1422, 181.60650568988692
770, 181.53116347096622
569, 181.452671735516
1829, 181.44250940200564
2141, 181.419074166725
797, 181.36825258009824
573, 181.36770743201745
1417, 181.27721809409147
1393, 181.24801157866906
636, 181.19191868549268
1926, 181.18504953420864
1500, 181.09869960101588
713, 181.01508926710767
1006, 180.98879755136065
2366, 180.94976080551717
1959, 180.79944209575643
822, 180.60095710261012
774, 180.5242005593047
1285, 180.51121077747862
1804, 180.46736001527506
2254, 180.44062896510349
779, 180.39710548874078
2227, 180.34958703666373
2899, 180.2988167365212
918, 180.17960550632034
635, 180.15520288365843
1293, 180.0898050047231
879, 180.0800130759417
2903, 180.0690867361484
2245, 180.00915845337568
1989, 179.89759987830132
694, 179.89562367917057
992, 179.87121356056664
1400, 179.83776509402688
2369, 179.83304180043984
1409, 179.8143564915211
240, 179.80963611573748
3043, 179.8095146194785
364, 179.78581882419584
1480, 179.75835666163206
871, 179.710862572413
2121, 179.67719222403406
2884, 179.6269214307266
876, 179.5962691408805
2131, 179.4439912041488
231, 179.43439170917512
868, 179.37942706977802
2166, 179.26750527447308
2830, 179.18889429412985
900, 179.14497802768264
854, 179.14155373107604
2547, 179.13309687257097
983, 179.04578385945445
2881, 178.99318587908863
1280, 178.81154654151004
1475, 178.6525420854254
3044, 178.6053898484997
673, 178.46554792480674
1411, 178.4012779424912
223, 178.3930154352755
1817, 178.32962544091998
1370, 178.30841906441364
3030, 178.11261160771858
2154, 177.99195178436045
693, 177.91079278185018
1830, 177.77814293035038
2198, 177.7144238542276
1909, 177.54663038933663
896, 177.4812160273159
2199, 177.46551818784326
741, 177.4531582872403
883, 177.43794923380307
1491, 177.4053731443781
933, 177.3459680587132
1367, 177.13551099303712
1419, 177.02355407840545
2882, 176.9857611734923
597, 176.79004503940214
2163, 176.7558408889315
672, 176.63825630588684
948, 176.61920562380797
937, 176.57805405924844
887, 176.57233244105123
2114, 176.54098456705344
257, 176.50873876219308
2432, 176.50437658122206
946, 176.41986674082983
755, 176.373496194446
935, 176.32465415140888
614, 176.2818423503391
1915, 176.2618548912454
725, 176.22027990134245
2049, 176.13971642770449
3271, 176.09473892051662
187, 176.088909105996
323, 176.04201803063197
311, 176.04201803063197
1841, 176.03479273891037
1403, 176.0201685859516
759, 176.00758656568246
764, 175.99235707150524
675, 175.9111958395897
2875, 175.8601069584374
2246, 175.8033954283472
656, 175.73154206806925
2423, 175.7130296845542
1498, 175.6906566746512
1372, 175.6240195962192
1835, 175.61055639982482
1831, 175.59187529462142
2897, 175.57503227152247
985, 175.4714926172536
1904, 175.43426091292247
2148, 175.43264675405402
1346, 175.39511954972187
763, 175.3836840649837
1382, 175.34387988460122
1791, 175.2994889965895
1906, 175.2751846372088
1328, 175.17859598406363
253, 175.1238483829112
1036, 175.0074665280079
924, 174.9927033770424
2319, 174.93356087152566
2138, 174.92158206211766
782, 174.8146374110612
2924, 174.78665688938443
1618, 174.67956273767174
870, 174.64267424838835
567, 174.5523337331223
1888, 174.54302567503106
645, 174.5082262513603
1981, 174.48870463924948
963, 174.47706082371838
766, 174.47105095808266
2711, 174.34794191897015
714, 174.31403847124128
346, 174.295076304926
1292, 174.2816898849248
3309, 174.27335413311027
1277, 174.14659319526098
236, 174.12997075802454
2323, 174.11291658911517
1387, 174.0438582607112
3068, 174.01065682334072
674, 173.98094940268103
932, 173.9773910666859
2842, 173.9546391087317
565, 173.92463758142563
1405, 173.87749652992088
704, 173.82402091802146
1595, 173.74691214205703
2123, 173.64238832574665
942, 173.62511385510192
984, 173.60511181006694
1801, 173.5617994317474
2216, 173.55532867497212
351, 173.5159077517603
742, 173.4946863145035
1458, 173.48368296230908
2146, 173.2528743566666
2891, 173.2437634491256
1486, 173.16216293153613
312, 173.11971019580065
1288, 172.9725084602331
1374, 172.96556396587047
800, 172.9118923901902
3037, 172.84195532035054
1018, 172.82030211110558
603, 172.7996483972353
1944, 172.7899865933462
646, 172.75028842227883
2331, 172.74879839562718
1327, 172.71364127893588
1415, 172.7093551820119
761, 172.66692042566396
836, 172.6456472583328
1388, 172.62509939549693
697, 172.60499548978268
3027, 172.49408470755824
1772, 172.48974416194383
1357, 172.43849609810195
2430, 172.43509034778197
1353, 172.34404574859283
347, 172.31308863142232
897, 172.3124734030978
1934, 172.2966087170585
728, 172.28353725312897
2854, 172.27214945173822
568, 172.21592339917348
1291, 172.21233668012886
31, 172.16121810776428
1992, 172.12034897608942
1563, 172.004498616455
813, 171.97300189530893
959, 171.96222928583282
783, 171.87364959200983
1391, 171.85151122200733
1021, 171.80699679443987
1272, 171.8013707493495
1554, 171.7880746990116
1275, 171.7722239931341
701, 171.73294047092776
1548, 171.72137615093965
1323, 171.70646206035872
720, 171.59445112156988
1927, 171.55844560046634
2202, 171.52015647755917
1782, 171.51519279773515
640, 171.50153014853646
2169, 171.482138930209
1340, 171.45568604980048
2833, 171.45528304943485
49, 171.35671349983855
1982, 171.29430584445794
1905, 171.26731655657176
986, 171.23963938893817
1297, 171.2381941100134
3038, 171.20369085113055
1524, 171.19298906676374
623, 171.17211184249535
324, 171.16880398434526
1499, 171.16764378429787
2840, 171.10195703655785
2119, 171.04048737037735
705, 170.89554870148933
740, 170.87828845894828
925, 170.87574195867202
1270, 170.84192626952228
750, 170.83217997874286
374, 170.7680472922303
2849, 170.69462638836956
1789, 170.68503014401517
2136, 170.62737702685894
828, 170.60558412899698
660, 170.52488521083447
796, 170.43317171954365
2410, 170.34076962832225
792, 170.32959491126095
1809, 170.329521238849
827, 170.28246950244954
2062, 170.2771600902202
246, 170.24494165045274
616, 170.1455516201877
1506, 170.10925294436132
962, 170.06622298954508
2233, 170.05574755453952
1020, 170.054622241369
2130, 169.98972931995354
908, 169.848885465102
2847, 169.797648715403
2183, 169.78181446264998
934, 169.5841936568603
843, 169.56502944634795
1009, 169.54645536167473
1453, 169.5138047235568
2175, 169.50075290513345
1294, 169.41066303819753
258, 169.40522077772363
799, 169.40192784060224
692, 169.3888200779714
2946, 169.3285267560864
1598, 169.30936937810444
2140, 169.22388577214113
1265, 169.09460454964008
2129, 169.04136298484298
3448, 168.92807672356025
930, 168.90420661203484
2947, 168.8694094339374
1318, 168.67802232419047
1819, 168.66355691251508
707, 168.58413361953308
2042, 168.51536409259387
422, 168.51303908361388
801, 168.42403102452906
350, 168.31272755570046
710, 168.2989686197777
224, 168.23450366863517
1329, 168.1536732499687
1469, 168.1206218925867
2232, 167.86575686618863
722, 167.84242128824002
363, 167.8405842848986
2373, 167.80886159661588
967, 167.74936638258237
2375, 167.69171602757012
2377, 167.67218029502098
1354, 167.6516681622016
926, 167.5362035541487
286, 167.48687600725808
905, 167.37667833373794
238, 167.33720539112718
2336, 167.33294767330935
566, 167.18859274893904
1786, 167.17408026073414
893, 167.14393483089884
1779, 167.0947941368573
1836, 167.035895608526
904, 166.95446137815014
1479, 166.95429300271658
977, 166.87978689376675
834, 166.82385094847814
1673, 166.8214496313745
2176, 166.78312351043724
1921, 166.75053220302317
576, 166.74306344344132
1365, 166.72967643464756
1861, 166.72382813797748
824, 166.65983285966834
3034, 166.5973569815075
973, 166.4963455235803
952, 166.38156817171978
754, 166.37671065750212
314, 166.3591401921252
1492, 166.29672929766932
2222, 166.25586966767318
1949, 166.11316858301953
2133, 166.01162639434187
1808, 165.9373529476345
1935, 165.91726101985455
3230, 165.8603780248168
1022, 165.79590727586248
1930, 165.70554518543847
596, 165.59793618422862
658, 165.49208910376237
352, 165.46059974287115
2247, 165.41236910251834
2826, 165.40091925421706
241, 165.33980743938255
1928, 165.30328772798683
1485, 165.29844938289168
489, 165.26782570219265
2403, 165.23906391231884
2950, 165.06641129367745
1620, 164.72605528190812
1504, 164.64504222376794
2876, 164.59292678217167
931, 164.54347668292743
1954, 164.40089340761813
1900, 164.33546146138764
1837, 164.28993751898065
2051, 164.28799239115568
320, 164.2355039407578
342, 164.2303482962254
1414, 164.20154620837025
1582, 164.17239682632655
1950, 164.14941622252695
810, 164.12907088408036
976, 164.12329189180807
765, 164.1176583295267
831, 164.0418431446631
929, 164.03899615217105
1777, 163.98471838869148
667, 163.98240610567152
1898, 163.97919975128886
1320, 163.91677561741025
1591, 163.8279562096433
2144, 163.81120158125518
911, 163.805164888366
618, 163.752101170848
2902, 163.67573320099697
1799, 163.63325947546136
2107, 163.59202630598548
880, 163.57711768542111
729, 163.553287911974
706, 163.46550641331734
1007, 163.46067923980996
2912, 163.38597178952378
1319, 163.3849197845685
2325, 163.3273661960067
1017, 163.32115922593437
910, 163.2410251943679
899, 163.2325549155836
898, 163.22346410682417
1282, 163.11542734086066
2322, 163.05608413194088
1010, 162.9712476008555
2067, 162.96945351807176
873, 162.81988269454314
702, 162.80919917648322
865, 162.79679314984324
1778, 162.79190897856103
1326, 162.7109697695991
979, 162.6525452815938
1953, 162.62183960801968
2367, 162.60988271096878
609, 162.60063575984537
2426, 162.52777202124753
325, 162.52185132604387
994, 162.52138763451944
226, 162.49157163106386
270, 162.43752645737328
2327, 162.4318426185423
644, 162.4243357809234
703, 162.3957743234896
1470, 162.35835290144024
1332, 162.325386137846
1351, 162.29526441473817
354, 162.1963103497011
632, 162.17199990397933
633, 162.09921559155157
1540, 161.97377395094895
830, 161.89373895384736
943, 161.82365047927618
2425, 161.79066349686417
944, 161.76113399432973
982, 161.7405489797215
866, 161.7064798797175
239, 161.70314269778606
1394, 161.6754945367882
724, 161.66928062362223
2880, 161.6412684444091
2126, 161.62001043878197
631, 161.60860126788094
1385, 161.55040909128647
1827, 161.46398875068832
875, 161.43372355002757
2370, 161.41151235540661
1476, 161.3625505152931
2436, 161.35048463806802
269, 161.31794061925126
807, 161.27201950902588
1402, 161.26360731388854
2330, 161.24322703616843
712, 161.22961640033128
1569, 161.20357365783795
2000, 161.16926623892365
1832, 161.13836635171256
604, 161.0285439111821
1335, 161.01544653271202
1483, 160.96559431188507
1401, 160.92637783652756
1362, 160.87358446446092
858, 160.86195230939555
1932, 160.81481014488716
1304, 160.7687143527936
1080, 160.7356577556309
1416, 160.64962843183227
1359, 160.64847751866844
1568, 160.64729266963397
3015, 160.5651570415237
2874, 160.48572075653703
2156, 160.4796966073686
1769, 160.45155368823438
3012, 160.42606082584098
668, 160.42306346829824
1311, 160.4212243739205
1551, 160.3953637657292
891, 160.36007476924016
958, 160.3413947393824
666, 160.21770804970657
1011, 160.19446283473272
1286, 160.1051672016418
2186, 160.08069840102405
1834, 160.01934170466055
1366, 159.9740235163555
3024, 159.92554562926364
684, 159.91363880905155
624, 159.91363880905155
996, 159.88535479192365
2251, 159.87286898433996
990, 159.75879451093425
1303, 159.74096013140888
1489, 159.68656094399282
949, 159.67961220233974
2317, 159.64509114260053
1325, 159.6012601556639
2172, 159.56063496216635
653, 159.5280246199512
954, 159.47590793025083
974, 159.42476304310279
598, 159.29370778873172
1383, 159.19084237791265
687, 159.18257290294082
2149, 159.02584609459055
1529, 159.01998071747394
595, 158.98311830359904
1619, 158.9646980431909
1307, 158.88118659826839
998, 158.72245824102043
648, 158.72245824102043
1281, 158.56710131164925
620, 158.41242141288035
1008, 158.37716753234307
819, 158.36387174616485
1522, 158.33828432666746
2201, 158.31671120223777
3022, 158.29884692645572
245, 158.26409120184545
721, 158.2403884878996
1016, 158.1524653458549
1055, 157.96621870168437
1946, 157.93480575310164
2197, 157.8888855936726
1342, 157.8091605355053
1528, 157.7282483131515
1774, 157.72562021612399
229, 157.72018669176447
829, 157.70011548047708
1192, 157.6745162530167
2151, 157.59186069383705
1341, 157.52135392311425
1276, 157.46823040163855
1606, 157.43602180153792
1305, 157.3791937633894
818, 157.3169879411202
2127, 157.31513722818286
1918, 157.30479646913201
753, 157.28836478775204
1507, 157.25477687207476
2132, 157.25358637988435
1015, 157.23874575409596
688, 157.015929319032
2332, 157.01246561189694
2326, 156.99154404032967
327, 156.89884698005417
2159, 156.8648183319469
3035, 156.8625707176805
1956, 156.839926110371
975, 156.8384724720442
1903, 156.8216081476527
1536, 156.7438435420441
271, 156.57242533172413
805, 156.42115469798773
1376, 156.41263395074145
2925, 156.40749853836985
662, 156.35279401674737
2834, 156.24431475630988
1344, 156.16234394960995
1937, 156.12911279968827
1948, 156.09046257635558
1787, 156.00487300423126
2906, 155.9689843140137
1284, 155.95793820235863
1317, 155.95101165108176
1296, 155.90030756110193
726, 155.87817337374935
2147, 155.79155372670303
339, 155.78692905723437
1482, 155.7333680781382
1496, 155.7281242427098
340, 155.60954993640968
3450, 155.60467164836606
1916, 155.58911788620648
1833, 155.58103472042578
2281, 155.57279739871066
2923, 155.5118135479846
2437, 155.5114709693463
756, 155.38469231482696
888, 155.16689683693292
1497, 155.15793741714225
1783, 155.15003187146553
700, 155.11717947627187
1654, 155.09941602549355
1503, 155.06527363777525
361, 154.96115687640997
1990, 154.92153401030782
2895, 154.80576142541452
1952, 154.70669075879755
751, 154.62288266764148
2225, 154.61885032975374
1621, 154.58590465601242
1922, 154.57348965173995
1407, 154.55688409293327
1333, 154.48088182569347
1896, 154.44698539133597
367, 154.30827193020355
806, 154.12917541781292
2835, 154.08570658411054
747, 154.06136737312082
1399, 154.05260073426484
771, 154.02156369417742
1570, 153.9847028323718
1048, 153.81147477870155
1386, 153.7988735247471
3273, 153.68591269205507
1897, 153.5447934989977
842, 153.50422268531128
2328, 153.44631191016884
605, 153.42614873452135
997, 153.37870504311766
349, 153.33240873320256
1565, 153.28492837668554
621, 153.26192215785278
571, 153.24925124014513
715, 153.2272531784698
1767, 153.20798582448788
2161, 153.1568509606751
1044, 153.12067291943652
2221, 153.01559420483676
2112, 152.95071258539286
1019, 152.9447408404913
1553, 152.91660997902088
1793, 152.89851791756033
1556, 152.85695658129325
1472, 152.85592312420684
878, 152.6235310660347
2215, 152.58618633365572
968, 152.57650284619837
1766, 152.38386325065832
1056, 152.30478958567952
2250, 152.21146491996112
894, 152.1657533951001
719, 152.13656590267757
317, 152.1362380906826
309, 152.1362380906826
2178, 152.11801054361987
812, 152.08208083146232
1013, 151.9408675339958
1929, 151.89188123418924
357, 151.77794770979597
2418, 151.75571818319332
2932, 151.71317571652602
695, 151.61355852382135
1471, 151.60245509412255
2241, 151.58563448126864
1538, 151.5097006131958
1375, 151.34114933868355
760, 151.2973537499602
890, 151.26592156198436
769, 151.2549127947579
1349, 151.22126937179894
2329, 151.10613469536688
1796, 151.09912690721225
2374, 151.06271050053843
1936, 150.98323166777507
1899, 150.91170986282563
366, 150.8691855942209
318, 150.85821984010292
1757, 150.8379564797328
3001, 150.8373013564954
947, 150.72214970694455
360, 150.67003414745838
767, 150.62738543056108
301, 150.42113166680807
2174, 150.09405691942348
2843, 150.04157777480464
940, 149.95132024677454
1938, 149.9058418441737
1395, 149.7551355824942
2128, 149.67257274036007
1360, 149.56919895965865
739, 149.5494833992484
877, 149.4361858991716
2420, 149.43405982244363
3013, 149.33393167918652
345, 149.18401676538997
2893, 149.15961754443782
627, 148.92708113661874
2072, 148.8177743087895
2901, 148.73763187990323
244, 148.73189492031935
3224, 148.72140991174433
570, 148.66857783032847
811, 148.6321125588924
1805, 148.58927158703227
2883, 148.51405749397165
1363, 148.40109329671554
809, 148.3100614735304
2155, 148.26626110520598
1283, 148.18942253957366
2363, 148.15801135181377
2335, 148.14837673674674
869, 148.12911732501817
835, 148.12883588620303
1313, 147.99469975067873
978, 147.92823816279446
2886, 147.73141645889007
2253, 147.54267696342117
915, 147.4567256569758
1797, 147.34641734625927
2137, 147.3158060811706
1917, 147.2301720481394
2118, 147.02724526776282
3011, 147.01589571371775
1988, 146.91747747613655
587, 146.90512924544993
2234, 146.87255842133644
1592, 146.84330161637632
348, 146.67032020261053
308, 146.65284320224268
1923, 146.5599814180337
1955, 146.5595715355438
1334, 146.5222745070916
950, 146.4801845704089
995, 146.47617540454115
1049, 146.4475975934592
2885, 146.38052992397414
1924, 146.3525664386742
3023, 146.34906186112778
1338, 146.34286431774325
285, 146.31846247023154
359, 146.31491614542833
3451, 146.21005125746723
1945, 146.02413022231644
2371, 145.95245853149564
1609, 145.91347623317168
1546, 145.90917172332362
592, 145.89308441832472
749, 145.85099577956404
758, 145.83590697026594
2931, 145.83076024813445
1337, 145.79487269428046
3449, 145.63460403997246
2892, 145.6345387916298
322, 145.59677445130737
310, 145.59677445130737
833, 145.57440198972012
921, 145.4912078993204
610, 145.4142937412887
355, 145.37254678437552
2887, 145.35739681510626
2182, 145.31054986046556
2368, 145.28809460446385
1552, 145.19049816490718
2729, 145.13018961742668
652, 145.05016719055033
2848, 144.89722193116546
2838, 144.84893593088634
1816, 144.73297321677066
625, 144.6619985937809
589, 144.46794550741353
1933, 144.41553417247775
1545, 144.33191583114944
1812, 144.27387138390938
1901, 144.20294451080542
1925, 144.17463838067002
1987, 144.1211196041547
622, 143.76096166829166
393, 143.6086262356404
2944, 143.4116727496184
1802, 143.39420655736117
991, 143.364023544777
941, 143.3413676850106
2827, 143.2978596025596
3218, 143.2503912909677
578, 143.2378625704619
630, 143.16336276706895
1798, 143.150657222318
2995, 143.1331524303498
889, 143.0535847398135
1947, 143.05257850102325
1845, 142.98507746767928
2836, 142.91593073496327
874, 142.87685035848477
233, 142.7578552974794
1843, 142.7389309090622
2871, 142.67507306853184
1000, 142.57202436860462
1602, 142.52601587421887
1290, 142.47796619363953
2001, 142.4541636195964
2316, 142.3382291478779
343, 142.06534733326967
951, 142.0261688316566
1350, 141.91337828936818
1763, 141.72286578026973
988, 141.53537661064286
1844, 141.45779779451328
1310, 141.2741951077039
1005, 141.25366165303524
362, 141.2034155452971
2084, 141.19712989406656
2357, 141.11832059214746
909, 141.04682463808325
2896, 140.91259683566582
1379, 140.90280582471567
617, 140.83835058108923
25, 140.70093814563796
841, 140.6012181307438
1547, 140.43423469907708
1384, 140.2520144613658
802, 140.15756895667326
2945, 140.03288401241568
1821, 139.9708133647246
1826, 139.756550212233
1775, 139.575121461138
1541, 139.54085622173596
2855, 139.51143427035592
591, 139.32696684640223
1795, 139.27680590066922
1863, 139.16115551823881
2940, 139.1454043479859
2894, 139.03622449906703
356, 138.9220830493223
341, 138.55450019718154
1050, 138.4582050593661
2929, 138.3980558751756
2402, 138.3536296165938
1526, 138.31790078318863
2922, 137.82055361091142
1842, 137.74438010169496
794, 137.6927750069688
2928, 137.64239827857403
2890, 137.61813405811114
1012, 137.55994241514955
772, 137.39318122380817
1762, 137.21420647764532
2248, 137.07960301078023
2333, 137.0759085987079
1347, 136.94588103143923
2358, 136.84113921887177
1373, 136.79244480072342
1355, 136.711335355929
1784, 136.64281794667923
939, 135.68075271921495
1532, 135.60894182105332
2364, 135.37812576476992
1931, 135.37274139122218
2935, 135.2942047903133
795, 135.23919151232843
1613, 135.2355407400219
1542, 135.12005563577017
1616, 134.8410749782487
2904, 134.68938144458843
1158, 134.622496221864
3036, 134.54383395634426
629, 134.5005697510491
884, 134.48442051514073
2143, 134.271220264276
1764, 134.25361499397033
628, 134.15601783001713
1919, 134.1215413639436
344, 133.73807717469504
1768, 133.6358764926374
3220, 133.557765204917
2926, 133.4514290239504
1781, 133.10566368535342
1274, 133.09140000654438
1190, 132.9345205388455
1765, 132.87830866586506
2937, 132.2358569255514
2952, 131.5651105672739
793, 131.53317466469858
2872, 131.04056566674876
2921, 130.84949834281207
2927, 130.4894389715066
2911, 130.24285815781545
316, 129.5714885527269
901, 128.87266649238492
2938, 128.5060131957324
1287, 128.15675742625157
1564, 127.59590105812151
1267, 126.94090735255187
2933, 126.844234741384
3219, 126.22364333398919
1364, 125.76507478526625
3216, 125.48168771483374
2939, 124.91556484877451
3223, 124.53111239449815
3221, 123.09937328581944
3222, 122.6297156046198
2941, 122.08695462454101
3217, 121.74106977955405
2934, 121.2800743418436
384, 120.32899901400043
390, 120.2256760027259
2954, 119.7402237950822
1358, 118.85602750063137
2957, 117.80941189342371
1534, 117.52356111599453
2073, 116.03108384677404
3412, 113.84893423236205
2943, 113.02479821780679
2955, 112.82198742583248
486, 110.70415482181228
2930, 110.26772436487394
2870, 110.18643633125735
391, 109.69432457727544
2873, 108.82554850569642
403, 108.12320835685819
2942, 105.84055792489207
2865, 105.47035587842983
1064, 102.93911163201689
516, 102.14069141123711
1468, 102.08227539710735
3145, 98.78084378027907
2867, 97.5508568519098
3411, 97.38491039214763
1862, 96.93696921626866
1264, 96.52637989983434
2012, 96.11542433566741
2739, 95.54158689876849
519, 90.31065745899731
1157, 90.30036507737756
493, 89.63934655173026
3121, 87.28987834826295
183, 83.2988401740734
3161, 81.19455055937918
1612, 77.2051499158172
