3403, 5112.78760213595
557, 4360.2922562084495
170, 4270.6946433187
3114, 3979.7724687954396
669, 3652.865304371278
642, 3608.051038618832
2265, 3442.3180870709675
3077, 3131.942684648546
1239, 3128.2053657568636
3419, 3061.207595610178
3205, 3036.804965974488
1585, 2989.430507726333
773, 2887.9481306832977
3389, 2884.96186717062
677, 2810.908269242226
3069, 2809.186177741555
864, 2781.84263124913
832, 2771.8140045163655
2737, 2766.6915150314308
3370, 2761.272018741363
175, 2755.274564033389
3167, 2749.600525018723
3107, 2714.1428216103873
3210, 2676.296669381269
1997, 2655.0891039146036
736, 2634.458508350095
3382, 2628.3064103034962
200, 2597.2563310467913
1995, 2595.355984212629
3142, 2588.202149883334
860, 2585.720819537285
202, 2585.5009691316495
3118, 2569.329500499042
3404, 2537.8570715206024
3331, 2526.2104649482058
169, 2523.2892635267604
2764, 2508.990744176172
378, 2494.730584604391
2777, 2487.084266642111
3445, 2481.2314078742797
3385, 2470.491872005111
2059, 2463.1349472758
3155, 2446.819824471973
3172, 2446.112966573343
207, 2443.7488350870813
3203, 2436.4065560904833
2963, 2432.59027867875
3401, 2400.2530102603287
1964, 2384.362813282187
3189, 2379.4398651425995
3447, 2369.23891349944
3058, 2368.8038219394853
3227, 2368.2202101460757
3424, 2359.744742990482
582, 2354.6548224019675
2746, 2352.184655360396
437, 2330.9380818300215
329, 2324.881464925735
380, 2320.92368670997
152, 2313.585067646851
3148, 2306.954650718551
3191, 2299.7087904154932
3212, 2294.570767604459
3285, 2294.458751970289
1583, 2294.369454975878
2022, 2293.9855526607776
3174, 2283.4173003287483
3426, 2281.2751367850897
180, 2275.1952142390105
142, 2263.708408038712
3070, 2244.5666943125093
3353, 2215.6940323007643
482, 2213.6605209063987
3072, 2201.840582096366
157, 2193.149607946817
1111, 2190.4430178366415
3281, 2190.3598377435987
3298, 2185.5000876882946
3436, 2184.483446305682
1215, 2182.0999328715034
3303, 2164.1658186920486
220, 2161.551238871236
539, 2156.380609543869
820, 2154.894794515271
37, 2142.530267036028
3049, 2140.8156158746046
3135, 2140.527111033612
1584, 2139.942737497666
1173, 2132.1856043338134
3169, 2125.6769795050222
1032, 2120.107844504152
1975, 2109.2851190628926
546, 2106.4519623235497
2791, 2104.7389085116633
1912, 2100.0042831323312
3046, 2096.3948901831004
1851, 2094.1202440970155
3182, 2093.9263405619936
1994, 2091.6789429782325
3065, 2087.8511062605307
1450, 2086.048478116739
3054, 2085.5109299774454
2989, 2085.1007199804876
3275, 2077.3804173848503
2015, 2074.5385137566
2807, 2070.883022037598
2964, 2062.2819974225713
1991, 2050.74652380825
1248, 2048.5184503956075
556, 2039.0752507275681
213, 2036.6608871033493
2792, 2033.704650364805
2075, 2033.0505879935706
208, 2027.922657596192
1234, 2021.5361996902304
124, 2020.192182473424
3214, 2009.2405820052727
3277, 2005.7123051239491
1117, 2001.7126114762789
583, 1997.7029272512805
1736, 1995.1578858298988
483, 1994.203890344174
535, 1993.5532928260402
3056, 1991.7358076408043
221, 1988.0077999869256
303, 1974.2227387848186
3185, 1973.369389708128
2790, 1970.3404666874321
1026, 1967.0808199737253
1865, 1962.7381400948163
1090, 1958.9368149084949
3247, 1954.8447072728302
1444, 1932.2403472579929
737, 1931.1734053020245
1690, 1928.6620517748363
146, 1928.3084195008976
2424, 1926.9521619342606
2348, 1924.910743250185
1060, 1922.4330081062399
731, 1919.004404877604
334, 1915.5740128500042
554, 1914.6017180301844
368, 1912.5793247794159
1086, 1902.3155548894288
3166, 1902.0233231154264
532, 1898.3206223741993
3381, 1895.1484023999587
174, 1894.9392924932147
1233, 1891.7829753412857
430, 1888.9276205751516
296, 1888.9233641689034
534, 1888.8247248151697
501, 1888.0483528763734
3128, 1885.7551970838551
3175, 1867.5102915229634
3434, 1866.3983992953138
2394, 1862.8543322003366
3110, 1860.2020434730482
227, 1859.4528899295537
3173, 1851.753263978417
181, 1850.9341152271923
2103, 1843.5546838804141
3302, 1843.5163035738713
1027, 1842.8447064253971
1218, 1835.8054387483974
1973, 1835.291172064499
464, 1826.6328237126538
3379, 1826.447239034872
456, 1821.9105418625866
1072, 1819.6862043518183
204, 1818.8754208453458
3202, 1815.5166204220588
458, 1804.1536244755682
2099, 1801.4617061069348
2735, 1800.2849014871026
2011, 1797.9009113095194
423, 1793.4283924798792
451, 1792.26141538674
159, 1790.0440985064117
295, 1788.7472004823796
3181, 1785.4187709934122
2029, 1780.6926893636482
1075, 1780.384816578604
1848, 1779.2325508786
1252, 1769.025337798701
2382, 1768.3989548074564
1040, 1767.2521730714486
1030, 1759.3850745319369
3032, 1755.3945948444166
738, 1754.5156049797922
2817, 1747.7209986545852
211, 1744.170713799171
494, 1739.078324172486
331, 1734.3395723278768
1811, 1734.0797771259918
2302, 1731.6083020742053
505, 1730.434209801179
3373, 1724.7468487820702
3245, 1721.0872691504574
2016, 1717.4447540170352
3089, 1716.8211716531948
3064, 1713.2011888359261
1077, 1711.0091005769762
1230, 1709.1282936830987
1076, 1702.9529825858012
2026, 1702.8342258361522
3440, 1702.214244805346
3405, 1701.292382426367
251, 1692.7055383287252
289, 1691.3091049762234
3098, 1685.5278753119576
481, 1684.6618500341904
1259, 1684.093923360612
503, 1680.1832689629957
284, 1675.3444917958702
1603, 1673.560264674689
1770, 1670.2362456948981
3226, 1668.1871484585872
3300, 1664.9247859159018
1260, 1663.0532642280916
3108, 1661.0221721339976
2100, 1656.7520013984147
130, 1654.3314445036146
3340, 1654.2309057099985
3208, 1652.2350291452572
3244, 1651.6534088348858
3179, 1651.5783931971425
2818, 1649.4850415195579
906, 1646.2222662453232
41, 1641.884236764113
392, 1640.3413637210851
671, 1627.7067345369924
2920, 1626.5077672985112
1132, 1626.0013158204104
2786, 1625.6516561195904
3196, 1625.3521809781391
1980, 1623.5919699440324
1587, 1623.2395140126257
471, 1621.1931352215
432, 1620.2527963826155
1963, 1620.0512267241372
2783, 1617.2630898586754
478, 1616.835003938491
1247, 1616.0099017398857
1228, 1615.7116879910254
1432, 1615.0187930791974
467, 1614.4413324032116
1651, 1613.2312084391617
147, 1611.752186876721
441, 1605.2707030654342
1911, 1603.8387802662794
188, 1603.7149539870018
2754, 1597.9455078568196
2961, 1597.2439770219855
171, 1594.001532544534
3369, 1593.756218032754
333, 1590.0575234520202
428, 1587.9218750132973
3378, 1587.4150269022257
3317, 1587.2501263897398
2740, 1583.2133960704878
1624, 1578.476495616897
3388, 1577.2427211117567
1590, 1576.1501700889185
2776, 1575.9394010475228
1448, 1574.0192918286184
453, 1572.1402644297189
2757, 1570.0993736446856
1066, 1570.0487297550212
3149, 1568.7755744349695
650, 1564.9085263593945
3423, 1564.0119695068292
3348, 1561.59684293587
158, 1557.0967546005318
3386, 1554.8244024043781
2803, 1554.5196764380817
1533, 1552.5258435104495
1256, 1549.4599239669305
132, 1542.10673242145
2766, 1542.0394361005795
1241, 1539.3671808956028
448, 1538.4902015397677
193, 1536.4677291686974
588, 1535.3665330158933
2986, 1533.2841613107666
2053, 1532.528823030555
2507, 1528.9999757439484
3010, 1526.693157068243
45, 1526.230263945573
2388, 1525.0314081505103
1437, 1524.732519132073
3190, 1524.3744485753687
153, 1522.368381379739
3093, 1521.8097586556976
53, 1521.260111370776
912, 1521.0807902116196
136, 1520.180275674847
3407, 1519.395946968682
2006, 1515.8966882383231
40, 1515.5692961482694
2224, 1514.077141008419
429, 1513.4668144862658
2263, 1511.5067631859479
619, 1509.8101202425662
2013, 1508.2082586178467
3042, 1502.3490039950868
1880, 1502.341649320505
3402, 1501.95016929292
297, 1501.6157719395535
1089, 1501.2995732836685
1113, 1494.5185678179698
2968, 1491.5818504547838
3292, 1491.0899324646043
540, 1489.4222153340559
3159, 1488.7142778822997
466, 1487.3588948022705
173, 1486.251119149251
3057, 1486.0428464306997
2774, 1484.0556018527818
262, 1482.6775871784519
332, 1480.4633063373121
373, 1475.0472522701195
1126, 1474.1150619265359
2296, 1470.2102082545464
176, 1469.537478157002
1098, 1469.3946046157037
328, 1467.807010809082
1219, 1467.8043728828004
2069, 1466.4756292075572
1870, 1463.0660195719336
336, 1461.543828133109
1035, 1461.1712402344415
1978, 1461.066314370201
1161, 1460.2540138826923
496, 1459.7360210881782
1119, 1458.719109395324
2071, 1457.8454066650995
514, 1457.8197013418312
263, 1456.9552392750666
79, 1449.875068465029
2969, 1445.1860790240619
608, 1443.5668827086954
2990, 1441.6802567977377
2863, 1440.7627949231246
550, 1439.1892194512116
469, 1435.6001419627676
2987, 1424.6447595714078
1443, 1423.8551623458532
861, 1423.6845891847433
163, 1420.150298239428
1074, 1419.0607399635182
1058, 1418.7608182152228
2767, 1418.1732193117266
2070, 1416.9379998084444
415, 1416.7793819288108
676, 1416.7553025173768
401, 1416.704171577561
3408, 1414.4936606273177
2050, 1413.9063427771182
457, 1411.7948276884827
3437, 1410.2337204224868
2306, 1404.942615176529
1071, 1403.9574070633246
3086, 1401.8710647143205
444, 1395.5065105488668
449, 1394.9198879397613
2076, 1393.3067325352774
283, 1391.1869844310252
2381, 1390.1414446125852
1094, 1389.7032887128187
2973, 1389.4273627460518
2109, 1389.3866653260932
2300, 1388.048195753012
1105, 1386.445955790172
440, 1386.2252519251147
164, 1383.9824247542365
2772, 1383.76862790207
1531, 1383.1335226291296
1029, 1381.9536545779963
3055, 1381.8127236065286
139, 1381.3791617450693
443, 1379.442432272237
1893, 1379.0234256308895
3283, 1377.2335772776187
2027, 1374.7901132792592
852, 1373.8427614205277
3371, 1372.0058930601538
3418, 1371.9308553073217
217, 1371.8408923460242
1100, 1370.1693620309338
1085, 1369.9900016180595
123, 1368.7873812404653
1128, 1364.2423130306283
1110, 1363.2385881338462
1979, 1362.899417173988
3297, 1362.3197873394668
2105, 1360.590698919021
2820, 1360.3274788280971
39, 1359.3328336088994
480, 1358.8716234756698
454, 1358.4877202766747
425, 1356.7161016422615
203, 1352.173781670542
3339, 1345.0436746031917
1091, 1343.613046713757
410, 1343.0193402953525
161, 1342.5317671072949
2722, 1342.1604372552947
2045, 1342.0974297558193
2773, 1340.347767239095
2744, 1336.4355931222924
119, 1334.7559237399946
913, 1334.1264410613346
1850, 1333.826378427957
3409, 1331.0689072172684
335, 1328.292045732254
3276, 1324.33101131298
530, 1320.2709867532262
2825, 1317.888110573429
71, 1316.5059654621316
365, 1315.0720775791003
129, 1314.7754197381778
862, 1314.376002310098
462, 1313.2439579823322
487, 1312.0008248898025
3061, 1309.4132657078117
2734, 1308.9617741173574
3176, 1308.6101063078177
2759, 1308.3314760665778
2033, 1307.9110220418245
272, 1307.0973619780002
3334, 1306.009257328039
1166, 1300.7823645631108
2389, 1300.7415998628833
330, 1300.536685572702
128, 1300.4316969203592
3286, 1298.6263470789154
476, 1296.3702125188222
2110, 1296.3669263771637
479, 1294.2307064442437
2297, 1288.1596124297882
816, 1287.9074243373225
2018, 1287.7775083186143
126, 1287.3036778965702
2979, 1287.0863038333518
3293, 1286.3445647780707
155, 1281.9437238975731
488, 1272.9559379920415
2723, 1271.1394392883417
2751, 1268.023656249393
2009, 1267.9539535422768
548, 1267.710555005182
2958, 1267.2614318148467
3213, 1266.1879730600374
537, 1264.6086522725566
1445, 1262.9297288463042
504, 1261.5711625377267
2274, 1260.9778756908397
3429, 1255.9992487823938
446, 1255.9922588685663
547, 1253.6182293189734
2024, 1253.5540039753298
377, 1252.7240906080583
34, 1251.339090729932
299, 1249.703221679113
3073, 1249.6687878593682
475, 1248.0076707001772
435, 1246.5879937282634
3083, 1243.2508666485364
1429, 1239.6998871890985
1083, 1238.3744062962312
2277, 1237.2340521452847
3079, 1232.397932378869
264, 1230.5144378690013
3125, 1229.8209045977812
2056, 1229.4360404625727
293, 1227.1057923385674
2819, 1226.9886075479656
1159, 1226.9612571897994
288, 1226.092496170526
75, 1224.972287947758
1675, 1221.6984338287857
1200, 1221.6093377135035
2309, 1221.3232833081267
2965, 1221.27590613346
3425, 1220.7647346157964
3209, 1219.0867823751971
607, 1217.4848065119559
562, 1217.3873125993423
1031, 1214.4927623252343
1145, 1213.4591655925644
1876, 1211.7479211071432
495, 1211.635049069102
2398, 1211.3584601270518
914, 1211.2966767838705
191, 1209.7629808561958
1849, 1207.6377732032815
168, 1202.1505960248862
485, 1201.240091589346
1859, 1199.8731099083768
433, 1197.422014171484
1680, 1196.074086433209
3071, 1195.4262054305736
222, 1195.0006327543942
3435, 1194.345040653497
197, 1193.5175939667565
531, 1192.2153552254838
1853, 1188.4212731509492
3280, 1188.4041540625708
3151, 1186.093762993333
2083, 1185.4548946621862
2032, 1184.6043908245153
3421, 1184.1587170551277
3416, 1183.7883017373179
1041, 1181.0437747689082
3287, 1180.7572353897801
2088, 1179.8099813712756
1042, 1179.3590677135956
881, 1179.0292756872898
1124, 1178.5432156799457
2763, 1176.390100375556
1910, 1175.4449337096924
56, 1173.1944003127119
1611, 1173.041060924173
372, 1171.7059064932307
1993, 1171.305226791372
1676, 1171.1609378454436
382, 1171.0400599388045
3291, 1169.731774031181
1610, 1169.0687128984928
1087, 1167.9172882797186
1245, 1166.6706569492158
2862, 1166.3010282112512
1143, 1165.6752993254647
1236, 1165.2780178365904
3410, 1164.5881809738405
542, 1164.3401838438865
1115, 1162.8963798400514
502, 1155.421951955782
1466, 1154.7163650821653
1686, 1154.463774999846
76, 1153.167962755677
450, 1149.8422494660208
2078, 1149.3581280657013
2988, 1147.6412762320874
148, 1146.373139118414
3106, 1145.0395619498577
1434, 1144.5571724677081
1433, 1144.5571724677081
3259, 1143.5989423314788
2753, 1143.4344063023
151, 1142.768441006779
2291, 1137.5891508093778
470, 1136.423860953106
1517, 1135.8341630088544
1025, 1135.716313039813
2985, 1134.2362628976846
670, 1132.5930687784376
1174, 1132.026447398406
1235, 1130.086748112741
1914, 1129.7483901823987
1913, 1128.7703523162745
46, 1128.7377651256943
2068, 1128.2140864626872
52, 1127.9789359568338
1212, 1124.866832628489
424, 1122.746048643482
2748, 1122.2589040858368
2267, 1121.152533378047
3153, 1120.2976767502819
1142, 1116.6733767791325
1732, 1114.4585954313154
206, 1113.107657267839
2298, 1112.210994394857
3084, 1110.4182776585283
1102, 1108.1455833690977
3047, 1106.4443643475117
468, 1106.369747042603
1456, 1105.892260269605
2918, 1104.871840957866
2025, 1104.173669371333
3393, 1103.8912363606928
2020, 1103.3627290170523
3119, 1101.0317300416477
1607, 1100.828417063188
1043, 1097.5915723534074
1867, 1097.1604258158216
611, 1094.1499408396166
48, 1093.2622911286614
1707, 1092.943028262317
383, 1091.9878977896487
3395, 1090.304796715129
1187, 1088.4135973474108
3078, 1087.1529063599473
1214, 1086.4541486135745
1221, 1085.360370407278
1666, 1085.2494653695971
2272, 1083.1203433858345
201, 1082.885161750869
2919, 1082.214557712711
552, 1081.4046900748372
3199, 1080.7832096271695
1243, 1080.324668652502
2086, 1079.7933805832124
2343, 1079.6195127879246
2303, 1076.9594783064863
194, 1074.9756438505967
2315, 1072.9606293096924
1088, 1070.6520340398556
1140, 1069.6495463742506
2308, 1068.7072999790703
2238, 1067.4233788344939
685, 1064.9337861218653
154, 1063.190579393849
2548, 1062.4401418628065
1183, 1062.3470550609838
3048, 1061.8832546220758
189, 1061.2304169912563
1193, 1060.5786845432547
2966, 1059.246353408381
51, 1052.4865622131013
3315, 1052.1600087558736
3139, 1048.4893590934162
506, 1048.2795994964204
538, 1048.1202222463394
3246, 1048.0928023866315
1852, 1046.984520491298
1129, 1046.9299537693928
279, 1042.0604689589352
2733, 1041.1435344051013
2962, 1041.0377605499918
3332, 1039.2575562672885
406, 1038.4184467066216
3051, 1037.128136086493
3333, 1036.9650854536862
1179, 1035.20747606807
1204, 1034.6101354577677
3050, 1033.6113725035846
198, 1032.8638423971174
1381, 1032.5162725832456
2055, 1031.1304369232314
2981, 1030.3415494042763
1449, 1030.2715788389492
1586, 1030.0803872453098
1172, 1029.4575486379733
452, 1029.18853937207
1581, 1028.8866694078454
2380, 1028.2267168394242
3274, 1026.801107607746
178, 1026.182014741364
2741, 1024.94025703278
44, 1024.7801323960994
549, 1024.0708005919
3171, 1024.0674218899917
1244, 1023.9013402799255
1002, 1019.8440823128745
1237, 1019.680337713984
376, 1014.9209190278168
1063, 1014.775218198494
3028, 1014.7289919986814
3396, 1014.4063641898799
2091, 1014.0920848472712
3372, 1013.1239046933546
2278, 1011.3216542047815
555, 1009.9791527906199
274, 1009.4311488711149
2768, 1008.6687978730059
1033, 1008.5693835639108
543, 1003.4640399802706
100, 1002.7490687219728
1974, 1000.7428508242263
2261, 997.3381027910451
2252, 995.6858470920531
2271, 995.4110708565423
447, 993.9736361844712
1961, 992.0230471103032
544, 991.5827944468986
2337, 989.0296403301671
82, 987.6646557826269
895, 986.1830140451906
3336, 985.0399028704684
3439, 983.729876388012
1249, 983.5453164843531
1096, 980.2640423880441
1589, 979.768527607375
2810, 979.6459195416222
1856, 978.9388887833155
3192, 974.5487965544019
2386, 974.5100542343664
172, 974.2479916470456
651, 973.9550572492086
1872, 973.4845125733865
2391, 972.2940368854464
414, 971.061446622898
2978, 970.7608717612001
2622, 967.3979473952074
381, 966.6175474949009
3278, 966.0093028978221
2813, 965.6880694839734
536, 965.3538445946295
1442, 964.3306430474863
2747, 962.666055073265
3178, 961.1991658946175
2019, 960.9442188187747
2005, 958.8891308142338
1203, 958.1889462661162
3198, 957.7545943522815
3003, 955.4046709979034
1024, 955.3354641364482
426, 955.270598883254
210, 955.0053441485742
515, 952.9179011396739
165, 952.6614903794721
2798, 952.0031207230472
1253, 950.2832629073406
463, 950.037517225453
1742, 949.2518655087538
1720, 949.08924115099
2312, 948.8803601344031
1857, 948.325862222894
3432, 948.1833603227547
2, 947.8733056931326
389, 947.7753859328868
1761, 946.6803991265979
1738, 946.5650698620178
143, 946.5627387562396
215, 945.8981790448148
3241, 945.7502342869982
3420, 944.4170830202177
397, 943.9830262281953
580, 943.8424523074236
1069, 943.8049189033457
186, 943.6242130583528
678, 942.998535678055
2769, 942.8001856856617
1099, 941.363029545564
2765, 940.6948186379643
1184, 940.568278176491
654, 939.7324359317024
1101, 939.471063153663
2975, 939.352435512158
2974, 939.352435512158
2795, 938.6877796201622
85, 937.7198589929455
1084, 935.8300596162408
98, 935.0168181487595
431, 934.5943126709399
74, 934.0667168358111
523, 933.7818354773186
131, 933.7131059253998
2752, 933.0300151403446
1112, 931.9517895188243
3092, 931.8676279615181
1144, 931.3455562039275
3204, 928.972759904895
2811, 928.4048788238172
1459, 926.0640158387781
2307, 924.0810523905386
3441, 920.2881162318304
1855, 919.4674909405896
3132, 919.455308132664
2808, 917.8990967364211
1177, 917.8011100408464
3133, 915.6990621778173
563, 914.9598862578351
1202, 913.8109720129338
1229, 913.3870670480183
1760, 912.1012653103634
1677, 911.9609946318642
140, 910.6807158212127
3433, 908.8914735813936
2730, 908.5494858740396
1687, 908.0077488754836
1226, 906.2551595246257
2951, 905.6457581781972
2260, 904.8076839352532
3413, 904.5524578392758
3131, 904.3836101412586
2736, 904.2893670091038
885, 904.1583965505121
228, 901.9363720655396
2108, 901.724845471685
1854, 901.159918676977
2310, 899.9228938188919
3194, 897.4601376444122
3059, 897.3690954616466
134, 895.9730731948423
2794, 895.566153809162
2106, 894.5282156269906
1604, 894.4782702505054
379, 893.6796763138452
3170, 893.33813325705
2715, 892.3106012886088
680, 891.7690463120839
1095, 890.990229071103
1299, 889.9541652436412
3211, 889.5149434104136
3342, 889.3253306245858
1689, 886.1562779832855
1121, 885.5538858794138
3144, 884.5775231292926
2630, 884.3148986457442
2396, 881.4565966828624
3367, 880.7509432536643
1725, 880.4376814778224
2294, 880.1069534228371
61, 880.0291781222169
47, 879.4863849225155
1753, 877.9472141224876
613, 877.1561911376597
1148, 874.3492645064758
275, 873.7855065725126
3384, 873.5384384839423
3062, 872.4660579853379
3380, 871.8024855884739
2286, 869.7940212047027
1877, 867.8764495402181
294, 867.2749772785157
3095, 865.3123799931476
57, 864.5191509691789
1169, 864.173336859229
2279, 860.5409590495468
3305, 859.8274856875511
3304, 859.2294433854786
2292, 857.8714299170136
2793, 857.3882740314953
3375, 855.0523015389805
2257, 854.6232431787777
1866, 852.1998390252512
2419, 852.1995873984177
326, 852.076652929365
2003, 851.763037098159
521, 851.5534552717684
3101, 850.8030442314274
2717, 850.3794188293489
3197, 850.14938923008
2483, 850.0634887408339
1688, 849.502139974361
1238, 849.3445091340213
300, 848.5575873374007
2454, 848.069399451517
2392, 846.8959078021228
3186, 846.4414164840146
3206, 844.0503115819464
2802, 843.5877726290828
3366, 843.5541087362535
655, 843.4624627839124
3312, 843.4307404842734
2749, 843.1435872171395
3039, 841.9383633599139
2666, 841.1835120918296
649, 841.0574280276934
1122, 840.3407857143097
1139, 840.0063320681871
3351, 839.3323388711751
2513, 838.9276653540436
1627, 838.8648379671673
266, 838.2875905272698
1217, 838.044441583541
1130, 837.7487071679354
3006, 836.5388331609415
407, 835.7689856140821
1722, 834.8101622731141
851, 833.2541273706091
3350, 832.1837540854849
3143, 831.2357475065724
1301, 830.6533970767504
2352, 830.5931889287704
1447, 829.1384184187816
1771, 829.01719207077
445, 828.671739061625
1438, 827.4012585558169
2301, 827.3097857328364
91, 826.6636479536785
1439, 826.3307488349806
2960, 825.9997972711282
2034, 825.9587873505722
1465, 824.740723274771
1879, 821.1420882953266
2407, 819.1958042972523
2651, 819.1210001509511
1067, 818.236865736756
1685, 816.1002372260149
1263, 815.4565947831123
35, 813.2036601367813
748, 813.1401539523524
1729, 812.7819134080687
2505, 812.0128304121151
2417, 811.9806311951925
663, 810.6928659291742
1718, 810.6501081372371
3115, 809.9398326650933
2290, 809.620846177663
1125, 809.0745798923315
1254, 807.079641162381
2041, 806.9087536578417
1669, 806.8141801067608
237, 805.1035830786687
125, 804.8526661944966
2789, 804.8255868896196
3117, 804.4815086933679
1646, 802.7551933418841
298, 802.6589237337364
3284, 802.567305881625
77, 802.3479942039828
1070, 801.9113054847569
3289, 801.2146039132713
956, 799.706661817997
2269, 799.5129440399807
3443, 797.9892521575312
3040, 797.6628449912832
2314, 797.6236090509819
2203, 797.5446846766225
3200, 793.8793599283655
3294, 792.345283360293
2549, 791.658692111043
3163, 790.9706671715367
473, 790.804267814933
2218, 790.4702229258412
2508, 790.4226577953293
427, 790.2732823134867
3399, 789.8673623576979
3141, 789.5377317052836
2104, 788.2774945119282
2387, 787.8186831199965
3335, 786.7220177914745
2304, 784.0379978291609
2288, 784.0076684840773
3154, 783.7571104590504
2491, 782.7228624356082
1082, 781.7042733125968
1662, 781.6231594679659
2354, 780.977302278116
1147, 780.7087878103213
141, 780.6822374311672
2983, 780.3209432324593
499, 779.3676651444143
1205, 778.5973430105461
402, 778.2154807303133
2014, 777.9953005836327
408, 777.0263634274476
2280, 777.0214377199061
1746, 777.0062773042978
1436, 776.8923657426769
2240, 776.8007097838233
1695, 774.4846614088477
2797, 774.0716459388883
1141, 773.9802315425959
3243, 773.778475973416
2546, 773.7301700829984
1773, 773.3954701089267
1625, 773.2035164457642
2421, 772.9268553413751
2080, 770.6283862505538
643, 769.3208717605988
1059, 769.174966752499
679, 768.793517276119
1874, 766.3905390278348
2385, 765.9290168070215
3147, 765.403532344179
2065, 765.4012515300047
1678, 765.2643977193597
3322, 763.7852781636673
1257, 763.6381409590911
2048, 763.4742187100551
3102, 763.2219999592203
1231, 760.0051204173847
209, 759.3438228922571
2948, 757.7173655506788
1461, 757.6594552098819
1462, 757.0414353616173
2721, 754.8659622183056
3158, 753.7341679899793
3414, 753.4615978629266
3377, 751.5335382277113
1860, 751.1232300409642
1708, 750.9636805995983
3354, 750.0683666563893
1970, 749.6358696599349
3134, 747.1890872038011
966, 745.7878635890228
280, 744.6840283039201
545, 743.8166364554455
2028, 743.5550425871661
1513, 742.8148329691614
1162, 742.6176671472214
1213, 741.9464828433117
2002, 741.8467485314767
3430, 741.8250349186712
2442, 741.0886449891516
1502, 741.0500600667954
135, 740.565624643347
282, 739.6957661168151
553, 737.6912817236486
3398, 737.123020170081
105, 736.6611560809604
120, 736.3037149047911
3327, 736.2234641945066
42, 735.504231321061
177, 735.0039934241062
1097, 733.1540774255737
2976, 733.1161613682715
1446, 732.3016618867482
733, 731.1826190918947
3120, 730.5276630082722
509, 729.8577809186571
1298, 729.7873551391152
84, 728.4718477223926
2566, 726.7609458374058
1227, 726.6397148471691
1199, 725.7207615801173
1258, 725.5225960036952
1160, 725.4744427922361
3103, 723.7828923682367
99, 722.9019129840142
1232, 722.7268089503865
1756, 722.5491705963244
1515, 722.1026109637686
2742, 721.9404562357936
1431, 721.1728369837871
732, 720.3988518154106
281, 720.2102376407624
533, 719.8314815657062
859, 719.6647848006345
1451, 719.6570043794079
3314, 718.1597942936947
2285, 717.5040407353631
1881, 717.3943763112567
1175, 717.1937956044168
1608, 717.0688450550371
92, 714.6739442030729
3397, 712.9146286159893
1242, 712.6151109667854
1154, 712.3820415234349
3184, 711.9510234420679
3081, 711.7202621020691
2771, 711.1029466631501
1430, 710.7628475768086
1875, 710.7510389890766
2259, 710.2173556718762
1209, 709.8911083856766
1149, 709.572391868074
1521, 709.3948870606501
1971, 709.2792869446806
2276, 708.4969337655805
1262, 708.3927063796513
2404, 708.2119357107596
2815, 707.884832864089
205, 707.7339442513586
838, 707.6401441317373
1137, 707.2523080546032
1452, 706.2292256793037
1188, 705.1865272870785
634, 705.1192645723384
1683, 704.8018123112967
2021, 704.3812974926981
439, 703.3894705579851
219, 702.3082430227169
2413, 700.4304891252784
1698, 699.4464749553142
192, 699.151272121359
2823, 697.78711277254
3076, 697.7587031446983
1464, 697.5801611651353
2258, 697.1938336917192
2917, 697.0491552697337
2671, 696.6793765760049
3053, 696.4005230919425
2223, 696.0250588862945
3394, 695.5043405201525
455, 695.3547703730611
1246, 694.3124493281282
1717, 693.3211974401388
2412, 693.0325372840749
699, 690.99005078647
1116, 690.9869579574051
498, 689.6042368198508
492, 689.1845631970175
2408, 689.134374187408
2824, 688.7381923902996
302, 688.360695112469
3400, 687.5416341670134
89, 686.9991767608036
1660, 686.2040525400323
1596, 685.4374569907828
863, 685.3416107854717
491, 685.2212497826623
3082, 685.1679636832242
73, 683.7783777702183
261, 683.6473070827014
2524, 683.3072070381521
3124, 682.7861604824814
1758, 681.9549419280328
2784, 681.6158614215802
3087, 681.5901043239946
2338, 680.4342885964437
2008, 680.2102265877172
1894, 679.8852962129099
512, 679.7525712918641
3109, 679.060688925211
150, 678.9757367404894
1740, 678.7842262321382
88, 678.7445145554944
2967, 677.3008870251977
162, 677.0484828633258
1998, 676.5176404393436
1641, 675.0534593110065
2719, 674.7527925329276
1104, 674.6378926791899
369, 674.3572494123792
2393, 674.2433721051015
2093, 673.950217874283
2696, 673.8263059698123
1435, 673.4404784153144
2762, 673.3778661890562
1106, 673.0420260534281
1251, 672.603169113045
58, 672.2626643890281
2583, 672.2321381760108
3338, 671.2823764177892
3352, 671.0477954257054
2788, 670.9742792040743
2553, 670.7570229729062
265, 670.7115396703879
3074, 669.8007288732841
1968, 669.4916940664541
2039, 669.3539934325853
1176, 669.1966518348315
110, 669.0942986730262
541, 668.8121083179705
2755, 668.6597260985094
3390, 668.6068398588088
3067, 667.5455053363577
734, 667.3813275543271
2864, 666.9763018546602
3052, 666.8730295862291
1667, 666.3912221445529
2780, 666.2650238474557
460, 665.8791074172344
1593, 665.742867818893
2007, 665.6846841395105
2688, 664.6706074055204
3146, 664.3555849935234
1682, 663.6174216143359
2379, 663.1866127939226
133, 662.4551778972208
513, 662.2884832145949
1644, 662.2873064778427
2796, 661.6994931178134
1747, 661.5600511106318
3330, 661.4836994486164
520, 660.8703618465474
1868, 660.7474763626773
1250, 660.6633295529298
2587, 660.0462349248894
3096, 660.0116267246669
757, 659.5415766980364
1107, 659.1445165066363
3150, 659.0838941670384
2353, 658.3546405686784
3157, 658.3101087354019
2266, 658.0495100537821
1647, 657.7400497437121
2562, 657.1272091311879
551, 656.9708545660336
3152, 655.7647123539651
1714, 655.6761527062334
3264, 655.5613039542245
1182, 654.6279739497414
2816, 653.2566007198934
3156, 652.5292286593236
2645, 652.1840846190298
2705, 651.7617292511734
3187, 651.7435699184915
3239, 651.7026921199576
2758, 651.6777047764102
1858, 651.6470833740923
2610, 650.4423950499917
2287, 648.8848134784216
1201, 648.0053899714044
1195, 647.6172378734299
2782, 646.7639407410768
87, 646.7218567299644
3168, 646.721642794717
2716, 646.3304261280947
2977, 646.1309598856361
1726, 645.5152035008036
3444, 644.093210819914
2023, 643.7276425327307
3116, 643.4540615886508
3162, 643.4078681973982
3088, 643.2544775047866
1642, 643.1687781003911
1731, 642.1809469695422
3104, 641.8748544883246
2558, 641.6875276267314
3355, 641.3213278015231
2098, 641.2290811200778
3324, 640.8778927376239
1739, 640.7358171195825
1167, 640.4134193360818
2761, 640.398106917357
3427, 639.3644251188359
3127, 639.136580210191
338, 638.3334754000875
518, 637.7491328090746
1196, 637.1664767963769
160, 637.0670431693179
1057, 637.0288398911797
1223, 636.9279527928321
1181, 635.1799687403565
3075, 634.9855995371292
1871, 634.6191351775038
106, 634.5800713299242
145, 633.653609046189
2244, 632.6673375723678
1078, 632.5110425908034
1127, 631.7552150991181
1600, 630.843593152156
1626, 630.5954999131368
1208, 630.3128241078238
398, 630.1457273800481
1711, 629.6314217733832
3248, 629.2453509739222
3290, 628.0871863699663
1261, 627.0747879372894
3337, 627.0592363585963
2812, 626.6060848203344
214, 625.959836457565
1171, 625.8472441805027
2268, 625.0715839139668
3123, 624.7324638109435
2004, 624.6680857711495
3060, 624.6595843772259
1222, 624.5734433090761
1197, 624.1850277870628
190, 623.5718628803884
412, 622.6986659140674
2770, 621.2087780223029
3105, 619.5514169784993
1597, 619.2022293832438
1081, 618.9627906752148
511, 618.8568250498993
2559, 618.6860408224406
3063, 618.6076322954416
304, 618.4112465423985
1715, 618.37861311915
3183, 617.992133349347
965, 617.8009143758217
103, 617.313140358223
1705, 616.2071122814577
3328, 615.3208190438954
3041, 615.1618944090277
1225, 614.296657300456
957, 614.1752362086701
3004, 613.4937655035243
66, 612.5595400611319
2607, 612.2584772585975
3138, 611.3726601031836
1514, 610.4366711066546
3255, 609.5051002206095
2017, 609.4601710496819
2347, 609.0433928196621
1703, 608.8911547240484
3129, 608.0108297249213
113, 607.7618176989309
561, 607.5782736946179
1131, 607.5065405884646
409, 607.4057540512187
2305, 607.3323355437345
626, 607.017515832166
1643, 606.9893521613764
2982, 606.0279222723701
3225, 605.9460838426539
3090, 604.9439521366934
2101, 604.2182610449344
1185, 603.595526718952
2473, 602.9575865249286
1108, 602.1351344370166
2781, 602.101421815953
1752, 601.7522308869078
2514, 601.4578901215777
434, 601.3853774691369
291, 601.3423460164133
1133, 600.814440403762
62, 600.6693789952423
2694, 600.4014019781735
1630, 600.2461301128964
2710, 599.7896289446061
522, 598.7905637512841
156, 597.1687497209634
2984, 596.8840491774084
3279, 596.4461496798647
1441, 596.0089564939
2030, 595.8735601630267
1755, 595.2438067436543
2536, 594.2232361127649
1656, 592.4475763555143
2800, 591.986070492385
3415, 591.7428288548332
2217, 590.067165825979
1721, 589.8053531563955
3406, 588.8329102135623
3137, 588.338886701709
1206, 586.8825508568484
3066, 586.6297981033426
1123, 586.4672243745281
1163, 585.6220594083708
2344, 585.4899167556819
250, 585.4154200367567
2152, 585.2948505777542
2690, 584.8209887498483
1224, 584.5027062545076
3080, 584.1405869871986
199, 583.9765305234638
1892, 583.2212284334738
2571, 583.1857873659242
2102, 581.1866750540713
2273, 579.6299599888446
1120, 579.0147599201257
681, 578.1042998299974
2779, 577.9122380884747
399, 577.6458424190847
3368, 577.4484791484705
1692, 577.3117798342907
1136, 576.9808112297806
1138, 576.6892941496556
385, 575.912701993631
1155, 575.640374156842
1712, 575.3531318116276
3130, 574.7454800820906
1240, 574.4013534545303
3140, 574.2096813687597
2653, 573.5837721173925
216, 573.249815229383
3349, 573.201272939452
1516, 572.5927920937729
3299, 572.273536914742
2411, 571.2556919326735
3207, 571.1301049596669
3126, 570.7031876078324
1869, 570.5488352603384
2775, 570.1695165083048
2574, 569.8084606253345
179, 569.2157807963507
3318, 569.0822561491707
2657, 568.5127258847826
2650, 568.153338633068
3347, 566.5991698764202
278, 566.386417444302
1710, 565.7577198130974
3306, 565.7090308621596
2620, 565.5907306315022
2686, 565.2559971465005
2640, 564.90991458632
2409, 563.9175181534303
2624, 563.9107997002785
2210, 563.6094007011422
1168, 562.9170712442119
276, 561.732642138049
1733, 561.6694903648032
121, 561.5750821652496
2390, 560.34182271315
1966, 559.5586767930007
3122, 559.0484249346822
3111, 558.4828933796261
1701, 558.2081710177143
404, 557.5509125282497
2756, 557.1307166202427
1207, 556.4949820524834
395, 556.311665752531
1194, 555.5424824253726
2814, 554.7349127185753
254, 553.856630612248
2677, 553.8093030903221
225, 552.4294639516296
2785, 552.3788221343767
1631, 551.7897889638515
1744, 551.5594543749069
3356, 551.4301106200634
54, 550.2261285326251
114, 549.4869902917469
1735, 549.2833633243289
2787, 549.172162260661
1028, 549.1152422323171
19, 548.8293955264005
2399, 548.8206748133367
3099, 548.5523805999479
2799, 547.7054593624182
3374, 547.3985085180369
2497, 547.3662639571696
21, 546.9504539087957
2649, 546.8692555223026
2745, 545.4731805455323
647, 545.3267697341992
3422, 545.1239110607366
2525, 544.3413444736861
2415, 544.1510623680213
1713, 544.0205195501526
1996, 543.7505983849195
1061, 543.312718455962
400, 542.3879475512265
2913, 541.4967118468156
95, 540.6531222831533
1748, 540.2159226770752
1716, 539.8189365440885
2972, 538.0621377469721
2561, 537.3247822864208
2720, 536.4069225555347
2550, 536.0888512486528
2311, 536.0214044089797
1428, 536.0031117605059
2111, 534.5334915820023
2096, 534.5334915820023
411, 534.0508250683789
2712, 533.9330836102905
1463, 533.872007975089
2652, 533.3845448354741
3383, 533.371459995276
102, 532.7145254724311
1135, 532.6035500596886
386, 532.5908761226494
2356, 531.8265499234009
1170, 531.7210782888491
1068, 531.0476406710909
2416, 530.4108205454017
1659, 530.2582235233507
3428, 529.7767391955523
2572, 529.4358101073678
1220, 528.8776742398484
2520, 528.3188627578444
3316, 528.1727297219489
2641, 527.9836713640105
2406, 527.9550208457052
90, 527.7506069606319
1684, 527.598275814184
510, 527.3111865784911
104, 526.6068008386935
2293, 526.4020557698834
1628, 526.0864215432126
2683, 525.9797324500214
2527, 525.6370299139131
1672, 524.8382384181429
3020, 524.8123821940638
1670, 524.2319335775597
1873, 523.7156694102592
2384, 523.4033460434079
1891, 523.1394620402762
2414, 522.3335852041985
2350, 522.234295701562
2656, 521.4735921918991
1186, 521.2975352009668
2289, 520.9474654693437
101, 520.8861920589293
1146, 520.2534010715797
3323, 519.6545254588391
267, 519.0734927714576
1198, 519.0564534378764
3097, 518.979475292995
2601, 518.8913114144093
3201, 517.856093555343
2551, 517.8000767863296
2703, 517.7329945915181
2738, 517.7217900712169
3265, 517.6492124392646
127, 517.6042354277062
50, 517.2739164670895
1633, 514.3784451214934
20, 514.0913215722055
1741, 513.7352671479673
2646, 513.4789717294508
255, 513.222351449122
1730, 513.134167186369
3362, 512.8102163215937
1700, 512.706330725671
1743, 512.5943222788753
1658, 512.4320092795186
3112, 512.4051599111347
2378, 512.2549080839575
2853, 512.0512299843818
3376, 511.4478829590094
2621, 511.3992798125957
1668, 510.504930827229
2340, 509.1685721386767
1645, 508.35762090784846
1699, 508.1829940270082
2608, 507.76133895452443
2568, 507.5325240975845
1047, 507.13463486982187
3136, 505.7052567786203
1460, 505.47162250990584
3442, 505.2331194252731
287, 504.3705725414193
1671, 504.20535407049584
166, 503.42803913992174
2915, 503.37312273218157
137, 501.8918164040243
3295, 500.1966846506559
3288, 500.105283259861
2668, 499.9211410321302
1724, 499.6792616825101
2580, 499.60428582625025
2212, 498.40738598822657
1665, 496.7164153630474
2959, 496.48923704930877
1754, 496.297283776887
1657, 495.6589145436496
2383, 494.1903537955749
396, 493.418385058619
65, 492.25744710702077
1941, 492.25158020184455
67, 491.6313001203934
36, 491.5753853850887
218, 491.1696890209617
2097, 491.13971417470407
1745, 489.588453515792
2295, 489.3187848389243
1706, 489.15384661050774
3417, 488.9035126875219
2726, 487.81907704525247
1034, 487.63968140117623
1477, 487.52669240018713
375, 486.7395283731986
3311, 485.88888903299437
2635, 485.7571915005073
1588, 485.61644902577683
108, 484.8921384687897
2283, 484.4305458843954
2681, 483.8870193160348
1134, 483.7049969774028
2395, 483.5612665720173
1967, 483.5424285950284
72, 483.35915852182626
1650, 482.71402462057705
2485, 481.87953686413016
3387, 481.45544396774903
2592, 480.8951551182345
2451, 480.49075512238085
1629, 479.84708206450165
93, 478.5597127157053
1637, 477.89726717487474
2466, 477.0876394450194
1734, 476.84712270354373
1728, 476.41439486136903
2179, 475.6025338846226
43, 475.47192114219996
2563, 475.3478602765966
2533, 475.0719200809988
2400, 474.942366610025
1065, 474.58759254201163
508, 474.0124376905696
3232, 473.82561623096393
2493, 473.4612260272301
358, 472.8979575434645
1649, 472.21680578097585
1681, 471.5261156819628
2449, 471.3610464689975
1813, 471.3408142037299
2597, 471.16916413139626
2658, 470.7645617677576
70, 470.66044661947836
69, 470.66044661947836
64, 470.6041742381542
2697, 470.25070735332696
1962, 469.97759596947924
3254, 469.58268767123826
144, 469.17023266371
3392, 469.08387748266415
3005, 468.9875941488658
1663, 468.90313003403446
1639, 468.86527741233414
1679, 468.13444575742915
1114, 468.12164180531903
1727, 467.8401907372291
167, 467.5512919873627
1704, 466.7867919390273
122, 466.5081105281291
2397, 466.1974028250742
2456, 463.7495822731989
1697, 463.6211697159813
2204, 462.9587606466048
1648, 462.55105622144964
2575, 462.0360834198302
2486, 461.8386888148433
3094, 461.2549968248887
2339, 459.6819088757407
1691, 459.0153375547119
388, 457.2323446219072
1079, 456.43149276949555
195, 456.35697671179463
1180, 455.84185342431124
260, 455.26046340031314
1150, 455.232191423994
212, 453.16658208339925
2239, 453.05758840757505
1440, 452.94615841920637
1749, 450.8198551326085
115, 450.6424814125631
497, 450.09843317685005
1073, 449.75005397296
3231, 449.63252940902595
252, 449.4500294554715
1216, 448.67275159861083
149, 448.10835943580173
1189, 448.06882322860235
1864, 447.9062018596042
1406, 447.1790057849079
80, 447.1302310415196
2528, 446.65130479284625
2235, 446.038919215543
2611, 445.7206897312034
268, 444.2355721028032
474, 443.3218989946261
2475, 442.73481845892115
2604, 442.5956357506379
97, 441.4034564090943
2461, 440.95383929686017
2167, 440.7623889155829
2185, 439.7783810900233
2589, 438.43934904065804
2648, 437.2881607774316
2087, 437.2794023336237
2453, 437.23761144029044
1702, 436.3294463417269
2655, 436.0255849740263
2282, 434.4057065242062
1751, 433.9493547648993
1674, 433.6863882862169
2778, 433.0267612576434
12, 431.50688783049964
1693, 431.01722444484545
1696, 429.8285067956994
1636, 428.8311266485767
3007, 428.8257740480289
138, 428.4117699980129
1467, 428.3477845522597
2612, 428.29703252951214
405, 426.96804700413344
3195, 426.73514589017384
1719, 426.09207824610957
2139, 425.8782337260036
2226, 425.63491837797204
2971, 425.5904089088355
2184, 425.5593794612846
1152, 425.17482749468655
32, 423.0886917718312
96, 422.9503078119743
1635, 422.5748265302266
2616, 421.63574050658895
2543, 421.38642124563694
68, 421.35399518754036
1156, 420.6493743727914
3258, 420.48704978505083
1178, 420.4661324836866
2980, 419.04875722226154
2484, 419.03636186856875
196, 418.82028495743094
232, 418.0934741483461
2623, 416.9413492953631
2299, 416.63798249201676
2673, 416.21029500063486
2809, 415.5418603049982
1750, 415.35175452866525
1151, 414.3865264864149
2564, 414.13834745998025
1634, 414.10024149522616
2177, 413.97235690095823
337, 413.72873125601365
2249, 413.6576942207252
1737, 413.2519924855272
1605, 412.95131545901467
2605, 412.76841390760376
2264, 411.58621909794556
3313, 411.45789126606803
1397, 410.96098510212045
2531, 409.78753961207
1191, 409.14906599816203
2693, 408.0476154554731
3164, 407.46106194954837
472, 407.1185158847297
3296, 406.8161214292917
2679, 405.8629552800665
55, 405.1288097575893
3188, 404.55505091003835
2355, 404.33647880843495
1759, 404.3324643927583
2498, 404.18299017562816
2821, 404.1011435436815
2345, 404.00246499946013
3160, 403.89222135363434
1302, 403.81942121397765
2010, 402.5558982451515
13, 402.2271168993507
15, 401.7324827446695
2626, 400.971224882757
2713, 400.9280501076666
2346, 400.38991575719535
109, 400.3421143324039
2349, 400.1351300438554
2094, 399.5756770578772
2492, 399.1254558793066
2586, 399.1013369598409
1632, 399.0884104479862
3021, 398.3563460499591
38, 398.1773039585297
2341, 397.79763252273347
2462, 397.7921736048865
2342, 397.4011093059794
394, 397.0950260123134
2570, 396.9523375984529
2687, 394.43966847599
2603, 394.429356663472
3262, 394.0396462835571
1652, 393.28387406728444
1958, 393.15107937400046
2695, 392.9787993458244
2490, 392.5126869580188
2351, 392.46440556070866
2496, 392.2090855168365
3091, 392.16616933818665
1838, 392.1126031619234
2654, 391.4994380382207
1045, 390.7941059812927
2519, 390.5746565054567
3113, 390.5009008787549
2455, 390.4656891070106
1530, 390.2088246912268
2464, 390.1098709300747
2534, 389.894532821149
2692, 389.3894173565065
2538, 388.4216100412445
2822, 388.33374518386654
2629, 387.8075758439116
2900, 386.9782230210755
3193, 386.6303012645255
2704, 386.2658934453555
2313, 386.1719246263658
3180, 385.84277157367154
3261, 385.46076423532776
1518, 385.4366174175759
2801, 384.3583106069204
1960, 384.21287600037687
2606, 383.878223879276
2511, 383.4129332139654
78, 383.3357695287803
2707, 383.09268816172914
2869, 381.25480160135334
3344, 380.647231643611
2284, 380.6131115632234
2600, 378.93351807553177
2675, 378.62423960663773
2638, 378.31499297419043
2506, 378.21199259565157
2522, 378.1997907323235
1457, 378.1414504142778
1694, 377.9843050794427
3251, 377.07734246200636
2861, 376.4724868961804
1655, 375.54783488994076
1557, 375.52390264600115
2581, 375.1796460845852
1153, 375.04848404991566
2499, 374.18928497680685
3329, 373.4315957667119
916, 373.388818619856
2275, 373.11303659765
2452, 372.6316586174996
16, 372.5287162208301
2270, 372.2531443899498
2700, 371.3070484482329
3260, 370.24127370436105
3361, 370.21952455739773
3431, 370.2037975880794
2644, 369.77886545892136
2727, 369.2404726941488
2479, 368.2816626442928
2460, 367.051973613954
2662, 366.6569534743167
2495, 366.2857535587951
3364, 366.15360163851
3019, 366.0820455475122
2760, 364.77975327896064
2632, 364.4681906099291
2079, 364.17137963923005
2044, 363.9027233879349
1316, 363.32982118812447
2665, 363.0575201942825
2488, 362.49237914599223
3165, 361.96006256560764
2440, 360.24624057883665
2037, 359.31402058063276
2698, 359.0843885253906
637, 358.603593997516
1709, 358.3609209833302
1, 358.34121577568067
2509, 357.7576682213448
3100, 357.31878903919113
1559, 355.44519332062123
2530, 355.2141276458022
83, 354.0325198267405
2433, 353.58514033870523
768, 353.18283415380785
4, 352.24105117236786
1847, 351.98785374336796
2714, 351.2041745061154
3301, 350.89009473108916
2092, 350.4604058952662
2860, 349.9900387883332
2477, 349.4176077892604
2743, 346.96383617001925
1800, 346.5849593447604
413, 345.43743257828294
2535, 344.7233829452986
1661, 344.65473274832385
182, 344.3336269906946
2625, 344.133747731447
10, 343.6037811835211
1664, 343.14927606476374
2970, 342.4318287021966
3266, 341.43334669538706
2565, 341.4189991972491
2684, 341.12308943970817
2670, 340.1862875597211
2537, 340.00843955453576
2192, 339.6098126252829
3236, 337.3921665354081
2401, 337.0678129918554
2598, 336.800781559926
3234, 336.3422521998711
1638, 336.3010939624196
117, 336.22025420380334
2061, 336.1461493790229
3310, 335.4511940258672
2444, 335.40747608416706
1062, 333.89424005653433
3357, 333.07126483584284
2634, 332.52275145446293
1255, 331.9499469259089
2552, 330.993745313183
2591, 329.613636971011
2472, 329.51057126673794
2660, 328.78989830160083
1454, 327.8970564393078
2667, 327.31633955057123
2576, 327.07424026505186
2664, 326.9045787483883
2669, 326.41222975073276
2699, 325.29504667458656
2494, 324.8782460234202
2731, 324.754931901015
2474, 324.2733228707706
2659, 323.9115474514663
2502, 323.903559240565
2501, 323.903559240565
2691, 323.37041651376234
2661, 322.7115830970931
2857, 321.93763872890923
7, 321.75623406540024
2617, 321.3005886505924
2631, 320.8639243125728
1785, 320.6856656160822
2469, 319.8395083648187
2405, 319.62656270682686
438, 319.1367945751294
2457, 319.0760551358434
2614, 318.5624092391542
3033, 318.31116676710684
3008, 318.1153005783804
1814, 317.8325385715793
2510, 317.5351103865535
2674, 316.95071731786277
3249, 316.8142103818401
2609, 316.2381074317486
3253, 315.057157594433
2521, 314.83090228513976
2627, 314.67742622761153
2542, 313.9401940464921
2476, 313.7365646095379
641, 313.50670367447
2541, 313.3631295564591
1788, 313.3188267666317
2637, 313.03985483450856
2448, 311.52309540008605
953, 310.61647843335703
116, 310.29326683798587
2724, 310.16676156872194
112, 310.0288139121549
1109, 309.9738965896172
2089, 309.5730683362106
2504, 309.5397700142694
2678, 308.7980195164327
3325, 308.5273908230682
2956, 308.4015604936033
1324, 308.1420039481113
2567, 307.1403794299359
2619, 306.991412509648
3263, 306.84555181865005
2702, 306.7473052477575
28, 306.5717161986431
1574, 306.42961282960147
2832, 306.3560680045768
2478, 306.05716977837955
81, 305.59222160663387
107, 305.5540827541222
1300, 305.44549594642126
1794, 304.55070755973964
2805, 304.4398273939464
2320, 304.2025337611483
2074, 303.78753273892204
2557, 303.59377208500996
2676, 303.17444400068183
2706, 303.04519031984563
826, 302.6853840578166
6, 302.2537895749829
3235, 301.63170774875437
2467, 301.5030166509062
0, 301.4667661611591
2866, 301.00068935957034
2585, 300.9646465175212
823, 300.4718737883217
3009, 300.3148357924424
3, 300.16321079419066
2560, 299.9036942636305
2082, 299.35115254388353
1818, 299.12363067950247
2529, 298.9830440650291
17, 298.8910357263435
2999, 298.66200186706504
2459, 297.6931514541056
2544, 297.65081164696693
9, 297.47124715604826
2554, 297.3182268313704
2577, 297.0662292203466
2595, 296.29546104765404
2191, 295.533367551502
814, 295.4803860441162
277, 295.2339340083269
1560, 294.8847115851819
3250, 294.490101474772
2628, 294.2727916364296
2642, 294.21105622697735
118, 294.1034907209425
1562, 293.75835790969245
2663, 293.7173251421834
2482, 293.3761534407091
2633, 293.2583984877509
30, 292.2058358417607
2685, 292.11618563599313
11, 292.08024246450907
2573, 291.6980170083769
3326, 291.2389093481776
3017, 290.13353602577644
524, 289.63034142457315
1572, 289.2221965317378
2523, 288.85211162100893
2689, 288.84823909555234
2618, 288.58544155637816
1309, 288.5735924663677
1723, 288.3610238292962
3365, 288.02902330534374
1969, 287.9631634202801
1052, 287.5282598093535
2545, 287.2133916973452
1576, 287.1146816051477
2480, 286.7754393346809
290, 286.62809671109403
3358, 286.1058009016153
2701, 286.09691986362554
2443, 285.4762296903923
2909, 285.0838206166457
1509, 284.7168960354668
2680, 284.603810173697
2445, 284.1487826419132
745, 284.013035173668
2481, 283.6712637832425
2153, 283.6143311352447
2047, 283.5885821517024
1484, 283.5474204005354
2447, 283.40135511024334
2463, 283.1583603561043
14, 283.01116830793603
2588, 282.0176021803219
2208, 282.0025322598502
2458, 281.9854528558263
1410, 281.857248791771
848, 281.6900285792052
3307, 281.0601495759419
1004, 280.67574385039075
2465, 280.5248279502625
2602, 280.3219354052753
735, 280.15133224045866
1824, 279.942221699131
2489, 279.61415303109544
2889, 279.06693618906843
5, 278.7773120422439
2134, 278.7214061857157
2487, 278.1692339118439
2643, 278.0540236734718
3345, 278.029831993103
1573, 277.84066829865446
2613, 277.7146589761581
2599, 277.626166873746
3360, 277.46364783884565
1965, 277.23890676321656
8, 276.9758902852869
2878, 276.91015675157655
2211, 276.75837980597714
259, 276.6234379925594
3215, 276.617325434317
1046, 276.11345902998676
1940, 275.45048731023155
1939, 275.4069099383293
2584, 275.264997489742
2516, 274.94878593792737
1882, 274.54450322878586
94, 274.39710609318774
2728, 274.37601616539746
2512, 274.3240635104266
1543, 273.77586697224604
2593, 273.6428875450822
2081, 273.59004985122914
436, 273.0694305592262
2446, 271.91918816676474
2540, 271.7852312859572
2158, 271.6547988817246
788, 271.17615678477375
1806, 270.8905585804878
2639, 270.6657399924577
2708, 270.43854854649277
2242, 270.1444092190031
2636, 269.7468762885333
3252, 268.77541050889187
1520, 268.61572021633515
3391, 268.2453379941437
1951, 266.90185671730035
2052, 266.8988185721701
2077, 266.8383197532486
2193, 266.5185175561922
3308, 266.5115797436647
2057, 266.22605949742854
2590, 266.20162417811815
2555, 265.80617746242007
1418, 265.71374876199945
3000, 265.64985226603585
923, 265.5717968090217
2582, 264.9194722163734
1567, 264.83279969558396
682, 264.51259677808747
2031, 264.49866658912293
18, 264.1942445769202
2856, 264.13660436091243
2090, 263.1318664220824
421, 262.02317190000514
2859, 261.32422415705327
2526, 261.212146316271
2170, 260.76341231241156
1003, 260.6734030282775
3177, 260.43351817443335
2429, 260.1416965258286
917, 259.18296486324994
1907, 259.0907414922168
1269, 259.0377100360082
2806, 259.02142072626725
2207, 258.69250996617694
2450, 258.61170541964754
2468, 258.52821872757113
2441, 258.44641135909734
29, 258.18845511012034
1810, 257.72616319451396
786, 257.41719015762993
803, 256.9515407669763
3025, 256.88729159274044
2991, 256.4027103465834
2180, 256.24080091210703
2914, 256.2275405438037
744, 256.22689254158547
1537, 255.67445867252457
1103, 255.61804476922828
2205, 255.2715507570039
526, 254.9794038716303
2539, 254.96209930081017
2124, 254.8277893630603
1053, 254.58458540810747
791, 254.3616334361238
1780, 254.34517303824802
2135, 254.2456220854571
3446, 254.09735294161618
1210, 254.00846115974548
1575, 253.79083809615057
353, 253.60343310992369
1118, 253.06533686195436
1640, 252.91118585900347
3269, 252.7831762302001
727, 252.3556701211007
1884, 252.2466700929347
234, 251.67686932357017
615, 251.6187754191935
2435, 251.40804811110655
2428, 251.40804811110655
1571, 251.39700191674362
1776, 251.19947995830717
2596, 251.15264967093827
517, 251.0136524630567
857, 250.91592304098452
2709, 250.0762982497616
1039, 249.52201096961787
686, 249.00440144579937
3016, 248.76997101586792
3018, 248.73049571844678
2236, 248.6738125874859
746, 248.49838827610196
2262, 248.17788698580742
248, 247.342395920736
3029, 247.04469974837664
2647, 245.8573763071936
3343, 245.42418795957818
2157, 245.22791967072638
2615, 245.19064445029625
1519, 245.0443279578828
1306, 244.9684803655632
579, 244.8757706156301
2318, 244.8714404625867
1525, 244.85269023245894
2936, 244.48887018043004
1885, 244.03488513978448
2066, 243.9549467572309
2194, 243.84901009570072
716, 243.68922801271398
945, 243.36204286328464
2195, 243.3187468342356
781, 243.17582786117
2060, 242.7899220131048
2953, 242.6406131460852
1356, 242.4733944004514
1617, 242.35749019313872
1653, 242.24225162880177
2243, 242.23144300514997
1807, 242.17279836919926
1943, 242.0012683986448
2579, 241.74700838731138
3238, 241.64810931956256
2997, 241.59393684139658
2196, 241.5585242557075
762, 241.31801051649697
321, 240.85629429958846
1822, 240.81761683185724
1999, 240.79321453695113
249, 240.6109655466521
527, 240.55418839449223
2187, 240.3065342814638
1558, 240.03336334124936
612, 239.97645306175565
2038, 239.8398082170962
22, 239.69203315348543
2471, 239.3833788717903
1424, 239.309252349278
980, 239.11802130822
2438, 239.08969586587853
1336, 238.93730273620355
575, 238.84210711094363
2188, 238.71097606358822
1615, 238.38293929446547
2517, 238.23668404017062
844, 238.1699483748409
981, 238.0671100116808
936, 237.8631697501646
1889, 237.5357744871335
3233, 237.43663600457515
717, 237.33452866613018
778, 237.07748657057832
961, 236.48021453755308
1023, 236.43837835416815
417, 236.36460112289848
2594, 236.22130140063751
1985, 236.05275993552397
825, 236.04469356623684
698, 235.95443457729783
2993, 235.83978303178347
3359, 235.707705464034
2160, 235.68819353157474
920, 235.63544422071982
3319, 235.04741103178264
581, 234.99487613817394
817, 234.80378680231453
1623, 234.77584381755307
2500, 234.49284746942362
2189, 234.27270641977012
27, 234.2061269290302
23, 234.10864252775852
743, 234.09429476062613
3228, 233.8175445721608
1279, 233.6929507565535
1803, 233.68467329918084
24, 233.5038564635455
2142, 233.32996541021743
243, 233.19075171774642
3438, 232.52571148812288
2949, 232.4954431329186
955, 232.137258286319
600, 232.0696987813765
2360, 231.92611635002598
416, 231.7676154381558
1037, 231.6588461042093
465, 231.51738230424297
2095, 231.36503781296102
815, 231.32644757450828
2040, 231.282171539454
969, 231.281231841773
2145, 231.18802174976918
2916, 231.09914110646528
2365, 231.0740622005372
3320, 231.06510316763203
2434, 230.90002680098794
2879, 230.8867465945499
2362, 230.83188177797646
960, 230.74564028731868
1423, 230.49797450071037
247, 230.41858866335394
787, 230.29601690127615
2431, 230.1224098261847
500, 229.86406161818263
1038, 229.53111052831406
3085, 229.1241004539795
2220, 229.03939078995373
808, 228.9696629608103
1487, 228.82404336715905
319, 228.6555464363768
1577, 228.50107167755965
922, 228.30136001276705
1412, 228.2643365747357
1566, 228.0922695747993
3237, 228.0195923100158
2214, 227.628371946673
528, 227.5165289511099
560, 227.48291885600065
1331, 227.46952111507576
2503, 227.44649722937774
2845, 227.36915297940226
709, 227.28791006234837
370, 227.06498602203027
2064, 226.4307626503808
86, 226.30996864984238
1878, 225.8640183424191
2829, 225.81536806083818
1473, 225.2372591107492
2181, 225.0924807086069
1371, 225.05933022396778
2122, 225.03666279976628
2828, 224.85836720245726
242, 224.65866767725504
1977, 224.51866543381337
691, 224.38501304851752
1580, 224.23144882042067
2046, 224.13912489546107
1579, 224.07187287367915
2907, 223.99758457226983
999, 223.9218798467118
574, 223.8710975213413
1840, 223.7905446115139
2427, 223.72867929282108
1895, 223.67335231517433
2515, 223.59558744972173
964, 223.56576366499522
1523, 223.41012505686007
1266, 223.39553264142464
2846, 223.39185097178827
601, 223.3089257776871
2219, 223.22633855400278
1308, 223.0687248413867
594, 222.9716249230785
1490, 222.9406112440982
585, 222.8434160700927
2732, 222.6024964581243
1599, 222.3900066460966
804, 222.30476920762453
907, 222.0522542647695
2422, 221.89841544347075
2058, 221.86590286404706
903, 221.82078382832407
2996, 221.65092581385863
420, 221.55507020484123
3346, 221.5390824766645
59, 221.45415731822547
789, 221.3581257313225
2877, 221.242262731766
1425, 220.98353324701833
1314, 220.925046914981
856, 220.78099201064475
2858, 220.75685362167312
2231, 220.73312717019616
1495, 220.71865893637542
2992, 220.69888366952017
313, 220.6941100145552
2036, 220.6937742162295
2209, 220.30910957575884
1404, 220.22341656590538
1408, 220.19701560523765
2905, 220.1936272971452
2173, 219.80108262781567
1839, 219.5319702939777
2682, 219.50257475924894
972, 219.49494322933216
1846, 219.3615698557096
1942, 219.1840081467266
1887, 219.1194606789378
1890, 219.03696235767094
529, 218.97939142121245
1823, 218.8571195230916
3026, 218.845904415147
2228, 218.7526977241554
1790, 218.7092166614248
2171, 218.63612161847064
2168, 218.6005587353539
1594, 218.57570285646366
2200, 218.47706380587886
1164, 218.36008500784274
1315, 218.18082114244092
837, 217.99043034398036
2206, 217.7625405635737
780, 217.63918347071527
593, 217.6294453447409
3229, 217.59464034141297
586, 217.39605333393513
1957, 217.07606805493714
1211, 217.05592794629774
2165, 216.8340896478819
1510, 216.78802738583215
1321, 216.74978389591752
1369, 216.64342969908196
2470, 216.6112861365296
1505, 216.5469576635119
1508, 216.4294388894858
1984, 216.24008501855556
1289, 216.14429297006234
3270, 215.97758451222748
2804, 215.871918575952
2334, 215.75012378235877
845, 215.70971008442822
872, 215.60026435760156
846, 215.52951438500372
1527, 215.5063741389095
419, 215.48885410038625
2837, 215.38392444780916
1348, 215.16094200516258
2190, 214.9580870241556
1501, 214.75392711569947
558, 214.34757141739502
3267, 214.2921526682561
683, 214.20522603355246
371, 214.1046365977266
2578, 213.9653231798508
1478, 213.9626667774004
3363, 213.84563933419565
3031, 213.54550046611521
2043, 213.49279237897005
696, 213.45940416708225
1983, 213.4183091326999
2998, 213.3586813326495
2113, 213.27787449407438
2256, 213.1709708277537
2164, 212.9036989702216
2150, 212.76386470490647
418, 212.6222261862586
928, 212.42577684605217
1986, 212.42081167981982
507, 212.38028384156382
2850, 212.3661627788743
1976, 212.16157728296542
657, 212.1568398810399
638, 212.14154041245183
307, 211.87613726621396
886, 211.86219780539201
1828, 211.86078607205724
1512, 211.56113060719125
1494, 211.45277687400713
1488, 211.40487739898617
1455, 211.34701572861798
1001, 211.30802546712593
1390, 211.29795814409593
2841, 211.1865405882511
784, 211.17496970783893
2852, 210.95590224425686
1361, 210.9550604461888
1380, 210.83332045209085
902, 210.72098742666114
1421, 210.7183964985382
1481, 210.51123563669475
1322, 210.49582874329664
2115, 210.36468890354453
919, 210.35330509499855
839, 210.35107232333746
821, 210.33129827639522
1792, 210.28533952955297
661, 210.1169188883094
2321, 209.87240714613625
1389, 209.67551955656145
2439, 209.56912918783905
2725, 209.55474206384432
2324, 209.43560433270727
26, 209.39408444073084
775, 209.34310884618873
599, 209.2282134840191
606, 209.21550214568086
2229, 209.09907170375513
987, 208.94541836112748
3240, 208.83428865297424
1427, 208.8185886772408
1820, 208.8052735478167
639, 208.80145674896895
2839, 208.77670242109292
1396, 208.77252140141158
708, 208.63754091963384
2063, 208.6037055770471
659, 208.28022921634349
602, 208.16277392494786
2372, 208.10135803117083
1268, 208.08312921578653
3002, 208.01750415027695
855, 207.8646584462412
1549, 207.81748685108187
2230, 207.80140485874202
1883, 207.8001012851609
777, 207.7757385958036
993, 207.68424015869996
584, 207.6636360637753
2117, 207.63412033255622
461, 207.55901476208712
3321, 207.494541290679
2125, 207.4880671488665
718, 207.19894769674787
2085, 207.11241999022724
2120, 207.08274028816356
3014, 207.03395542649855
3242, 206.93356270394548
1614, 206.89899565151399
853, 206.85250802720554
2831, 206.59953308285483
790, 206.52267071586397
2359, 206.37320734451285
1908, 206.3503691134375
938, 206.33605526630348
690, 206.21610066958064
665, 206.10213268233338
1886, 205.92609095121006
730, 205.92557519076607
459, 205.90872436463812
1493, 205.8564513872063
2994, 205.82681718113307
2255, 205.63562769149146
1271, 205.61965837391813
1339, 205.60253057300454
1345, 205.51963790757318
1622, 205.45641664541805
711, 205.43831736012345
798, 205.42056470946986
2851, 205.18145354935848
776, 205.05034441006688
989, 204.79635987435012
971, 204.79258100563354
849, 204.7593249570996
3268, 204.75719417604301
1578, 204.71948006072046
1377, 204.67203929746984
664, 204.65703996572935
230, 204.6257202888591
2750, 204.5772684942707
970, 204.5761641928227
840, 204.43410425111398
2237, 204.41145214728664
1398, 204.27441864863243
235, 204.1119855568734
2844, 204.05945833684174
2569, 204.02361720274817
256, 204.00087564937294
867, 203.94283257637358
2718, 203.87144036894392
882, 203.85954805900752
1601, 203.8146838764875
927, 203.78807951666363
2162, 203.77436545291252
892, 203.6688461182775
1343, 203.58945412635478
315, 203.57760573263855
306, 203.57760573263855
1312, 203.56264673431915
1426, 203.5500628179699
1330, 203.482949793791
564, 203.4652201582287
752, 203.41844949429594
2898, 203.20297489907492
525, 203.1493925112757
1014, 202.94096945869845
1295, 202.7255319850036
559, 202.61523892656174
3272, 202.5934418688524
2116, 202.58385593041288
1550, 202.50992198192176
1511, 202.48592967096212
2888, 202.40453259909313
723, 202.3812489053139
2908, 202.24547196759113
3256, 202.17642176830887
1474, 202.1683114046997
1413, 202.1640732229628
1544, 202.16101999413678
572, 202.12696117530245
1902, 202.06712100999204
1555, 201.94491519429738
63, 201.85638366006577
1920, 201.82988097170073
1825, 201.56437908035733
850, 201.49393281048575
2361, 201.46929137334968
2141, 201.43921614703106
1815, 201.4283308839872
569, 201.31038448193465
1561, 201.30750665060174
689, 201.25231225358945
484, 201.25049623182755
1539, 201.1589744655043
1368, 201.15581242883232
2376, 201.13881993902106
847, 201.11398064413905
1273, 201.11204968976614
1959, 201.07855899823392
1926, 201.04846612920505
785, 200.86683869938233
1829, 200.85861164709567
2227, 200.75346870522586
1378, 200.72395991515936
577, 200.61930571892515
2213, 200.38817314061734
1804, 200.13580464986526
2672, 200.01059417921303
770, 199.69890360945385
797, 199.6134642674641
1006, 199.60717810042127
1989, 199.5114603728556
573, 199.47779103653647
3045, 199.43983103771515
2884, 199.39764946463987
1278, 199.36672544005762
2254, 199.25166925283838
2899, 199.17375666072243
2366, 199.11808993822942
2369, 199.0183616101257
1393, 199.00126187602334
713, 198.97531102345823
822, 198.9413344250369
1285, 198.90268445915225
2903, 198.6903660409051
3043, 198.67098993136042
774, 198.61357501562094
636, 198.56786036168478
635, 198.54734430229232
1352, 198.32398499087378
673, 198.31270264490914
2245, 198.25862708273493
900, 198.24269405534608
876, 198.2295109468975
1392, 198.20521194029516
779, 198.20234438467847
2131, 198.11941933534763
1422, 198.11099766637116
1420, 198.05151169167706
879, 198.03477232753306
694, 198.01504630534367
918, 197.88417637237433
1500, 197.88150785056214
231, 197.75948558227034
2830, 197.7331507085271
992, 197.67485075031024
2910, 197.6555182305221
871, 197.62240889423913
1293, 197.5244220422733
1417, 197.43693540690705
240, 197.39519160402045
2881, 197.32038325075354
983, 197.2711354665767
2547, 197.23625390692442
1480, 197.060831570291
3044, 196.948086628823
854, 196.88947524439476
2166, 196.87617234426017
1400, 196.77588533190556
1830, 196.63696825244904
1817, 196.57102455239936
364, 196.5572629358349
868, 196.51740830837517
1909, 196.30388302735676
111, 196.20746972599267
2121, 196.2072938979399
2882, 196.19214910565168
1475, 196.15965230399294
2198, 195.98228538546806
1280, 195.93316693047223
2199, 195.92881320904314
896, 195.84044185489762
1409, 195.69411342764226
741, 195.67381130608223
933, 195.62917768590336
477, 195.5429517447778
2432, 195.38570925270187
3030, 195.3126164761138
948, 195.21699599243286
1370, 195.13620350287778
597, 194.975670403217
1915, 194.89541615654494
3271, 194.8843448068904
2154, 194.77186162099142
1411, 194.71144325650786
946, 194.61709550028462
2875, 194.50917678119347
2163, 194.44063564506828
1835, 194.39594612353415
883, 194.35498516450332
935, 194.3073784524462
759, 194.21751790943713
693, 194.20175726794486
1367, 194.19755770451854
1831, 194.0349559108394
672, 194.01134638600345
764, 194.0028189609313
257, 193.98734412102496
323, 193.975018078829
311, 193.975018078829
937, 193.92756976505834
1906, 193.86315866535372
1904, 193.82529105996403
755, 193.80153374100178
2897, 193.80085519342828
1491, 193.80019024670037
1791, 193.78260172121492
2518, 193.73626137602267
675, 193.72344003891376
656, 193.68334157501408
763, 193.6504863005283
887, 193.5929033718527
1841, 193.48287741238804
985, 193.12119690508544
2423, 192.9963404881135
1403, 192.96767012553906
924, 192.90928259414272
2138, 192.78665478798862
766, 192.69536335102356
567, 192.6202544258024
2246, 192.59497923031012
1372, 192.5761881995176
725, 192.56754951337018
963, 192.4754467836307
1419, 192.45135552750443
1036, 192.44727407616853
1888, 192.4419183169049
614, 192.4188473684125
1382, 192.40909213528144
2114, 192.3841438728739
870, 192.19953487929646
273, 192.1110896043082
674, 191.97113799721393
1498, 191.95593153355165
2148, 191.89658172309154
3257, 191.8327820268704
742, 191.80079991526475
1346, 191.70068052055555
253, 191.61227102832044
2319, 191.57534173236687
565, 191.54368215408638
1981, 191.46131678574724
2842, 191.45891600637
984, 191.44481913091994
1801, 191.41631298232562
2123, 191.36079944180614
714, 191.18371267091743
1618, 191.17900376428688
292, 191.11444013388913
932, 191.0147827571817
1328, 190.95989062931972
351, 190.9549503257246
782, 190.93580324605014
1944, 190.93381371327692
2891, 190.89984988968806
2323, 190.87713761005574
2216, 190.8623900673811
645, 190.7168080232369
346, 190.60804974921692
1934, 190.55361422309488
2331, 190.47453690241076
3068, 190.42640486696547
184, 190.41287823212488
3027, 190.40604923049432
603, 190.40296209816174
646, 190.39425911516113
236, 190.3764459053501
312, 190.3644985767046
761, 190.32704943247313
1405, 190.27573620774518
783, 190.26982683754198
1288, 190.23997323318414
1277, 190.21286776195407
704, 190.19619325975657
942, 190.19555775686786
836, 190.13657133480456
697, 190.00787104006747
728, 189.9709033811509
1595, 189.93958239834052
1458, 189.87936688347511
1927, 189.7319106622063
1292, 189.47154063398025
1782, 189.4567705467918
1772, 189.40697177239625
2146, 189.3261945504805
800, 189.3151846833582
31, 189.22450837684974
2430, 189.20695429888465
1992, 189.15961760937233
1018, 189.15301285456945
1563, 189.1525399247935
3037, 189.12579846863284
1387, 189.12071982717617
1353, 189.11613492019885
959, 189.056948450441
568, 189.04606295394132
1905, 189.0343318864287
2854, 189.0046493746511
1327, 188.94486731437735
347, 188.84806564549785
925, 188.80160065222748
897, 188.6962418357969
1297, 188.6563511977421
986, 188.6301992306458
813, 188.56236854460386
1374, 188.5392903141129
701, 188.50492836492717
1388, 188.39553524355034
1357, 188.30888673177265
1486, 188.26697481661205
1323, 188.15346800504946
1391, 188.14004416440346
2202, 188.07809078008862
1415, 188.0771385318488
2169, 188.00014346184034
1291, 187.98420140902533
1554, 187.96400817439903
1021, 187.89153929752675
640, 187.8114510357211
1809, 187.80408943418658
660, 187.72008843036676
1275, 187.71422266181463
2833, 187.71024864192213
1982, 187.69315229043264
720, 187.67146902849368
705, 187.64328314488156
324, 187.63356025394947
2849, 187.5634207870814
2840, 187.54431684137265
374, 187.50604576464224
1789, 187.45189452017985
623, 187.4248777272133
2136, 187.35671827155213
3038, 187.22284561988573
1499, 187.18959848129222
740, 187.1895556130328
2532, 187.1552586699134
2233, 187.1225024333408
1340, 187.11248624973442
2119, 187.10449330332165
1272, 187.07933984167786
1270, 187.06202304443127
750, 186.86643943811202
246, 186.84007839552436
827, 186.83376312951773
828, 186.82331218596022
796, 186.81951272294654
1453, 186.80222597098418
908, 186.79526983515063
792, 186.7514909767396
843, 186.57747797647826
258, 186.49002456129955
1548, 186.41736480515397
2130, 186.2989442501414
2140, 186.24666460965233
962, 186.17459361918657
1524, 186.06510296777296
2183, 186.00174719506578
1535, 185.86824113556304
934, 185.7658572787259
1020, 185.7238787030541
2847, 185.6912828791609
2946, 185.65641927239952
2410, 185.6145977413091
2175, 185.51532596817958
616, 185.42895703072077
1506, 185.40947559983752
1598, 185.38663104422545
692, 185.25435481312147
799, 185.24024029528616
422, 184.86597133291767
2947, 184.79184398302817
1469, 184.78384523933408
1294, 184.6816844388346
2129, 184.65160852271129
1265, 184.48749196800244
350, 184.47359389805976
926, 184.43376489566415
2336, 184.4020802580892
722, 184.39697837658161
801, 184.38478558289924
3448, 184.23252726523572
2375, 184.18921941543624
566, 184.1420109744019
710, 184.1338536174575
930, 184.10079620523769
2377, 184.09519175002413
1009, 184.0690751721154
1318, 184.0266263574153
2373, 184.0181929447152
1819, 183.85402979793224
707, 183.82644594321155
363, 183.82080446195346
2232, 183.7930260612781
967, 183.49643398370463
1921, 183.3944044117534
1836, 183.0655027806012
1779, 183.02394741479023
977, 183.0163055762905
2556, 183.01114756741606
576, 182.92187792165066
238, 182.89596876141397
1786, 182.82812675166014
1329, 182.74946694831903
1949, 182.69089192509728
1365, 182.68994386992506
893, 182.5800353827608
1354, 182.54182851308317
1673, 182.34741042911315
1935, 182.32109269382204
2176, 182.12132384621114
754, 182.11242809744905
834, 182.09310478118044
2222, 182.05384556993994
1930, 182.03747442971937
905, 182.03643733766077
1928, 181.86281832296754
952, 181.80880756944825
824, 181.79989179774594
2826, 181.75583735815658
904, 181.67757059524462
3034, 181.47746652499242
1051, 181.47025593113284
2133, 181.35036788380583
2876, 181.34601917713726
3230, 181.27137696065293
1479, 181.257728255475
241, 181.23974049584416
1808, 181.21274017836197
973, 181.1792184355508
314, 181.0697139021451
1492, 181.06803161663635
352, 180.99621170529397
1022, 180.96258599299375
2950, 180.86775448769228
1620, 180.49150107297416
2247, 180.4188865867232
658, 180.38650470536757
2403, 180.38147293930643
1954, 180.21495887782083
911, 180.21282040671005
810, 180.14043722481264
1900, 180.0695926802276
931, 179.90830740043398
2868, 179.89470853823906
1950, 179.8415397008104
596, 179.77773990295591
1504, 179.73848692273518
342, 179.5227717109034
320, 179.46929380321515
1777, 179.40634270718172
1837, 179.3960320000758
1898, 179.2298672764317
1591, 179.22895103244264
929, 179.18886165461473
2902, 179.15973314052212
33, 179.15351965184087
976, 179.12762609723544
765, 179.11127678736062
899, 179.11122657221114
910, 179.06219727159234
2144, 179.0598737615593
1799, 178.9506072614751
1582, 178.85077762611047
667, 178.8317147931821
831, 178.72591533067774
865, 178.64637749961182
1320, 178.60236415775756
706, 178.56056555048107
1017, 178.55205386405393
729, 178.47599855248095
1282, 178.41404391614316
880, 178.40663790471478
1165, 178.39037223293568
898, 178.36003140446627
618, 178.35609636552783
442, 178.34070747494619
1778, 178.32978243248596
979, 178.20647682244137
1953, 178.17111898233213
994, 178.12656276844874
185, 178.0772374584379
387, 178.05929532272236
2325, 178.0488850005271
1007, 177.9915418570611
2322, 177.8894066534268
1414, 177.7857550076539
873, 177.76186906277422
644, 177.76075241822133
2367, 177.62450781852465
1319, 177.6081294446347
1010, 177.59682693771333
325, 177.56296220472282
807, 177.4393050433175
830, 177.421688917035
2425, 177.29775157010397
2327, 177.28423798747107
2426, 177.25810882465407
702, 177.2073405712597
1332, 177.20732998593735
609, 177.16172722427135
1540, 177.10046341654325
1485, 177.0661018353762
724, 177.03020819343345
270, 177.02377097716203
703, 177.00647934120306
1827, 176.96151365341797
354, 176.77269102729352
1326, 176.6937048220458
1385, 176.62952212909047
1476, 176.62501558200998
1470, 176.57765388444156
633, 176.5742471939302
2880, 176.54892311600474
632, 176.5240859882484
239, 176.5064900552553
875, 176.47830490677504
2370, 176.43715123088526
1351, 176.42758468464584
1932, 176.3842226344687
1093, 176.33194157199256
2874, 176.2921587203291
1394, 176.25100501037664
631, 176.2233928424433
944, 176.20083749691207
1832, 176.10727540866282
2330, 176.0236201972265
269, 175.8414509035759
943, 175.8383293666792
866, 175.79322531272297
3015, 175.78433455089495
2000, 175.71375871295427
1401, 175.6364924623215
1569, 175.49200839195237
982, 175.43402741035186
712, 175.43400029908827
2126, 175.38560711839904
1359, 175.30272501387827
684, 175.2011741985577
624, 175.2011741985577
1362, 175.1426776549327
1834, 175.1414931051176
2436, 175.11272104738075
858, 175.0324243465257
1551, 174.9251318100072
3024, 174.90741625112838
1568, 174.85785841019447
1311, 174.79675535946507
1304, 174.77779866513598
1769, 174.75120889232917
668, 174.69276404728117
604, 174.66804473991442
1483, 174.64751468815945
490, 174.63376101865927
1286, 174.63243184212294
598, 174.62363341428758
2186, 174.6155333524826
1402, 174.6133677400995
1416, 174.60623893059622
1366, 174.54855889253705
1080, 174.5073313447347
990, 174.4908973639173
891, 174.39848929320763
2251, 174.35473598243752
996, 174.32519537218127
954, 174.29586361429878
3012, 174.26636552742113
666, 174.14967975589718
687, 174.09937620746854
2317, 174.0968293512166
1335, 174.0766876078767
958, 174.05839921862255
2156, 173.89436653794223
1325, 173.85967814682314
653, 173.77351614731217
949, 173.7589079808501
2054, 173.74964981086362
1383, 173.7387932859521
819, 173.73769087310902
60, 173.62325645915482
1303, 173.45284476798128
974, 173.42640586109997
1489, 173.4186934907247
595, 173.3312765782479
1619, 173.21678704140237
998, 173.20594621515656
648, 173.20594621515656
1011, 173.14491535309904
3282, 173.05227013041764
2201, 173.01577413779387
1946, 172.90635603694784
2149, 172.80363123677046
1529, 172.7936091656492
2172, 172.7436824408325
1008, 172.71015639548273
305, 172.64361553357486
721, 172.64164865247525
3022, 172.58793183289998
1307, 172.42154903874643
1016, 172.2619146889092
1774, 172.241529652764
1918, 172.19391394886466
1606, 172.16927132594583
620, 172.104884078175
818, 172.06713389028766
1903, 172.06200901831195
1055, 171.8820096434675
1956, 171.85335754307656
245, 171.81739773898087
229, 171.81118282977948
1281, 171.69277210397868
1342, 171.68484153889133
753, 171.51515561866663
2332, 171.46417721520683
1192, 171.4426376755108
1092, 171.35762410885764
2197, 171.34499634984314
829, 171.3202682423155
1937, 171.2141399924901
688, 171.1511474862395
2132, 171.1489035978461
2127, 171.1402016689834
1522, 171.1320063176683
1528, 171.127915157633
1015, 171.1049040699908
1276, 171.07600792075735
2151, 171.03157849357828
1507, 170.9268393972512
327, 170.8237469474868
2834, 170.81255980234369
1305, 170.6195265705904
1341, 170.59535683986888
1948, 170.581933070605
2326, 170.5196518801758
2159, 170.47746686259978
662, 170.27482731003053
3035, 170.2621647306297
271, 170.25588000007747
1833, 170.1988622003937
975, 170.1838684712878
1787, 170.13581708117675
1296, 170.00313292332044
2906, 169.9591994332711
3450, 169.89875346919942
805, 169.81766730696327
339, 169.70511149356625
756, 169.59247593608714
590, 169.56710878306183
2281, 169.52384136179333
1783, 169.48112704542322
1916, 169.47792043476878
1284, 169.41976518575655
888, 169.32080322190083
340, 169.31737418779306
1317, 169.3156785326871
2437, 169.2681051777035
726, 169.2004552608168
1376, 169.14911873616563
1654, 169.0782669602226
2147, 169.0692403417061
2895, 168.93479878832923
1344, 168.93386029943244
1496, 168.90406344105827
1990, 168.84707847355827
1497, 168.75790828379849
1952, 168.69356714898325
361, 168.59887752396597
1922, 168.5590680501661
1896, 168.46018641421347
700, 168.38308539132905
1503, 168.37882508897175
367, 168.34269567831117
1621, 168.24335479649233
2225, 168.13194341169222
2835, 168.11494124291346
1972, 168.105011845736
1482, 167.9445859715425
806, 167.7711566598507
2035, 167.54379006202552
1333, 167.53623688463693
771, 167.49187671581612
751, 167.47948505576107
1386, 167.3863267215533
1407, 167.28545197564705
1399, 167.19211378765
3273, 167.16852717655004
1570, 167.0208740580275
997, 166.96745877765085
1565, 166.940780687573
2328, 166.9097414995371
747, 166.90737384105313
1897, 166.8573498236885
605, 166.84202114067733
715, 166.68631755784128
1044, 166.63264131876406
1793, 166.53667996330137
621, 166.29900926655375
2221, 166.2502221040721
1767, 166.08697896744195
571, 165.93463792057034
349, 165.86354030864624
878, 165.83412989147322
1054, 165.8239794567471
1553, 165.79011260371342
1019, 165.76365102791326
842, 165.7495415325638
2161, 165.72976108702554
1766, 165.72698504903738
1556, 165.72493928346364
968, 165.7120440466356
894, 165.6962229220545
1472, 165.6121057451906
2215, 165.57753868137382
719, 165.52145148720325
1056, 165.45972735271584
1929, 165.36234150887412
2112, 165.33489938260814
2178, 165.08068162970716
812, 164.85160395693006
760, 164.83596965610508
2418, 164.71935517266266
1538, 164.69598565867864
1936, 164.63558748735886
695, 164.60038268338667
890, 164.59100893306152
2250, 164.52025436461173
2374, 164.44007734370678
769, 164.3520880457895
357, 164.32162701043694
317, 164.28495209357396
309, 164.28495209357396
2329, 164.22106364564797
318, 164.2058069493197
947, 164.15736979727134
360, 164.1455538139851
2241, 163.9215202573213
1013, 163.9143968020269
1471, 163.90616961105505
1349, 163.90043057277592
1757, 163.72571396007294
1899, 163.58309303453467
767, 163.5685416227164
1375, 163.31974212753815
1796, 163.26467521732684
1938, 163.25778141191043
3001, 163.13081116560232
366, 163.0394680825703
2932, 162.90114385654576
2843, 162.67079397028826
940, 162.5410796230521
223, 162.2753395010913
2128, 162.07801989903314
1395, 162.03326966009467
345, 162.02559048199205
3013, 161.9741483720482
2883, 161.95790597422595
2893, 161.95486502970923
2174, 161.86848295665817
627, 161.84317654770308
877, 161.82608155811172
739, 161.80909915300973
2420, 161.70874182507401
570, 161.59462049890175
3224, 161.43259068653936
1360, 161.34577197054156
2901, 161.27390236004652
244, 161.16047839718524
2335, 161.11851088508087
2886, 161.09720864953167
811, 161.0344478371157
1805, 160.99666571976982
869, 160.96655631976571
809, 160.94400114042043
2049, 160.9176745334702
187, 160.76017891043864
1363, 160.58778813098996
978, 160.3938275859614
2363, 160.36249535586617
3011, 160.30510102778584
835, 160.2386813083611
1923, 160.07945905130447
2137, 160.0739715952074
1797, 160.01407807175755
1313, 159.88047109223191
2924, 159.64512065457325
2155, 159.55253306625096
1955, 159.5247708802815
1917, 159.41057316516728
3309, 159.38763206829006
2885, 159.3747467757053
2253, 159.37360382525077
1283, 159.30221313904994
1592, 159.14429160736898
1924, 159.05126386473097
1988, 159.00256881790818
1945, 158.92671589288835
2711, 158.91438616115707
587, 158.8755091252072
308, 158.85933028394638
2234, 158.7812161380819
915, 158.65182295384827
1334, 158.6041343304028
2118, 158.46475487577146
2371, 158.35367036302173
3451, 158.27456078669735
348, 158.26749032667047
1338, 158.2461370541103
950, 158.22111782419123
359, 158.15411805129767
3023, 158.1204209584007
322, 158.00052452749816
310, 158.00052452749816
592, 157.9834338845462
3449, 157.9242066848843
2887, 157.90561603028
995, 157.88499386839536
1609, 157.8711131158613
1546, 157.8164447107217
1337, 157.60097252900633
2892, 157.46676207267814
749, 157.4641936672388
49, 157.46269379822616
2182, 157.305487047883
652, 157.29217735128614
355, 157.21838256640433
921, 157.1808301697655
758, 157.1786617278068
1552, 157.1215427686835
2729, 157.08544100479037
833, 156.9383477522366
1933, 156.80211613792486
1816, 156.7905575128598
610, 156.7055378869845
2848, 156.59949470409686
625, 156.51912456782412
2838, 156.2985165565545
1901, 156.1765309901307
1545, 156.15929474540388
2062, 156.08420683209775
2368, 155.86355269053044
1812, 155.6894292777951
1987, 155.62287620463505
2827, 155.3831438548357
2944, 155.28165625369158
622, 155.23963119939643
589, 155.20024666388042
1947, 155.19763185432515
3218, 155.16783445505325
1802, 155.15038990189353
2836, 155.07970693600876
874, 154.89718018854404
1798, 154.78067668602955
2042, 154.77570130836895
941, 154.72033998150619
991, 154.71270536610382
1843, 154.64968837360723
2995, 154.6246886332714
889, 154.59177649963934
1845, 154.38704819860789
578, 154.33894126515733
630, 154.23113599820152
233, 154.14127249296033
224, 154.0903232180419
286, 153.9506343811959
1763, 153.72771252324983
1000, 153.6826598632039
2316, 153.547518652144
1290, 153.5270408452215
1861, 153.3923955850438
1350, 153.38019277596587
1602, 153.36712795806204
951, 153.35881142610717
2001, 153.35739904997004
362, 153.20764555950137
909, 153.05204723079405
1844, 152.81499659425788
343, 152.7491057688556
617, 152.63306378112665
2357, 152.5483910677622
988, 152.4591301274968
1005, 152.3588192327173
2896, 152.1160882128608
25, 151.97247588100018
1310, 151.7612385620903
489, 151.75951794867973
1547, 151.66122245218455
1384, 151.23962541481856
1826, 151.22294915606815
1379, 151.20075543482767
2945, 151.02852339366632
802, 150.98166809080809
1775, 150.87908939032098
2051, 150.87127857641036
841, 150.6620513125503
2894, 150.62543158356766
1541, 150.551170850749
1821, 150.5313314652221
2912, 150.27245840289405
2107, 150.239010863625
2067, 150.00232979735168
1795, 149.9068610042331
226, 149.8629442833272
2855, 149.73268790593718
356, 149.48044791092664
591, 149.39405849771666
341, 148.79892257910262
1842, 148.74765326483953
2890, 148.62100922746686
1762, 148.2412381653643
2402, 148.18400988122866
1012, 148.10950176860345
1526, 148.09978743246202
772, 147.88955853411176
2333, 147.78996245623438
2358, 147.67628223815234
794, 147.5605995825133
1347, 147.24377807474534
2248, 147.054849045432
1373, 146.9609315504985
1355, 146.69539279972508
1784, 146.66019284326538
1931, 146.43494615657443
1532, 145.95956371535968
939, 145.821406315358
2935, 145.7138768370407
2364, 145.5944246740102
1613, 145.4477415651126
1542, 145.32845761267723
1616, 145.03742798039892
2904, 144.8512531262804
3036, 144.72237805225282
2143, 144.6953182142291
1536, 144.65643028889394
1764, 144.41756054304668
1919, 144.39344667719098
2925, 144.2842566664815
628, 144.27359781716353
629, 144.0564929059094
884, 143.99972922625386
3220, 143.88101275833304
1768, 143.79287308994006
2923, 143.6166811506371
344, 143.4076707420854
1274, 143.21123077052184
1781, 143.1279577006682
1190, 142.93747549775293
1765, 142.57012851525485
1048, 141.89161971641457
793, 141.2200884887771
301, 139.18911457677575
316, 138.99867118014583
2072, 138.07131970834968
901, 137.90129479412835
1287, 137.02846715956235
1564, 136.45243933861303
1049, 135.78911542136183
285, 135.74775412210934
1267, 135.73187780872846
3219, 135.4001091703243
2931, 135.3909634622676
1364, 134.82856620822062
3216, 134.2861842121403
1925, 133.7174551246228
3223, 133.43818455146555
393, 133.32177082299864
2871, 132.63562194658087
3221, 131.61930893543763
3222, 131.29390202250744
2084, 131.2442196043657
3217, 130.06657721927277
2940, 129.54747966794508
1863, 129.50595966813952
1050, 128.86043600497499
2929, 128.83398137419448
2922, 128.36241846255263
2928, 128.2863244485167
1358, 126.24326051186394
795, 125.95675814978729
1158, 125.53492866639625
2926, 124.53416602032588
2937, 123.39142554178865
2952, 122.89890270539031
2872, 122.4649386844912
2921, 122.26748081614649
2927, 121.96011573461674
2911, 121.71724276839693
2938, 120.24264776546718
2933, 118.72799771503368
2939, 117.06751338861208
2941, 114.58554359748717
2934, 113.87607563411106
384, 113.05297321503213
390, 112.91099277161877
2954, 112.62566377398164
2957, 110.80995313975666
1534, 110.49344689802615
2073, 109.20370655987956
3412, 107.31842489991544
2943, 106.64715430839999
2955, 106.39478762907528
486, 104.49129459232111
2930, 104.21465866077318
2870, 104.05028688809723
391, 103.59975304550521
2873, 102.78229400507044
403, 102.19634308195292
2942, 100.13289817944957
2865, 99.81963443399309
1064, 97.58792779839017
516, 97.02731080108425
1468, 96.8240929253949
3145, 93.84230013945677
2867, 92.71426026466753
3411, 92.49341328792606
1862, 92.1689389207423
1264, 91.77856889842228
2012, 91.44395614572474
2739, 90.92198901242125
519, 86.12061240660812
1157, 86.08183614454171
493, 85.5095037334995
3121, 83.39817390465232
183, 79.68641895482037
3161, 77.76975652035652
1612, 74.11617058616754
