3329, 5626.287207252438
1960, 5613.684164761476
2727, 5610.241832211288
3301, 4597.251917957003
3193, 4343.149469028229
3361, 4225.070635552341
3180, 4104.619978451771
3260, 3990.4045756027544
2037, 3977.5139799792823
3262, 3797.0856701036623
3100, 3648.1888994064857
2044, 3608.845982514864
1045, 3522.9533728392416
413, 3445.7094227175494
3261, 3420.139704901879
16, 3333.8510331070556
2822, 3208.941889044161
3344, 3204.5179169526427
3251, 3107.758702567108
2455, 3100.259101524533
2506, 3081.9808113969693
3113, 3033.198444594468
2496, 3032.7303892942964
2869, 3030.620724499845
3266, 2998.7650422690967
2460, 2977.5188440622555
3160, 2967.6779276402854
55, 2958.819214299439
2499, 2903.019557806856
3091, 2901.5954086281754
2970, 2892.4546538548852
2760, 2831.0408173404635
472, 2814.139926557649
2675, 2802.740078747926
2687, 2779.9679494574734
2061, 2776.7876819691382
2488, 2771.7555902776135
2440, 2716.7289755587185
3357, 2710.6754550331952
3313, 2678.7307055131037
2519, 2654.7366338404618
3165, 2642.219196998733
1664, 2619.183215526329
2535, 2612.8792776569035
2079, 2606.1761692453515
2464, 2598.044370842098
2581, 2565.9924598302478
2522, 2556.6400243580542
2704, 2550.4394893060935
2662, 2519.664582575216
2684, 2416.7434225120664
3019, 2402.3158420774885
2092, 2391.114832848386
196, 2376.462532946932
15, 2370.258811845433
2629, 2313.8621371214595
2605, 2307.8391432674525
1530, 2299.372239099954
2531, 2294.593517138867
3258, 2270.086296280847
2094, 2263.0875474768463
83, 2261.1038700628874
2498, 2246.9609487771813
3195, 2230.149479872639
2576, 2228.8928375171013
2673, 2226.4540507654524
2617, 2219.980481308782
2625, 2208.945190101624
2661, 2192.413490026858
1557, 2192.0889098745392
2600, 2186.350411149411
38, 2180.7119291038184
2707, 2176.5974908458606
3296, 2175.265076904246
2679, 2147.1879556408403
2474, 2146.3622801588153
2692, 2143.5511940180318
2538, 2129.1773161084293
3253, 2126.2774987323764
2537, 2119.6206935372493
2743, 2117.6487148883266
2623, 2114.3401130340735
2530, 2105.7634471268134
2462, 2097.7239676455997
2598, 2094.4475508924656
1847, 2080.7661744731085
2821, 2076.663332323919
438, 2074.7828477238077
2472, 2048.3392594076763
1652, 2046.2228921424617
2809, 2016.0768468753997
2552, 2006.6974715546742
2714, 2004.3865646547947
3249, 1982.7498889810252
2660, 1978.4450952120787
2510, 1966.0430482969593
2654, 1957.613567166653
2665, 1955.7723485293652
2667, 1950.9663390534272
2477, 1950.017278645862
2479, 1946.9979762111982
2469, 1944.3411238817307
2521, 1932.34564321699
1655, 1919.3960743553253
2511, 1907.5352100292112
2495, 1904.9420586313981
2691, 1902.8379218678733
2695, 1898.2651002589346
2494, 1891.888704773017
2698, 1884.787981238821
337, 1881.6222687496775
2444, 1877.5154492672007
2476, 1870.5059113768946
2484, 1870.3496162055685
2492, 1833.176849017731
405, 1832.0496821462557
252, 1823.7485958280665
2956, 1816.9404126878876
2570, 1795.2393593744655
2475, 1788.5910639757083
2724, 1785.6648534784522
2700, 1784.0390924520964
2528, 1783.3162677642918
2089, 1778.5133455993432
2637, 1774.576642323347
2632, 1749.7300801050665
2565, 1747.2002310279713
2670, 1746.9023731436391
3325, 1745.8941599645307
1751, 1731.8041675428237
2699, 1728.867292996139
2534, 1723.0488842675109
2452, 1717.9093847033034
1109, 1715.2539407651518
2612, 1714.367594897038
78, 1714.3083023062593
2586, 1711.237830977598
3263, 1707.9932027335285
2490, 1697.4855268836172
2664, 1694.6925340282507
2713, 1694.0200882015845
2627, 1689.9252836041808
2453, 1689.1758571875991
138, 1681.2724321704775
2502, 1676.7885246592098
2501, 1676.7885246592098
3021, 1663.1650392617796
1559, 1659.943509887884
1737, 1629.8247939424898
2543, 1622.996494451498
2778, 1619.6995344942638
2631, 1619.64449611524
2616, 1611.1318933686791
1702, 1608.324026297112
2457, 1604.3597849577964
2638, 1594.707804714204
497, 1591.329819589995
2669, 1578.1363464003623
195, 1577.2007909201063
1750, 1564.048477919648
2609, 1558.0625170605997
3033, 1554.647396691264
2542, 1545.4761522743304
3094, 1531.9886243737772
3005, 1524.0037173544506
2074, 1522.7872269879292
2504, 1520.030149342305
2478, 1518.9105270685338
474, 1518.781864018262
394, 1513.2683737949658
2591, 1507.2962170245592
3008, 1504.5943075296286
2626, 1503.7087344228607
3007, 1503.09035513674
1636, 1499.9371040330054
2585, 1491.64044644976
2706, 1486.4727548981175
2087, 1485.6723670827546
2702, 1481.5611527984042
2655, 1480.7132104904238
1635, 1480.2818394690264
2405, 1477.4481318515677
17, 1476.7663917715313
2448, 1476.4833215443502
2313, 1471.135992297235
2659, 1471.0114943570798
3254, 1465.6033896070294
2866, 1458.9514832196037
1114, 1458.5963748448405
2674, 1458.106576397079
2644, 1457.1308207703364
2397, 1447.7614223193511
2456, 1445.0892156019584
149, 1440.2345010416439
2614, 1439.9105626168553
2678, 1437.2777140139008
2554, 1436.707257269029
2980, 1434.3816977500392
2082, 1432.3884969736728
3250, 1432.1267563341635
2560, 1430.5691594592615
2544, 1426.3497458545748
2603, 1424.3604653660536
2529, 1421.3379597129262
2726, 1418.9970580946729
1649, 1413.5919605240676
2459, 1406.2672536467117
3311, 1403.811194848656
2648, 1400.1494870712454
2597, 1391.9905760075862
1941, 1386.31481151071
2564, 1380.9830986877664
1560, 1378.1099104394993
1704, 1375.1678408659309
2619, 1366.8595201225532
1727, 1362.0260507827625
277, 1353.102904223922
1648, 1347.4926720271228
2461, 1347.2062984142256
2577, 1345.4661248136754
2349, 1342.1733850628752
1967, 1339.4015184376842
2595, 1338.094274127816
508, 1336.5917706165835
2341, 1332.9639060579916
2693, 1328.6593731354226
2628, 1326.068603106871
2663, 1320.7903052105476
2467, 1319.2962300799356
1674, 1318.2130095335035
2567, 1315.0364892065322
2486, 1307.8373794121962
2573, 1298.495297668112
2284, 1294.3503166830894
2282, 1293.8019897456509
2449, 1293.7265519952464
2575, 1292.8126954718769
2342, 1291.4229134341529
212, 1287.0038100002453
2264, 1286.166203322162
3136, 1285.996874929757
2689, 1280.5552849966625
2346, 1275.128256500015
3365, 1273.8952898082741
2345, 1273.3904444509185
2485, 1271.7629054890936
2676, 1266.4487567802375
290, 1259.0013349489816
1679, 1258.6301033046216
2466, 1258.428057133907
1696, 1252.848906705371
2541, 1252.5322774929807
3288, 1251.8391637986736
1691, 1249.1119300652958
3442, 1248.560851678311
1052, 1247.4904883158945
3358, 1246.9320021032931
2493, 1244.9187109697998
1749, 1243.14035086566
2482, 1242.0573182435448
2633, 1239.89363204126
2299, 1236.98051403493
2568, 1235.9494070098413
2480, 1235.3657633260993
1969, 1233.743363830875
2509, 1232.6122234933468
2685, 1230.4523150691755
80, 1222.812132385871
1745, 1219.8797145885544
3201, 1217.442844168552
3295, 1217.0693446301082
2443, 1216.0445839611918
2634, 1210.6219557831496
2580, 1208.2023898848959
218, 1204.8155457562
81, 1201.2151630130925
14, 1201.048209241223
2604, 1192.5406858418546
2557, 1187.0844470237994
2635, 1185.3401599862084
3362, 1177.7836418907114
1728, 1167.7210628753546
2697, 1166.3365924128384
2523, 1164.1376187744045
3112, 1163.4950401103738
2527, 1163.4499726682052
1650, 1162.5634956052397
3307, 1158.6436968663772
2047, 1157.6540759349014
3323, 1157.3685377163006
2680, 1156.5196929522785
1639, 1156.2118891276366
2642, 1155.9629995864789
1047, 1153.316039106208
2226, 1149.6717258533288
3097, 1146.4802317223453
2606, 1146.3146734410152
2445, 1141.9685259536632
2618, 1141.6125268715202
2589, 1141.3560323050708
1657, 1140.7245276625158
2701, 1138.9003831542202
1681, 1137.682832185241
287, 1134.8576796603547
3265, 1133.409464445712
20, 1129.6648931423967
2563, 1129.1848330527919
3231, 1128.7815550099888
2185, 1127.9073051759126
1697, 1126.5427545066057
2909, 1126.3504568792148
1734, 1124.420228017996
2545, 1122.0064779043018
2608, 1121.799866100072
2401, 1117.9766349313124
2167, 1117.9054091698767
1633, 1116.318092873405
2235, 1113.405726696704
2738, 1112.1577082399424
2447, 1108.9944195744592
43, 1106.485595519165
2249, 1104.3745997377723
388, 1102.1184929322555
2465, 1101.557306727422
2481, 1101.2994134626663
2451, 1098.1457087826461
2602, 1097.8526967300731
3345, 1097.6344018891928
1046, 1094.0736316010757
1706, 1092.6400150431932
2139, 1091.9670278551855
1300, 1091.0201219857347
3360, 1086.1755272655694
2533, 1084.430196768146
2184, 1081.561700167801
2177, 1081.0023729073396
1699, 1080.2042639873039
3316, 1079.8664842637347
1671, 1079.1380051786564
2588, 1077.3278537539231
396, 1076.516640224882
2458, 1076.2128216091796
1873, 1075.712459081544
2592, 1072.165233503756
2339, 1071.748786944188
647, 1071.4712885445404
2463, 1070.5308130315889
3099, 1069.2033386596074
127, 1068.3915385924256
1724, 1067.7116814195417
2487, 1066.8408765085464
1637, 1064.6759805244353
2959, 1062.531137338947
2643, 1059.420762385935
2728, 1058.9859813510484
2239, 1057.6847467143602
2599, 1055.5328294525732
1891, 1049.8394612569496
2489, 1047.7909645320153
1668, 1046.6999155850626
2572, 1046.5303046053002
1743, 1041.0878321938067
1645, 1038.0188394517236
1700, 1037.969583272666
2081, 1036.1064986719496
1741, 1035.7233637992463
386, 1035.0773413974648
2512, 1022.1625561434842
2601, 1021.2694489081761
2683, 1018.1237086336104
2111, 1016.6974613694754
2096, 1016.6974613694754
3383, 1011.3501490720591
1730, 1011.1494906231701
2656, 1010.2493914809166
137, 1009.7895344972185
3111, 1009.6738797527722
1754, 1005.008974741199
2681, 1004.3368556192567
2658, 1004.0439041479495
21, 1003.5124797622348
3347, 1003.4566685563613
2204, 1000.681809345794
1028, 999.2575949008489
2646, 998.7378079403983
2649, 995.3966135848844
2525, 992.5830959577156
1670, 991.5976039412784
1684, 991.1096952433849
3207, 989.7744102824529
2636, 989.4510296096261
1659, 987.9590647827349
3326, 987.5965131698218
3306, 982.7058783587528
2520, 982.266296279036
3232, 982.2088824277363
1463, 982.0521790747912
2516, 977.5232022972416
2613, 974.9316382675096
2540, 973.9433422367038
2593, 973.8707161796813
1672, 970.5933229295446
436, 969.9351696953197
2657, 968.0340405563932
1701, 966.2779810929627
3252, 961.8612873547432
1759, 960.0590675056675
2584, 959.275877851736
2611, 958.1635865389507
36, 956.1457234499769
3080, 955.0058862346494
2283, 954.6592521887991
2561, 953.1670400045433
50, 952.8690384426001
3391, 951.2191083760578
2446, 949.7273165125866
395, 949.5165461326222
3130, 948.3192969765113
2052, 946.9129344269127
1629, 946.7079149874753
2708, 944.0926700931142
681, 943.8455303985928
2077, 942.4527619604245
1733, 942.1760482605422
54, 941.7481308917409
2639, 938.9951148081948
2212, 938.3948493115199
1735, 938.0746333751449
3308, 936.8305339834761
3020, 935.9219170340535
2574, 933.7173907651807
1748, 932.69608029279
1631, 932.4698454311001
254, 931.687223358071
2652, 930.007606662996
1744, 929.7412265356344
3279, 924.9402929579476
2057, 924.84300949137
3066, 922.1641963924328
2102, 916.1008765871982
2621, 915.8961442855284
1665, 914.1800395380807
2712, 910.3767219738966
199, 909.8584878321135
2582, 909.2753645662538
2814, 908.6458669651796
2031, 908.5040866786557
1965, 907.551677430243
626, 907.0866054354211
2745, 906.3979558760602
18, 906.0771503126446
2590, 905.2959279367238
19, 904.884187378384
2090, 904.261675994577
276, 901.7880536167602
400, 901.198955925799
2383, 899.1019436445879
2668, 898.8170062123576
2720, 898.3606038138727
2571, 897.8834101373437
2390, 892.5891037143557
2555, 889.3384243578469
2710, 888.0930010189904
2756, 887.4034144850499
3225, 884.2908316109745
1710, 884.1444325488217
1716, 883.9752286981936
2686, 883.5554951670274
3299, 883.3882327482701
3129, 883.0540518185427
2641, 882.4256086744165
957, 880.1952606585617
2650, 878.6228113676787
2179, 878.1424733336659
1869, 876.7777678960325
3177, 876.4981317398122
2624, 875.7859733113852
1892, 874.9300065412582
3090, 871.3746287309071
3318, 871.309039836526
965, 870.4427225680091
2653, 866.6475959176406
1721, 862.8615434789502
1712, 861.4627756826143
2779, 858.4518553304292
3255, 858.227750634912
1966, 857.2402128939478
2785, 852.3628326805069
156, 851.1405894827246
2468, 850.221929665119
2694, 846.5727920986014
3063, 844.5414432208291
3290, 843.4793940062281
2473, 842.4048240873869
2781, 841.1033797880187
2526, 837.7507237660507
1628, 837.1912970797431
2340, 836.0082761681514
2289, 835.5062625973063
2293, 834.9176025175176
3415, 832.5562527371201
1626, 831.6847243588315
216, 830.2976831747612
385, 829.8226098056795
409, 829.5358704931442
3324, 828.0229651483021
250, 827.5271017838135
561, 827.3047941262481
2497, 824.781659810421
3168, 822.001503052595
3105, 820.4306069787784
214, 819.1425561750735
1053, 817.4514434657005
411, 816.0017653620088
3446, 815.8080572247735
2536, 815.5430136310904
2914, 814.5500634189864
1752, 814.2955457180881
1692, 814.2575615782016
2017, 813.842151613867
3239, 812.4372526627536
3187, 811.9241852319872
2620, 810.5061839993757
2558, 809.3796002090264
2441, 808.1341456098957
1715, 804.0345578072119
291, 803.9811718073266
3123, 803.4930606519323
3041, 803.2529130058608
3444, 800.4512740041082
1103, 800.0871359181394
1703, 800.0860878091277
1537, 800.0620716268213
1630, 797.3753496614588
2690, 796.4148358141313
278, 795.4454173957766
2450, 795.4113562817347
1755, 794.2859166082027
3264, 793.5321918726231
2539, 793.4520512600532
3248, 792.2128767851036
2101, 789.4365678749591
2812, 787.8851762743925
2004, 786.775591667656
404, 786.1496933715412
412, 784.1724407011924
1643, 777.8228301424954
3352, 777.0732544397929
2640, 774.1918460064907
3150, 773.5327253221368
2782, 772.0583082653528
2596, 771.4201046757156
734, 771.2046779297904
1968, 769.5251452684105
2514, 769.4137927841657
2030, 769.2809567431128
1520, 767.1347809072038
399, 765.9046746355733
517, 765.5421733411864
2677, 763.8970769111255
863, 763.2502742316515
1118, 760.7204166211326
2758, 760.3901479998032
2562, 760.0751497567367
1871, 759.7523066689831
1682, 758.6353208724616
3183, 758.0356322244652
699, 757.3763405050943
757, 757.3441521971563
398, 753.2606793487136
2098, 752.9203895948671
145, 752.7314571384567
2553, 752.1169944377518
1644, 749.3280134206981
3146, 747.643578477335
634, 747.6172458824378
460, 747.2556468106197
1726, 746.3406602990666
58, 745.3022750826414
2524, 744.3660549841989
2696, 742.4187564682258
1642, 740.7626737098973
2755, 740.5931861714384
3082, 740.2159375638086
150, 740.1603662394931
1894, 740.0533744958924
518, 739.0481663034305
3184, 739.0340703809624
1714, 737.2025018016736
1705, 735.8494572008204
1858, 735.5492622975555
2709, 735.2387844839102
732, 734.5426258057889
2607, 733.2274806665405
2788, 731.5480851017676
2393, 730.1976348966253
1739, 729.1987667006921
265, 728.7037468093683
2780, 728.0303619414824
551, 726.7836201914316
87, 725.8820889691228
1731, 725.4107901947322
2152, 724.92524453865
2610, 722.2355387660041
455, 721.8103253533399
3343, 721.6742854270212
3162, 721.5425018549541
2705, 721.4183865115027
2066, 720.5169496026806
2244, 718.9010360641756
1971, 718.7814658509221
2559, 718.2824291870523
513, 717.9071362336992
2587, 717.7085194624868
1868, 715.0319610971106
2853, 712.5060181298936
2647, 712.4745658498979
2615, 712.4387319050004
2917, 712.027002434088
302, 711.3106618224165
2816, 710.6744558859748
3314, 709.327636337173
2784, 707.1981169798775
733, 706.6245491885007
88, 705.8593187185617
2021, 705.6103290761973
2671, 703.8003777427432
2060, 703.0209763912219
966, 700.4668850008629
84, 700.28452186665
219, 699.6330466690296
1740, 698.7679813807335
2703, 695.3689949909827
2305, 694.1411713392691
1106, 693.9748725876608
1057, 687.7149045500474
3120, 686.6824804307862
1717, 685.6756838117025
2353, 685.3328227287784
1698, 684.5926682491626
2823, 683.5590113524202
512, 683.5306570864813
643, 682.3969510194787
3354, 682.167397366822
859, 681.5468914465887
1558, 681.5201007364844
3238, 680.4576092512115
1756, 680.3219909713424
2038, 680.2869372252422
22, 680.0071308637353
1875, 679.9781034986368
838, 679.7824477960761
1104, 679.1518966684426
2039, 678.1841779458591
2442, 677.7613677369952
2864, 677.0563257642534
2721, 675.6671476620471
2824, 675.376386901008
2471, 673.7787608681525
2008, 671.0099902179662
42, 670.4018455165066
2566, 669.2432342072736
3147, 668.2869128325581
2742, 668.1452354335515
2579, 662.1006275441516
1231, 661.0490425313029
375, 658.4944909954695
2517, 658.4639514634234
663, 657.2538518725232
1647, 656.5809653861064
2688, 653.8626082015671
3443, 653.788960205243
2645, 652.9585511709578
3134, 651.5978723039664
2508, 650.650350313117
3359, 650.2192184546554
1232, 649.5965506308119
491, 649.2900915155465
1695, 648.6834505268603
3284, 647.2006958080016
1879, 646.5797989115385
1641, 646.0374471500385
3294, 645.5065228175878
2491, 644.9531569935901
1258, 644.9435687145875
748, 644.5892921692531
2948, 641.3567677478114
1874, 640.494735739446
2594, 639.1091171315686
679, 636.1460898100534
655, 635.633362710458
649, 634.820553523351
3200, 634.7493148258737
3312, 634.147112083857
1729, 633.8039057873048
2287, 631.1420943548666
281, 630.571346111006
2338, 630.5305065593607
298, 629.9022860770499
2500, 629.6200375586478
439, 628.5857938787644
2240, 627.3835620178855
3289, 626.9869033291279
3186, 625.5618375355082
2505, 622.304899572588
473, 622.2120843407107
280, 621.6051320676034
2666, 621.4545629296125
3438, 620.9819956519124
3304, 620.5460265255801
1625, 618.7703624870239
3206, 618.2954188444253
3243, 617.1210146924279
2002, 616.7499358809471
73, 615.9634055252654
613, 615.6680306158571
1627, 615.3601170118948
2104, 615.0812646901779
2583, 613.9176087815273
3197, 613.1330071878771
1185, 611.4761350517703
2040, 610.5970217540238
1238, 609.8484630522621
1877, 609.776125086727
427, 609.5255146343563
3095, 609.0437825923752
1708, 608.8453887659302
3380, 608.3289792089793
500, 607.7920125037381
2203, 605.5849242262805
2454, 605.3699370056897
2793, 603.9428542215445
3085, 602.5378089560252
2258, 602.3308855837996
3211, 602.2817969762264
1439, 600.4414778757401
465, 599.804647448941
3327, 599.1770257714778
2651, 599.1198232567815
3062, 598.7947955495239
3101, 598.7595098329981
3039, 597.8526008741471
1722, 597.6836461591191
3059, 597.5760358970756
408, 597.0887118746286
3143, 596.6092286802657
2003, 596.3187695140598
563, 595.7871847640212
2217, 594.9753772011692
237, 594.6734642414943
3433, 593.5621966277491
1725, 593.3054664490911
3170, 593.026382510737
3144, 592.9470849653989
2513, 592.6418114006904
3237, 592.1110667325373
282, 591.7311838869708
1718, 591.6131908563045
3163, 591.6092722937258
1747, 591.3383942786505
3194, 591.0760359290008
141, 590.8431670993386
3040, 589.7622967506837
1685, 587.8754664943496
580, 587.8126000110452
3204, 586.6357978026082
1646, 585.9166245588472
3092, 585.2388231275216
2808, 585.2086599585474
2789, 584.338855950178
3305, 584.2340984158949
57, 584.0016857515001
3384, 583.2509939690804
2916, 582.8515897355408
2064, 582.8169817104028
654, 582.4616968690841
134, 582.1472297814217
678, 581.9355437681384
1171, 581.6163550396587
3350, 581.0408951983906
3432, 580.2351743279663
300, 579.4414673287728
379, 579.0212984398543
2503, 579.0182799874987
2048, 578.9521277697595
3278, 578.7809235529612
1122, 577.0246262446209
35, 576.4706178041071
2288, 576.273822312986
294, 575.6614446254042
1121, 574.7627390769125
1878, 573.7027915357106
3241, 573.0528778607822
651, 572.815164879029
956, 572.7152957137449
1024, 572.2692058223969
2280, 572.1338555128646
1687, 571.3586680101095
2736, 570.1149371852196
1738, 569.601193693956
3336, 567.8376808559973
3133, 567.3685581791206
2951, 567.2663025059173
1746, 567.2456524209618
1669, 566.7561175141537
2515, 566.7479440016245
2404, 566.466849916972
2046, 566.2878408298707
895, 566.1183248764985
85, 565.9240985503995
2379, 565.4544789766438
680, 565.3284052161588
1677, 563.8529820010975
1970, 562.2183135032053
2106, 561.5134057005421
2630, 561.0517081471255
225, 559.331879493348
445, 558.6063324132132
1002, 557.7607995988185
509, 555.3159936875628
885, 554.6706825357043
2058, 554.1101491386778
555, 553.3413037624777
1742, 552.4557635129974
228, 552.3273848911537
3246, 552.2507773005068
3413, 551.8695145084315
59, 551.1202203217822
1084, 551.0743996576479
2483, 549.3085918840889
2108, 548.7092020575744
2036, 548.3607980614719
2732, 546.6991182914986
3346, 546.5702834320019
1720, 546.0930848998979
3171, 545.7693756402696
3178, 545.6850300398954
165, 544.5974412235512
2385, 544.4443726618076
3192, 543.6499012095015
376, 543.4366538658152
1244, 543.4350827088546
3439, 542.4962032994829
2741, 541.6104687261525
2682, 541.0596651715321
611, 540.1780822196392
381, 539.5065956279518
2811, 538.0060374520741
2005, 537.6850085397825
2314, 537.1439038875741
3274, 536.7964749534369
2749, 536.3191400625818
2795, 536.2870557429807
275, 533.8461418311332
1033, 532.8290777128923
198, 532.3279635105112
3199, 532.0268518518732
86, 531.545334356833
2391, 529.887817608644
670, 529.0569690283951
194, 528.7864568969596
3050, 527.8831746504236
44, 527.3314733401212
2093, 526.7309518994282
2238, 525.5407288294452
2810, 524.2064290323616
2034, 523.1516392197009
424, 522.6151457407974
3315, 522.5828494657311
77, 522.3187984500576
1666, 521.4730403632149
1519, 521.4351414931114
2343, 520.9213713795301
406, 520.3914979159196
3084, 520.3472191912089
881, 518.9067578377056
1913, 516.2671665569904
140, 515.623739482728
326, 515.621703338324
447, 515.5186419906609
389, 514.4725824005286
266, 514.1723180519025
2470, 513.7712060383528
2041, 513.5866347070911
3151, 512.6704488681031
1243, 511.8823039132681
515, 511.7690652010364
3051, 511.4506134075436
1707, 510.9183165740894
47, 510.1717372199061
255, 510.1317340318376
82, 509.6531276765167
1164, 509.6080358973655
143, 508.90862740281324
222, 507.54968595997667
2578, 507.40729953787957
562, 505.90167168369624
685, 504.82013389821503
1249, 504.79139982723564
2043, 504.7501878056279
3259, 504.41986124808403
1102, 504.3701198521618
3071, 504.1745254204114
3213, 503.5012080567501
3079, 502.7143147259108
3083, 502.0758635459009
3363, 501.566263843821
1680, 501.42912551237424
816, 501.0832958930102
1771, 499.6471289675645
607, 499.1918711290461
56, 498.79649078993253
3287, 498.28852804992334
1732, 497.6342775046741
3435, 497.1708280917375
507, 496.94475618132776
2723, 496.8212705078286
74, 496.4008390900201
3176, 495.8610062925858
2981, 495.54251941936275
2025, 495.43087180118795
1993, 493.79569901335276
148, 493.69743784849777
2286, 491.30992173564067
217, 491.0292468714658
1854, 490.23926021813287
1686, 488.5984747054594
34, 488.4635650327966
274, 488.311460002252
2294, 487.691044192813
3209, 487.31485372889415
1205, 486.5506445120762
2768, 483.8827054735707
452, 482.5465557863672
191, 481.8855139045272
2549, 480.9044544805779
3240, 479.6859371444814
1381, 479.1940067729911
1235, 478.7658617473554
2063, 478.61755034242736
3297, 478.58392915043396
495, 477.7062547369388
1859, 477.3433572209004
3293, 476.3916188542493
1162, 476.2492334974821
1914, 475.6656340292545
402, 474.2615622366762
1087, 473.27760953087557
1237, 473.0978059818641
862, 472.4717603114137
676, 472.33394266977194
2020, 472.0454746953394
2725, 471.7821049007489
608, 471.53159592767
2307, 471.30113818358274
468, 471.07431175883
2085, 470.76564938827534
1100, 470.7291580578399
2218, 470.7152824921964
1910, 470.61082464421014
3242, 470.2482313481731
2546, 469.45749773797223
2272, 469.4135997554811
2045, 469.337519982609
461, 469.3281817399444
1870, 468.72626619344595
1880, 468.668290756626
1461, 467.16178170933927
588, 467.04221015875174
861, 466.42782132241143
288, 466.33206139628106
1853, 466.0044522137269
1159, 466.00383929589805
1675, 465.93514712884763
52, 465.84842701337107
206, 464.42130232621554
2751, 463.89917903030795
913, 461.71202789601904
189, 461.00675775232133
1105, 460.90673161140467
650, 460.78000666652423
3159, 460.35845649583223
372, 460.12637648236586
2988, 460.0881645823066
1221, 458.96476124703423
425, 458.86665768939173
48, 458.73118253181144
479, 458.7121398688948
2622, 458.54208625318347
2920, 457.7497742658444
3348, 457.4863102600254
126, 457.2468786077922
540, 457.1115277983126
2802, 457.0947609696973
906, 456.73324483208364
2722, 456.58528575504096
1082, 456.1737093269679
3292, 455.9032189351929
2773, 455.51920781920126
2569, 455.0024901646994
2013, 455.00114630775835
2718, 454.95024789822077
3440, 453.8962994365167
3245, 453.4669825503667
459, 451.93549666765716
3093, 451.88476019806626
433, 451.4995293148043
738, 449.81164850849507
3276, 449.18007059091616
3042, 448.44688267800615
470, 447.64436431704223
3256, 446.7167800440665
1443, 446.35316036583947
2076, 446.33289183346017
2507, 446.19103657869005
203, 445.6161469002417
1611, 445.46325724621903
1058, 445.4115501967102
480, 445.16556556512285
3283, 444.7047376168911
2259, 444.4979345683097
193, 444.3107385483492
1850, 444.0174908518869
1893, 443.80823082135043
3098, 443.70720524381477
1587, 443.66145965863734
3057, 443.5214741678813
415, 443.4692482487193
2027, 443.4231823462128
1515, 442.9968789768343
2291, 442.8020583349729
485, 442.45710142701967
484, 442.3447717765959
3110, 441.9710578772877
2776, 441.7325775896078
2257, 441.7308160314267
2748, 441.7081092469069
147, 441.6245419608704
1770, 440.5041693106312
3208, 440.42583998179344
1077, 439.85907649374275
335, 439.37766330403684
3244, 439.21859504318155
2224, 439.00977235079307
435, 439.00893716327215
2078, 438.66776605625955
1434, 438.32879304146695
1433, 438.32879304146695
2419, 437.8378227163666
1256, 437.80984046877785
401, 437.6611005779275
51, 437.3073774616348
521, 437.2311166158011
2672, 436.31981195771004
3226, 434.5690944093728
440, 434.27868994305453
63, 434.10974441932314
2744, 433.46581402512504
173, 433.387043260852
3300, 433.2777612962147
407, 433.0207121732254
3185, 432.91414386964567
3173, 432.6405931738656
2825, 432.15684512115666
328, 431.24688646968883
583, 431.24680862975464
496, 430.21733472023374
2767, 430.2051719361968
1029, 429.59127728137685
2820, 429.4951787362938
3056, 428.9671849642694
2032, 428.6439437522121
2817, 428.4650272468706
534, 427.97072995599376
2029, 426.33194548177846
731, 425.11456150173797
449, 425.06222805594444
2734, 424.9999586847459
548, 424.0380760281964
204, 422.65699412923794
2910, 422.3343789499908
1111, 422.2942392542894
488, 422.20029162708664
2109, 421.9999223579127
2759, 421.991037838136
2863, 421.4632018164948
2091, 421.15970898624255
79, 420.64142169278387
1204, 420.4199120278709
466, 420.25962095630945
3386, 420.0477533310796
1758, 419.7563184357522
464, 419.6750941038353
451, 419.5338513992921
3298, 419.527967674969
3424, 418.5791246634662
2296, 418.3728543265783
2019, 418.1731346655743
3190, 418.09227221519427
2083, 417.8841315849058
3281, 417.44272899626014
3214, 417.23418626810604
3175, 416.96633539233596
544, 416.52082723217245
299, 416.3967737450618
3285, 415.0712677933842
130, 414.9915335739306
2965, 414.96762893599464
2026, 414.4457216979802
2757, 414.3442860178766
1098, 414.25273727949434
477, 414.0589534669153
3128, 414.02855497979004
3447, 413.591704862281
75, 413.12464558681364
3006, 412.88173657704806
1516, 411.6601028553138
1063, 411.227318306788
677, 411.05390451966326
365, 410.52140975034325
2774, 409.93202360739866
1517, 407.9977459906206
1690, 407.70235056542276
3174, 407.0965385491852
3434, 406.9730742793526
297, 406.2040092959804
331, 405.9813713749058
2766, 405.7875330579222
2518, 405.48590003796147
111, 405.4689093377856
2987, 404.9735259913936
208, 403.8763300029145
441, 403.7814682528587
1259, 402.9255221239581
2786, 402.55035074210144
2381, 402.22099522526383
1991, 401.7846114447232
475, 401.7340892878166
3212, 401.43458449141144
467, 401.2199624766425
471, 401.0063112854163
2263, 399.9466887803979
3182, 399.89721385044083
168, 399.8474470977895
1502, 399.4494447177103
864, 399.26953388108217
272, 399.1947979936396
3257, 399.0691663311233
142, 398.75893244786175
3149, 398.4122523424341
380, 398.21637787744527
2790, 398.21481245458625
3404, 397.50555730822117
773, 396.7776757933419
3445, 396.70196897099527
1997, 396.67788819110075
546, 396.6679511653928
2016, 396.48012283910623
1513, 396.3526535638874
3172, 396.21114365248104
129, 395.7057917595148
914, 395.6146675751039
2011, 395.52697764274006
1172, 395.29388400286007
292, 395.1368315889026
273, 394.93857297497124
1980, 394.6849740196404
1142, 394.53960821160064
478, 394.469235808075
2024, 394.0866396317396
1995, 394.033151840936
3202, 393.59973554838837
1604, 393.1962783826294
37, 393.12952432417535
1912, 392.9591182510534
184, 392.8227345300627
2389, 392.42770073557324
1459, 392.06853761295616
3203, 391.78746575559535
3032, 391.5824373958386
3065, 390.8583733709445
1140, 390.85102648744777
832, 390.81904963607093
392, 390.73813448276564
2278, 390.5791832800208
3205, 389.8416734257164
1466, 389.6686284174992
2300, 389.4975876899247
2103, 388.0567653006635
2059, 387.48070924267284
2416, 386.95173819213716
2075, 385.9146606724798
46, 385.7818742827516
332, 384.5828579566375
3189, 384.5768987915319
3010, 383.95046532892724
1963, 383.4608451860176
330, 383.03134083286625
3210, 382.8682421718373
669, 382.34112779612303
642, 382.1834164058463
303, 382.07402317006233
2006, 381.913538693692
3426, 381.89995200112025
483, 381.63121088961503
152, 381.5636103301211
1076, 381.1810967891271
3169, 381.1810168343276
410, 380.53456651422357
2261, 380.4626298159543
2354, 380.4441742670506
1233, 380.22728643328156
378, 380.20217894931807
1252, 380.2007074823191
453, 379.8149910445927
1432, 379.7005062555873
2764, 379.4260577218087
1851, 379.03978145116946
2532, 379.03635771792295
2746, 378.88644785513327
1090, 378.6179926659764
1975, 378.23989559591985
3167, 377.71476939463093
329, 377.69577516686536
1032, 377.01805685292317
2963, 376.8096668820201
220, 376.09268581885806
852, 375.8469666463065
2772, 375.6617661639821
3389, 375.27369884233394
2989, 375.25949085883013
1848, 374.8964632066184
428, 374.56658951135955
2737, 374.2630152089718
2086, 374.1721506504856
213, 373.99695716346673
2210, 373.5435061522978
333, 373.2677043806202
1535, 372.1693011733287
3403, 372.09254045084356
3142, 371.84686902552215
437, 371.39678973329075
2088, 371.16032909155456
1581, 371.1102045060059
2018, 370.76029718947046
175, 370.59026236253976
2285, 370.42695509535196
860, 369.04082665795164
2807, 368.82802281343425
1215, 368.52485590171625
2070, 368.2953554580641
2964, 368.19858835531466
1081, 367.87712083817604
3409, 367.8565990945492
1260, 367.25487282156956
2306, 367.0720654694188
1456, 366.1631345014092
3341, 366.15360163851
3379, 366.0290371810859
295, 364.7745186815788
3191, 364.1903200798599
3069, 364.15052943548915
494, 363.86179439748497
1521, 363.73448131065675
2050, 363.70613035780565
3275, 363.58897349579615
501, 362.97810535466846
444, 362.89596693861637
2740, 362.59856256719263
2055, 362.2098679814275
2556, 361.57868796991846
180, 361.5424496306246
1994, 361.3543696018192
334, 361.2790031198673
1026, 361.0303651257956
557, 360.6538411370356
2415, 360.63314455324297
202, 360.57733116145056
1071, 360.52131261370323
1533, 360.48803925065977
456, 360.48199128919754
2791, 360.29927709020114
3054, 360.28802887295865
158, 360.15270729234385
136, 360.0526653482662
2424, 359.9500972962783
1583, 359.89871562203325
200, 359.6705325935406
2348, 359.66535647271627
293, 358.56960120390187
3401, 358.3864073791261
284, 357.9547704800636
482, 357.93168168856073
539, 357.2927352163405
3302, 357.1777726111885
2015, 357.1002092102718
1228, 356.880944589316
2265, 356.3889780953653
1051, 356.08081970853283
1585, 355.8897021738661
2298, 355.83851857207793
2308, 355.8142141504346
2394, 355.5659252712978
1177, 355.1580400604468
170, 354.82834020149414
1184, 354.7438823068413
3114, 354.73960213737274
123, 354.6241879612757
1964, 353.7865559619544
1239, 353.64422482803064
3388, 353.6281706341394
2735, 353.2425629440053
3135, 352.767933487166
100, 352.5552825295777
221, 352.41182267361506
2777, 352.24642392714134
2274, 352.2093170607719
3179, 351.75052196538877
1072, 351.0909140174758
3107, 351.0425386257003
2022, 350.91631869342297
1234, 350.32750199222426
207, 350.0536930136941
554, 350.0180038803684
2053, 349.8777152159373
3148, 349.0223990281509
458, 348.95503476665976
1075, 348.79861476215314
2961, 348.3224433339989
2986, 348.2715403216729
3419, 348.12487505468454
98, 347.9071632293239
2252, 347.8317985878468
671, 347.7704028590475
1173, 347.360783233669
1132, 346.85674069479006
2868, 346.6824420184799
2352, 346.67610241284166
503, 346.4040522707051
1610, 346.36770779486557
3046, 345.65107421909386
1110, 345.53826711326474
1086, 345.2763095977174
1603, 345.1945249118644
3118, 344.8721778017652
3385, 344.81971935666985
1624, 344.66701028337343
457, 344.47896394616515
33, 344.4310402992222
1448, 344.0708126948371
368, 343.460841672704
3247, 343.2601199076806
1584, 343.16673617989886
185, 343.1585997465171
3437, 343.09653073821585
442, 343.06460013681664
39, 342.8368268069547
2302, 342.45261349132164
1165, 342.4355107255513
40, 342.39847434009965
296, 342.3879215423786
1143, 342.3798002548666
3077, 342.19193417659216
1161, 342.06269205505527
263, 341.9034099240117
3155, 341.6777379663641
387, 341.53468624355367
188, 341.4624542330866
1040, 341.29659493527294
169, 340.9157884271074
2962, 339.80940283895825
211, 339.6014684004349
2267, 339.51356245713555
124, 339.32335603527616
251, 339.21310061213893
2277, 339.1919155852696
1230, 339.0432126099018
2792, 339.00180920087917
1126, 338.94456169157957
3055, 338.52223540581895
2099, 338.5109985158616
3089, 338.41118566766795
3370, 338.3500517042361
3070, 338.12228745859346
146, 337.4748584822464
3303, 337.08504263103583
535, 336.8586120035039
432, 336.6661951557295
1093, 336.5846943052523
505, 336.48866700802785
41, 336.4048407401143
1911, 336.0125127969299
2380, 335.08533169764956
159, 334.8608660444582
429, 334.8601615677186
1651, 334.80611804891294
3072, 334.31673765273393
481, 333.4594364598519
71, 333.39959374238066
736, 333.1066172656429
1676, 333.07898012842554
2276, 333.0025743168635
153, 332.555164506965
3181, 332.44910341970973
3382, 332.29415300786934
289, 332.28725757977077
1119, 332.106352032291
2033, 331.98376862155646
3108, 331.91948128767626
3049, 331.4247088558387
3331, 331.2987893545737
490, 330.944174958245
3340, 330.1797272826968
3277, 330.13425215549057
1066, 330.04507079245394
227, 329.54992365508684
3317, 329.532804136076
174, 329.17335985633395
430, 329.13429120020834
3408, 329.0265555449497
1166, 328.8114328536137
582, 328.6857083495773
3353, 328.39431148801975
1450, 328.36711923777307
1736, 328.1568369946693
2105, 327.93204660738746
1117, 327.8780168236114
2054, 327.8341260079319
262, 327.7365486039388
45, 327.6853248908336
373, 327.50282777317915
2382, 327.4244690150209
2071, 327.22157820004327
532, 327.1012164481101
3227, 327.0566933702296
1531, 326.77577013412963
60, 326.2929305868647
3058, 326.08025448420324
1187, 326.0674968866465
1027, 326.01521031595524
157, 326.0031180006122
454, 325.982698863591
448, 325.84025025216266
3282, 325.3185483959616
2548, 324.7396694772029
2783, 324.37591594505227
556, 323.9131335699492
2310, 323.8407485284409
1129, 323.70921371149564
1203, 323.5792333423383
531, 323.13555853416926
305, 322.56781842201485
3381, 322.3372939515656
3436, 322.3117225813454
820, 322.1936548818384
2407, 322.005947941462
119, 321.8881124828878
336, 321.7055245051354
132, 321.66567342954977
1030, 320.9582361956072
1247, 320.664881754899
2100, 320.52112574413553
1865, 320.4680370068314
1248, 320.4279774062568
1092, 319.8653630446275
1444, 319.8159781254853
443, 319.6996628546297
2763, 319.3221376004389
2968, 319.2692889799246
3166, 319.1606925274056
3423, 318.93049593282814
1060, 318.8067854492316
3407, 317.8713611567251
2818, 317.71833979112205
1089, 317.7065456644272
2918, 317.5884302561966
2223, 317.55715360296387
3064, 317.2613273546186
737, 317.2384829552175
1590, 317.06366058437965
1219, 316.89417518567825
1452, 316.7454341514529
3405, 316.56792026123196
2260, 315.81365787767163
514, 315.69147507784226
186, 315.6751446792338
161, 315.33057966302067
1973, 314.9392857308064
1218, 314.83700834372945
1035, 314.6418463075388
2979, 314.3095741734309
3373, 314.2939818909942
1437, 313.5568293466096
469, 313.36649661105724
181, 313.30239896314737
1074, 313.1229892284948
1094, 313.07207687052477
1811, 312.90323784233624
590, 312.7132660179373
2973, 312.29123253269825
530, 312.2661077144654
2990, 312.25824205638384
2754, 311.7557358567602
423, 311.5754579576318
171, 311.50968773858114
2312, 311.24139574605977
2056, 311.07046216190474
2069, 310.97750698445634
2297, 310.95176708529743
53, 310.5916019887326
3369, 309.90295304743455
1689, 309.65604229172396
1085, 309.6185488878158
2398, 309.4554570595071
2969, 309.41416648731405
2386, 309.33902354668095
1442, 309.2937182917991
2068, 309.1820382445178
504, 308.8478260070297
2301, 308.80152672145977
1091, 308.73631150216704
1972, 308.3362305968133
1876, 308.29965524750264
2110, 308.1021714373845
1263, 307.99210435727184
2292, 307.9065870797942
446, 307.88468512922367
462, 307.4063670045114
1200, 306.6630121615916
912, 306.6102221388219
2266, 306.5844538381319
2035, 306.4332481610107
550, 306.4071723827494
619, 306.2944724589054
2309, 305.9821173258481
1241, 305.7717063376906
3119, 305.7268105438742
3378, 305.7068739460956
414, 305.58583795151
2388, 304.92131375871827
3196, 304.7572053363346
76, 304.70966808415614
2803, 304.3120377605019
1128, 304.1229545612408
163, 303.90567298866716
1462, 303.6718108593176
1113, 303.5649953525603
487, 303.4660053740854
151, 303.2808222476153
2733, 303.0951388934162
1124, 303.05765783111946
2958, 302.83232098811226
164, 302.4520873432415
2271, 302.3767128935702
3416, 302.31129707522337
1978, 302.13731118637315
2966, 302.0307425672732
3402, 301.6579516838139
176, 301.6313271438231
2985, 301.6130916566522
2315, 301.58098961849464
1193, 301.14394863909706
1607, 301.03068725097836
2279, 300.8182184935784
264, 300.8111474172674
1445, 300.49767695404944
1202, 300.4504299788766
3086, 300.4430054391103
1429, 300.19075638744505
1054, 300.17073158764833
1849, 300.0999477746411
1979, 299.5178417782527
3371, 299.2536746527931
3339, 298.8242641555366
139, 298.80607755809325
3106, 298.14392199349743
537, 298.06652738200506
1183, 297.5341387615758
2747, 297.32447962680095
547, 297.20123465652335
3429, 297.0890556461491
155, 297.07242509748124
128, 296.6080111397963
1464, 296.3662732201461
283, 296.1428969858381
3073, 295.54931265027074
3061, 295.293738308035
2337, 295.1612161801203
1245, 295.0199167162229
3286, 294.90572515796066
1169, 294.86738431155266
542, 294.6586113831851
476, 293.44140391853585
502, 293.3535148929939
197, 293.132257261078
1031, 293.07746904054676
3418, 293.06028362355977
2819, 292.95707002661317
1236, 292.7826686765158
154, 292.7172920659239
3334, 292.49674209941656
3291, 292.40766996570744
1043, 291.71786845067066
2009, 291.63098877973135
377, 291.1273785565632
2753, 290.4431162176166
538, 290.4252115114404
1083, 290.3720021090416
450, 290.20661363135673
1115, 290.159234745214
382, 290.1126242137843
1299, 289.9112063752785
3280, 289.3694750277519
3125, 289.3258103707983
1872, 289.1344162436786
1145, 288.7101483012194
1753, 288.3551133987822
2715, 288.087480771326
3048, 287.9826318729912
3421, 287.93883804059743
178, 287.6307603516591
2862, 287.48679258182125
1451, 287.4789025589056
397, 287.46604898779225
383, 286.9717017841987
223, 286.7919695504707
1852, 286.6508283789755
1025, 286.2901787826241
1465, 286.0215157980758
162, 285.86660340783095
2303, 285.7671106968383
1856, 285.6820739407333
1179, 285.60683579158336
3153, 285.19539303578006
2049, 285.00817370137213
1174, 284.8560403639479
1041, 284.6711951541923
1042, 284.3813096095864
187, 284.2603318553821
3395, 284.1643137665131
215, 283.64888545940516
2798, 283.57872708389345
3425, 283.5264522402021
1867, 283.0801787732583
2919, 283.0717211840095
3410, 282.9031272255139
1857, 282.4180636302879
2717, 282.3353861939605
1212, 282.0922225566671
201, 282.055549746956
2765, 281.57829747814077
3047, 281.1967467747288
552, 281.04130152062794
2924, 281.0114721703033
3309, 280.1934226488685
1214, 280.0630702389311
3393, 279.8960324151526
3078, 279.8277674110552
1088, 279.69502848357223
543, 279.6246506377466
851, 279.6035189042409
426, 279.5581712738863
2797, 279.3725691245441
1449, 278.98615391729584
1589, 278.90639312508927
279, 278.87359361173196
1586, 278.8374557684672
3028, 278.8022290005371
1866, 278.66101368509356
549, 278.5794899436043
2417, 278.48411809880497
506, 278.31375618824103
1760, 278.14316020494334
2711, 278.0479536523044
3139, 277.8344158679957
523, 277.2335371895943
463, 277.1952658620426
3396, 277.12954326075413
1301, 276.71955548488785
1608, 276.6078505987799
2813, 276.49635275737177
1253, 276.3224755273355
2975, 276.1041201945755
2974, 276.1041201945755
2311, 276.00860600501983
3333, 275.9187619585629
1761, 275.81125839338983
210, 275.7932446620906
536, 275.7081574997035
1144, 275.6745255204039
2269, 274.59484785529634
3332, 274.49160857536435
1226, 274.34223615487696
3372, 274.3379818163504
1855, 274.3188930092475
1683, 273.85811056444703
3003, 273.6896460898307
2978, 273.51061112989635
3132, 273.4666087372393
1101, 273.1363854884214
2730, 272.96865998845067
172, 272.84563447679164
1688, 272.66098497234884
2769, 272.63183621624296
1096, 272.08162248666014
2752, 271.7479628181606
3198, 271.63684566606634
2, 271.5969938610271
1961, 271.5247412126079
49, 271.4265531680018
1600, 271.35138854354346
1069, 271.28882948040746
1974, 270.92583311403047
2396, 270.91179479587225
2062, 270.31713792419964
1099, 270.2370755248548
1662, 269.77280711651326
431, 268.8333573120339
1660, 268.65843745176414
1130, 268.5989818834087
1095, 268.45355648713274
131, 268.28278380767154
2408, 268.10169800617695
1229, 268.0556719101836
3131, 267.5505837190979
1112, 267.30842394635494
2794, 266.89321623579656
2983, 266.84396541146737
3420, 266.8039818457268
3441, 266.79937345742957
2392, 266.6614086771286
2080, 266.46082104120507
61, 266.14094704473086
2042, 265.8181612556567
1678, 265.53718293011093
91, 265.2930788347557
2960, 264.9639284407909
3342, 264.86945517383236
1447, 264.76521455711963
1067, 263.70750180579785
286, 263.36149664067824
2290, 263.3195890518196
224, 263.0851271880429
1148, 262.6426258152961
3367, 262.1287753598157
2387, 262.11439207549734
1139, 261.9195192824437
1125, 261.9090592750486
1070, 261.50321589069324
1861, 261.2879703482741
2413, 260.98051990008855
1147, 260.8592066924679
3375, 260.55977788398405
2409, 260.15968727991464
2014, 260.1294150724604
125, 259.5358348655721
3004, 259.48388556940006
1141, 259.24928670833737
1199, 258.85507155321864
3115, 258.67617207896933
3366, 258.5793321747863
1217, 258.5368224667514
1773, 258.3727907936929
1438, 257.58816856820874
1262, 257.41767428818946
3351, 257.12794216147273
489, 256.94947096344634
1254, 256.93530091281116
1596, 256.8879855900545
2412, 256.6415682875014
3117, 256.4985606110944
1436, 256.4062529309273
2304, 255.57529615527298
2421, 255.2728498307377
1059, 255.25683774867647
499, 255.180112150124
1430, 255.1088179439539
2051, 254.9462310572866
3141, 254.9079065466356
3414, 254.74635138334807
105, 254.14159923787693
3399, 253.96121664356224
3154, 253.77949443652523
1257, 253.37035123937082
2107, 253.30121053717076
135, 253.25249013568992
1860, 253.0998753169038
3398, 253.08856064761696
62, 252.97246866736114
2912, 252.95836191532922
2067, 252.41833028615758
545, 252.13538873432307
3322, 252.09758821312988
1154, 251.85523746279947
2065, 251.84885100322973
3335, 251.70774349992953
209, 251.70710763009328
177, 251.64883654855848
110, 251.49427042529038
226, 251.41733556680794
2771, 251.36490550961167
261, 251.23222698410422
3158, 250.9387247055867
1137, 250.89808775545927
1667, 250.83203024090042
1160, 250.81320503838072
1446, 250.64966780371512
3102, 250.5087192502504
66, 250.4203083255236
1597, 250.40117386239905
3430, 250.3669313836076
2815, 250.2170457288646
2356, 250.1660310657974
2976, 250.09265069982038
1209, 250.05119349635012
1593, 249.9561105790137
3377, 249.79551546519593
2028, 249.71104042477117
1881, 249.61048606335405
553, 249.12999876597277
1298, 249.12750783286506
120, 248.88672927941266
1175, 248.7735577130341
1242, 248.4317426052837
89, 248.209242282232
1227, 248.11816123738507
2716, 248.07494584797618
1097, 248.07161982658639
498, 247.978801293476
1213, 247.9310672908913
99, 247.82997907536975
1149, 247.52573808163348
1116, 247.43062110827597
3103, 247.12617808407728
3394, 246.93728767146254
92, 246.80492075734043
1431, 246.71220728195163
3081, 246.43911301375846
369, 246.33751675201643
533, 246.33379342610002
2406, 245.24361781055916
2800, 245.0783358788167
492, 244.93009314316035
3397, 244.78164438081876
205, 244.75216729533457
1188, 244.72032869789737
2796, 244.5069860862589
192, 244.31490238191546
3076, 244.240168541767
3400, 244.00202359623887
3053, 243.82321761919633
1711, 243.72126503846977
1182, 243.71756611958435
2344, 243.63425564862192
1435, 243.48788959103902
114, 243.20007614380808
1246, 242.8382409135897
106, 242.61343120565672
3124, 242.5192398046029
2719, 242.42108878555203
2967, 242.40224853553303
1251, 242.05972108845143
3087, 242.0245353296889
1206, 241.9847093499802
520, 241.95171236439202
3109, 241.78086975788779
1208, 241.7107438403859
2762, 241.64193766622043
3157, 241.51068629999048
1261, 241.50916077497175
1201, 241.32258322262678
3156, 241.17960306279653
1998, 241.05421022263258
3067, 241.05016466683685
3052, 240.954004518875
3152, 240.44710872772947
2007, 240.44317077451038
3074, 240.31122117040738
1181, 240.24770755698685
1176, 240.21605470738342
133, 239.87896780653904
3390, 239.69910870485384
541, 239.52855114185243
2268, 239.327969869616
3338, 239.19778235073093
3104, 239.087978716554
1197, 238.95276443059694
3088, 238.93836932331675
3096, 238.930669675804
3330, 238.85534275638253
338, 238.8381361906079
1250, 238.81183239166316
511, 238.74208414533643
2977, 238.5755286713428
3075, 238.47840896468733
3116, 238.43350581321414
1514, 237.7147855047734
2023, 237.57476437642265
1536, 237.54342175472988
1196, 237.51753867004157
113, 237.51221319409177
1107, 237.41130859928646
2770, 237.38930254853562
2761, 237.31100738387684
1222, 237.1266275617111
1656, 237.12372029737762
2411, 237.0757291657021
160, 236.989992173
2925, 236.73175134364524
3355, 236.63132310165292
2347, 236.43491598274838
1127, 236.34084063914048
190, 236.22847457764482
3427, 236.19701937236272
1167, 236.05405610666162
1195, 236.01209831597166
3127, 235.9690671246636
1078, 235.70647873157338
1223, 235.57157377429033
104, 235.4978751916311
304, 235.37293837973078
2923, 234.84123931443077
3060, 234.54669125497477
3328, 234.48705336292102
102, 234.42024698104592
3337, 234.39340508208582
1225, 233.8956752048056
522, 233.8716207329957
3138, 233.68746339085814
1441, 233.53135067195
103, 233.48586041989492
2982, 233.35776728031178
1136, 233.16328680464838
1133, 233.15532830540832
1108, 233.03453770195196
1131, 232.4823899924062
1460, 232.3015484686401
1170, 232.1069802824949
2984, 231.73946384182852
2273, 231.69170274052104
3137, 231.33638442057392
1048, 230.5773831950328
2551, 230.2415283116764
434, 230.18289306061087
1224, 230.04146819715103
1163, 229.99955557473197
3406, 229.60341973389163
2799, 229.30114494282594
2378, 229.21537184595957
179, 228.8285354351587
121, 228.75670339081378
3349, 228.3934107453805
1138, 228.1638840649909
1713, 228.06997959844773
1123, 228.06632341966457
1658, 227.91479510716127
2350, 227.88568032677333
3126, 227.82812540525984
1120, 227.69700467519922
2775, 227.56684207064973
1168, 227.40879841256907
3140, 227.38462870288606
1155, 226.69991739007958
3368, 226.64824576470346
95, 226.5574621317936
90, 226.40987902432272
2550, 226.2508677130382
1240, 225.81740617659602
3122, 225.40842600323688
1207, 225.1329733658831
1477, 224.6583987798396
2787, 224.63279531976633
1194, 224.4655538607953
1996, 223.74979094441824
2414, 223.5063148617704
2399, 223.40966834598535
301, 223.20057456304147
3356, 222.9840500345247
1428, 222.9318531404959
2913, 222.7247103570608
2355, 222.63737607279924
267, 222.60869753436725
1186, 222.48861353340956
1146, 222.0299977303369
3422, 221.83061404809646
1079, 221.57043596697494
2972, 221.53622675369465
1135, 221.2826769237296
510, 221.0608696633562
2384, 221.0269230258602
1061, 220.76522736808147
1220, 220.70268974329065
3374, 220.54966632833188
3428, 220.52428736876578
1719, 220.0897536723417
2072, 219.96281131669843
1068, 218.68331895015208
101, 218.5527938362096
2295, 217.41188997339236
1198, 217.4077041493517
108, 217.2100884913417
67, 216.99937231280134
65, 215.91211632562192
1189, 215.25957972835536
72, 214.86060185353836
3376, 214.82727596784954
2097, 214.76578383656684
1588, 214.72432146389954
2915, 214.64406505376866
232, 214.63679409565339
1049, 214.59770970552518
285, 214.41792247460754
70, 214.24790639641913
69, 214.24790639641913
1034, 213.9379424093558
1663, 213.7338270413331
1406, 213.6768008636989
1134, 213.57297770415533
166, 213.45027277023618
93, 213.34444171250158
2395, 213.2558005397865
2931, 213.21189769634182
1693, 211.81252573346214
3417, 211.7996767380013
64, 211.0523413110585
3392, 210.92491812390813
1467, 210.8154080155604
3387, 210.56597969360985
358, 210.1247226069783
1813, 209.9385209238649
122, 209.7515616435323
1925, 209.69013441764
2400, 208.90186117682254
1065, 208.85388543844377
1150, 208.84079075455128
1191, 208.45850226777202
1962, 208.44137229498452
1518, 208.3472099526699
393, 208.3332562885351
144, 207.32216138973644
167, 206.9463559188178
115, 206.7329130519369
1605, 206.26183261405018
260, 206.24169176471494
1180, 206.0330840581205
2871, 205.9850120588395
1216, 205.48452096562008
1440, 205.2769577071852
1073, 204.94122730472753
1634, 203.83736623863857
1397, 203.76179456822325
2084, 203.56680198343585
1864, 203.5128928187885
97, 203.3767578573191
268, 202.90025226502215
68, 202.83740228456392
32, 201.71950569131008
96, 200.9720985818818
12, 200.96870404072843
1152, 200.0600497548063
2971, 199.55709810415934
2940, 199.41743558794275
1863, 199.30553740663785
1178, 198.9800540301966
1632, 198.65435354631785
1050, 197.8357084947736
2929, 197.6906544752422
1156, 196.8235944687563
2922, 196.60631801540896
1694, 196.44764087505237
2928, 196.27985423971532
1151, 196.16287548928491
109, 195.30858899814413
3188, 195.2571356423123
3164, 194.9809732559011
2270, 194.8768606156782
2801, 194.74065180069908
2010, 194.4658425248552
1302, 193.85311537986834
13, 193.60145432721202
1838, 193.0195735099337
2351, 192.00643677051124
795, 191.32520679551402
1958, 191.18201041836198
1316, 190.33562455117476
1158, 190.069494069701
2900, 189.93297254218902
2861, 189.23797212658982
1457, 187.8937231767068
2926, 187.7929731550905
1709, 187.18203327520882
2275, 187.00495662137843
1638, 186.84475909978153
1153, 186.46333269564406
3431, 186.32610529064965
3236, 186.15932881855068
916, 185.97917583696594
2937, 185.20040086772394
637, 184.7846559859161
2433, 184.46995128103822
2952, 184.06513163455799
1, 183.59535892342865
2872, 182.99034874037676
1800, 182.89303486510877
2921, 182.664870054842
4, 182.2660460413574
768, 182.15382935855422
2927, 181.93904114782276
1574, 181.47575916210212
2860, 181.33256175441966
2911, 181.25303989032093
1661, 180.85247892049816
1062, 180.5162038834742
182, 179.59403054571558
1454, 179.22750962895748
3310, 179.03304474951605
10, 178.82838369717746
117, 178.48281511571992
2192, 178.18706380571243
2938, 178.05781176969893
3234, 177.91544897644036
2857, 175.87066128421986
1255, 175.77691371719422
116, 174.9742838602121
2933, 174.91924233458144
1562, 174.50772711404835
641, 174.19410874341347
1572, 173.72931056656304
1785, 173.4535860677858
2731, 173.2999604873142
7, 172.2100576820205
1576, 171.97473249325438
1814, 171.80399494991147
2320, 171.77843438915872
953, 171.3767644210286
2939, 171.30634047947535
1788, 170.8823515501824
112, 170.8202393515659
3235, 170.4434362665401
1324, 170.21785330932806
3009, 170.09197714207892
1573, 169.42380162691003
1794, 168.94454879717975
2832, 168.46543531621396
1543, 168.4334477344584
28, 168.31320528845546
107, 168.31144769930927
823, 168.0538999647349
2805, 167.8862351016633
1818, 167.12443799482685
118, 167.08014968994567
826, 167.05109160087486
6, 166.99959430383328
2999, 166.91302029921638
0, 166.10022358853888
2941, 166.02773228242347
3, 165.96552062954706
9, 165.6470043470458
2191, 165.47888764650696
814, 165.39103614200323
1484, 164.79925818092485
2934, 164.54063959195693
1723, 164.45713558672554
1309, 164.22778592331755
30, 163.92507998585555
1509, 163.83553372989672
3017, 163.83485335863259
2153, 163.72981905130243
11, 163.5076530672923
745, 163.29529031704084
524, 162.8036791685794
1567, 162.77219644124028
384, 162.7673226818653
1410, 162.50272246144812
390, 162.38443411658264
2954, 161.70467637522967
848, 161.61538281073032
2134, 161.51464592196362
1004, 161.19995742601446
2208, 161.1734570770006
1824, 160.92050314286877
1882, 160.5928293295347
421, 160.19520061904657
735, 159.96387258973306
5, 159.72030757416715
2211, 159.59594309490896
1575, 159.4967984481016
94, 159.31899770435317
2889, 159.2639426408389
2878, 159.252416630019
259, 159.1937725904246
8, 158.7928782113891
1940, 158.58669711021412
1939, 158.56298462687855
3215, 158.46963203112318
2158, 158.36003611491597
2957, 158.1893279052719
1418, 157.88758397172896
2242, 157.71404605051862
1571, 157.62389325620234
1806, 157.5423880678881
1534, 157.26151905456612
788, 157.08681042958563
1951, 156.539605395847
923, 156.0684148236764
2193, 155.9123110989909
2856, 155.90666882195097
3000, 155.36716818791174
682, 155.26351657722813
2859, 154.94115274799074
2170, 154.91034699217627
2073, 154.8154064574378
1269, 154.15983801449028
2429, 153.6698963709974
1003, 153.64213623036645
2991, 153.60078985886236
2207, 153.47630496738597
1424, 153.47063888364062
786, 153.27054092968527
526, 153.24634679529737
803, 153.14801532611315
1810, 153.06269136775586
29, 153.038472943889
917, 152.8236092563327
1907, 152.81190719343155
2806, 152.78350665675163
3025, 152.64858424791603
744, 152.64598383695215
2435, 152.0992102871135
2428, 152.0992102871135
3228, 151.97384918163823
1780, 151.88960484860482
2124, 151.86711295040809
248, 151.86353159851012
2135, 151.69306531715245
791, 151.651212545233
2180, 151.61230774037156
3269, 151.59690854208918
1640, 151.55600786333312
1776, 151.46796710991333
1210, 151.33087593373136
3412, 151.26684928437544
2205, 151.0953315495422
615, 151.06450877127142
1884, 151.0260793162551
1889, 151.0176697747016
353, 150.97245613664407
727, 150.79710388264388
417, 150.35433475891318
857, 150.34833309304167
234, 150.3344695493006
1039, 149.96563970730625
1525, 149.83316552261996
746, 149.75208633654856
2943, 149.67170388941076
3016, 149.61060438184288
1306, 149.5818246462227
686, 149.52094532786745
2236, 149.42169221618033
2157, 149.22233308673245
1423, 149.21251482242482
2955, 149.21115158406803
3018, 149.07166071429805
3029, 149.05306884283073
2262, 149.01769622994564
2318, 148.7259777055304
2194, 148.5300409948825
416, 148.5100792229268
2243, 148.29192207769628
1487, 148.19741214242
1566, 148.11151873097484
716, 148.10419460294824
1617, 148.0774195470646
945, 148.00778514204134
2936, 147.9551232119716
1895, 147.9446286202205
1356, 147.94212593051526
2953, 147.90606406130354
781, 147.88597772723466
579, 147.86418219963494
2997, 147.73806805499947
249, 147.6844957893043
527, 147.54171942494634
2195, 147.49688496464836
1885, 147.46277651526833
1807, 147.45810025979284
1580, 147.28555172200444
1999, 147.22987079997242
1653, 147.1998287084248
1577, 147.1872200714721
321, 147.1373716290686
2196, 147.12451864908985
762, 146.77350923437487
612, 146.7437473088094
1822, 146.74148087355758
1943, 146.63527549046412
936, 146.63402759893876
1336, 146.6166059206369
980, 146.46349728302042
1623, 146.43679528493274
2438, 146.4093930379251
575, 146.18384499478321
1615, 146.06225357133354
844, 145.94941275604634
920, 145.94675466389432
3233, 145.8694522700771
778, 145.74748018927104
1976, 145.74277044046082
1425, 145.7254875037113
486, 145.6321737896076
2187, 145.60884888295854
1279, 145.4679741806556
717, 145.4515649787455
981, 145.44540948487324
2434, 145.43157486164017
3319, 145.42823026416127
2188, 145.41484891748445
825, 145.38965996186352
961, 145.36619746725952
3320, 145.25741928030627
2993, 145.24583987953338
243, 145.01814480298498
2160, 145.0080083129105
2930, 144.9116622622769
1023, 144.86379612832408
2870, 144.75942393015518
23, 144.74054908937987
1037, 144.694697239416
817, 144.68117948411742
420, 144.66435698726036
581, 144.65367362018992
698, 144.64205878128467
1985, 144.52803721949277
955, 144.40926647492427
24, 144.35398646177978
2431, 144.29239284036683
743, 144.15971198133084
600, 143.95151082704626
391, 143.91057496305456
2189, 143.885409247646
1803, 143.86113365887906
1579, 143.78011212090948
27, 143.69132386359414
2145, 143.64144644040235
2365, 143.4482510563491
2949, 143.44408426695725
1977, 143.42175423077404
2095, 143.35068457726607
1038, 143.28596191971184
247, 143.18740540307405
2142, 143.15703466111938
2360, 143.05401532258466
2362, 142.9536298920736
922, 142.9353785455419
815, 142.92810594878355
969, 142.92650232357252
960, 142.84355586456698
319, 142.724250678181
808, 142.6778813998357
2879, 142.51330851324903
2220, 142.5079046613661
1412, 142.28539281489242
787, 142.2402629975936
2873, 142.23233560412035
1404, 142.1596469185948
709, 141.93140782147228
419, 141.88788481808658
2214, 141.8484301047228
528, 141.74089063692486
560, 141.67291344853476
1331, 141.5962438006086
1473, 141.40153487552115
370, 141.3542170235836
2845, 141.25062630717895
1371, 141.20668623282182
403, 141.20057048089726
2181, 141.16973995266142
574, 141.08954590532514
1308, 140.95571729702402
999, 140.89546182858402
1523, 140.79878504811776
242, 140.68421328935224
2829, 140.6774577623214
2122, 140.65294661047815
418, 140.60214060777227
2219, 140.5390822047668
1890, 140.45525155398437
691, 140.34018235734447
2846, 140.3169241448376
1266, 140.31311958803167
1427, 140.22927248391753
1840, 140.22812931274282
601, 140.11349871230098
2427, 140.09490114287328
1490, 140.02610755207866
2828, 140.0209671084896
1495, 139.95106197801928
1599, 139.9384997486176
2907, 139.90519870684093
2422, 139.80667956427337
585, 139.7877388362646
2996, 139.77545541074903
964, 139.63404384083375
804, 139.57886254777424
594, 139.52840781649155
1823, 139.4326247167919
903, 139.428749973506
1408, 139.39301120308852
2858, 139.37592756546675
856, 139.23351120784682
1846, 139.22093558023926
1314, 139.20267485360205
789, 139.1991782763477
2992, 139.19480500785247
1510, 139.13912093501446
313, 139.0925700922619
529, 139.09003829524764
907, 139.0369939197264
2877, 138.93028059448167
2173, 138.87471978192102
2231, 138.71005011283924
1839, 138.66746692636258
2209, 138.58266826677908
2171, 138.57609454833562
1594, 138.46386831436914
1942, 138.42607144196828
1321, 138.4249187183354
1289, 138.35445561223457
972, 138.31601497385364
1790, 138.29794425865492
2168, 138.27468031988965
1508, 138.23329293961032
1527, 138.21558680834556
2905, 138.20477961613184
780, 138.16036026305662
1315, 138.01654452493793
1887, 137.98071964866728
837, 137.94711295713935
1369, 137.90015878705444
1501, 137.89569621683287
2228, 137.871724509599
2200, 137.72273106592803
3026, 137.64427664053252
3229, 137.61581246046134
586, 137.60528462712628
1478, 137.5631214983465
2206, 137.514413940211
593, 137.51050200982704
2165, 137.5043150687668
1505, 137.50163834328842
2942, 137.2349736453644
845, 137.22184635508088
1957, 137.20376062133295
1211, 137.12845542351945
872, 137.0809929232605
1348, 137.039452537887
1426, 137.01850829699376
846, 136.96595504592887
3031, 136.93354704023818
3270, 136.92948725026298
1984, 136.89248449472146
3267, 136.7256991735629
2334, 136.69917241759384
2865, 136.61978063692655
2804, 136.596498666922
558, 136.4652543458229
2113, 136.3960401566647
2190, 136.35425156565108
683, 136.34882301367043
1421, 136.34800007563533
1512, 136.31550655159282
2998, 136.27682089510844
2837, 136.22128387252602
2850, 136.00300612917673
2150, 135.9615650869173
1361, 135.95126661219277
371, 135.87698368948742
696, 135.86175725492487
1380, 135.8156934217657
928, 135.75550727813118
1455, 135.72765634716507
2164, 135.6218198084793
2852, 135.55400073697106
1488, 135.52793370649687
2256, 135.51899048049353
1983, 135.49743573913574
1390, 135.49232405804003
657, 135.4750238939657
1001, 135.44620875850924
2841, 135.4441312226582
638, 135.40209824196805
1986, 135.34808902119764
1322, 135.30452014666167
1389, 135.29856681472444
307, 135.25557700282937
2321, 135.23816303198132
886, 135.2363819769422
1494, 135.211229928596
919, 135.17549686858771
1578, 135.16409057203393
1481, 135.06222206261742
2115, 135.0010353328633
839, 134.99965699929788
1828, 134.96984047373016
784, 134.82736499695014
1883, 134.69908427727043
775, 134.6908732782499
1792, 134.6543687754281
26, 134.62607549571212
661, 134.6079316620286
2324, 134.55004465018692
2439, 134.50118288005714
821, 134.42951306923888
3321, 134.4182258507691
902, 134.29225155675454
1268, 134.279013147511
987, 134.2579774397072
606, 134.24416415637896
599, 134.2256816756205
993, 134.16917708474725
1820, 134.11359102091518
639, 134.09232855170703
2120, 134.0449074156877
3002, 133.97545286207043
1396, 133.93821059175139
602, 133.90304474313996
2229, 133.8973554849662
1549, 133.86142801569633
708, 133.80158400540637
2372, 133.80107388682816
3268, 133.7772451629038
2125, 133.67445942017775
2839, 133.67238137851
855, 133.59286245294203
584, 133.5644601609482
2117, 133.56091654246578
777, 133.5287803916561
659, 133.5160531770017
3014, 133.44949299798054
2230, 133.37522538956452
1493, 133.32132932205832
718, 133.28016632426258
938, 133.26516867307225
2255, 133.20413065736912
665, 133.1900692616752
1345, 133.1423120265837
1614, 133.10387516862892
790, 133.06579481616367
989, 132.97095280823999
840, 132.96032002334834
730, 132.93287234566085
882, 132.9326043465326
230, 132.9004858504566
690, 132.89574800632624
2831, 132.8813615372143
1622, 132.87359322243964
2359, 132.87199787077734
776, 132.83750122379087
1377, 132.8175509896825
1339, 132.81422727068454
853, 132.77836505369856
2851, 132.77124328506372
2994, 132.74706506555611
664, 132.73838483710978
2162, 132.72752294177835
1271, 132.72394387027532
1312, 132.70401311453438
2116, 132.69332398566397
1295, 132.6580386941451
1908, 132.63216701147326
711, 132.60071620851082
971, 132.5803465415858
1064, 132.5424327922331
849, 132.5348594567977
1886, 132.51467986010655
798, 132.49223854525107
1398, 132.4231490031958
1474, 132.409498855459
1413, 132.36795286982422
235, 132.35619206619947
2750, 132.35480911840025
1601, 132.265062417214
315, 132.2480445135912
306, 132.2480445135912
970, 132.15053036268455
564, 132.1209487635553
2237, 132.0900416091016
927, 132.05347363012189
2844, 132.00738263482407
867, 131.99221491704168
752, 131.9883884645287
892, 131.95577295603283
1343, 131.8801969559503
1330, 131.8582217582872
1014, 131.8257008564413
572, 131.5849972436005
2898, 131.57913726647575
256, 131.54655095218754
1511, 131.45939083327616
3272, 131.44263130282553
1550, 131.43756233638962
1561, 131.3072363897486
516, 131.26782927511223
559, 131.26258804133954
1278, 131.23566720721274
2908, 131.18205822126905
2888, 131.15194572911605
525, 131.13886091170687
1368, 131.1006712269186
723, 131.09195753372947
1555, 131.09135775653778
847, 131.04497831830983
1468, 131.04034193672814
1815, 131.02916262884943
850, 131.00849793444885
785, 130.94584811360522
1825, 130.93290565714807
1392, 130.92184384503173
1378, 130.91034109604684
1920, 130.90706767269916
1544, 130.8817011018863
1902, 130.8740482833648
1352, 130.86626556751511
3043, 130.78567303911106
2361, 130.75274928223217
1539, 130.7506729916293
689, 130.7405693013064
569, 130.7231585481113
1420, 130.70734777097036
1273, 130.69513138751444
1959, 130.66231495618518
2376, 130.6223184335468
1926, 130.6067520155923
2213, 130.5962817384638
2141, 130.5660169073971
1417, 130.52670725915638
577, 130.52295428598683
1829, 130.4932164371561
1422, 130.4493767171468
770, 130.41131636722562
1393, 130.36729493174946
797, 130.3071087450502
774, 130.27978564536087
3045, 130.25143256761342
713, 130.20046649654108
1500, 130.17944773951956
636, 130.1718096047953
2227, 130.1702890040034
573, 130.1702777598235
1804, 130.12477301671493
2884, 130.11347272691808
1989, 130.05907559781676
1293, 130.01381085893686
2366, 129.99968815535058
1006, 129.9884157300882
2369, 129.92713548520013
900, 129.83997119885825
1285, 129.8043425885691
2899, 129.7972904655694
822, 129.7951029287555
2547, 129.76120847270352
779, 129.6725375905661
2254, 129.66582530670692
240, 129.63347375438155
635, 129.61667494016336
879, 129.56730005433016
918, 129.564481494884
1409, 129.5601905499939
694, 129.5529387711487
1400, 129.551082328613
2903, 129.53081285793914
992, 129.47919383644134
364, 129.47506700307338
1480, 129.47440258135282
876, 129.42131279537853
2121, 129.41584834557898
871, 129.36681223253336
1475, 129.3534815274239
2245, 129.3486079279225
933, 129.32661073152218
854, 129.3140927991408
231, 129.2241953730146
2166, 129.21409462237372
2131, 129.17500801148233
868, 129.15784468566235
2830, 129.14790235098704
2432, 129.09829354288127
2881, 129.05423658986982
1370, 129.03668938640888
983, 129.02080599120873
3030, 128.98881116975386
673, 128.97909628483197
1411, 128.91459466984503
1280, 128.89369515855708
1817, 128.83464667808929
2882, 128.79996040503403
3044, 128.67885285496524
741, 128.6174166018926
883, 128.505646588496
1830, 128.49127588905944
2198, 128.47538659002387
2154, 128.43102328653387
1419, 128.4036165180872
693, 128.40295467751855
896, 128.3771443447331
1909, 128.35358033664886
2199, 128.33206096142732
1491, 128.2000635688065
1915, 128.17487320519362
1367, 128.13451509212052
597, 128.10768884398698
257, 127.99940887796312
2875, 127.96731736159865
946, 127.92379459939383
2114, 127.8661903725739
937, 127.83833863699587
887, 127.83800548166863
948, 127.83531187186765
323, 127.83123251429609
311, 127.83123251429609
2163, 127.8214667685074
1382, 127.78780947077921
1888, 127.77706275762579
1791, 127.75800691789054
935, 127.69147026449001
672, 127.69091488359054
755, 127.67759438487968
764, 127.67523484789598
3271, 127.62933372861002
614, 127.58918579933791
1498, 127.58300124283144
1835, 127.58182256037618
675, 127.57713775355963
725, 127.5755395589595
1831, 127.54250025270558
2246, 127.53362636468468
1904, 127.46991743607707
1403, 127.46256842945569
1346, 127.4469948739733
2423, 127.40736077875296
759, 127.38754658037108
1841, 127.36242990736149
1906, 127.3288523798973
2897, 127.28164919941041
1372, 127.26513726016168
2148, 127.23368891813702
985, 127.22232236439986
656, 127.21456775213682
763, 127.16736414495983
567, 127.0576228806709
253, 127.01042930271481
1328, 126.99075381097049
1036, 126.97709251638314
236, 126.96381160639957
2138, 126.92196178884424
766, 126.88979213823228
924, 126.86920889118701
870, 126.86603469963512
674, 126.85130368844086
2319, 126.83257650768086
782, 126.82175241369889
2323, 126.77696466421793
2842, 126.75688640289496
1618, 126.68416964554297
1405, 126.66680498249544
346, 126.65860039582802
1277, 126.65406906206904
714, 126.64210238084398
1292, 126.64051840248463
645, 126.6248121731763
963, 126.6224530574938
1387, 126.57982655583828
1981, 126.52743234069888
1486, 126.49849066459062
704, 126.4962368338893
742, 126.4948149008855
984, 126.46156785701842
3068, 126.44429224338298
932, 126.41652245800186
565, 126.3966914730698
1288, 126.37145371666399
1458, 126.36818602510647
2123, 126.25865016619638
1595, 126.25235494979928
1944, 126.20586477410282
942, 126.20093801017596
1801, 126.1676112919295
2891, 126.14108334803541
2146, 126.12827270318238
2216, 126.12532716782391
1934, 126.03257774412165
312, 126.02958326329392
351, 125.98355334979625
728, 125.97251228590848
1415, 125.96533340127824
1374, 125.95019713143022
603, 125.92372335571463
761, 125.88778348808589
697, 125.8830409419744
646, 125.85545920139283
2430, 125.85283859826934
1782, 125.84115457658865
800, 125.81932586651844
783, 125.80454531184745
1388, 125.78681507353436
1353, 125.78120019168543
3027, 125.77030890134414
1327, 125.75453171742672
1291, 125.74714451535957
1927, 125.72826018398676
1018, 125.70835063395135
3037, 125.7068215521374
3145, 125.68082922545926
2331, 125.67940144376209
374, 125.67514086598405
836, 125.63253807208471
1772, 125.60958228421798
1357, 125.49618929650632
959, 125.4878104687324
568, 125.47638943732238
31, 125.40556774282969
347, 125.40001216799044
1297, 125.39944890507246
2854, 125.39428736052491
1992, 125.37050302980958
1272, 125.36223238446424
1391, 125.35891228885671
897, 125.35862933278196
1563, 125.35733857187961
1905, 125.33985242895922
1340, 125.32142924567725
701, 125.30678430819465
1021, 125.2519505379084
813, 125.2490673609099
1548, 125.22758486455437
1275, 125.21095708805012
640, 125.20199911058123
1554, 125.17018412804791
1809, 125.16768257387723
324, 125.16149877385602
1323, 125.15595467459715
2169, 125.09784550677027
2840, 125.0977053344517
986, 125.08720299186926
1270, 125.08251291438341
1524, 125.0762977012939
720, 125.07494258475404
2202, 125.03325841790851
925, 124.99128077272583
660, 124.98518742542633
750, 124.95119307236584
1499, 124.93503904333967
623, 124.91169145536492
2833, 124.87505726887714
1982, 124.8488569637694
1789, 124.83611684387182
796, 124.8034988427426
705, 124.80297832698501
740, 124.77906924798476
3038, 124.77807849247678
246, 124.7674574687223
827, 124.72463206099673
2849, 124.69938394458195
1453, 124.68444609659169
2119, 124.67216981964353
2136, 124.60802406242419
828, 124.53567640923879
2410, 124.51795625443381
908, 124.50401645465044
792, 124.44863258287239
1506, 124.40755143208538
962, 124.35742993967659
1020, 124.3461599917441
616, 124.34385897845894
2233, 124.25689292717068
258, 124.22151629342477
2130, 124.21988932541639
2183, 124.13492837621419
1009, 124.1343137284725
843, 124.11060184115577
1598, 124.08582206555067
2140, 124.05602111982003
2847, 124.0352700406335
1294, 124.02348443803399
934, 123.98355860778557
799, 123.96022138680534
2175, 123.90557444100259
692, 123.87253219657323
2946, 123.82017434173174
2129, 123.74673237177
1485, 123.73286992501804
2867, 123.71616315284807
1265, 123.69307615992346
1819, 123.66005170375894
1469, 123.64237598609712
3448, 123.61656166445538
422, 123.58832433303313
2947, 123.58038814642063
930, 123.54434940628738
707, 123.53886373047466
710, 123.53414034108442
1318, 123.50654374362277
926, 123.47134328549747
2373, 123.42494459129044
3411, 123.36232237949345
801, 123.32128041452697
350, 123.27612685525762
722, 123.26213013648204
1329, 123.23388102310489
2336, 123.20845407884472
2377, 123.16861827481469
2232, 123.14075271995931
2375, 123.08121358324325
967, 123.05947202504788
363, 123.03481033759194
1479, 123.0242041739931
566, 122.9693081159961
905, 122.95095005836522
1354, 122.92999301252833
1786, 122.86722434482486
238, 122.83669163337221
1921, 122.83283896899022
977, 122.8256758059037
1836, 122.8243880771658
1862, 122.74459335429837
904, 122.68567780339421
1365, 122.65875135755786
576, 122.64960262003356
893, 122.6398270737502
1779, 122.60298931116816
1673, 122.59720253481589
834, 122.50331630007062
824, 122.501338758029
1935, 122.50128428446736
952, 122.501244129851
2176, 122.44602023022688
3034, 122.41112865279368
314, 122.38587604143417
754, 122.37731046762356
1949, 122.34585918014804
973, 122.31507754029896
1808, 122.26611908266415
2133, 122.25427720094203
1492, 122.22616834823084
2222, 122.215302493928
1928, 122.20620363849295
241, 122.17697397925674
2826, 122.1405888112725
1930, 122.12896773162463
1264, 121.98765150207949
3230, 121.95703734753393
1022, 121.92333719048638
596, 121.91991317596393
352, 121.80497148420844
2247, 121.75844863706382
2876, 121.73843284573617
658, 121.72963660113138
911, 121.68831993488352
2403, 121.59864535384033
2950, 121.57666755199901
1620, 121.463407843596
2012, 121.45191637721855
1954, 121.45054035266176
1837, 121.40758523596767
320, 121.39158600331267
667, 121.38585704829237
765, 121.3853789050039
931, 121.36987813040881
1900, 121.33883895427257
1504, 121.33487202437789
810, 121.27537693980985
1591, 121.2367931379689
1950, 121.19976353331522
1582, 121.1663356276949
1414, 121.16608384141075
1777, 121.16149804601105
976, 121.14591330487096
342, 121.08818272326234
831, 121.00264024980471
1320, 120.97059840131716
2902, 120.96545171594629
929, 120.95611771602188
729, 120.9532817622471
899, 120.9477410376894
1898, 120.94437359581646
2144, 120.92683515094835
880, 120.88447819397177
2325, 120.85294886639937
1799, 120.84960462056672
1282, 120.84378249736693
618, 120.81431997867064
910, 120.77601071986749
1319, 120.76950756562442
1017, 120.73728064998855
706, 120.69824133751752
2322, 120.6405844291623
702, 120.63947809778665
898, 120.63297743510621
1007, 120.62869330585345
1778, 120.62164047045361
873, 120.61579852888687
2426, 120.6016121346109
865, 120.5597425903108
2739, 120.53616410479448
979, 120.51707867868699
1953, 120.41993783007369
1010, 120.35203567599162
270, 120.30981126358812
1332, 120.29605334256581
325, 120.28574424039016
1326, 120.2743980610231
609, 120.26829501102952
994, 120.2564062080993
2367, 120.24436298206312
644, 120.24377050480297
2425, 120.23537407050662
1351, 120.19591897447165
1470, 120.19153744828164
807, 120.1609072397937
703, 120.1582997337299
724, 120.0806048137762
2327, 120.07304498385764
633, 120.06848998470178
1827, 120.01548228331453
632, 119.98895854117241
1540, 119.9657445986196
2126, 119.95739362378511
830, 119.95704881635417
354, 119.93338767048364
2880, 119.91929820760487
1932, 119.9191096760332
1476, 119.87418487053678
2436, 119.86332486412635
1385, 119.84285794843582
943, 119.81768804951956
2370, 119.81116761928432
1394, 119.79663712218095
875, 119.79226180521437
982, 119.77622671405456
944, 119.77068251751837
712, 119.76525054182314
239, 119.75785021318146
866, 119.75125999268054
631, 119.74926123712807
2000, 119.74322599110498
269, 119.73899968673062
1402, 119.62893726863834
2874, 119.60663408804312
2330, 119.6050388462556
1832, 119.58720994751978
1569, 119.58624857239779
1483, 119.54450604204962
1335, 119.48993540215275
3015, 119.48225023655735
1401, 119.42571961528694
1362, 119.41172078870541
1769, 119.38494168048263
604, 119.37613687802168
1359, 119.35775654242995
1304, 119.32378698054526
1416, 119.27631454711363
858, 119.25677004608289
1568, 119.24011262359157
1011, 119.1864044391851
668, 119.16772305363126
666, 119.15028211941828
1080, 119.12605035959456
891, 119.08795454173627
1311, 119.08124912520103
2156, 119.080095506321
3012, 119.07282962387009
1834, 119.06850826008514
1286, 119.01361295877052
958, 119.01165904093381
1551, 118.97951307371895
2251, 118.97447773409122
684, 118.95368621628693
624, 118.95368621628693
1366, 118.91589566239307
598, 118.902180921718
3024, 118.87598973360844
2186, 118.78330930676385
1489, 118.77851888674665
996, 118.75042974902905
2172, 118.74681081006915
949, 118.7359949190931
990, 118.69297819424466
1325, 118.69191031567615
1303, 118.6902586311326
2317, 118.67635120389102
1383, 118.61931452053457
954, 118.55662586741212
974, 118.5176657513105
653, 118.50982928824307
687, 118.49457331856584
1529, 118.4800260282346
819, 118.42954407287999
595, 118.32873229841073
1619, 118.31925221296873
998, 118.31922622905918
648, 118.31922622905918
245, 118.2836523843634
2149, 118.20207619215324
1946, 118.10698594044779
1307, 118.10180981644531
1522, 118.0796950192678
620, 118.01755226509627
1281, 118.00948822362838
1008, 117.97007048880235
1055, 117.88954894517686
2201, 117.88767300385456
3022, 117.88058388011167
721, 117.8756792131542
1918, 117.79874304118957
2197, 117.77583541350987
1016, 117.74550865365394
1956, 117.7145781842181
818, 117.71450808424973
1774, 117.66774114660187
229, 117.66726984284715
1903, 117.63948527012087
1192, 117.62788627867666
1606, 117.60406787463846
1342, 117.59271152763999
1528, 117.5157206163142
829, 117.50982330055812
1341, 117.50556793122041
1937, 117.45675138986608
2326, 117.41935900611828
2151, 117.39564683334014
753, 117.33054955993376
1507, 117.3144010225961
327, 117.30984942941959
1276, 117.29933140109253
1305, 117.2992853121706
2127, 117.2948017849209
2332, 117.28112823881608
2132, 117.24622926464015
1015, 117.22668660810712
2281, 117.17511040880021
688, 117.17191816293763
271, 117.14714724531115
975, 117.09570476486017
1482, 117.05874856929191
2834, 117.04075314531985
3035, 117.02363063099295
1296, 117.02097746705401
2159, 117.00427716311471
1376, 117.00283545396339
662, 116.99070425736183
805, 116.84050969499272
1833, 116.805611536939
1787, 116.74252634994167
1948, 116.72367641756905
2437, 116.70224985083377
726, 116.68934920147248
1344, 116.67960111066688
1783, 116.64053605415043
3450, 116.63405834822368
2906, 116.56668891618783
2147, 116.50779363625394
1284, 116.48624611999514
339, 116.47753464998634
756, 116.47584761993387
1317, 116.45171242895107
340, 116.41576546023104
1496, 116.40976085909917
1916, 116.40940130520914
700, 116.32849919571342
888, 116.25849106622721
1654, 116.14185706399819
1503, 116.10939100555878
1497, 116.05819591785547
1952, 115.9983785889498
2895, 115.98341920996626
361, 115.97733281614806
1990, 115.97621108267089
1922, 115.96825082043254
1621, 115.89705528706439
1407, 115.87047908687312
2225, 115.81632678718869
1333, 115.81134392191667
1896, 115.80490773240098
751, 115.80099562562947
2835, 115.77314732186319
367, 115.71312977021705
747, 115.64393961677848
771, 115.6038822229334
1399, 115.59837725384129
1044, 115.57793783364556
806, 115.51125523870358
1570, 115.4897654933436
1386, 115.4510725893528
1565, 115.43479818962739
1767, 115.37131906790063
3273, 115.31167473561493
605, 115.26332780850271
842, 115.23207913101552
997, 115.21974730814557
1897, 115.21659260052645
571, 115.17043584221666
2328, 115.12543117974869
2161, 115.11491371729399
621, 115.08959407903754
715, 115.06583028420081
349, 115.0503510944052
1793, 114.95856135717744
1556, 114.91267795392633
1553, 114.88245227969092
2221, 114.8596924618808
1766, 114.85136275679469
878, 114.84488643712402
1472, 114.84447616084327
1019, 114.84260217701451
2215, 114.83630585829474
2112, 114.83293225588658
968, 114.75384370511891
1929, 114.67713642192915
1056, 114.675170361957
894, 114.62121897507774
760, 114.55964627569578
317, 114.552929627809
309, 114.552929627809
2418, 114.53124647159221
719, 114.52828885557798
2178, 114.49280492198653
2932, 114.4886160456629
1471, 114.41052432490856
2250, 114.38548316287033
1013, 114.38164908188942
812, 114.34229472620709
357, 114.12896856943726
769, 114.117007297017
1349, 114.11687452683985
1538, 114.10706741780812
1936, 114.0719985586561
695, 114.07052427753376
2241, 114.0476995803203
2374, 114.04059381882978
1375, 114.02499723207181
890, 113.9642195650864
318, 113.91724385035214
366, 113.89083245653511
2329, 113.88747294538578
360, 113.86703612712914
1796, 113.7846963133717
3001, 113.76976599036276
767, 113.75386415114906
1899, 113.75207714871146
947, 113.70072053652447
1757, 113.64489970273824
1938, 113.45770326597759
2843, 113.45531009544577
2174, 113.38982456955695
3013, 113.25583128179598
1395, 113.2489596698642
940, 113.22996354015842
877, 112.99868064839147
2128, 112.96571027806485
1360, 112.9500272999776
739, 112.91834848851222
2420, 112.90294093581248
2883, 112.78351226001718
627, 112.76459064901121
345, 112.75327144427285
2893, 112.69852599642621
570, 112.58135714606112
244, 112.52346272506851
2901, 112.49896834613973
3224, 112.4743182209224
811, 112.47426584193869
1805, 112.44417059895189
809, 112.37043012110347
2335, 112.32510214214567
1363, 112.28958533145412
519, 112.28118171643831
869, 112.24886426863338
2155, 112.2473640167727
1157, 112.2179604032479
1283, 112.21730702664006
3011, 112.18149169966948
835, 112.15249919998313
2363, 112.12862760970644
2886, 112.08636625591068
978, 112.01078745642518
915, 111.9723440518332
1313, 111.95231605451363
2137, 111.88000240042795
2253, 111.84236040774417
1797, 111.77581731585488
1923, 111.6974855391622
2118, 111.6595628578348
1955, 111.65524246778199
1917, 111.58778854909377
1592, 111.56940748949316
2885, 111.53716265375844
3451, 111.51300104765717
308, 111.37788903403619
2234, 111.35483238793864
950, 111.35470045131822
1924, 111.34382717393912
587, 111.34269901149521
1988, 111.33619890815756
348, 111.25148842437345
1945, 111.23421955258819
1334, 111.21063788435504
493, 111.18579298122243
995, 111.14659420170757
1338, 111.0996338822843
3023, 111.05733178665552
359, 111.01449445730155
2371, 110.9438849619098
1609, 110.9196879704439
322, 110.9183625379692
310, 110.9183625379692
1337, 110.91673124309204
758, 110.81163535959826
1546, 110.81026945632077
592, 110.80751797205039
749, 110.79322955777295
3449, 110.74835527727645
921, 110.68392572190344
2892, 110.68324957498328
833, 110.6684879107394
2887, 110.60329542801506
2729, 110.55366295034378
2368, 110.547542311842
610, 110.53891316420055
2182, 110.53450320411818
355, 110.48322299008917
1552, 110.46180295909231
652, 110.4085067902398
625, 110.37297231345077
2848, 110.25347349426285
1816, 110.23998248297839
2838, 110.20876660173123
589, 110.1102300789295
1933, 110.10683546137946
1545, 109.9592606075771
1901, 109.8559976655019
1812, 109.85329864381255
1987, 109.75913756264525
622, 109.70234571637583
2827, 109.56887321937862
2995, 109.53115943285229
941, 109.49065077318555
2944, 109.47719008202665
874, 109.4622789617165
578, 109.43031064821797
1802, 109.42337385205694
1947, 109.38925295274119
3218, 109.378842707472
991, 109.37858512898433
2836, 109.35708934711995
1798, 109.32032861896434
889, 109.24487622037142
630, 109.23281625982078
1845, 109.1537738019963
1843, 109.11149666791964
233, 109.07329057397595
1602, 108.94774766516419
1000, 108.9417121762248
2001, 108.83838808431095
1290, 108.83328219768887
2316, 108.78267065042849
1763, 108.7457153850283
951, 108.66102652472473
343, 108.61933325021563
1350, 108.55768093233067
909, 108.37711804228329
362, 108.28927606982005
1844, 108.28399722612846
988, 108.28137063022719
1310, 108.2812549538395
1005, 108.17124631370748
2357, 108.13353138853236
617, 108.02233342307112
1379, 107.98975712375022
2896, 107.97791031544216
25, 107.8876816911871
841, 107.84624085605888
3121, 107.67389485645143
1547, 107.65453458061067
1384, 107.65242794995596
802, 107.58345498494599
1821, 107.54624581738452
2945, 107.47394063601885
1826, 107.32543714628892
1775, 107.2725293205643
1541, 107.26027257876888
2894, 107.22171717432607
2855, 107.13237428902579
591, 107.09246095792984
1795, 106.9982322935525
356, 106.71805129711447
1526, 106.65218342501011
341, 106.54438413051689
2402, 106.41649215867275
794, 106.17537091724952
1842, 106.0852547673852
2890, 106.07730992537722
1012, 106.0182393410629
1762, 105.99032408921336
772, 105.87079149248468
2333, 105.75210312334767
1347, 105.65978222953918
2248, 105.64779732839675
2358, 105.63855292462605
1373, 105.43693723434045
1355, 105.42388948404692
1784, 105.37298308411066
1532, 105.1301386368881
1931, 105.0044530929495
939, 104.87711873013762
1613, 104.634143065339
1542, 104.61972276760729
2935, 104.59198122184262
2364, 104.58968673994556
3036, 104.32406111266096
1616, 104.3076260972741
2904, 104.20712609843774
884, 104.14837230385574
1764, 104.14476443956177
2143, 104.07128195670408
1919, 104.06704151431116
629, 104.05638992029378
628, 104.00053525679637
1768, 103.7729965543877
3220, 103.6662448782256
344, 103.63028130090443
1781, 103.38074566268146
1274, 103.28322667596119
1190, 103.25666714022441
1765, 103.22748229071199
793, 102.354713481945
183, 101.6021990938224
316, 101.19346128739646
901, 100.69059831922425
1287, 100.23403391424591
1564, 99.95248589780955
1267, 99.47627217666034
3219, 99.16693753338905
1364, 98.84827987398405
3216, 98.61652152250149
3161, 98.52647028362883
3223, 98.09959277436852
3221, 97.16876051979949
3222, 96.90426967684517
3217, 96.32406870499953
1358, 94.51021105119005
1612, 92.70351587085436
