3366, 5010.985778227663
3372, 3932.9821899062604
3377, 3676.9652328187367
3335, 3669.4204946476552
3375, 3586.6727166145924
3333, 3543.8089777837718
3399, 3469.623728348695
3332, 3394.514488189303
3430, 3128.4147193966187
1961, 2933.659082024051
3420, 2924.333858509273
61, 2853.2693353592795
431, 2676.4922189898534
3117, 2619.6115606365142
1217, 2601.5911672331604
3397, 2591.282707121595
3078, 2571.5778214056377
3342, 2567.840821980666
3351, 2534.029369937701
3425, 2470.938044857868
209, 2451.2637141661185
3139, 2425.1032431502435
1974, 2408.4415468453903
3154, 2408.059653757515
1438, 2398.226068785647
3398, 2385.277859087423
120, 2380.4409830082086
552, 2354.377046661349
3334, 2335.895425179731
3125, 2300.6257918706647
3393, 2298.796621155257
3158, 2297.085955174475
2919, 2290.243090639906
1059, 2283.59005002284
3410, 2268.290113134136
3081, 2262.133819773196
3355, 2256.6237002720627
2769, 2256.0883509006103
2028, 2238.6505441565946
205, 2224.603406911564
1298, 2194.9072448433394
172, 2190.495247279188
3102, 2188.0458200513253
3338, 2176.915728499602
3141, 2163.189010611794
1099, 2162.959903406739
131, 2157.792560762023
1101, 2152.1645360283433
3115, 2141.5433415755724
3047, 2125.74364835296
476, 2113.801356106001
2752, 2094.3765555601008
499, 2092.694449723546
3131, 2089.821786011579
3441, 2086.778784812253
3124, 2084.8157247829677
536, 2055.240140651674
91, 2054.178671877729
1097, 2045.648562336114
2862, 2045.3830845474488
3003, 2042.2697733148611
2976, 2038.818517674355
3427, 2031.7475174238673
3087, 2031.6418646136547
2762, 2030.5215035596545
3400, 2028.4777317468056
1227, 2027.8867659583918
1088, 2027.8179894885634
506, 2008.3700397503828
3103, 2005.9970267638828
2304, 2005.8253463555716
2730, 1980.8226680433568
1257, 1978.3408632327523
3418, 1969.4145517474092
1096, 1956.671337858328
2978, 1954.8079468518185
2007, 1946.2347203091153
1070, 1941.3926927199284
2, 1932.799173155026
3337, 1927.3576894948271
3390, 1923.750988603783
2967, 1920.3078531595277
1586, 1920.1089711655256
201, 1914.790519773972
3096, 1911.828227967415
2421, 1908.2222633498427
3280, 1897.5437206121794
1253, 1884.3985606866602
3053, 1884.2701813938381
3109, 1883.8254094501804
3076, 1874.6961321012043
553, 1852.2274857343527
1112, 1850.982000583781
3396, 1848.2170423802263
1229, 1847.4260640822183
133, 1846.49775388768
1446, 1840.6621101507762
3074, 1839.1375827498575
2819, 1838.7847968440385
1042, 1832.5008727032448
2719, 1831.023315235419
3414, 1813.5940892948538
2975, 1784.8889847708053
2974, 1784.8889847708053
2009, 1783.7003165563592
125, 1782.443626672252
3371, 1779.6470090466182
1431, 1776.180505235225
1449, 1767.1506102245066
1148, 1764.0761955647315
3052, 1763.690497211649
1095, 1758.0370116450906
492, 1758.0090353460666
3153, 1749.5608629885335
1436, 1749.468664698998
1855, 1741.480546999653
3421, 1741.1295290261519
3127, 1736.5957705195597
1761, 1729.6319890763543
3086, 1729.2643876485618
3198, 1728.1899970078277
549, 1725.1184889921224
2396, 1722.621489808983
545, 1716.858863856249
2813, 1713.0980672387848
463, 1697.9641193090433
135, 1695.0491986803784
3339, 1682.477441094685
1998, 1680.5312763826887
1881, 1677.4877159755767
1116, 1675.0670707698982
3067, 1672.287271959441
3394, 1666.2345884667875
3291, 1658.5331105150362
2977, 1655.1850270176703
2392, 1655.0587644976065
1435, 1653.8551864436947
2960, 1652.2118912975052
1589, 1652.127768149603
1115, 1648.5910750830608
543, 1645.082312354506
279, 1640.745229310753
1246, 1637.2841666207873
1041, 1631.4003608751757
3330, 1631.2477489936944
3061, 1625.915041459643
3322, 1625.363591273145
498, 1623.4465025478842
3088, 1621.924877487867
3157, 1616.3821651955082
3196, 1615.5478327969065
450, 1612.7937722369686
192, 1609.9994801155822
1447, 1609.7222119092478
3429, 1608.679441537333
3132, 1605.8704996870044
2753, 1605.3298914642983
1125, 1602.817674354367
2796, 1598.7858966562044
3286, 1594.4706748436354
3368, 1592.2466388590694
190, 1588.3351643254748
382, 1587.474784925806
3028, 1578.8146296262546
1213, 1570.2611858819917
1025, 1567.436739791971
2815, 1562.515951298549
1852, 1562.0685145695695
2761, 1560.8757166081343
160, 1548.7076893287735
3369, 1542.2474057728332
369, 1538.8422140020878
1236, 1538.7543772150473
3116, 1536.7634143685766
2771, 1529.84433568984
383, 1529.2519341860507
105, 1526.2015253903737
1212, 1524.0329107128343
502, 1521.6568086331217
1225, 1514.281923445608
89, 1510.3103340040095
3104, 1510.243550959313
3152, 1507.5914970468243
1195, 1506.035767745979
103, 1505.4490788685139
377, 1504.1143553299905
1214, 1503.6484268600243
3075, 1502.755915280937
541, 1500.8894739871023
3373, 1499.187862252719
2065, 1498.3198342387054
3060, 1497.6998031601129
3378, 1496.9099424315286
1069, 1494.466731290345
1760, 1492.6369093228323
3395, 1488.0269121458848
3328, 1487.5142924641757
155, 1486.464840870085
3156, 1483.7214049293218
338, 1478.194648839287
533, 1476.153828615753
1241, 1475.51914164552
1107, 1472.481562471301
3402, 1464.2888141072451
1251, 1462.7816666469587
3048, 1459.407218597134
423, 1455.1273624466226
1222, 1453.0068962943578
1254, 1448.2439709255136
128, 1444.7257868941083
2798, 1442.8297002029053
1108, 1441.4716361871758
177, 1439.7839435536116
1123, 1437.9278878628975
1160, 1434.1254241134227
283, 1426.2992692458968
92, 1422.143217197119
176, 1420.7637974589168
1083, 1416.8917048300696
2770, 1415.6207621366204
1250, 1412.2315111171772
2388, 1409.4139854095906
1128, 1402.0718368897442
99, 1401.5911654111228
1973, 1400.9893784563062
3140, 1398.4139014177772
1773, 1398.2818144965438
737, 1397.2917713852535
164, 1391.7523561910243
912, 1390.7133720325041
1078, 1386.7450814155657
1857, 1379.283937622478
487, 1375.6970396489223
1811, 1372.5396362720016
2803, 1369.5042464407363
1242, 1369.3698837849201
1979, 1367.0177604303717
542, 1363.7350253879797
434, 1361.153100830785
1224, 1358.7590312015218
1145, 1358.7324894241096
3138, 1354.3558579372454
1149, 1352.242077642189
139, 1345.206808481434
2794, 1342.7284907379976
1139, 1341.2706727727648
1867, 1340.8599971371573
2765, 1337.454198516746
3073, 1336.8232045295604
304, 1331.847045672704
1441, 1330.93929786348
3405, 1330.0875806280935
113, 1326.7968372538753
264, 1324.7723744959299
511, 1324.4790656310768
154, 1324.1699581661524
2303, 1320.0167212990525
1856, 1316.400162563359
1176, 1315.739576102344
3374, 1314.119481891558
3137, 1312.8204895463114
1188, 1309.7176503615296
537, 1309.4421433307011
1031, 1306.141129897439
3356, 1301.9496507432
210, 1300.873864638071
3106, 1300.8563346252126
171, 1295.8859420411115
3423, 1295.87505521852
1174, 1294.637423945865
1067, 1294.4936506436393
550, 1292.2504443149307
3381, 1288.7446776419163
3166, 1284.9012456673001
1218, 1283.8110601213127
1113, 1279.3335072821474
197, 1278.7607808623864
1223, 1278.0079045017603
3406, 1277.3522862835107
3349, 1276.679665434912
2973, 1276.3412714361718
1120, 1276.2871723042756
110, 1275.9049750097722
181, 1275.5517845139696
1429, 1274.7906700226022
2818, 1273.7383995976352
3064, 1265.9189500970883
2754, 1264.3886214277147
3416, 1262.4814920780884
2958, 1259.8147237590872
1167, 1259.506639483879
1437, 1259.0537012042944
2290, 1257.0508639346683
3353, 1256.8886246983895
1030, 1256.5412083113852
1445, 1255.734984084965
1219, 1255.089236231102
1091, 1253.8053281071789
1865, 1250.0315994838916
3428, 1248.131520719016
2023, 1247.448145319358
2110, 1244.6605088976198
1978, 1244.2455418649383
462, 1243.6179219861212
2775, 1241.468832359703
522, 1241.4413395208182
179, 1240.147613879414
3422, 1238.5272938687738
3058, 1237.7705007983432
2990, 1236.6690686912805
3407, 1229.285646448878
163, 1228.5319372224515
446, 1227.8343608357611
2387, 1225.453915308318
1444, 1224.6232568605114
1996, 1221.1622020542966
1209, 1219.7739918553275
2399, 1219.6523375757936
1127, 1217.157161682204
2787, 1216.5230709904492
3126, 1216.2701395132283
820, 1215.5510642787617
3331, 1215.2066353444507
426, 1211.9632415866934
1607, 1211.7266139772023
2969, 1208.7221699732747
1872, 1203.630502701336
53, 1202.962983664053
1131, 1201.2782514883695
1876, 1200.001958053119
121, 1198.7023755140344
1245, 1198.1746527790508
1060, 1197.1492388044112
1061, 1195.9655189179985
151, 1195.6069514577325
1074, 1194.7269025744165
1094, 1190.6093381423418
1590, 1187.115447036646
2014, 1186.2229354340623
1175, 1182.2591187984945
3227, 1182.215497385311
3122, 1181.6147136655284
2100, 1181.047028163831
106, 1180.2885284573133
582, 1180.0843053721492
430, 1179.379066472898
1860, 1176.4147287222213
2972, 1176.2668477325556
556, 1174.8673639885837
547, 1171.056682066462
469, 1168.793716042457
1688, 1165.4927637197366
504, 1165.4464666436609
1593, 1161.9205966093464
1117, 1160.723413137314
1130, 1156.2779794338417
3436, 1155.7412402507207
1240, 1155.5703848116666
3277, 1155.3800496978495
3049, 1154.8882259772756
1736, 1146.1979256572838
523, 1144.2976461498886
619, 1142.9494075345442
2985, 1142.7747530509146
1248, 1142.6035503753133
736, 1138.547312316195
2398, 1137.508266213279
2309, 1132.5560019070838
3370, 1129.2227354105519
1068, 1129.1110942580706
1027, 1128.682319322557
1144, 1123.130846620922
3382, 1122.6873098453557
2069, 1118.0186478195094
1155, 1114.969528981209
161, 1114.2072133849251
2337, 1113.4240267780635
3340, 1112.4772151155682
2412, 1111.0105686775432
3376, 1110.5905888332068
2783, 1110.0113396996735
132, 1109.0920206354554
2080, 1108.377733040501
2968, 1106.015481626112
2717, 1104.386069193697
227, 1102.236039695419
520, 1101.7253955906335
1137, 1101.236947296112
1428, 1095.880850928912
2715, 1094.3441147342007
2915, 1093.2333394506747
1849, 1093.075628271482
1247, 1092.2502096933079
95, 1090.413805746069
174, 1089.9668838742514
2716, 1087.9983715339592
1220, 1083.828305726003
1678, 1083.512143374702
3181, 1083.010865976936
3077, 1077.7285335809986
1089, 1077.5469740419967
448, 1075.9903994060498
1147, 1075.6192833250345
2799, 1074.8520117812016
3155, 1074.3872144185148
3072, 1073.5315511882868
101, 1072.4152517858804
2413, 1066.1036724219014
1124, 1064.585436362234
1043, 1064.1946875024746
532, 1062.9779839944413
1035, 1062.6205979444683
2982, 1062.5380390995263
1141, 1059.4136642732499
510, 1059.1701107514255
443, 1058.6177032244564
530, 1056.4746523066542
3303, 1054.7714085706502
3070, 1054.1554118536885
261, 1053.8603847687425
1196, 1053.499828736521
1138, 1052.7830274796447
1226, 1051.8945228915986
157, 1051.0968152894343
2056, 1049.691112764717
336, 1049.3090457002056
159, 1047.753987787136
1201, 1046.8427006296229
481, 1046.3063700855278
1179, 1043.4764306759996
1154, 1040.823490795895
2984, 1038.1948793007152
146, 1038.0464933396488
514, 1033.1574413761973
1450, 1031.9293259248986
373, 1031.3819202767677
2297, 1030.6148735924278
1596, 1030.0910993385016
538, 1029.5259379217118
3089, 1025.9274284858432
2913, 1023.8261945470558
2268, 1021.5752233675163
3408, 1021.5385051664855
2792, 1020.2777863424466
3108, 1019.8175586886003
166, 1018.7132451630217
505, 1018.6614505530513
169, 1017.651318026128
2068, 1016.217281565229
262, 1012.725551669455
1531, 1012.6273137998404
178, 1007.9462468761785
1656, 1006.2545564134532
119, 1005.4626667691481
2918, 1004.0501300589043
1465, 998.6539297014212
1133, 998.2172049072384
1163, 998.102785064688
1514, 996.6985495831622
3387, 995.2606951464172
215, 994.2166218140541
3417, 994.1321004620964
1182, 991.8062008212933
3385, 990.2990222589722
1207, 989.9590363772859
3148, 989.0636492656448
3119, 987.4954393834928
2105, 986.8986905279141
1584, 986.494995272626
454, 984.2980060660043
1194, 983.0184309122957
2763, 982.0595142364846
2269, 980.1932012613106
358, 979.5198583278968
153, 979.193404949573
3419, 977.8351121712957
1034, 977.3368517253292
296, 976.6635225165838
3118, 975.2823903940251
1181, 975.2039940728672
2733, 974.9588229510575
1085, 972.4152262403585
1197, 970.7492434750359
67, 970.5408437890314
2417, 969.8236374449016
65, 969.7400773958641
2099, 969.5062425854101
90, 969.3663578611777
2411, 969.1261766120599
41, 967.6265938690906
170, 963.6325014321941
3046, 962.1626469994272
1753, 960.6082230348619
1911, 960.3225902978112
2414, 960.0401499089296
2347, 960.0071020277167
45, 959.9083908328085
3114, 959.899339460486
1261, 959.3774435768612
1119, 956.5310349288151
1711, 956.1469562615492
2800, 955.4535422688873
2265, 954.8251046752282
3107, 954.6887197257576
1230, 953.9233290434521
2302, 952.4067311061889
1430, 951.7612276908477
289, 948.3433116677118
93, 947.6683706074344
1962, 947.5094449810409
1198, 946.1258152297881
2400, 944.896327261198
2550, 944.7219201183767
3135, 944.0037577710276
2395, 939.9819198572657
66, 937.9960904110562
2382, 937.2199004268043
2384, 936.2026994036981
207, 932.927451406595
2979, 932.6657310351169
122, 932.6550645592273
2097, 931.6537521109706
1662, 928.7576206049508
1660, 927.8371065752247
1713, 926.3080589445572
2273, 926.1645417476687
76, 924.1432297067774
1040, 922.4936542787119
2777, 921.7122913812034
1208, 921.5064934717349
554, 920.630672155
557, 919.4052802303348
3317, 918.1040662816124
2071, 915.4082430873393
1588, 913.7556038928498
2022, 913.2448214393598
72, 912.8907626963025
267, 911.7720423616277
2315, 911.1805189486419
1964, 910.1395521339506
1234, 909.3801020628383
1603, 909.0336563826027
432, 908.3498608755149
3069, 907.7702886630032
368, 906.9183992674725
1193, 906.3862975384051
503, 905.9169580669254
851, 905.7474039016498
1262, 903.5695237246164
1200, 903.1124396072532
429, 902.560268190358
535, 901.4690425423365
1183, 900.0547899225452
3055, 899.6594724765743
1168, 899.507853384696
1651, 896.2805161275656
263, 893.7826446001287
1135, 893.1098716535048
1448, 892.0400099253974
221, 890.3550453845356
2983, 888.7607320125849
40, 888.1903530315961
3247, 888.1792681998845
1239, 887.9841278666174
1086, 887.7920949506134
1585, 886.8299731682272
3392, 886.3073858876534
2271, 885.4396967751525
1126, 885.4141124110708
1199, 885.2710502080095
458, 884.6755817045797
1065, 883.3578083652744
144, 881.5278265967382
3341, 880.7509432536643
200, 880.3849247679842
71, 880.1162103792974
2797, 880.0211105287158
2394, 879.4424063867154
397, 878.0904665889713
2344, 877.4697207698674
64, 877.4544640938901
1072, 875.6723607130904
1813, 875.0017198206518
211, 874.2865552595671
1299, 873.7305617213494
1583, 873.6276358510299
180, 872.8195275724044
1864, 872.3195821496369
202, 872.3009333620057
3401, 872.1031889280434
167, 871.8846629650747
2735, 869.9246204084733
3054, 868.3225588679592
39, 867.187266376602
2015, 864.62530688255
2033, 864.4559653633005
2791, 862.7306676165877
1066, 862.4321920017633
1075, 861.6492632764031
1440, 861.1318937759281
2966, 858.7519736323726
124, 857.0362222847734
3302, 856.5001705105298
457, 855.2139985357811
97, 854.452970956244
1667, 854.3121788085127
1173, 853.7854008492317
284, 853.2411936916675
1994, 849.1965931832211
268, 847.9764649537667
3437, 847.7126265138529
1301, 845.9839428427077
1624, 845.546412307978
1073, 845.455889106733
2386, 843.8518470434913
1136, 842.7173990284062
3275, 842.2170706212578
1866, 842.0680681326476
175, 839.9421477301842
2424, 839.6340149257873
260, 839.3972154346804
3191, 839.2536703213212
3388, 837.2235052373028
1110, 836.32180618013
3389, 834.7020964048862
108, 834.699388875269
3142, 832.8747449564515
501, 830.5603599829644
251, 829.6077231151506
2737, 828.8810809126536
334, 826.8442049503296
456, 825.7832384221427
115, 825.6971948332132
3167, 821.7481063660337
3403, 821.409291079929
539, 820.6300150072491
1442, 820.5589911425317
1216, 820.4649968019565
1166, 819.9570453267047
2551, 819.1661971491508
1676, 819.1138846478469
136, 818.9487691753084
70, 818.5040925494972
69, 818.5040925494972
437, 814.6970971983197
482, 814.0204016671448
2348, 813.1639008284488
669, 811.7272531597147
158, 811.2739514242436
2964, 810.9012536355942
494, 810.8604624340791
1215, 810.1541914407918
1134, 809.4963729705541
213, 809.260554745398
1597, 809.0718148002226
2986, 808.853599283719
1683, 807.7395833009666
2740, 807.5673260460499
188, 807.4729832108376
102, 807.0959220737496
2548, 805.834410019485
2807, 803.9100202340386
1180, 803.7444205581638
3379, 801.7625659384948
295, 800.3805397361559
2747, 798.5994109579084
1228, 796.8050909749578
860, 796.6550196831588
2350, 796.5257061776636
531, 795.5053760161904
414, 793.7939264663939
2963, 793.7514533995356
1146, 793.3687263836883
2378, 792.5548724424862
1975, 792.2617305009097
444, 791.1344787670774
642, 790.1114245290754
1610, 789.9357695182337
62, 788.9523056641639
2053, 787.9508541508297
1032, 787.7659885814732
671, 787.6590418414402
329, 786.4129307336685
220, 786.137951680114
1071, 784.4270733519086
1161, 782.4796313988131
3426, 780.344960864534
1533, 777.4445622309297
2961, 776.4154260502925
1848, 776.3528374163487
2971, 774.8042889657894
2764, 773.5727839280707
3189, 772.590368173187
1026, 771.8106840723378
3210, 770.7519724893675
2279, 770.737433785628
1658, 770.1404353629054
832, 769.887144259675
3169, 768.1833319731563
1851, 766.2199730423995
1233, 765.2261719411235
3205, 763.1246128962742
1132, 763.0957060320613
3179, 762.4751391165537
303, 759.5548866964915
96, 759.1590650484679
152, 755.267492720406
2380, 754.7754022624406
1202, 754.7685581530088
378, 754.0047594361255
3203, 753.0685746155709
104, 753.0601042461312
32, 752.520466863045
1186, 751.0930974065118
12, 750.8147255083488
1477, 750.7012357530917
3404, 750.1030261328121
773, 749.1369790950642
1451, 748.9836473117053
428, 746.594011234141
1689, 746.5485893428419
3409, 745.3967614721978
453, 745.3886527916119
3445, 745.1018397362227
333, 744.2895732815175
2050, 743.9695849838606
1169, 743.2150345734465
1462, 741.870281179857
1206, 741.8155768854923
2989, 740.8753072453204
3172, 740.3440323071605
1076, 739.7648718370252
2746, 739.7233747641438
2059, 737.7941732422142
1912, 737.4452830548154
142, 736.9630070984316
3212, 734.6503079503732
483, 734.1647751318214
2006, 733.9771255295432
1090, 733.8332197970817
3065, 733.6160024976981
2274, 731.7563318799197
1997, 731.635267794216
2277, 731.352535108153
3164, 728.0282250864663
864, 727.9252428744609
1252, 727.1624793846474
380, 727.0482326154936
2011, 726.801320545552
332, 726.4618257525873
2306, 726.2695645320856
1156, 725.9166108232271
2075, 724.2835103561769
2312, 723.1861262971477
1608, 721.5767376924786
1995, 720.810878176838
2772, 719.0884022138804
1980, 718.5444998392579
1187, 718.1247700537049
68, 717.855596817009
1460, 716.7922054728377
2267, 715.3555695774037
1260, 713.7939084943821
2260, 713.734917054004
114, 712.519647977765
546, 712.3830797068058
3174, 711.7264410386329
3188, 710.8955092049625
1663, 709.4847811191895
1690, 709.4346142087663
37, 708.8490305564808
1991, 708.0430392765685
293, 706.8592757018986
1143, 706.6933746131419
3182, 705.9883627286359
3010, 705.1696680517288
1151, 702.7002560306024
2010, 700.6215464423334
330, 700.598622752541
1406, 699.4397367856956
2790, 699.1857092714829
3149, 698.9393411127932
123, 698.4981237739449
1432, 698.4461512299966
2406, 697.4855444271324
677, 696.6182158909454
478, 695.7034653564199
3447, 695.4149555070178
1129, 695.002446454032
471, 694.6842750402616
3285, 694.1552790882041
2103, 692.4019259713267
3424, 689.6495339261946
109, 689.3014793911251
13, 689.1656573454367
3032, 688.647251716074
3202, 687.5058471631905
3298, 687.3849123456057
2018, 687.2921402408896
2295, 687.0953657955541
1189, 687.0641608245435
2016, 686.4257854982366
1302, 685.8939451835959
2070, 685.3572752884484
392, 685.1269823847801
331, 683.42364109378
2252, 681.2181400256761
852, 680.4981555272427
1634, 679.922185929202
2298, 679.0352838634359
3434, 676.6719876580905
1152, 676.337991242906
1170, 676.1469000007213
1150, 675.2129357457366
1178, 675.1380630473258
3004, 674.3984060928021
208, 673.7631788609372
186, 673.3075939987878
467, 672.504595188349
2026, 672.2586809614022
1963, 671.6255030748689
1464, 670.3953996169316
3128, 670.3785310527759
1456, 669.9280601716463
2786, 668.3447231288756
3281, 668.2765113359028
2408, 666.9830635435444
731, 666.5490524250232
2409, 666.4191883842282
3214, 666.1458755037721
441, 665.7866914433296
1111, 665.5268035707544
1203, 664.8374318447186
129, 664.3167256880752
2308, 662.8766230625021
1838, 662.851272229414
1259, 662.369965538632
2900, 662.1880510463311
2389, 661.8162788245313
98, 660.8784341932982
1079, 659.8186497740122
1600, 659.2971693837327
1693, 657.8151048455475
2088, 657.5286020875872
297, 657.2852366557527
3175, 657.2541743349975
3056, 656.8478063176701
2766, 656.7660092976513
1958, 654.3037944760737
272, 653.8169830378818
2774, 653.064289522911
2263, 652.8861967291944
2300, 652.7570251095827
130, 652.6041747973454
3185, 651.5470976469973
79, 651.508280065755
451, 650.9870422646159
2301, 649.7832462433255
2055, 648.4704590295433
3190, 647.1587672945097
583, 645.7441156708787
410, 643.9958605542981
3386, 641.1656671915151
464, 640.5312026166113
2817, 639.243307029838
365, 638.9167867455044
475, 638.9166560501479
2310, 638.7177274875644
2292, 638.6919320693693
1397, 638.4395792842937
1581, 637.6659332277163
3173, 637.3985355045654
1466, 637.2201513892068
534, 636.9277719355617
2029, 636.7766947646146
3300, 636.618480687053
2962, 636.4248992884765
1098, 636.1239887946763
466, 635.2858597160832
1632, 633.8646881944885
2381, 633.2446192719359
2863, 632.8928427509447
204, 632.7092780373436
449, 630.8943228784735
2261, 630.2708883613604
2356, 628.6011959521238
2757, 628.2901696544036
2296, 627.9084014750176
1077, 627.6239248953946
1263, 625.5226374981687
3110, 625.1783630435364
3098, 625.1517454208898
2767, 624.6347245361109
328, 623.5756431726744
1467, 622.874210874218
1605, 620.6951642104821
2801, 619.9694153826642
299, 619.9691478165312
496, 619.95266630248
2086, 619.7764837927197
738, 619.6104136057348
147, 619.4403627490893
1770, 619.2659624243292
3431, 618.7363698076075
100, 618.3508580876802
3208, 617.0994711797185
2224, 616.9255570855562
2987, 616.8665250964946
2351, 616.3544861677793
3245, 614.8927095548693
916, 614.3675246709429
2759, 613.2166947157423
2275, 612.6030907295045
3244, 612.2241238599124
3042, 611.3732962401314
488, 610.0643623221371
3057, 609.9858045109595
173, 609.1166259303749
3348, 606.2997722899379
2744, 606.1571917978035
2507, 605.3406853774825
3226, 605.0792553331751
2734, 604.4465774611265
1457, 604.2403111278603
2024, 604.1924859659265
3283, 603.573685567769
3440, 603.1000111597865
2109, 602.1269857748111
168, 601.5510718022472
1191, 601.3854160662572
914, 601.0270705499382
1153, 600.4756484868703
3292, 600.3811126016025
3159, 600.2627725844118
1587, 598.5396187408164
1256, 597.8855359570243
1517, 597.5075602050965
2920, 596.6831917903954
906, 596.3516944566495
2083, 595.2437321890515
3276, 594.7384525887433
2776, 593.692729842221
335, 592.6829803474998
401, 591.7761472233406
1893, 591.6407382493381
2861, 590.4941446999493
75, 589.8078582660775
2013, 589.6095810000498
3093, 589.4928286290608
1029, 589.0166094504367
162, 588.2591729297993
1452, 587.408956206627
46, 586.5183948508801
2820, 586.25140480016
203, 586.0487713615333
1850, 585.9024966518406
2027, 585.6224710593565
540, 585.4740958590703
1443, 585.3879967641449
435, 585.2097473230825
2352, 584.5845571400002
913, 584.4884486028458
480, 583.0092253587266
588, 582.3155232429486
2076, 581.3485741477824
650, 580.6000442334556
440, 580.56302687703
1142, 580.1903402775561
193, 579.8797297855306
2722, 578.9808666383817
1184, 577.8340188725483
1880, 577.7710809803164
1105, 576.8337946038242
1058, 576.5519406470376
479, 576.4843925816697
2032, 576.0770392365176
1459, 575.8898612556726
425, 574.645983500088
415, 573.4101213002172
1611, 572.7484728029935
2278, 572.3028592468681
676, 570.6277628195485
485, 570.4055563370013
861, 569.9585682833371
544, 569.5711936659799
4, 569.0296551645184
2773, 567.3709405337063
1100, 567.3564931831098
1870, 567.3055949945983
608, 567.2964511040534
1, 566.212845852173
768, 565.9625391162784
2748, 565.0250152704409
548, 563.2670903550113
2825, 562.3532918112664
2045, 562.12287215552
1675, 561.6568287816931
3297, 561.4565033764927
433, 561.3245178846529
470, 561.3234095707719
2407, 561.2983323744911
2078, 560.9362291994611
1177, 560.5869205061637
3293, 559.6640341603255
1140, 559.3967668263718
2091, 559.1820872139896
2751, 557.1611045170118
2223, 557.127063764128
1204, 557.0136618185866
2965, 556.8232693007768
2291, 556.5568251047837
1853, 556.2473065302955
862, 555.1111707772785
1434, 554.0681440731424
1433, 554.0681440731424
232, 553.4113274713588
182, 552.0603451723533
3209, 551.8018427112044
48, 550.5521218736595
495, 550.271797539602
217, 550.0442256709553
1910, 548.9471700376848
10, 548.1695173948699
2860, 548.1155228431992
191, 547.8952512552646
1159, 547.6877677918669
372, 547.2422393431735
126, 546.6590498426666
3176, 545.4279984499478
1316, 543.8143291595635
1172, 542.9490388367649
34, 542.6132960729511
1694, 542.432281090442
2266, 541.5336745529409
816, 541.3088149965866
288, 541.186549890847
1604, 541.0852214400866
468, 540.7081690420072
52, 540.4993275459337
1087, 539.9881502110825
562, 537.3197579772587
2723, 536.7751718357439
1993, 535.3633481013931
1686, 535.1485826754016
3083, 535.0965539014695
1709, 534.9236482413306
3435, 534.2922552178846
3213, 534.0200287718262
148, 533.9111682049995
1859, 532.1451262076705
1680, 531.3617447898115
2192, 529.995512446993
222, 529.9850960255808
206, 529.6735386670398
2622, 529.5330742452962
3071, 529.0759630365013
1063, 528.8784671899854
3079, 528.7159722738576
607, 528.24281601388
1661, 527.3829844441245
1235, 526.7735767295168
2020, 525.6119069785686
2433, 524.2539682314317
2988, 523.3759610997553
1732, 523.3516996927236
3151, 522.9394060622732
685, 522.9112071561975
56, 522.808374898377
2354, 522.5851964490344
3006, 522.2797200855127
3287, 521.8757691235252
117, 521.2808412187725
881, 521.0921828050547
1255, 521.0765605174452
452, 521.006800461325
1381, 520.0452528152321
2768, 519.7488874178256
51, 519.317291959597
189, 519.2774627953191
3259, 517.6448610877444
2272, 517.4846919103247
2257, 516.2427793348365
3234, 516.0369580265827
2276, 515.2134134916981
637, 514.7567718501147
1221, 514.5599943610339
1719, 514.2905064075462
1707, 514.0245890539802
2802, 513.0316680152148
1666, 512.0961347227399
2270, 511.9649045055522
2019, 511.5669229985005
1237, 511.4366125096893
3084, 511.2938199088044
1913, 511.1809042877216
670, 511.0994196050195
1914, 511.0720074808263
1521, 510.37635181181463
2981, 510.2321280286104
274, 509.30887028787004
2025, 509.1093252401352
3199, 508.70709983836196
424, 507.8949325761883
1800, 506.16968847054346
1062, 505.7312899573314
1102, 505.3086742192646
1513, 504.30914345085483
611, 503.95318281468104
3310, 503.7789077428283
2343, 503.67887669633615
3050, 502.43706470564643
3051, 501.8219279741468
1502, 501.0108844850128
2307, 500.0852643875637
2731, 498.9063798019766
198, 498.5831741154869
1243, 498.1769246316867
2810, 498.0970466721979
3171, 496.8569318210079
406, 495.99214936234773
2391, 495.53548491754395
44, 495.5047429256205
389, 495.3425962397707
194, 495.2147871918974
1518, 494.8007731986367
2238, 494.56498459720456
3315, 494.1868321441524
3246, 493.50043486282283
3274, 493.42039312874317
1244, 493.06893805649895
82, 492.74341609907594
555, 490.6046599820058
1002, 490.35547011703034
1033, 489.6242501328212
2741, 488.27000607877386
2419, 488.20260507737925
381, 487.92038971256545
7, 487.70543182273633
1249, 487.64217540398425
376, 486.17557777408723
3192, 485.8580207875792
447, 484.68528229463305
521, 483.9003334465358
1814, 483.67742260584646
2857, 483.6127104584298
140, 483.2203289865976
1454, 481.79087290532476
2218, 481.26934478833056
1742, 480.6264447942205
895, 480.10637951441885
3236, 479.8549979101673
3439, 479.4888506764923
2005, 479.2916549754482
165, 478.9423807809637
2311, 478.88855824148294
3336, 478.7622593169758
515, 478.5144041449371
3178, 477.8191318062093
2294, 476.72934647460227
2286, 476.7163848179175
2811, 476.655635538279
651, 476.46946092064934
143, 475.5131792666954
2795, 475.47072472685784
1785, 474.7912612424075
1720, 474.39134825375555
266, 474.3523469567517
3241, 474.1719136050024
228, 473.42335470104524
74, 473.3739965131152
2108, 473.23082835682004
3413, 472.87551361643966
654, 472.3057461428105
1738, 471.9823242680084
1024, 471.84689024087265
2285, 470.387781477691
1677, 470.11743290880423
326, 469.9774217591644
3278, 469.50089086915705
85, 469.2240852248376
1515, 468.99696647423525
580, 468.60028878584654
407, 468.1051909921111
3092, 467.68160329494134
2951, 467.1012794306418
112, 467.0628800037614
1854, 467.02143379957494
275, 465.79213454343363
3204, 465.66919184405026
2808, 465.0204518172393
1084, 464.77908093832224
2546, 464.51225497343705
1788, 464.0944072132732
3432, 463.2598264896893
678, 463.2114768153381
563, 463.204339116404
3133, 463.0433256047042
953, 462.9036013539041
28, 462.6017415597501
2041, 462.59773090751906
2736, 461.83619085947174
3433, 461.77805880607116
680, 460.88233976439193
2106, 460.7001353211304
3144, 460.0280868235016
3062, 460.0104879663427
2832, 459.8899211748909
885, 459.6425675072906
641, 459.17178384317367
134, 459.04754932002
1687, 459.0325926390772
1771, 458.50877899864736
1461, 458.40087810768085
47, 458.12904747903025
3384, 458.09040829772226
3170, 458.0731877896434
1082, 458.0023097887729
379, 457.7542755467615
2483, 457.70460545016545
445, 457.7038263644119
3059, 457.63136665200653
2549, 457.43426279910847
107, 456.55645597468055
1324, 456.12879946947794
2749, 455.94709366007936
1725, 455.9064658102105
57, 455.74082853009804
2259, 455.6816578239375
1121, 454.78284901687863
3095, 454.5056408994102
2630, 454.49019058991547
1122, 454.1551427826001
2805, 453.30442500373334
294, 452.3722097777785
2314, 452.16063395982
1758, 452.0382182025031
3380, 451.819734795945
1877, 451.45379955583934
3194, 450.71753164778806
3211, 450.6750062752465
613, 450.44524360972036
3101, 450.16614837596603
3305, 448.6843825921792
2034, 448.59429011255395
1638, 448.4539293278318
1794, 447.61614175696093
2793, 447.20305853060677
1818, 446.8673591554323
1627, 446.4546493137509
3186, 446.4353273009123
2003, 445.7411932394229
823, 445.72103276733844
1722, 445.6315307194498
3143, 445.56602483953435
0, 445.2123277158531
402, 445.099109699191
3197, 444.9291435372482
2651, 444.3824973617152
237, 443.9983433142853
2666, 443.8665335356251
3350, 443.3914180231993
3206, 443.289613561854
3304, 442.36473435437057
2999, 442.23709246057035
649, 441.98222353777174
3, 441.78931634164
2789, 441.662998091596
2454, 441.6396917681421
2513, 441.56488325535514
826, 441.5517015493559
300, 440.5698157801738
655, 440.44408248324254
3039, 440.38775718937785
2505, 440.1773237285505
1685, 440.13853856974845
1646, 439.614236631914
1081, 439.61308982303166
1238, 439.4532144427686
1439, 438.83758558151834
1669, 438.80711463567667
956, 438.6620086758041
1162, 438.5283874116976
35, 438.1320660410784
1746, 437.9033532202237
3312, 437.4459046383402
2280, 437.14330887580036
6, 437.10899306880657
1718, 436.938686805738
748, 436.8150644818195
1205, 436.5014365519722
9, 436.4921044842607
2385, 436.40426709796924
2203, 435.6800891215688
77, 435.5145114387088
427, 435.37484814473225
3163, 434.8235137204344
2355, 434.6392660763928
141, 434.33869259415036
1729, 433.2427828962191
814, 433.2340793269026
116, 431.6083940532331
663, 431.28100855852665
3235, 430.80614591320557
3443, 430.61913403793113
298, 430.46075967856046
1879, 430.2279524868043
473, 429.4273374313394
2288, 428.85086311996264
3284, 428.79063369634287
3327, 428.6480907873259
2104, 428.54852045638694
30, 428.1252131171719
1625, 427.9365943501731
2191, 427.8425862874513
2240, 427.7984630808323
3200, 427.70735507132736
3009, 427.64372235006954
3040, 427.5152202992541
2320, 427.3243250707656
2508, 427.30076452352483
3294, 426.6590100322822
11, 426.5850663193581
3289, 426.3752907066765
118, 425.23409072377416
1695, 424.9406963539444
2048, 424.9318760471828
679, 424.9257032273611
1708, 424.86829933473683
408, 424.7456388416303
2415, 424.6585785185327
2491, 424.2799684051813
1231, 424.00111086148775
524, 423.11728102355056
3017, 422.7898246914754
643, 422.4827980313397
2210, 422.4805341573626
2002, 421.34687894304557
2948, 421.3412783671422
1874, 421.1248332679492
1970, 420.4560288352545
3243, 420.05911229057574
3147, 419.29060498470943
3134, 416.7412595472692
2093, 416.56414376554443
509, 416.3584752189397
966, 416.14749802240755
42, 415.22798440296026
280, 414.75720129022875
2442, 413.45278064638137
3354, 413.2415501806786
3120, 413.0581334220875
2258, 412.97621248411014
2721, 412.87732946263134
84, 412.56328531803473
2404, 412.4279042569759
282, 412.2859675230129
2379, 411.4670670510451
2583, 411.4004014407419
73, 411.2458395275344
281, 411.1756086723678
1232, 409.2237031490706
1309, 409.0516628406148
1641, 408.9677242251554
2566, 408.3833112680735
733, 408.3499802732812
745, 408.24153695985524
439, 407.69324443723184
1747, 407.6540931515788
859, 406.6370910123704
1756, 406.6244582939687
1258, 406.5262503481582
2742, 406.49551381319594
491, 405.58787475339955
1516, 405.11152467814605
1875, 404.71484455892517
732, 404.3003848538153
2416, 404.28948351441073
848, 403.9340383682729
1004, 402.87029639680054
2824, 402.77009203900985
1698, 402.2134296007315
3314, 402.0184210412369
1723, 401.95031987908544
1509, 401.1817267203099
634, 400.6549175994469
3184, 400.55742044858357
5, 400.50332560399227
1104, 400.4203674571299
2008, 400.2992814319509
2338, 399.6081489688782
2021, 399.51031899003897
2208, 399.50598003497277
1717, 399.44887269980165
2153, 399.2815623320721
1971, 399.1635185816608
2671, 398.84304661784745
838, 398.71871452634895
455, 398.481585245855
2889, 397.6738405481949
219, 397.2469604866861
1410, 397.1098661658469
735, 396.94869890150284
8, 396.7462157236926
1740, 396.70054972150376
2917, 396.2250978862515
863, 396.1324639715504
1647, 396.1062409789761
2393, 396.02938272581815
2878, 395.80840136425695
88, 395.70982468378764
3082, 395.57003542112795
699, 394.992993769928
2823, 394.75060032095143
259, 394.7269755598988
2524, 394.575869305786
2784, 394.4988858107742
2696, 393.7623412016137
302, 393.3494790310518
2287, 392.6328556391469
2780, 392.4707450597172
1894, 392.0789250970083
2134, 392.0717799528038
2553, 391.79513177116013
3146, 391.55823970043934
1868, 390.955631036006
1940, 390.56489561469624
1939, 390.49872690389026
460, 390.49043938558856
150, 390.4811317653009
58, 390.246678059364
2587, 390.20250714440226
1484, 390.0111653602045
2039, 390.0085577086528
2353, 389.80566997767863
512, 389.4337469518651
1106, 389.2828586780051
1824, 389.11143812259735
2688, 388.9784345104411
2211, 388.9431114419597
1731, 388.9327091337314
2562, 388.83548932104287
94, 388.8226619295797
2755, 388.21426165823914
1644, 387.86202266162644
265, 387.214241089038
1682, 387.14190228734174
734, 387.01204416645174
3352, 387.0069892457163
2816, 386.7478007904115
513, 386.4466245246717
2864, 386.38002182239967
1057, 386.3153607550558
3150, 386.3028057489711
1968, 386.2502071048129
1714, 386.05647860722706
757, 385.8284259117938
3162, 385.7519512513164
2788, 385.33331814958893
3264, 384.20168492603415
3444, 383.5345502391333
788, 382.9009290018961
3215, 382.61059569598194
1171, 382.46547694074917
1726, 382.33246620690704
2098, 381.90582371242334
2782, 381.85818305948754
2645, 381.64468348072376
2758, 381.3716769703157
2705, 381.2742044383091
3239, 381.0447045662516
1739, 380.9138857014218
2158, 380.84979604477815
1574, 380.75071770017144
2244, 380.5766652685673
3187, 380.55965254058316
551, 380.4148734692391
3324, 380.1865009125629
1871, 379.9901104543501
1642, 379.93925529045356
2217, 379.90401314950594
145, 379.83564323896053
2610, 379.7205606941894
1882, 379.2902040977416
518, 378.9575664927298
1951, 378.9507586283276
1858, 378.7152050421069
2812, 378.6067108270821
3168, 378.1195573314853
1626, 377.20940225399875
87, 376.9173399438027
3248, 376.8427604195705
2558, 376.80658522443986
2242, 376.48686415847067
2305, 375.9795339439114
1643, 375.6369893673022
1705, 375.01294910011376
398, 374.976843391085
3105, 374.61854030022914
1562, 374.5188229404637
682, 373.7391910126832
3183, 373.6904096123837
3123, 372.6880072773321
214, 372.42216874531573
3290, 372.31826596258884
225, 372.1776826133772
412, 372.12740373951516
2017, 371.5437438585422
3063, 371.3527229729761
3000, 370.96671766014094
2004, 370.6111149782126
2559, 370.26726314691894
957, 370.0423613483032
1715, 369.8650947987571
923, 369.79745688042823
1806, 369.69670852682566
2193, 369.4638806443825
561, 368.8348089352138
1703, 368.57153816938546
965, 368.5435851621556
3225, 368.31707256764236
3255, 367.8437525211214
3041, 367.757266408665
1185, 367.64661485036356
2536, 367.52408433468116
3415, 367.04052998541914
2101, 366.8190779428824
2607, 366.46683545751995
626, 366.0397645561632
2514, 365.802459620649
2473, 365.7518836602396
1752, 365.51699207462997
2152, 365.4206520462884
3129, 365.39464153503724
1755, 365.132118864798
3090, 364.84712039809165
291, 364.7627654169772
1630, 364.12760514220184
2694, 364.0512122911009
2856, 363.98626608955396
156, 363.85452004777585
2781, 363.8069402717067
2710, 363.69203456073893
1418, 363.35945270439277
409, 363.06707173252613
1721, 362.7153487289028
1003, 361.7994790103264
3279, 361.7511561403073
2030, 361.2765489671539
1892, 360.72056967074786
1572, 360.59142139529655
2571, 360.49556988793717
2690, 360.080799807484
2620, 359.490564396829
278, 359.47432773513884
3066, 359.2081253590486
29, 359.16612649098016
1907, 358.98372456900626
2859, 358.8417253536856
1692, 358.7530911140634
1576, 358.7194046336253
1810, 358.6464983538575
3080, 358.21735512633865
1712, 357.8357126751872
250, 357.0767568430207
399, 356.48992581412534
1869, 356.20880285075634
2574, 355.8921851961473
199, 355.7289194560033
681, 355.683237492384
2102, 355.3007358370227
2207, 355.23359557894076
3299, 355.1766480897711
255, 355.0420673037269
2640, 355.0150736683653
2686, 354.8969494416369
3130, 354.67282975420176
803, 354.6184651167445
2806, 354.5546224697174
2677, 354.43673506035077
3318, 354.1291091327862
2390, 354.0076311238812
2429, 353.97071565206676
2170, 353.95931104395333
2779, 353.8610957409482
917, 353.77038557443456
385, 353.57415840319874
744, 353.552609184703
2650, 353.14909617975985
1780, 352.7798768452448
2180, 352.63671197328125
2653, 352.5950640664386
2657, 352.3203818034156
276, 352.1929339697313
2205, 352.17377120758425
2991, 351.9801940178196
3207, 351.8733518428571
1710, 351.8176048640761
3025, 351.6566796478376
216, 351.43452088708034
1733, 351.2670849186708
3347, 351.21748568521144
791, 351.08906317328433
1701, 350.9643474584738
353, 350.89009723941746
1269, 350.7140474246032
1573, 350.07322186465467
19, 350.03523851934244
3306, 349.9884844718134
1210, 349.7805594364572
2124, 349.1826972677935
2814, 348.79795421820506
786, 348.4881304471179
395, 348.33762968926146
2135, 348.2766480355573
3111, 348.26219143785846
3269, 347.59895983814255
2756, 347.2534049652358
234, 347.1241044027926
2624, 347.10686664698005
1966, 346.9559171467015
404, 346.93766892563104
1631, 346.7086957261056
1735, 346.3581307224094
54, 346.2754477654222
2785, 345.79413872515596
727, 345.77521887980976
254, 345.5774097582638
3099, 345.4489782273995
1744, 345.1093611167161
2649, 344.8642564275682
1716, 344.61039559523346
2525, 344.43588174856563
1884, 344.3154521737737
411, 344.291916271663
1640, 344.1654206596687
1628, 344.08126769732786
2497, 343.6387006070762
1776, 343.0405692586017
647, 342.7921156291444
1028, 342.77935813987574
21, 342.6571613140123
857, 342.5432581844027
1039, 342.18827639845546
1748, 341.9795242166439
2293, 341.6877776763888
2683, 341.4424246578407
2703, 341.36837412028206
3016, 341.31443772425064
526, 341.22112330170495
686, 341.18015309197233
2745, 341.09867030043745
2712, 341.091686617221
2262, 340.7024665618252
2561, 340.65789804510223
400, 340.3139857832274
2111, 340.0373307807498
2096, 340.0373307807498
2652, 339.88190122402244
2520, 339.7911975507883
3020, 339.41686713000337
2572, 338.5846029713666
386, 338.5821350515554
3018, 338.5550293739524
2853, 338.4095315200629
2435, 338.3746245846176
2428, 338.3746245846176
746, 338.1154535055421
2236, 338.0863215489594
1684, 337.7658784174727
615, 337.38693339105
2601, 337.3316198970717
2720, 337.08765107508617
2621, 336.95862396952515
2289, 336.86062013706487
2641, 336.67499008048827
3316, 336.5117500859313
2656, 336.48746345682383
3383, 336.27213987904855
1670, 335.9847342064093
421, 335.7423960865287
1463, 335.73722516571985
1672, 335.5835322564238
1659, 335.4590287787544
1543, 335.0719450483227
2527, 334.88172847946754
248, 334.6381052397591
1873, 334.41519674086766
3029, 334.324024155358
1891, 333.583250501491
716, 332.92562769537125
579, 332.85764727148484
2340, 332.7808911800779
375, 332.57292272940276
3323, 332.46107453243445
2646, 332.3258473729685
781, 332.1041377492558
2318, 332.0032208816098
3265, 331.80122852078875
1885, 331.7896659296984
1741, 331.7235558844479
1645, 331.65103658161956
3097, 331.4462760090604
3201, 331.2937483571235
2953, 331.2161960134853
1700, 331.2078075723712
1567, 331.1525422274017
50, 330.91234826584304
2936, 330.68290426955537
127, 330.6650323388607
1730, 330.3774598443369
2157, 330.2415138623901
2738, 330.09515002062284
3112, 329.9106289012633
1668, 329.8521950428713
3362, 329.8364461055301
20, 329.75582853332577
1633, 329.5073386348939
2212, 329.4881650288621
1306, 329.39575688695174
1617, 329.20758607593956
1047, 329.16301169401623
1743, 329.0388497724016
945, 328.6439634708467
1671, 328.1024529075371
2568, 328.02641503708014
137, 327.9902580723079
1699, 327.43185432483654
1356, 327.093465044053
287, 327.0233526052999
3136, 326.9467284788929
1525, 326.7641628444848
1653, 326.63427088017465
2580, 326.5973996376847
2194, 326.5432335994167
1807, 326.1598001690048
3295, 325.7679655473697
1754, 325.72675907624057
1999, 325.64009789747973
2187, 325.62320867418725
2959, 325.58619126176234
2997, 325.4142086527696
2383, 325.3501489940415
1665, 325.1403414871636
3288, 325.1003621635764
1724, 324.9672297406202
2608, 324.8830839473943
3442, 324.73276247221474
2196, 324.44605296599025
1657, 324.0762145900734
396, 324.0622569066961
762, 323.77722745694746
1943, 323.74564335751506
980, 323.65229595903077
321, 323.541751367594
2668, 323.35770924701126
2243, 323.3510244032517
1822, 323.14808369517215
2681, 323.07764375295085
249, 322.17595074257855
612, 321.9858160237957
1615, 321.8485590724304
981, 321.11161403390446
717, 321.06990211328866
575, 320.7940079915879
2283, 320.76741213307764
1706, 320.5961368052526
2635, 320.45799025849254
218, 320.43041501496475
961, 320.3509868540115
527, 320.23823598164114
2188, 320.2003016691716
36, 320.18947039601426
2195, 320.1160699672297
1941, 320.0401068968855
1745, 319.83491135886396
2179, 319.81928457809784
1336, 319.7156713140252
2438, 319.51990894158575
1629, 319.0835311096235
2726, 318.9955954623189
3233, 318.80431384703
1985, 318.69940948328497
2485, 318.6294222082742
844, 318.4909370753143
1637, 318.1034609934005
778, 317.9873854872773
3232, 317.7525249109428
3311, 317.74850223394327
698, 317.6106905584602
2592, 317.0802743261566
1650, 316.91000255802976
825, 316.8908967050593
2993, 316.6667262293693
1734, 316.25135766564273
1967, 316.11449929918757
1023, 315.74867772923784
2466, 315.40414014546906
2449, 315.1530964120773
581, 315.12691090002846
2493, 314.96709976890446
2160, 314.9570720496677
2204, 314.9449338682018
508, 314.8872148011556
27, 314.7889000080347
2451, 314.3027665816506
2563, 314.1238485291541
1571, 313.78693759596814
1681, 313.74238361613993
2533, 313.6369353514035
817, 313.6068500464562
1728, 313.4372003079853
24, 312.9770050175085
1639, 312.86021127688434
1575, 312.7191081774354
1649, 312.6512889301401
2189, 312.49225596754457
23, 312.42803397612914
743, 312.3987132722184
2697, 312.33554872889215
2142, 312.26231776417546
43, 312.188154328835
2597, 311.7334429224323
3254, 311.68542651610187
2658, 311.5030457220022
1697, 311.3005151628597
600, 311.02211397709505
2949, 310.9898395137192
3005, 310.9037035172838
2360, 310.57187148857366
2397, 310.1669574729584
920, 310.16500582961135
1727, 310.0934277022504
243, 309.8450570619222
1704, 309.84031363476
2095, 309.60112312568646
3319, 309.41196741634485
1648, 309.33851821128326
1679, 309.2871081288306
1279, 309.22707661953706
2339, 309.16462674087853
2879, 309.1204464301173
815, 309.0055490113538
2456, 308.85376934623196
1114, 308.83554924406764
3094, 308.76544451489457
960, 308.74357758580896
1803, 308.5530742679527
787, 308.49860553325846
2575, 308.48351485158537
969, 308.43443972277754
955, 308.4317990664181
2362, 307.936787954782
936, 306.8675219764024
2486, 306.71893017044493
2239, 306.6485934742569
2611, 306.08340107011674
1691, 305.95576863419006
388, 305.638824201405
3231, 305.2475956267523
1749, 304.8743104353096
247, 304.8733630911084
2145, 304.40438944849706
195, 304.3436278204357
1623, 304.19153879438306
2235, 304.0576646678769
80, 303.8353762014382
1038, 303.58323294947115
560, 303.5522568387589
149, 303.44849668790147
212, 302.89341780774294
808, 302.66593882322115
497, 302.6046351579346
922, 302.45758623915634
1412, 302.3025780757125
2431, 302.2391262749892
2845, 302.1672321219196
370, 302.0417874537742
1037, 301.57531080930687
252, 301.46468212347395
709, 301.29340182215407
2220, 301.11206526867835
2167, 301.01971939022707
1331, 300.8363175170731
2185, 300.64598587807905
2214, 300.29403865594327
2434, 300.23296763969336
474, 300.21817664681
2461, 299.9003412365323
2528, 299.5488953407016
2475, 299.3906235106353
2589, 299.29537825437336
2829, 299.28207368517906
319, 299.1559978070281
2604, 298.8443598311768
2365, 298.7195595996719
2648, 298.6889264384318
3320, 298.16490059746883
528, 298.1059028512023
2828, 298.05210308157575
2655, 297.8047395553187
1702, 297.36896160857424
2122, 297.3540426278166
2282, 297.18002490646694
691, 296.9453410451109
2453, 296.89641523979327
601, 296.55473107182365
964, 296.32756897938316
2087, 296.31525475134845
1674, 296.290811280964
2907, 295.98759122686545
574, 295.97580944995525
1889, 295.8340290143459
1473, 295.78534291358625
1696, 295.69379390287037
1751, 295.40369468243466
242, 295.2554093761504
3007, 294.9384433583771
1371, 294.62232902035527
2184, 294.53669314630395
1266, 294.2562190564672
585, 294.21594516219784
2846, 294.13582895799897
2139, 294.0931180839142
594, 293.95381788726684
1840, 293.93048537021593
2226, 293.75801676585934
804, 293.62802370399777
405, 293.6132530727425
999, 293.58675927746737
2427, 293.28087110582715
2778, 293.21028783905257
789, 293.1709418545172
2181, 293.02344605370024
1636, 292.7410004877779
1523, 292.30919596041934
138, 292.1463053297905
2877, 292.0624125629846
903, 291.89495433462355
1308, 291.7878880775782
417, 291.67562264228394
2612, 291.5353178985667
1635, 291.51232139068713
907, 291.5121335546819
1599, 291.46343527699986
2858, 291.12318671411447
2996, 290.8314091119332
2219, 290.7601027330083
3195, 290.67222156063934
2484, 290.27919431228145
2422, 290.2691886754988
2905, 290.1548883896626
2980, 289.9434012310126
1314, 289.7771296546932
2231, 289.5620944284105
2992, 289.49501801297225
1424, 289.2771248022625
856, 289.1534027651451
2543, 289.0233075385424
1490, 288.9615675957105
2299, 288.8882246754062
2616, 288.7109553852445
1887, 288.4527178306838
313, 288.44676915315114
2249, 288.42739724504236
2177, 288.4112227113879
416, 288.2166874084895
2209, 288.0607349136946
3258, 287.9994939435111
196, 287.880133379293
1495, 287.73231218432653
2173, 287.60531831234044
1942, 287.33836900852947
972, 287.27764184764953
1737, 287.1875428618432
1839, 287.18342924373616
2228, 287.1626625966642
2673, 286.99695364127484
1750, 286.9635177088479
2623, 286.6978835330583
2264, 286.69074762662785
837, 286.3003865580953
2168, 286.29753697228944
1846, 286.14185733255664
586, 285.92416827149276
2693, 285.83559442288555
2564, 285.8195410734236
2809, 285.80861974099304
1408, 285.44437016726295
780, 285.34985694350985
1759, 285.18676848629224
2200, 285.1187129385837
2206, 284.741610913786
337, 284.6349989751983
3313, 284.49246745490126
2171, 284.4251500180351
1594, 284.39077100768714
2605, 284.33174924358116
593, 284.19287094291155
3229, 284.17640549203117
1823, 284.02753445436383
1487, 283.97413393892344
1790, 283.78375771853075
2165, 283.7703332828902
2531, 283.72836633581977
2679, 283.60892899206453
1984, 283.4951633664584
3026, 283.403758151498
845, 283.2204418411496
3296, 282.9380226626669
529, 282.8469909586988
2498, 282.7832261053957
472, 282.67467047185244
3228, 282.6715406216314
1577, 282.3580541102947
2334, 282.23862768656494
1404, 282.2109952333917
2345, 282.0290956114457
1505, 281.99151726392637
1957, 281.9521538231805
846, 281.91542068158975
2713, 281.88675538036205
3270, 281.56686884591716
3160, 281.220753702575
2349, 280.98216687104275
55, 280.9520377822829
2837, 280.91053718284286
1315, 280.9088488211128
1579, 280.66238186684666
1369, 280.52697715545935
2190, 280.4478677250593
2821, 280.41611754682117
1348, 280.3683883354057
558, 280.3551758192541
2346, 280.2316423857048
15, 279.898987413313
3267, 279.7886523999222
683, 279.65751447479204
1508, 279.62391782141873
2341, 279.48086890275044
2462, 279.2754148457901
2342, 279.24836823073707
1977, 279.06820750172926
1423, 279.06465415695584
3021, 278.99843101924444
1211, 278.83205272193106
2626, 278.75867708706085
1983, 278.5457450736597
2490, 278.51770013387585
371, 278.43891846642964
872, 278.30110815071833
696, 278.27943950719714
2492, 278.2637042943073
2804, 278.15173030259234
2094, 278.07429633864984
394, 278.0550507653052
1510, 277.63882197685876
2998, 277.59097841677305
38, 277.39228282532304
2687, 277.34720494764247
2570, 277.3282163784015
2586, 277.27340298451077
2256, 277.2348760354028
657, 276.8197114256478
2150, 276.81790212473794
1501, 276.72275578652096
1321, 276.63066845231054
3031, 276.4464306952079
1652, 276.2368874838098
1986, 276.08923008088505
886, 276.04131028758303
3262, 276.0313996729634
2603, 275.57532798304135
1527, 275.43376447657994
3091, 275.2619758789094
638, 275.2251447408595
307, 275.16691191340647
2113, 275.1402752534287
2519, 275.0804357778261
1045, 275.033593423673
3113, 275.0057781064118
1478, 274.9598992868195
2455, 274.91416702997356
1828, 274.53581563793875
2695, 274.53268284976434
2496, 274.49452504990023
1289, 274.3537964242324
2464, 274.22342086750206
928, 274.02908200970705
784, 274.0212449955941
2629, 273.9659441121002
2850, 273.8695455765586
2313, 273.82508448630523
2704, 273.7062587387874
1494, 273.667280851351
2852, 273.6313583152913
1488, 273.5211389498844
2692, 273.34588016490125
1481, 273.24282656945303
821, 273.1720825392163
2654, 273.0944934188057
1580, 273.0353150963364
1566, 272.9876349271904
2822, 272.97068689284725
2538, 272.90673715254223
1390, 272.8414231404223
1890, 272.68049938259725
1530, 272.67135706923875
1512, 272.5432926614153
2164, 272.5229254785629
902, 272.43133650455434
2841, 272.3242397608596
1455, 272.30534497020074
2534, 272.3003745737116
3193, 272.2058419030362
1361, 272.08542098376273
1001, 272.06656089814913
1322, 272.0039806049727
78, 271.77826420637416
1792, 271.70720181701483
3261, 271.53590516281895
2511, 271.5039832788399
1380, 271.4334273704888
26, 271.30184282106813
661, 271.2464660871947
2115, 271.24627944297725
599, 271.2434594850404
1820, 271.22865723900077
3180, 271.2205235453272
2284, 271.21103837386676
839, 270.9961883853097
1960, 270.84195949755724
606, 270.7803406413307
2606, 270.70392966387953
2707, 270.6788327428637
2439, 270.4082195326488
2869, 270.3951326628306
2321, 270.2148301281989
639, 270.1038903288884
2229, 270.0494141585158
3344, 269.86348835567554
1421, 269.84637185992625
420, 269.743006925256
2324, 269.6335057074026
1389, 269.5554728842827
659, 269.41612870495567
2675, 269.2574873402131
2638, 268.9903481580624
584, 268.9799940942584
919, 268.82057919169614
2506, 268.7557518683417
1895, 268.66489276707193
2839, 268.500455490329
1396, 268.32686428089255
1549, 268.22824341500717
777, 268.17510481585316
987, 268.12565730511994
775, 267.75840498021074
855, 267.6604073763491
2600, 267.61505640960456
3002, 267.5830011528937
1614, 267.3354948460756
602, 267.3037908556736
2230, 267.2347335364034
2522, 267.20254269135006
1268, 267.1500032454475
1425, 267.1497428233669
718, 267.1041998876289
2499, 267.0445661029282
2831, 266.87149099139367
3251, 266.74736611984576
708, 266.52917538252626
2581, 266.42354160341887
790, 266.4140904289147
2117, 266.38717274793567
665, 266.3719633183907
1655, 266.33289277708946
2359, 266.20089137001617
2120, 266.16578626873263
3014, 266.16252069019237
1557, 266.1435129412455
730, 266.0367442536783
2700, 265.99127190643514
3329, 265.9906808681073
1908, 265.96600787043843
2125, 265.80120904740494
1886, 265.7595436968594
853, 265.64532504372846
1622, 265.6028411318295
3321, 265.3709189910951
16, 265.2837425052326
2452, 265.26318785836247
993, 265.1769436609712
971, 265.0824252290053
690, 264.9439608627955
798, 264.6851224171698
1345, 264.1803564621552
970, 264.06817963015664
3260, 263.9715725335398
1493, 263.937265635767
849, 263.7935255376675
664, 263.7072084708569
3361, 263.6356648228445
938, 263.50874847197025
989, 263.50227822151084
776, 263.49362950317277
2727, 263.45422870762286
2479, 263.3165418338468
2644, 263.22308769025284
2851, 263.07914296782445
1339, 262.98368734917176
2372, 262.95158979439617
564, 262.9195257787963
2460, 262.91872652941186
2665, 262.58436312406684
2844, 262.51975757529294
2994, 262.42715708276626
867, 262.4073148915865
1377, 262.19055978733763
3364, 262.1287753598157
840, 262.1001354170165
1398, 262.09269017041123
3019, 261.9910382481802
2237, 261.8865276397368
1601, 261.7160432371844
2255, 261.67541714438863
2750, 261.5982270326295
892, 261.56333003587486
2495, 261.5439031448535
882, 261.4251553594974
2662, 261.4212321475318
1343, 261.3210103261564
2509, 261.142157545245
315, 261.03847862937874
306, 261.03847862937874
1312, 260.89387391305047
2888, 260.7481158974536
1330, 260.71835385150564
235, 260.6581393730507
2698, 260.5754588358335
752, 260.46634311148483
525, 260.4442513300212
927, 260.43081342642574
2079, 260.42589283385274
2760, 260.34814129067297
3272, 260.30587560834914
2488, 260.2720876422688
1902, 260.2530749973578
256, 260.2284976998493
2632, 259.9558409164326
3165, 259.92159915329563
1271, 259.8993172918758
2898, 259.7684263185555
1014, 259.7532867490638
2044, 259.7399402842573
230, 259.7190652135205
723, 259.68906872101184
711, 259.6703463661082
419, 259.6403932232203
1883, 259.63491221899585
559, 259.43775850844355
572, 259.2594717348561
1544, 259.21505994777556
850, 259.21056153156667
2908, 258.96692820129056
3268, 258.9541158570146
2440, 258.7900088779012
2361, 258.7276094371117
1815, 258.70282988686074
418, 258.6740017229585
1555, 258.2254973525315
1550, 258.1995554014059
2141, 258.19119293989996
2376, 258.111125366695
2162, 258.0832687683342
1920, 257.86428866511017
1561, 257.8131648717977
2037, 257.80965464922843
1295, 257.8017846566548
1539, 257.6587038522269
689, 257.5627194293132
1273, 257.4772360413509
847, 257.4608089092585
1825, 257.34671876873256
3100, 257.2385619253516
1368, 257.11086511357604
785, 256.8909019624114
2530, 256.700386141956
1959, 256.57595460582024
1413, 256.54806664070594
2116, 256.39071618861794
1378, 256.35534786891947
1511, 256.14224193554384
569, 256.0796599085708
2227, 256.0794311623126
83, 256.0355373335837
1559, 256.00946457208323
1926, 255.5157014934853
1474, 255.447767706806
2899, 255.3333453973167
2213, 255.26862113705397
1006, 254.73100312117603
577, 254.50888208145827
770, 254.4768218790992
1989, 254.3065072825307
573, 254.23657131515785
636, 254.07899476572467
822, 254.0400521103394
1847, 254.00887771208247
2369, 253.9676042126123
1804, 253.9545240927369
797, 253.84031908523255
2254, 253.82548406136843
3301, 253.71766382362884
635, 253.7135163736107
3045, 253.68505175966146
1285, 253.63877076556312
2884, 253.4786084026232
879, 253.38997175128924
2903, 253.32367717630206
876, 253.29236030049194
2714, 253.17246786314374
694, 253.06374925693518
2092, 253.0248507588829
779, 252.910701183486
1829, 252.78224163434353
2477, 252.6199147976437
2131, 252.47029627836568
2366, 252.44472837283308
2245, 252.23137037653822
713, 252.15713015179844
673, 252.1533290693581
2743, 252.09996193086212
2881, 251.85614516862074
413, 251.67721417651958
900, 251.5697550894888
871, 251.51244476596824
1393, 251.41648354570037
983, 251.35184695336574
2535, 251.21559870761763
3044, 251.19655109483793
3043, 251.17220036117092
2625, 250.96488407362372
1817, 250.88996158372134
1278, 250.83660360989043
231, 250.8066108711265
1500, 250.77928395677006
2830, 250.7121459398299
868, 250.6760120963747
240, 250.66549886673604
1422, 250.59343684305318
854, 250.54419766162584
1352, 250.51468274624858
2565, 250.50711366622906
1392, 250.47858053580129
1420, 250.45945455010525
918, 250.35592292442766
2547, 250.21311690195955
1578, 250.04666594453218
2970, 250.0411392283994
2684, 250.02934524847942
1293, 249.89844965144448
1830, 249.88664561304256
1664, 249.71255844927134
1427, 249.62212417433213
364, 249.51524204410418
774, 249.24755796284802
2166, 249.21587640381642
1909, 249.11933134194874
992, 249.06439260363135
3266, 249.02082786394598
2882, 249.0107372989251
896, 249.00486840016538
2199, 248.9168393804676
2401, 248.78986065414946
1480, 248.43096994010767
2670, 248.35089083967728
1417, 248.2344036674839
948, 247.9572944033932
597, 247.94539982582725
2121, 247.87946582523318
1400, 247.80588332602903
1409, 247.78916780811986
741, 247.67217710120002
1280, 247.553083170483
2198, 247.49912256397923
2444, 247.4542181869268
2537, 247.40180301057495
2598, 247.366223296188
883, 247.04149732380878
935, 247.03344848162615
946, 246.96627693099623
764, 246.72323593931287
1976, 246.7064900879788
2875, 246.6530328167783
3271, 246.57097351792203
755, 246.48385984387525
759, 246.23703212466236
1915, 246.22852851097
887, 246.13537524689204
675, 246.13452001702188
672, 246.1305010454298
2163, 246.10060557506702
1841, 245.985303322709
933, 245.95909966518616
323, 245.91038568569593
311, 245.91038568569593
1367, 245.8275047312763
1411, 245.81472920904105
1906, 245.81293721596177
1831, 245.80669328068566
985, 245.6850963662367
2154, 245.66807655804476
693, 245.66709807184571
2061, 245.63686291079085
1904, 245.51965096101816
656, 245.38343662473494
257, 245.30033123327132
1835, 244.9543378971592
763, 244.9407185694997
1791, 244.81941590699643
1491, 244.7075900596897
2138, 244.6524779580811
2634, 244.62762843243786
1426, 244.52429770099528
2423, 244.49946153701435
3357, 244.38205108601716
2897, 244.03037646498382
1475, 243.95060325740542
766, 243.85771706609756
1370, 243.8185907880812
2552, 243.79896842703693
2432, 243.7669291026442
1403, 243.69743919087304
1372, 243.36254645008566
924, 243.25912791123798
870, 243.14854792320634
3030, 243.12605317368025
2591, 242.97993832402474
2664, 242.97848077026802
2472, 242.95137930798398
937, 242.9112015501179
725, 242.59040635803063
1981, 242.35809307877076
963, 242.21182931843245
742, 242.21130605825283
1382, 241.9137721845108
674, 241.82954295667452
614, 241.8045980244764
2246, 241.75998640162936
932, 241.72918275912596
2891, 241.6305205121637
984, 241.5828586148952
2576, 241.5697311362756
2660, 241.5392937363421
2114, 241.5329774975093
1801, 241.47679294528137
1618, 241.3665854492348
782, 241.22472600512475
2319, 241.20358054430872
1036, 241.19563262529329
253, 241.12586219526898
2148, 241.06201826104137
351, 241.02113839288552
567, 240.91739179761524
2667, 240.91726836162607
565, 240.85726109673695
346, 240.7899660514338
3027, 240.75055995310697
2669, 240.6255023200412
2842, 240.59924277140516
2494, 240.55185991552256
2331, 240.48468282671524
1944, 240.46720675103103
2123, 240.45907348050417
1328, 240.40942441465742
603, 240.34913932605477
761, 240.2033169152061
2474, 240.1922071701973
2216, 240.19006203220496
836, 240.04265388750255
2699, 239.98298459843082
1419, 239.98053293051007
1934, 239.9627579156847
2502, 239.81609876281593
2501, 239.81609876281593
3068, 239.60645964534714
1498, 239.52102059377464
2659, 239.49927359823656
714, 239.48165981426493
1346, 239.3525399251856
1405, 239.3502009496802
2323, 239.29453385484732
1595, 239.20634665457806
942, 239.04889828874855
1018, 239.0219433488346
1992, 238.9398721339847
2661, 238.93044527920543
1563, 238.73174388488968
783, 238.694321649522
1927, 238.67341197155966
697, 238.53359619222542
2691, 238.50247520778387
2617, 238.47881370553702
645, 238.44804702595218
31, 238.31124112298815
1288, 238.21895812506824
704, 238.17488190174467
897, 238.1645970928806
568, 238.13337631927232
959, 237.98033882811157
3037, 237.96201785154818
347, 237.85703379459625
813, 237.84031960677748
2405, 237.8292435810225
1772, 237.82008423239506
3033, 237.81263734511555
986, 237.79718064991792
2631, 237.76315839899078
800, 237.7608493056344
2457, 237.71954176680293
1905, 237.68727226818
646, 237.6606514640135
1292, 237.65240944543078
312, 237.6305895380812
1297, 237.38501361380554
1888, 237.25243968852934
1327, 237.2475808730992
2674, 237.1575352790724
2469, 237.06452697045805
438, 237.05139120141763
2146, 236.97969958578705
1357, 236.9698796360993
1323, 236.8983338082296
2430, 236.8847178533964
3008, 236.8007729754418
1554, 236.79234855658848
2510, 236.78496442818357
701, 236.74217496431876
1458, 236.71940917571786
925, 236.71622289213346
1388, 236.64883388110277
2833, 236.57862390643038
1277, 236.57036294975836
1391, 236.4961328596169
2854, 236.4426009781853
236, 236.16710368643263
2614, 236.05431160494442
1374, 236.05156355414985
1982, 236.0405397810189
1809, 236.00295066311782
2849, 235.9948703099397
1275, 235.98341052223577
1021, 235.94549281361154
1387, 235.70086861334536
705, 235.63283808266158
623, 235.61144025453078
640, 235.60485203956637
2202, 235.52736473145845
1353, 235.47180546494008
1782, 235.46291752637293
740, 235.3304457312454
2542, 235.23024349854748
728, 235.15833789135516
3249, 235.13553725884304
3038, 234.988113778448
2169, 234.92244767225733
750, 234.8599523755719
2119, 234.85759469046738
2136, 234.8361834582822
792, 234.7433121402052
2233, 234.72244247673132
1789, 234.69227399464765
2627, 234.6743357290602
2521, 234.65005053380116
720, 234.6339364493099
2609, 234.61536042194268
827, 234.57534902572033
1499, 234.53808434691337
3253, 234.4918127133461
1270, 234.43682222616044
828, 234.3720444483943
1415, 234.32152484597793
2448, 234.3097324558579
2840, 234.28341090827627
2140, 234.1182594644413
908, 234.10078637876495
1453, 233.92350799665851
246, 233.88773903491082
660, 233.73298162230589
2637, 233.69150504655155
1272, 233.6741502136924
1291, 233.6052734300684
1548, 233.57766675154946
843, 233.53933148954889
2541, 233.5358140497316
2476, 233.4671304021689
1340, 233.33471550831547
2130, 233.09249717855715
934, 233.08346285529822
2847, 233.03435374015615
258, 232.92333457206036
962, 232.6957052022511
2946, 232.64919239177016
692, 232.58894367254763
1598, 232.5255455779513
796, 232.4736941970031
2175, 232.4678506933815
1020, 232.18023324686655
2183, 232.17078874693476
2947, 232.059260450232
2724, 231.82777230240552
324, 231.8099280117129
422, 231.80192695111654
1109, 231.6120172522741
2410, 231.46689198200718
350, 231.43656103418957
2504, 231.43050049324108
2089, 231.3821716244645
1506, 231.2527040775087
2678, 231.16682204745877
1524, 231.13560532280135
1469, 231.12539417428746
1486, 231.1161194629127
799, 231.0388320732576
616, 230.8881778246388
722, 230.84927848557325
2956, 230.81569963440805
3325, 230.74565130532903
2336, 230.63436696803657
2619, 230.59020387970028
374, 230.51103447704935
2702, 230.510258008014
1819, 230.5073230008014
2375, 230.45648364643654
801, 230.24456335538133
1009, 230.2385971840957
967, 230.09053765346926
2129, 230.07358627960338
3263, 229.87628452525692
1265, 229.86818536919307
1294, 229.7615080123343
363, 229.72704481364258
710, 229.70747573662467
566, 229.66778807309873
926, 229.6607923151543
930, 229.65065377553393
2377, 229.52255674422486
2478, 229.51882209532116
707, 229.2939752410066
238, 229.28488943661816
81, 229.25878602349874
2567, 229.1962168656579
2232, 229.1579513263099
1318, 229.13275870116468
576, 228.95164965647052
1779, 228.83930578158294
1921, 228.7390982729997
2373, 228.63312278922493
1300, 228.63159633451383
1836, 228.61298266431507
1949, 228.26753322045028
2706, 228.21503843337615
3448, 228.21399130454498
977, 228.20197741821835
893, 228.11540666102673
1365, 227.9738440034762
1329, 227.86826753582596
2074, 227.86462968121393
2557, 227.83533376183442
1786, 227.66021810391464
1935, 227.5323361683064
2467, 227.5310002242817
1354, 227.47280093681306
2676, 227.36065522154072
2585, 227.02494652995045
2222, 226.86713023500656
824, 226.7831123073125
1673, 226.68448837345625
1930, 226.67230788315968
2176, 226.66640327172675
834, 226.61691790361533
2866, 226.60967081418602
2560, 226.56306514117807
2826, 226.3807137875815
754, 226.3689606797734
1928, 226.18848453807962
2529, 226.11976344068594
3230, 226.01429591585634
3034, 225.77114104274037
2876, 225.75087255420362
952, 225.71431897480508
2950, 225.67471182078316
17, 225.54259773658498
1808, 225.53096507425695
973, 225.528850349099
2082, 225.42660295051564
2554, 225.27813657542447
2544, 225.1842301346008
2133, 225.17080639545102
1022, 225.08548033241095
2459, 224.97435572710285
314, 224.97058922471606
2247, 224.9162214569608
905, 224.75525301669344
1492, 224.7159019371202
904, 224.6688800679802
1900, 224.4621352124082
931, 224.38103829189242
2577, 224.136059190028
1954, 224.11271548500636
2403, 224.10262760258027
1950, 223.95683704410268
2595, 223.94084816065234
810, 223.8330326018605
658, 223.77745602587817
1620, 223.74591715509737
352, 223.722672141072
342, 223.4933023355118
277, 223.24020787540294
1777, 223.15602507571438
241, 223.04680722085882
1504, 223.02430800529947
1898, 223.02143573013697
320, 223.01257483923024
667, 222.98103059353738
3250, 222.9775302793511
1560, 222.90669890553883
2902, 222.88990307116873
2144, 222.79519220275066
1591, 222.79046199187516
929, 222.76121006063443
2642, 222.70793257825719
1837, 222.6080280829095
2663, 222.49816705352927
596, 222.40834300341928
899, 222.40777633018985
831, 222.386330491897
2573, 222.30507197629905
2633, 222.27094349346015
2628, 222.26856730380464
3326, 222.24916336952867
2482, 221.94584199230607
1582, 221.86534016106512
910, 221.8026963496161
1479, 221.70108462010438
1017, 221.66360986801783
880, 221.65926399531205
706, 221.63696893621747
976, 221.60544582560198
865, 221.53563626479195
1953, 221.48426104919204
765, 221.35295048158633
2685, 221.35080557747037
618, 221.15151913694154
1799, 221.03992034098863
2367, 221.03246998471008
729, 221.01321398818675
979, 221.00395542808764
911, 220.92763617637422
325, 220.86502873475007
2689, 220.67986683312074
1320, 220.61386750134292
644, 220.60412154622142
1778, 220.36266540374936
898, 220.334599468974
1007, 220.27933695834716
2322, 220.1805758979371
1010, 219.98581764070403
1319, 219.92303777764064
994, 219.81000639503057
1414, 219.7989885639493
2618, 219.688375312963
830, 219.62644596244152
1540, 219.57390325098532
609, 219.5702091647088
1282, 219.47568393228474
2523, 219.23317173918102
1827, 219.19430658534196
3365, 219.1841812015386
632, 219.17174976932938
2545, 219.16139836776887
354, 219.12090089335175
1385, 219.0999426776447
1969, 219.0912618633004
1332, 219.0057029619611
270, 219.00079971330496
2425, 218.9335549273913
2327, 218.86393051363476
807, 218.78609839027342
1052, 218.77560098793927
2880, 218.71427146665295
2426, 218.6795943838238
2325, 218.64355843774632
2480, 218.61913434434965
873, 218.5594062613946
703, 218.53759912838325
702, 218.47236962950694
875, 218.46024838455438
2330, 218.40583584914086
290, 218.32721323599108
2370, 218.18265261393873
633, 218.16612514036228
3358, 218.1618075255228
239, 218.1362068182344
2000, 218.1199485581977
1932, 218.0257823625056
1351, 217.99573353886692
2443, 217.89167888263128
1401, 217.85952347553967
2701, 217.8271112474483
1326, 217.81907026801312
2680, 217.77724845899417
944, 217.75640668118936
724, 217.72662491744885
2874, 217.7170681474187
1394, 217.55261809770204
3015, 217.48844131863143
866, 217.475090791469
982, 217.38026575181843
1476, 217.3222578012296
943, 217.1937808146819
2463, 217.14302451208957
2445, 217.1214669653345
2447, 217.06717789224788
631, 216.85970771903968
1359, 216.76157129151798
1470, 216.71815867608316
14, 216.71597748237284
2909, 216.69001778759355
668, 216.63891613055353
1362, 216.33262711178136
1832, 216.30521226184206
2481, 216.29696170818724
2436, 216.27281861621856
712, 216.25019345991458
2047, 216.23763663086476
858, 216.16254220991144
1569, 216.1051516349614
1568, 216.0811750740125
3024, 216.03567871282758
2588, 215.94757741380997
269, 215.87015223580624
684, 215.85251266899095
624, 215.85251266899095
1551, 215.75189869533764
1769, 215.66842160977458
2186, 215.54380716528
954, 215.4317527962804
3012, 215.42981068488183
2458, 215.34730791772995
1304, 215.31939533427868
1311, 215.27281257597684
1366, 215.26904810046324
2602, 215.15785262010948
1416, 215.1372103175194
598, 215.10162911055792
1080, 215.06582037646587
604, 215.05284206253097
2317, 215.03469461050324
2465, 214.93781769268207
3307, 214.93575280865213
666, 214.92872944477992
1834, 214.92865099561254
1286, 214.76418089180106
1325, 214.495826154941
1483, 214.48611452191062
996, 214.41634100129522
2251, 214.3947161993579
990, 214.39418398565925
2126, 214.37721503571356
1335, 214.34410195103763
891, 214.3145481271621
595, 214.2995109225241
653, 214.26693592814482
2156, 214.02412534991373
2487, 213.98726217377344
1383, 213.97205419410665
2489, 213.91232835335853
998, 213.89989797228878
648, 213.89989797228878
1402, 213.89633661401896
3345, 213.66647391016227
958, 213.6486520403793
1303, 213.53960286731453
2613, 213.535324440547
1619, 213.43309040441338
819, 213.34471941815968
974, 213.24729162401186
2643, 213.23722901174426
2201, 213.1431182122642
721, 213.0439024355411
2599, 212.9517223270314
687, 212.94386584596148
3360, 212.88353697542883
2149, 212.81419127755058
949, 212.81005206282592
1529, 212.73299671176437
1011, 212.70526960914495
3022, 212.55234928421277
1965, 212.5004102031975
1774, 212.42493923999078
1008, 212.37781676950516
1046, 212.28829895272014
1946, 212.14422806486272
245, 212.1142125866869
1489, 212.06991760730838
1055, 211.96020452750017
620, 211.78851685763667
1307, 211.75119265886855
818, 211.73633811763284
2516, 211.68134338035097
229, 211.61795033562458
1016, 211.54443304511233
2512, 211.42165591299963
2728, 211.4078432683715
2332, 211.39066688787497
753, 211.37327680413716
2593, 211.35484716263025
1192, 211.34830534081084
2584, 211.28973887055975
1606, 211.11475165731085
1342, 210.94121433059593
2172, 210.88702047948098
1903, 210.75900270115616
1918, 210.7214055395808
1956, 210.7140887886661
2081, 210.5839534241029
1281, 210.56801326779805
688, 210.5112882635266
2151, 210.48463573999544
436, 210.47318535678787
2127, 210.42985588316455
1015, 210.26069140494516
829, 210.23685153283887
327, 210.0325578054434
2159, 209.92310094347056
1528, 209.8619891452882
1507, 209.85108698610387
2132, 209.80007199449827
1276, 209.68949085045665
662, 209.55218845681114
2197, 209.501982168573
2540, 209.43967777410822
2446, 209.37798642223643
1948, 209.31063799421628
2639, 209.2494473624306
1305, 209.24504497625557
2708, 209.09597213663181
1522, 209.07696242751794
1485, 208.9470493503837
2834, 208.93430683497382
1520, 208.92916880152487
3450, 208.8777766342686
1341, 208.80695351602128
975, 208.63785638350998
3035, 208.53544744772532
2636, 208.5270331706477
2906, 208.43716694995646
1296, 208.3865828437328
1937, 208.25891079414538
271, 208.18947315217338
1284, 208.12662968408497
756, 208.05674381661493
3252, 208.0498607784169
340, 208.03715390017933
2326, 207.8885393776283
1916, 207.87888288045744
339, 207.7307490549699
1833, 207.68718633427653
3391, 207.67772129638044
1787, 207.4599919112929
805, 207.43714463067127
1317, 207.43253378760357
2895, 207.40165652559728
1990, 207.03683752961894
1497, 206.9490217733771
1344, 206.77297665722236
2077, 206.64526941230804
2052, 206.52977269902524
1496, 206.52895061742527
2147, 206.51873923800932
1952, 206.51819478520653
1922, 206.5167222142727
3308, 206.46371711031134
1896, 206.42526048353952
1654, 206.3850342148978
2057, 206.3541359122229
1783, 206.29637166535161
1376, 206.20860449105453
2437, 206.16093443229627
726, 206.1475944819342
2590, 206.0587245440795
361, 206.04070221574932
367, 206.02230292288772
2555, 205.98616180919882
888, 205.91553801075185
1621, 205.90949528163142
2582, 205.68866857609592
2835, 205.58553943556987
751, 205.45127949090613
1503, 205.43807408369273
771, 205.21160270587944
2225, 205.1795724732566
2031, 204.9653991685058
806, 204.96536271103392
700, 204.95548171909996
18, 204.78548445189747
1386, 204.7694177014381
1570, 204.4743417009257
997, 204.44684482567777
2328, 204.34107391505003
747, 204.32404311274348
2090, 204.26368284443717
3273, 204.1420568538869
1333, 204.1416545081624
1407, 204.0412556807617
715, 204.0397046985745
1565, 203.82327689285046
1897, 203.64577918975442
605, 203.63427766743237
1793, 203.52940552057032
1399, 203.43916485718728
2526, 202.96376763221332
3177, 202.9468642639888
2281, 202.88321118861205
2221, 202.85777698614316
878, 202.829645536807
1019, 202.79487810587463
1553, 202.51952911747583
621, 202.3057779937296
349, 202.2698041446109
1056, 202.24239882737095
894, 202.22634225808451
1767, 201.93936805088086
1044, 201.7929103558889
2468, 201.6749761975185
2112, 201.67115686067788
1929, 201.62866747582723
2450, 201.62526900696508
1482, 201.5453570472007
842, 201.46651241905607
2441, 201.45009689694297
1766, 201.16473218143187
1472, 201.15651963846827
1538, 200.99468991136285
2161, 200.96415792216553
1556, 200.95068611071486
2178, 200.90852729669965
571, 200.85505988785857
968, 200.84295953404197
812, 200.80101862076893
1936, 200.7380933033924
890, 200.6548575128428
760, 200.64189805795766
719, 200.55852157325984
695, 200.4614919916277
2215, 200.3098718953843
2329, 200.20148016080128
947, 200.16890726923583
357, 199.99224300027157
2914, 199.98619482825873
360, 199.98608137261
1537, 199.85026084259493
1899, 199.8108538591451
1103, 199.76333182131268
2250, 199.73637027090652
2241, 199.50681603799657
318, 199.4854055442241
2539, 199.47618124623017
1757, 199.4224447299811
1349, 199.30085504998038
1053, 199.261992269884
3446, 199.20311725657902
1013, 199.05236481981402
317, 199.04979679896496
309, 199.04979679896496
2374, 198.9422671205683
1796, 198.85834869687508
1938, 198.65514734057803
1375, 198.2973849856624
2418, 198.16319424755648
366, 197.9365338825087
3001, 197.9134732332348
1118, 197.90527060655864
1471, 197.75004539932831
769, 197.46325919206762
2843, 197.4602685840837
2596, 197.32994455793104
940, 197.17061101157412
2128, 197.03204293337737
345, 196.9186177956507
517, 196.8498988292239
877, 196.80247620147824
3013, 196.75387328067836
2932, 196.58276576641464
2893, 196.46105362306713
1395, 196.44382283914842
2883, 196.40704892079557
767, 196.3561215336614
3224, 196.16984010765188
1519, 196.15964309059268
2420, 196.11504602555706
244, 196.02188909377637
2709, 196.01945244370282
739, 195.86211711160578
570, 195.7484167386574
2901, 195.71646151889658
2335, 195.64645348173283
627, 195.52906934041462
2174, 195.41054592743072
811, 195.3100669212453
1360, 195.30238936571777
869, 195.2376115873307
2886, 194.9284110240764
1363, 194.84024731174273
835, 194.70291659782913
2363, 194.68195709745171
1805, 194.66027648218264
809, 194.29558384946102
978, 194.2370212140345
2137, 194.10602210349757
2647, 193.51936023196376
3343, 193.50481807891663
1313, 193.45967656218718
2615, 193.38403932443424
1797, 193.3530098213421
3011, 193.145289984091
1955, 192.83216544187647
2066, 192.7870532598751
1923, 192.70488274220966
2885, 192.69229296702872
1917, 192.66969382412566
1592, 192.66315735546291
1924, 192.5590599170385
1988, 192.44466858797892
2155, 192.44115575125292
587, 192.3537791151835
915, 192.31827085318955
2253, 192.3111702487531
1945, 192.12777126745436
1283, 192.12053777766747
308, 191.90264794237285
2060, 191.77422462125745
2371, 191.7291034159792
1334, 191.6490339776741
2234, 191.57747279028484
592, 191.25878107146536
1338, 191.19327241742414
359, 191.16825602828808
3238, 191.10469644142094
2579, 191.00812171091854
1546, 191.00555944269072
3023, 190.87482139318257
3449, 190.83692871082732
1609, 190.8075843945919
749, 190.58077905944168
348, 190.50453130040864
2892, 190.4467918468191
2887, 190.3920712525869
1558, 190.31869102191348
950, 190.24105423029783
1337, 190.23536287852502
2038, 190.22984635216994
322, 190.04919096844355
310, 190.04919096844355
22, 189.9683888037687
2118, 189.8383018503993
355, 189.78845268435086
833, 189.7443635470345
995, 189.73181141476925
2471, 189.67862925810383
2517, 189.64638787489622
652, 189.3590542788389
758, 189.29847496727606
2182, 189.1443099722445
1816, 189.13577874937664
1552, 189.08749860376204
921, 188.71270192533242
1933, 188.6328280130445
2838, 188.60384983171787
3451, 188.57063861401195
1545, 188.5118524633474
610, 188.49033251342468
625, 188.13257579970667
2848, 188.07566511473277
2594, 187.78665980847938
2729, 187.69369550789827
3359, 187.66589710742375
1901, 187.65306227409576
1812, 187.39662529944286
1987, 187.32891480706485
2944, 187.18582648560525
2827, 186.90249257630865
3218, 186.8723309554225
1947, 186.81315288573782
2500, 186.7331582172822
2368, 186.71506888485575
991, 186.56834206778146
589, 186.46717320264912
1798, 186.43439450459132
2995, 186.34528493689
1843, 186.20135993223153
622, 186.1860999833719
874, 185.85943648806213
1845, 185.66829440795541
1802, 185.52330902892265
2836, 185.4043530641331
941, 185.276065688281
3438, 185.2730134825637
889, 185.2380611916136
233, 185.1916407774848
630, 185.04294420194833
578, 184.86265007996005
465, 184.76732212258224
2316, 184.6923837897809
2040, 184.50635034368952
1000, 184.49396259397133
1290, 184.09809231660384
2916, 183.92015852876057
1350, 183.86556177174256
500, 183.76556941360744
951, 183.7262125594075
1763, 183.68025700134558
1602, 183.66886762179558
1844, 183.61505975070787
909, 183.51645681017774
2001, 183.31248587240407
3085, 183.28021784966975
362, 183.1934729475169
2357, 183.02537381591733
617, 182.89013573020014
988, 182.8483317157114
1005, 182.76976314460262
343, 182.61470842058688
3237, 182.50406642502864
2896, 182.42885809203517
1547, 181.9672520250984
2503, 181.9659978894895
86, 181.63610908403416
2064, 181.55892491902443
1310, 181.54230545973724
25, 181.50086372011847
2945, 181.4198520254907
1878, 181.1357736345815
802, 180.95475003968758
1384, 180.93501851282227
1826, 180.7329166266612
1379, 180.6852614798446
1821, 180.60868869570663
841, 180.4573605304676
1775, 180.28948975027384
1541, 180.14645120142364
2894, 179.99939420772125
2046, 179.95455596950333
2515, 179.78156921624156
2732, 179.19094296039205
591, 179.0602397518652
356, 178.84172468441534
59, 178.67182064272808
2058, 178.55582496521203
1795, 178.5323057958128
3346, 178.30752653321727
2855, 178.20835602789717
2036, 177.91754565922412
1842, 177.64348322632998
2682, 177.62274594648645
341, 176.97438581933787
2402, 176.8104387357619
2890, 176.7058422737288
2333, 176.6674162054992
1012, 176.49802272170018
1164, 176.3423913518701
772, 176.30114599658566
1762, 176.077117478746
2358, 175.82862838722366
1526, 175.3614934354645
794, 175.31425190392912
1347, 175.0617329141106
2470, 175.0159991394899
2248, 174.9848890188632
1373, 174.84157475429603
1355, 174.45687077325917
1784, 174.35483895245648
2578, 174.04353083369173
1532, 173.58185337607426
939, 173.3436128082049
2364, 173.25846085450178
2043, 173.2024781859533
3363, 173.19260219305764
2935, 173.1827602238879
1542, 172.86252315940433
507, 172.34197786784654
1931, 172.2812938703738
1616, 172.25551494465623
2904, 172.003742900207
2143, 171.99621855392553
3036, 171.78096942258625
1613, 171.72761368642216
1919, 171.6260896950588
1764, 171.211644393155
628, 170.95018923737317
629, 170.59472260430258
2725, 170.5883644732719
884, 170.47491212540817
1768, 170.40285711739457
344, 170.1957304523547
3220, 170.12610879873523
3240, 170.06520075463257
2063, 169.8765365276089
461, 169.43674259295074
1274, 169.40487725990207
2085, 169.04158667643978
1781, 168.8922182606852
1190, 168.8683655193606
3242, 168.79560687289904
1765, 168.56245236392888
459, 168.19431015678788
2569, 167.13616450092604
793, 166.90469486492876
2718, 166.77183394703601
63, 165.86332576952157
3256, 165.76948100119114
484, 165.3174121684967
2672, 164.1954538280803
316, 163.88931174247907
2910, 162.4977234775328
901, 162.26136458656032
111, 161.43485588204038
477, 161.1198594083028
1287, 161.0720593639026
1564, 160.548946713021
2518, 159.77872308649057
1267, 159.22644540474826
273, 159.05681117722864
3219, 158.89449594898917
3257, 158.63657785000922
1364, 158.18200446100536
292, 158.0767196919171
184, 157.7194908193141
3216, 157.54984543791292
3223, 156.1825613520102
2532, 155.37614876049304
1535, 154.50888153105092
3221, 153.87222254629881
3222, 153.17459977911932
2556, 152.46080520724232
3217, 151.73472773065507
1051, 151.37448666510383
2868, 150.3137302837192
33, 150.13474043048726
1165, 149.26581279755527
387, 149.20033320869393
442, 149.15236272883
185, 149.13657246339127
1093, 147.86691369865525
490, 146.76972694212836
1358, 146.17330363308827
2054, 146.03644839615993
60, 145.9371881460963
3282, 145.52818192746668
305, 145.16249663689854
1092, 144.37707721807146
590, 143.14837256795187
1972, 142.02595308574897
2035, 141.61819175266362
1054, 140.42755869280325
223, 138.1566209218851
2049, 136.8612923960475
187, 136.84876739336764
2924, 135.91360301275424
3309, 135.75389658484963
2711, 135.62038060825756
49, 134.41621981498494
2062, 133.3415904689079
2042, 132.32377121141934
224, 132.01023987579407
286, 131.70677641074374
1861, 131.2404824948829
489, 130.16075831308694
2051, 129.57158620640868
2107, 129.19316508457487
2912, 129.0443602840848
2067, 128.90578493548944
226, 128.70756568859034
1536, 124.88476547116159
2925, 124.64697452373619
2923, 124.12005731960464
1048, 122.98161552972088
301, 120.91305382410252
2072, 119.91388546716907
1049, 118.24616555021262
285, 118.20730641675836
2931, 117.85499906963972
1925, 116.7387726042668
393, 116.40752953897056
2871, 115.79399933432084
2084, 114.84623957954713
2940, 113.45648127580078
1863, 113.45096710276258
1050, 112.96746812232024
2929, 112.95171878485037
2922, 112.56716738750889
2928, 112.48495942446804
795, 110.83071842417202
1158, 110.4018777210053
2926, 109.62107700144963
2937, 108.7666181545344
2952, 108.35949768244517
2872, 108.00936611205829
2921, 107.86018440877439
2927, 107.61959744074466
2911, 107.44293591837405
2938, 106.24820465413929
2933, 105.11932440594093
2939, 103.79355236325227
2941, 101.83523102672805
2934, 101.27426180510639
384, 100.64848546137948
390, 100.51926901239233
2954, 100.28471667939719
2957, 98.84297642798604
1534, 98.62524212066262
2073, 97.56996531480915
3412, 96.09469640073534
2943, 95.48140255171427
2955, 95.29895388635771
486, 93.78223049894348
2930, 93.50565776226331
2870, 93.42256007179401
391, 93.06431203825724
2873, 92.41411979110117
403, 91.93115384695501
2942, 90.2675638871479
2865, 90.00050889399233
1064, 88.17143732200249
516, 87.688474646241
1468, 87.54417600894915
3145, 85.09660975201484
2867, 84.17914540267623
3411, 84.01125418062661
1862, 83.72628672652823
1264, 83.40411946856618
2012, 83.11943391974954
2739, 82.68929295068101
1157, 78.72234839326822
519, 78.71415458511024
493, 78.20336779853994
3121, 76.42171575269457
183, 73.3361188077459
3161, 71.69424296937572
1612, 68.57073750712104
