1864, 4460.154586208846
1962, 4234.107728857766
268, 3833.3994128815616
1440, 3597.17249044678
1034, 3496.1376998855994
3417, 3324.8791798823936
1073, 3287.1008837190616
358, 3141.5206244973638
3376, 3036.327443868033
2971, 2924.2006386185585
2399, 2914.6691569603845
2972, 2763.6897947032226
2395, 2672.213967213117
3140, 2630.658236958472
1061, 2629.3059376048354
1216, 2529.112327728277
1996, 2488.6955387913035
3428, 2460.896507535539
3392, 2450.9797688566405
2915, 2343.2828277391895
3374, 2319.0787779682555
260, 2275.538140576599
3356, 2265.2781761251126
65, 2246.577198667342
2787, 2235.3264722147123
1220, 2216.9971015544165
64, 2174.814122100395
2097, 2153.463930692754
2010, 2135.390716158697
3164, 2044.1939773346087
3188, 2043.8891952339823
1588, 2032.7914412680514
1224, 2029.6894634423243
2775, 1975.3157922545104
3126, 1972.3404036581112
510, 1962.5510156330208
67, 1946.2478507398382
1068, 1909.9793329856784
3122, 1908.5009516162654
166, 1866.1803547614618
72, 1860.118964898426
1108, 1856.5662347176794
3337, 1840.44174991551
103, 1840.1090807299774
3328, 1835.4543718415048
32, 1822.829291794897
3127, 1818.8161311557365
3368, 1816.4009668236686
2400, 1815.2983457036357
179, 1800.9609930706629
97, 1794.8346451021603
190, 1788.0752945738568
3406, 1785.996452469336
2900, 1763.345158686015
1225, 1753.0732709368888
144, 1742.1279645659592
1123, 1738.2241138728557
3349, 1730.5262069775736
3137, 1728.349860010832
3096, 1696.8444452209155
122, 1687.8474624472547
1120, 1674.9798800480849
1441, 1659.681238504418
1428, 1642.765109952523
3138, 1633.3372041700977
434, 1629.5940461740415
3060, 1618.8434677722814
3390, 1615.5028883836721
2977, 1614.446104808657
3355, 1613.1508171405999
160, 1608.0981809399136
1222, 1589.891442705118
167, 1585.489479905688
2761, 1579.0756676313706
133, 1578.4587169398026
101, 1577.491331823021
2762, 1568.1382353596593
3088, 1560.5205999662137
3074, 1555.612446911815
3075, 1547.9223771817342
2007, 1546.6604831268994
3116, 1528.3885387767764
1302, 1523.2584752781772
3431, 1515.8974365719819
3087, 1515.185705332997
2770, 1510.9166033735216
93, 1503.4054503404059
2967, 1502.0071723834055
3338, 1500.8425318019958
2719, 1497.2163557811
3109, 1496.2264231189533
3067, 1488.0716074260213
3124, 1482.7037800297499
1065, 1478.8293076728594
3052, 1474.8076986498174
68, 1472.8012675527445
3104, 1467.4949344114473
3156, 1440.350020906885
70, 1436.7565069118234
69, 1436.7565069118234
3157, 1436.6594921618444
1435, 1426.1429130155282
2799, 1409.02954879381
96, 1408.1652343977069
338, 1404.4442301417942
522, 1399.2925160180719
3152, 1394.9549162072185
3427, 1393.614216588116
492, 1386.3541860377702
3081, 1376.6098435995486
3076, 1373.6974179053075
115, 1356.5332704274308
1998, 1348.7257771405086
2913, 1347.1457675073837
3422, 1341.472850666309
1813, 1340.4485564717977
2384, 1328.5100205235415
2796, 1323.0653742243926
13, 1317.0370603777817
95, 1315.9163967382706
1078, 1312.350959361388
3053, 1302.4270675640792
1298, 1302.2573260884217
1227, 1294.0828834099389
3103, 1286.2960888619532
511, 1280.1494372249192
205, 1275.4861724847137
3397, 1273.969595317191
1155, 1268.001604307656
369, 1254.8250697484073
1097, 1254.452473296941
2976, 1253.3431593602847
1151, 1252.5123633198893
3158, 1249.7756141221578
1116, 1248.5161866368105
1156, 1243.4898601154885
2028, 1236.821357019725
90, 1230.4721094663892
209, 1226.186221244189
1240, 1225.9223777658165
768, 1224.816483077508
3330, 1210.502883304392
1431, 1206.1892238222044
553, 1202.7199303471095
12, 1201.9887298412273
1446, 1199.2069342648504
1958, 1197.1854435487492
498, 1192.2399995316368
3430, 1189.0731278269989
1207, 1182.4216461168114
182, 1178.5279160300408
1881, 1172.5836733874924
304, 1169.3408406343583
1251, 1161.7003625967293
3154, 1160.7318516985295
2815, 1154.9687507456308
10, 1153.435211477983
3377, 1149.7147229426362
916, 1147.4230121427906
1107, 1145.3578821454175
1059, 1143.6493190267179
3141, 1140.5207649157987
135, 1132.4812820131265
3102, 1130.595149691023
2414, 1127.4723084589134
2771, 1127.2637420055603
3117, 1116.017969644979
1195, 1115.3363918998323
3335, 1114.1000796566095
499, 1109.8951892740245
121, 1108.2158346733374
2421, 1107.3329148184393
541, 1102.0893627548119
1198, 1099.6161650930255
1632, 1094.1531539372775
1153, 1088.9394734419536
545, 1088.1960044965288
1217, 1087.7400193684691
192, 1087.0666621576495
2860, 1085.6509858233405
109, 1085.559401673169
1246, 1077.8661532021501
3414, 1074.440194075678
1180, 1070.697209028147
1257, 1070.2066276524788
533, 1067.8789904574744
267, 1064.8376447829103
1250, 1062.8647005993962
1436, 1059.7747176619318
1223, 1056.9334660824627
113, 1055.9891322075769
1713, 1052.9459857841123
1178, 1046.0714339700926
3399, 1044.9907327479762
1438, 1042.3949689081933
1255, 1041.6461374362855
3234, 1040.9059012536745
4, 1039.888261857624
1138, 1039.0711295017898
3400, 1035.0003645696358
3375, 1032.025918400455
1127, 1030.2784314445098
117, 1029.8130808508263
3115, 1028.0734515758943
1397, 1025.0160642680498
2023, 1023.2670119493324
3351, 1022.1728483288041
2861, 1020.4459555208805
89, 1017.9597249142838
1070, 1012.5707701451107
125, 1011.5232446897156
1406, 1006.8944298171673
1167, 996.6218083333698
3367, 995.2606951464172
3342, 993.7952160006128
1194, 993.0146151662774
3366, 985.6824647697317
120, 985.0951700533876
1125, 983.8734238589285
177, 983.1953677476482
1152, 981.4816635959949
2550, 976.3867381000869
1213, 976.0603200562011
3398, 975.1864838557141
2065, 973.3265604090706
2192, 973.2364483961443
1, 968.6850505764914
1457, 967.2255908270321
2275, 966.425823801542
1131, 958.2818274847763
1188, 954.6615291568278
2960, 949.2169247522424
1838, 946.9806192401481
3131, 942.9833008692638
92, 940.2397320050586
3310, 937.7944174632339
1693, 929.5324458442332
1634, 929.2753146406092
1477, 927.4963780210621
1176, 921.8138664296698
61, 920.3733960450201
2982, 917.4922304984391
1242, 917.324689246504
2304, 916.6364735994334
2984, 916.294134929196
2716, 914.7896379516392
2731, 912.7018477105904
2392, 912.3074516941401
431, 903.0097624115602
3394, 902.6488814470882
1095, 901.768686181317
2752, 899.6467803707848
1773, 898.652010593954
1316, 898.1454973024182
131, 897.895687142582
1961, 894.724620941254
1229, 893.9845620914901
1101, 892.8490408687143
2800, 892.2777942732574
2411, 889.2893749248204
1661, 886.1867502270406
1254, 882.2439288709351
2769, 882.2000743180027
3322, 882.0792415995256
1974, 881.0307425231209
1261, 880.7548090682235
2396, 877.7292574055049
1656, 877.5773792899208
1663, 877.5483242651247
1135, 877.5024761787107
1658, 877.4458272261406
99, 876.0630836049082
3003, 874.0243322441735
91, 873.9568917242995
105, 872.8137921288525
1709, 869.58943895511
2351, 868.2552090821757
172, 867.8240434513912
2551, 866.7674182814507
2978, 866.6196691918653
536, 866.5648714739117
1099, 864.8393227059547
1148, 864.5848100568109
2, 863.2976846994043
1855, 861.5539489161617
3372, 861.1634429420513
1814, 858.180361754568
3420, 857.315686180527
2857, 854.8746581710341
1112, 853.6902267103601
1160, 853.4650327509028
1253, 849.1478612763206
2378, 847.3953109068583
3332, 846.8466171655778
3333, 846.4079906805828
1605, 844.7483432544504
2268, 841.4642758971505
1447, 841.2663204449724
3132, 840.5978384271158
7, 839.580287355267
2975, 839.2387647042424
2974, 839.2387647042424
1514, 838.5969532913401
3139, 836.0546612916601
1189, 834.2849796471199
3441, 831.7813590417254
1694, 831.448937356186
2813, 828.7628039427456
3078, 827.5956366061432
2832, 826.1990496664047
1062, 826.0848586535975
2412, 825.533846342244
463, 825.0222015598623
1593, 822.4295639450872
66, 822.3679335369188
1586, 821.5012500874898
1149, 820.5821834846236
552, 820.3104579826954
1133, 819.9613589219026
106, 819.7154647801233
3047, 819.4880773219356
1201, 816.5804463141009
1196, 815.727196962014
520, 814.8330157029277
108, 814.4896378575156
953, 814.174472838116
261, 812.9533082380194
1589, 812.8539702583049
1197, 812.1434451708261
110, 811.0051036901374
543, 809.7502785349008
2805, 808.1464797889885
1134, 807.9224568077865
506, 807.7334067377387
1137, 805.2615319788089
112, 804.4978055860767
1096, 804.1002132986661
549, 800.8633997445276
1163, 794.0544481019163
2344, 794.0121914118255
3028, 793.3789196056173
1449, 791.8310893680522
1175, 791.4487449893896
201, 790.4844258060891
28, 789.7524540597561
2919, 789.6513670563156
1139, 788.7395899567707
1088, 788.6064498595606
2730, 788.3799199245763
1460, 788.2068525940741
2801, 785.867021273284
2347, 782.1384695085216
1209, 778.3811208540865
1800, 777.9522126452242
3153, 777.1433485403965
1860, 776.5326105554079
2862, 775.8724829757305
279, 775.1901769338247
2014, 772.735788941968
1168, 772.4593883420157
1191, 770.3379801502236
3425, 769.3195063905162
2080, 766.3334040069622
3410, 764.9186788675646
2765, 764.7904844175639
3198, 761.9746904930779
2798, 760.1489549115546
2273, 758.9098098975829
383, 758.7138084922768
1857, 756.321852550133
3125, 756.0171223877426
1324, 755.8268561036202
1067, 754.2145345828562
1069, 753.2933226965247
107, 752.6656714329697
1146, 751.8943356609486
1852, 751.1693725548319
1181, 750.744391450916
1079, 750.4223530311921
1136, 749.1078226650599
1042, 748.9819042132231
823, 747.9470643012065
814, 745.5433538389589
3393, 743.6546880100542
450, 742.5535428969472
1760, 742.3446793197803
641, 741.3634593151788
3280, 741.1140878688641
0, 740.5788134268172
2819, 737.9055463290535
1182, 736.3850126893534
2009, 734.7000279309188
2387, 734.1277820693659
1115, 733.859915910312
1761, 733.59187439321
1856, 732.5792698646699
3291, 729.991195380033
3048, 729.7495826969893
476, 729.6156630566428
2753, 728.4959621172683
1236, 727.8171503086276
1208, 727.4757453006432
1150, 727.2076437436102
1678, 726.2405069986265
102, 726.0362241226294
2999, 725.8705805001786
1214, 723.6556865429839
1025, 723.148790064611
637, 722.9638825959789
1041, 722.047957000392
2413, 719.2231323303627
1596, 717.0100301769227
502, 716.973449782272
3396, 716.6779164184243
1212, 716.6193899518939
1186, 716.60660854536
210, 716.4490404822576
2794, 715.6781054220501
11, 715.5764887173837
30, 714.7185095314397
3334, 714.6847246994001
1818, 713.4514756927204
382, 709.6989897471694
118, 708.8288100825628
154, 708.57575359699
1785, 708.3445394316828
1711, 708.0902509277744
3286, 706.717523911416
3236, 704.0110527180021
3429, 703.8279735379432
1662, 701.7803885707538
3061, 701.1304126510797
3, 699.3384170098453
1667, 696.7381078118744
1872, 696.5597141230741
1154, 696.4659171272153
104, 695.9041398743598
3235, 695.1980310621876
2433, 693.8694159853139
155, 693.3385416709716
2290, 692.9437628207993
3086, 692.5072453595441
426, 691.8513195903412
9, 691.8088250725208
542, 690.0047805938219
3009, 688.5191061828613
2270, 687.8471409256944
1147, 687.682131449074
128, 686.4007601487177
1660, 686.1828721979658
3421, 684.5870804164547
1141, 684.1589379481499
524, 684.0123262987469
1467, 683.2098163796528
3339, 683.1430589052229
2417, 680.0295464856706
1145, 679.9062789374575
3418, 679.8376686666345
377, 678.7884235374871
3106, 678.6171513384455
1083, 678.5422272091724
1867, 678.5257894236225
1454, 677.952229080206
264, 676.1345141598968
2191, 674.3056004060131
3073, 674.2904302317382
826, 673.692599113157
1788, 672.2405616662629
3371, 669.6230815689379
487, 668.9786030918133
283, 667.3792778246069
1309, 667.2202538116699
2717, 666.7559613513749
164, 665.0200139288131
1174, 664.7281259117088
1688, 664.0272528385441
1241, 662.3062092863344
2295, 662.0460485865061
3196, 661.1796914079658
3416, 660.9721390783857
1128, 659.7645004557727
6, 657.3565372897496
537, 656.5100180689238
523, 656.0760703828643
3395, 655.6443936898626
197, 655.5572093082171
848, 655.3257193563414
2350, 654.8499361372342
2320, 653.6467870238579
1429, 651.8142599697856
2269, 650.4040570268492
1753, 649.9557086926255
912, 649.9289307670572
745, 649.81300653149
1445, 649.4545878318598
2388, 649.0574272444708
2797, 648.2102636807971
1130, 647.9034866615547
1430, 647.8195949314099
1004, 647.5255394306083
3378, 647.3037013823318
176, 646.7614231965184
5, 645.7243363276515
2110, 645.1937002632274
151, 645.1582822284521
1031, 643.4971634130654
1794, 642.1085866761306
462, 641.7996278504568
1091, 639.9643148623521
139, 638.507637700526
1979, 638.242085668839
446, 638.1873190785286
2715, 636.7379572486794
1113, 636.102259376701
1465, 635.0472584442634
550, 634.7327712484051
1262, 634.6333329917223
1410, 634.5828256776525
1144, 632.915531633901
1226, 631.6064126812337
1876, 629.7518758324117
3017, 629.6386578179512
504, 628.9273536470455
2406, 628.3218527027141
232, 628.2490009747015
2990, 627.8518425435811
2958, 627.3617668096408
1973, 626.9253812262647
3369, 626.8603371830005
2973, 626.4994336464702
8, 625.8073975319314
547, 625.6670602760768
2803, 625.4876822062124
1199, 624.9460821759722
62, 624.5832523229986
1683, 623.9198701101914
1607, 623.6687562748828
2969, 622.2371064483608
3402, 621.6216160048245
94, 621.4395899502719
1074, 621.4212930779308
1245, 620.8702840901724
1509, 620.5974243641306
2134, 620.1425263654592
1437, 619.7986988527822
2153, 618.7439677003252
2303, 617.5257569217283
3064, 616.2234151583257
2398, 616.094706228825
423, 615.968590607928
2754, 615.7997556668719
114, 615.728820325457
1811, 615.7221083779659
1218, 615.2249248476692
1978, 615.0679175917817
163, 614.944698220961
181, 613.8895149147797
735, 613.7427206141596
1219, 612.8899081581899
469, 612.5777175067144
1179, 612.1412236301429
171, 611.7430983077778
1590, 609.990335002658
1094, 609.5028606917638
3373, 607.8045346061269
2818, 607.6997040122772
161, 606.2997520261465
1484, 605.2758832697261
53, 603.827845127117
2208, 603.7257473191436
1030, 603.6644064356983
2337, 602.9754723349848
1597, 602.4260643341195
3119, 600.9149744358302
2056, 600.7877947356143
1723, 599.7733330339602
2068, 599.1113165162614
1638, 599.03966037531
2356, 597.4674711406568
530, 596.6248231152776
737, 595.7761195933331
3381, 595.4634918612719
2968, 595.1319188040641
1849, 595.0449358043901
3166, 593.6589451349381
1043, 593.1387095598548
116, 592.1486541214158
619, 591.9576668281458
443, 591.8439420534783
3405, 591.2652959186825
2069, 590.7193894237838
538, 590.6419005183133
788, 590.1073046268699
2158, 590.0782513189703
3407, 589.6691309643825
1865, 589.5507255487972
2211, 588.762811222659
2983, 588.5642946758941
1060, 588.4079033892114
820, 586.6438803983572
259, 585.0325689072365
2878, 584.8239890436963
132, 584.6588427458561
178, 583.771565116093
1170, 583.2279480879647
2100, 583.0054348034046
215, 582.7791687837095
2409, 582.5732187483895
3058, 582.1038920083283
2889, 581.9181141705617
1444, 580.9330243681821
1117, 579.7771476230671
2783, 578.648205084798
1027, 577.7082538709301
3353, 576.5323736819001
923, 575.9714560593872
2763, 575.7151549096251
1736, 575.5281283162618
851, 575.1984047760956
3423, 574.5808329307965
1882, 574.4490992635159
430, 574.1698245903467
1089, 573.8083004002042
1247, 572.106590845897
1206, 571.5180612946763
336, 569.9853373640806
1035, 569.8271015828298
448, 568.8190996235476
1248, 568.5504815963725
3000, 568.3688675397448
3227, 568.2428651081389
3049, 567.9980286938742
3436, 567.8029315772632
556, 567.6240296590064
373, 567.4472529147565
3331, 566.9345322833261
1301, 565.8644616513415
2309, 565.1833396515046
582, 564.0751846904885
682, 563.7791487128301
2985, 563.6539021258296
3408, 563.2349860851666
1124, 563.1266129530868
227, 562.6107984660814
262, 562.5288166296749
514, 562.3034233029344
3277, 561.4519487779153
1719, 561.4175280666578
481, 561.1794765906778
2918, 560.9322653824619
736, 560.3654798921538
1299, 559.4485891400512
454, 559.3261590877657
3181, 559.171235361688
2105, 559.0037372913151
3382, 558.2878357893967
3108, 557.3969832553556
2242, 557.212923586518
174, 556.8057233211016
159, 555.3562725108055
157, 555.16756638188
153, 554.8602934492227
1531, 553.0503206211475
119, 552.3453093524053
532, 552.2300796434396
2193, 552.0428659463436
397, 550.4717565409909
505, 550.4380303282941
3070, 550.2727816352025
2856, 549.5919291544647
2792, 547.7653867318521
1119, 547.3653453311949
3072, 546.9228138292049
146, 546.7233688268485
1951, 546.3624324559567
3340, 546.0670118965656
41, 545.8501109478123
1939, 545.356027366059
1940, 545.3270182132535
1418, 544.5683155669559
3303, 544.2836958355803
1866, 543.9037536936812
1442, 543.8450616827645
3215, 543.7876253859816
1911, 543.3321595719666
3155, 543.2654643800528
1003, 542.910921893783
1450, 542.3560411413199
1085, 541.9982689719831
3077, 541.4459489294009
1608, 540.9415133610444
45, 540.8099460633606
1200, 540.639849236647
3370, 540.5070442994001
3089, 539.5680788543847
2099, 539.031095903431
1806, 538.8257462154806
289, 538.722931943006
1518, 538.640608397629
2297, 537.826396812667
1183, 537.708670637858
296, 536.2161423979599
1689, 534.9071559125033
2806, 533.2726666307792
803, 532.8238863431454
1584, 532.823221003592
76, 532.6346706591521
414, 532.4146329488328
2979, 532.4027528576682
1230, 532.1579101472531
2071, 531.7343891507725
3385, 530.479189240317
3046, 529.3683581033608
353, 529.1551356981059
2859, 529.0701659040858
1040, 528.6880299001197
917, 527.7940391522252
786, 527.203369895802
169, 527.180439120178
791, 526.1319329654063
2966, 526.1141296893795
3118, 526.1074723336272
3055, 526.001513266522
2733, 525.5796650112559
744, 525.3329633830057
2135, 524.6822155801469
3148, 524.5689151090451
263, 524.5000964805616
3317, 524.3497370364173
1269, 524.080371736518
1780, 523.7199892945487
40, 523.330598929576
1193, 523.2246514626671
429, 521.828816281579
1824, 521.7476581902541
2207, 521.6506790475756
3025, 521.512327941551
29, 521.2091603217596
1126, 521.2062634770067
39, 520.8601224345332
503, 520.3762340003183
2033, 519.4052230207562
71, 518.3650189637327
1210, 518.3413743872189
3004, 518.2530388636936
1676, 517.8307720724258
2180, 516.96994064768
1448, 516.6144133195791
2279, 516.5690017075909
3107, 516.1065988618585
1169, 516.1034708378036
3135, 516.0317119208826
1234, 514.7742581135459
432, 514.4338184236058
2777, 514.3590579800473
3247, 513.3476186155742
2315, 513.2746359626501
2205, 512.4817080438303
1600, 512.4353670613624
2382, 512.1948520224944
457, 511.90469906268146
554, 511.6799957804376
207, 510.829713589727
2271, 510.73885914324154
1884, 510.544178761686
234, 510.4946839773024
535, 510.3720589228451
170, 510.3012302501519
458, 510.17738848571594
2022, 509.5013548673321
857, 509.426846196382
3114, 509.12004366559535
2124, 508.8325125044973
1464, 508.4591016340969
2170, 507.9920579881087
221, 507.7908852943711
1640, 507.6722598354546
1072, 507.3160488366008
2548, 506.83189933344033
2735, 506.75129227533154
1086, 504.7316000074674
1907, 504.69695506090966
368, 504.50425631367045
1039, 504.431240824113
2394, 504.24291328733324
746, 503.92022323442956
2747, 503.173412070408
3388, 502.82280728291596
1075, 502.6141228824373
1964, 502.0924380118857
1110, 502.0872922457243
1624, 501.94523436613684
2265, 501.8757784641578
3437, 501.87231473442023
1810, 501.8721689414988
211, 501.549739448933
1603, 500.9389222317153
3419, 500.5883925095303
1066, 499.49266861813976
727, 498.3689161067991
1651, 497.99536816306255
1462, 497.70496897243174
284, 497.43278601564725
557, 496.81569472318193
2302, 496.74456135468
3302, 496.71111727866213
1451, 496.69320700525225
3054, 496.2630883167664
615, 496.234520515524
1583, 496.21167317324375
1585, 495.9473494200563
3269, 495.7113873270907
2791, 495.27673768329896
124, 494.8824069083478
2015, 494.88047085633906
200, 494.62251718191607
3401, 494.5724645636237
3069, 494.3861707909329
3029, 494.24048954160315
686, 493.89056518532664
1239, 493.45519787318034
3016, 492.2889584486556
2408, 492.18877877098424
2386, 492.0339821308602
202, 491.47690675790847
180, 490.7032666031345
1994, 489.5921611705598
501, 488.7107296918076
1885, 488.4162333199611
1173, 488.21151597194165
158, 488.1595351378662
334, 487.44340282882075
2236, 487.2248139673289
136, 487.08686663873544
2740, 486.6402701520499
1776, 486.298268517143
456, 485.6877354741448
3018, 485.1301770907093
3275, 484.37044198183673
295, 482.94080732357554
494, 482.7895297609283
945, 482.4346108564869
531, 482.19827320140854
444, 481.8522332691118
251, 481.64116595821844
1071, 481.6335009967601
3341, 481.45544396774903
188, 481.29695188905373
1610, 481.0349207905262
1166, 480.6729862899149
716, 480.36197469511063
2991, 480.22681242459754
3191, 480.1037466772472
1306, 479.7536771867621
2964, 479.5928010521452
3379, 479.49568185625265
781, 479.33069359218894
1215, 479.0965661002762
579, 479.074441923399
482, 478.9904225853695
175, 478.86341971861157
2986, 478.12434509595744
2262, 477.2127044666619
1356, 476.7449382991679
2053, 476.66213268557027
2318, 476.59026700986215
539, 476.52680810394065
3142, 476.30880265109676
2807, 476.1589281513133
1202, 475.87618974115327
3389, 475.58552492763374
437, 475.4814832938956
2260, 474.38374082754115
2312, 474.3053935471478
1228, 474.00670215697295
213, 473.7100186636902
2737, 473.152716961037
2953, 472.8437988035937
2274, 472.3186487241524
671, 472.2281357772082
2997, 471.5854941744224
3167, 471.54694570199854
1533, 471.3276038436075
2424, 470.96056731696183
1525, 470.70639319766053
2194, 470.314581632033
1848, 469.7771292115454
2050, 468.8988527723611
220, 468.37579294979946
2435, 468.3029102654569
2428, 468.3029102654569
1032, 467.9743512833471
3409, 467.87074250016286
980, 467.5810747770459
1975, 466.89472491423584
329, 466.7754875681784
2936, 465.6148521791347
1161, 465.1423511559466
1562, 464.9432725734866
1807, 464.588641557487
248, 464.58054614378517
3403, 464.4040308855737
333, 464.0730306386187
1617, 464.04600021005473
1822, 464.0164841373492
2187, 463.89873841527526
2301, 463.81297584629016
2429, 463.76639119175644
321, 463.74541847109435
844, 463.5841296641951
1026, 463.55321726209223
1999, 463.40963125232673
2157, 462.96655689274735
575, 462.9594621383846
612, 462.5321644118834
3233, 462.5083986635198
2243, 462.3974204285228
2961, 462.3703115780883
2963, 461.6655297457556
778, 461.06350718796176
669, 460.7443563938167
1851, 460.7195816914373
2196, 459.87870694394326
981, 459.23709216104834
3179, 459.015592300815
1233, 458.8712943194312
526, 458.3946572513295
860, 458.1857246286286
1336, 457.86788628879617
642, 457.76914014688947
1076, 457.50022886042734
453, 457.4340061788173
825, 456.221646605315
1574, 455.81819575021785
2348, 455.64590428003135
2764, 455.61211985290447
3210, 455.1740937867743
2006, 455.08943202436205
1452, 454.76063163958196
303, 454.73288578193467
2188, 454.729935972887
1023, 454.5902542901458
428, 454.4612634871959
152, 454.1399872075953
1132, 453.887153185623
961, 453.5545806037224
1187, 453.12487790398114
293, 453.0793823574495
1129, 453.04049332405845
378, 452.8509287948615
2772, 452.79092429403397
1985, 452.59856783767
249, 452.3519996923444
2308, 451.60431319914744
762, 451.2649002983878
3169, 451.1769213018892
3189, 451.0326279224536
23, 450.8150585705101
2438, 450.80487252129416
483, 450.76771052966694
3205, 450.30538209151337
332, 449.6508105768301
581, 449.5195299688152
3203, 449.25989491349344
2993, 448.69691778330844
2195, 448.3328136978301
698, 448.0120784606476
162, 447.6273370014857
717, 447.1886355436729
2160, 447.1439985018736
3010, 446.9059098478504
1912, 446.45993249677537
2355, 446.3819752462604
1090, 445.88802269169497
330, 445.8234722505588
920, 445.69804868274275
832, 445.62561124429106
2989, 445.603284940272
2949, 445.3986248204982
186, 444.6307161446699
2059, 444.53813749056974
27, 444.32753181744755
2277, 444.1419103263369
2380, 443.7694501402541
3065, 443.75517833015317
1980, 442.8516793569361
3426, 442.58189317460557
3445, 442.4051156703877
2011, 442.14780829459977
3172, 442.1438054921355
817, 442.00250483347554
3404, 441.8602613993415
1572, 441.8281755165115
2189, 441.32152750588017
2075, 441.1956921724753
98, 441.02684724655825
2746, 440.99997850486255
600, 440.7254829449578
123, 440.56710513564053
142, 440.1097477508245
3212, 440.05958334222714
773, 439.8321534234726
2070, 439.5843867379212
2095, 439.50963742725713
955, 439.48100554581646
2267, 439.32438740687866
1997, 439.28829337636523
2018, 438.9822986893464
380, 438.7061631548824
1263, 438.02933635541643
815, 437.9605948170426
1252, 437.814055562232
1260, 437.6620771177026
2292, 437.32743136150174
1143, 437.0575143185386
478, 436.6511757736745
1279, 436.5114279800725
546, 436.47775987310183
1456, 436.11459678972716
1615, 435.9619129896021
2790, 435.79571247500706
3149, 435.6419188584673
1573, 435.6048287090146
743, 435.58224836201464
3032, 435.4475594800348
3182, 435.2033618490638
2142, 434.75707061868246
1943, 434.43440738076873
1653, 434.3948373333513
852, 434.30615836498833
243, 434.2561706155174
2103, 434.1006532067944
471, 433.99047078310457
1995, 433.89595504572753
2360, 433.438646176978
2306, 433.3174836795222
24, 433.0915637983718
1991, 432.952909929706
864, 432.74242670287504
392, 432.7101136840158
1203, 432.43119501138506
1432, 432.0365024270438
37, 430.92135243408643
2055, 430.45720716736395
960, 430.30237453341067
2389, 429.29472142841576
2298, 428.7858377856516
2088, 428.1690915626109
922, 427.86593590302334
331, 427.55077637638436
527, 427.0224882653265
441, 426.62601381294377
129, 426.521777691957
3174, 426.25029301647254
3434, 426.04933238161846
2845, 425.7358717493042
969, 425.3017314847967
1623, 424.81217448324816
677, 424.7633988846077
808, 424.4354528527755
560, 424.3092341258908
2016, 423.81209517187096
2145, 423.79305920913924
467, 423.5705621878197
3202, 423.3387802796681
1690, 423.195368497904
2362, 423.188115798878
1576, 422.4338875009126
272, 422.41370996665705
1259, 422.2947380535181
2252, 422.14206558979026
3285, 422.1339939150017
1963, 421.5592128781803
1038, 421.38337598258585
3128, 420.6737387293504
3447, 420.6197019405727
297, 420.5748307613673
2962, 420.56821417230503
3319, 420.3749796035206
3424, 420.2366525922998
2786, 419.9574694704787
1331, 419.74404118540605
2829, 419.66905865025996
319, 419.56949123203833
2774, 419.34095400377873
421, 418.43498009833434
709, 418.4129361020855
475, 418.3546970739382
3298, 418.282470835977
1466, 418.1744993018088
2766, 417.8491670391863
1037, 417.719674291728
787, 417.58643677667817
2026, 417.5603654123577
2310, 417.52152989971944
2879, 417.36192040368445
2086, 416.8883106015868
410, 416.6583629376994
3281, 416.50131544636497
208, 416.2129075766542
365, 415.36386360143916
451, 414.5169618103935
247, 414.4443412968117
1412, 414.3900661862005
2431, 414.38960703009536
2263, 414.1762104325544
2828, 413.91996693944526
691, 413.8178980240759
574, 413.2573429233997
1098, 413.22994000403213
1567, 413.0378805416091
2907, 412.84167571292056
3386, 412.7261279130714
936, 412.6960796498304
2846, 412.6201190845417
1111, 412.45158639282664
2365, 412.4311390322934
731, 411.9771795034192
130, 411.0800728025454
79, 411.0364194265718
3190, 410.9168054114309
3056, 410.8563866725045
3214, 410.7535049904746
2220, 410.7163516054011
2300, 410.6132454891583
601, 410.5249539924557
466, 410.46157635529187
2122, 410.34190140848006
2863, 409.964406298949
999, 409.92326786280796
1581, 409.74530997431896
464, 409.5614962433225
1266, 409.01971447820347
2214, 409.01789408069106
1803, 408.5602186575281
3175, 408.53948487237363
299, 408.36761761765194
2296, 408.0504858442049
585, 407.84075225363387
964, 407.3569986060859
804, 407.18446825904675
2434, 406.7146406324684
3185, 406.5932242689394
1543, 406.3224476969017
449, 406.05195869640704
1459, 405.78390440050487
1523, 405.4235721453105
1308, 405.37015060077164
2858, 404.97734601245736
3173, 404.8493286210813
488, 404.66594423060826
370, 404.5913530098282
2767, 403.8967131568205
100, 403.69787792904424
328, 403.30937381579076
2757, 403.29874914446725
903, 403.1077239457808
3300, 402.8168233583292
2759, 402.68884998618205
1473, 402.4360551725755
496, 402.30684691991024
2992, 402.25808264341316
1840, 402.13907746264834
1314, 402.11299612757546
583, 402.08791063820115
594, 401.86710011129003
204, 401.8163951216791
528, 401.72021873486517
2029, 401.66453790546603
168, 401.46830859237315
2181, 400.9436870735392
1077, 400.6574649993646
2817, 400.5534965688325
534, 400.1994738488387
2734, 399.26062425058245
2427, 399.2591800941756
1599, 399.20084247744177
2219, 399.1227883193598
1490, 399.04831009635507
3098, 398.2567807847719
2407, 398.11296382584237
856, 398.0802683186341
2744, 398.0758609789264
147, 397.85598923049395
2987, 397.78695900444967
2905, 397.56973494101885
1887, 397.4240985793726
1495, 396.8271153749193
2261, 396.4332148834569
1770, 396.23573889383516
2083, 395.6773097089328
3208, 395.53698437716736
1371, 395.0225812558195
3057, 394.2878054369837
1571, 394.0918304453881
914, 394.0600677883098
3244, 393.73905358874777
173, 393.58376777604184
2422, 393.5796011319682
2381, 393.3070159174875
2228, 392.9915379032771
789, 392.89984964265886
2024, 392.79636876587244
3283, 392.73910462420275
3110, 392.6535865481222
2173, 392.5138075500305
1408, 392.11807504628763
3042, 392.10746823004774
2231, 392.0166105795547
3226, 391.92734044818025
738, 391.802664780195
2206, 391.722719951437
2168, 391.71382839065427
2109, 391.50580388564276
2352, 391.2701382368179
75, 390.86673301552946
586, 390.1040980292652
1184, 390.06577665480876
1594, 389.89953246073674
1823, 389.8417662430947
2266, 389.82845036298045
837, 389.58762868259186
335, 389.5323816462978
1517, 389.508293423581
2354, 389.3354659090082
242, 389.303421625625
3245, 389.0055041730896
3320, 388.85682834688754
2209, 388.76783151329164
2224, 388.6418614770346
1850, 388.5500791584584
2171, 388.4432544647295
3229, 388.40141618675335
1984, 388.36585171291694
3276, 388.25072606510753
1839, 387.74173852997376
3292, 387.6745300985733
1893, 387.63103210976885
203, 387.57020135020974
480, 387.56083061512965
1177, 387.3245817892129
2165, 387.20431002994764
401, 386.65807504607403
3348, 386.3817065884199
2032, 385.84146886336276
3440, 385.7592974884089
845, 385.6354177405462
2027, 385.3100465859306
313, 385.0813252908051
1587, 384.9138242705883
1942, 384.89862101659
780, 384.8864742389398
846, 384.49731569340184
3093, 384.45277305781207
1256, 384.3477423275566
2722, 384.2938394488462
1029, 383.9985701222449
2820, 383.90382671636297
2748, 383.79868463579066
435, 383.687644088659
2877, 383.6693649789565
1575, 383.6445584475415
46, 383.61211485388964
972, 383.55471160372247
3159, 383.2610206108882
544, 383.1602970798737
3026, 383.1267538113616
1315, 382.93956416396844
558, 382.75895528854977
906, 382.5116461548345
2996, 382.4566043989327
2776, 382.3964572565018
913, 382.3946050736245
1443, 382.3774056014786
485, 382.03468575345363
2076, 381.7594907881375
2507, 381.6301210585589
479, 381.547617748686
2078, 381.46672265870785
2013, 381.2210988260772
2920, 380.4843176087992
907, 380.4139998407209
415, 380.3134601606582
2091, 380.29072443219525
1140, 380.09377292717835
1790, 379.7770661886947
540, 379.5906139332505
650, 379.58301271819624
470, 379.47150936582426
1105, 379.4629425104841
2200, 379.4100601186371
1348, 378.61959187936907
2190, 378.54148736981205
1508, 378.46351504633515
193, 378.44879143316683
872, 378.3097157338814
440, 378.19143154012704
683, 378.0592339688555
1404, 378.0244947690645
1880, 377.41296153460274
2223, 377.39672352097625
1889, 377.37322329909307
1505, 377.1043949092654
3031, 377.0271393195712
1501, 376.8578209191888
433, 376.71371731249076
588, 376.7045239341201
529, 376.6710536550465
1675, 376.4439541388663
2150, 376.2059468217124
48, 375.8044309300252
1611, 375.7482425746765
696, 375.7017243674808
657, 375.69806877216166
1142, 375.50339502659233
1527, 374.5786193752088
1870, 374.36460342370555
1058, 374.2876786086896
608, 374.11668190248037
2773, 374.0901218710414
548, 373.90670457562265
1100, 373.54873314936583
1853, 373.4097291832666
2965, 373.3042396538047
2825, 373.2898522243189
2837, 373.1724124221395
2850, 373.1299135585528
2278, 372.9540659793701
593, 372.9106500823249
2045, 372.8182742050704
1846, 372.68110708008874
1478, 372.64172260220596
372, 372.45926850639677
861, 372.39309797997157
1510, 372.2092076035692
1604, 372.1551164390613
1172, 371.99716798848897
3293, 371.8699072110099
2256, 371.84757673987724
425, 371.7926080016313
2751, 371.7096043075899
2852, 371.5638684241908
886, 371.18341735742956
2113, 370.9430014034966
3297, 370.85160387867165
1434, 370.7227800071075
1433, 370.7227800071075
1488, 370.38505110443845
495, 370.26336919600874
1321, 370.2499338871296
1502, 370.0073893865444
1910, 369.9377444430412
676, 369.8805170866138
1487, 369.4117434377891
638, 369.03993543614166
2622, 368.7929925674999
191, 368.68183377040634
821, 368.6561919351266
1369, 368.5278591864721
1494, 368.40689230350097
26, 368.2290083624035
2164, 368.1950516049985
1289, 367.83510582935185
3209, 367.8032392894399
2311, 367.415994043208
599, 367.3429351463613
307, 367.3048654583696
2804, 367.1003941590384
1361, 366.9140916667675
468, 366.8486021667236
839, 366.76503605020815
2334, 366.6175159364829
1481, 366.3238502976503
2115, 365.87241521707193
1087, 365.7244376065318
126, 365.6983068038715
2998, 365.6440908438713
1322, 365.40603896955173
3267, 364.9361466068816
371, 364.41879199275314
1820, 364.40813247500233
217, 364.3958240144804
919, 364.3681870117975
288, 364.2271899845466
862, 363.8414976290823
661, 363.74580247380686
1983, 363.71060268173875
52, 363.6275122998442
2291, 363.53500129534655
1512, 363.2138316228553
928, 363.0131982462816
1549, 362.92653092884615
1001, 362.8127401851315
3176, 362.40917924213034
1380, 362.3176297585362
2841, 362.11732782442886
34, 362.0965190681058
987, 361.9495613982507
1421, 361.8970271977735
3270, 361.7616841406011
659, 361.71077205452235
148, 361.47698476521555
1977, 361.1471858520253
1390, 360.9441596409842
2723, 360.5753880578905
584, 360.56091593017544
816, 360.43922618889394
1204, 360.3562312385515
1957, 360.0584961561013
2020, 359.9910564664329
1993, 359.988439746772
1579, 359.88270889202624
2276, 359.71979856014156
452, 359.6676885478449
1235, 359.63358524054706
1063, 359.44393821192176
1828, 359.34231848765506
2117, 359.14381373230873
1792, 358.9832052756938
1268, 358.9548379585061
2802, 358.93840813951834
3014, 358.92910593086333
3083, 358.83239909020796
562, 358.7152439744209
206, 358.6134401068211
2768, 358.60526085316843
2831, 358.592572265568
1211, 358.59200250808107
189, 358.494531600869
2839, 358.3320551316771
1389, 358.2916321262981
3079, 357.861946030843
730, 357.6082837205723
2321, 357.564178169105
3006, 357.4530644858238
2125, 357.45137515913433
3213, 357.4027674425606
1159, 357.26375639584523
3435, 357.23419050565485
993, 357.0950740039674
56, 356.9008404734243
1686, 356.8596427116873
2120, 356.79615692409845
2229, 356.7935153443461
2324, 356.5640248721676
416, 356.3014436749419
1680, 356.2181080267496
3071, 356.216267934751
222, 356.2109911627694
718, 356.1726373707697
708, 356.0700199888541
690, 355.94468510657947
2988, 355.8449888603646
3287, 355.82809039525574
1886, 355.6948300371156
602, 355.67943082601425
51, 355.51867938119295
2359, 355.41053280747127
639, 355.34788123944077
1859, 355.3324638773131
784, 355.17474752110036
3002, 355.09762356515046
274, 354.94203913814414
1521, 354.88937314667703
902, 354.65267176069193
1513, 354.61528439627574
790, 353.1331294084734
849, 353.09715039937544
1986, 353.0854373761177
607, 352.95711629429485
1577, 352.90480546865933
2981, 352.652851013451
417, 352.41460797885316
3151, 352.3217109693702
1493, 352.3161523687078
1221, 351.95134698165094
2844, 351.8351241319732
1890, 351.55589279701
798, 351.51309603433356
2285, 351.4608991921824
685, 351.0972043350002
867, 350.54691187384105
989, 350.50757599024655
2272, 350.5015576370731
1614, 350.4733467832704
881, 350.38514964824975
2019, 350.32128705008887
1345, 350.0662959706406
971, 350.0225846548458
665, 349.88916465000455
1913, 349.8710951548469
882, 349.6529732300964
3259, 349.5568219728458
1732, 349.38902294849765
1914, 349.38855658484283
970, 349.3540297862514
3084, 349.132688435124
2994, 349.11332959699513
1622, 348.9610747303511
2230, 348.6984149219638
1377, 348.2800519074088
1237, 348.2114522701634
752, 348.16676133961704
1908, 347.9812454555796
1601, 347.9519557972025
892, 347.8599596302643
564, 347.3246188507879
2439, 347.28593352723254
840, 347.0681828194029
1707, 347.04287359411256
927, 347.0020171408349
606, 346.93810986474057
938, 346.88777396709804
315, 346.884577204217
306, 346.884577204217
2025, 346.7855565893044
1381, 346.53508549997093
1312, 346.4106657364137
2257, 346.27022192865616
1396, 346.2334812853578
3050, 346.2147577356501
1666, 346.16646373596467
235, 345.8694788175101
3199, 345.5686758958634
670, 345.4029384052613
572, 345.35566379365713
664, 345.29431031055526
1339, 345.15929317989446
1330, 345.0291585036749
2237, 344.9871735853836
1555, 344.7063774367379
2810, 344.69952741476015
1102, 344.4371354802881
389, 344.4063442796028
559, 344.3472650197471
777, 344.21656726266264
198, 344.1061567103271
44, 344.0110457824638
1455, 343.9330348097865
3321, 343.88120608459457
1014, 343.66381823157786
424, 343.30979817695084
775, 343.2307631396117
2750, 342.9741111558638
2391, 342.94235488092227
2888, 342.804776712571
611, 342.72980159076684
1343, 342.7183430540928
3051, 342.6482725098682
406, 342.6339922557781
1295, 342.3952665598438
525, 342.13399795687417
3272, 341.8782105317615
1550, 341.7821709659998
2372, 341.6556915045679
1902, 341.5522041412
723, 341.5256678386576
776, 341.4987889884264
847, 341.3569393961765
2908, 341.27433181892684
855, 341.17069296360523
2851, 341.1240486414161
1244, 340.9302107994061
853, 340.767220566014
2415, 340.5043534772015
140, 340.355110858389
1273, 340.2363678382736
194, 340.11704449632805
3228, 339.96248649051165
1398, 339.926197643369
2376, 339.67300869129025
1033, 339.25946929380825
1243, 339.16859431255824
381, 339.15239193216416
256, 338.8167806093673
2343, 338.68972997361726
266, 338.66383425896595
3192, 338.4639259808153
230, 338.4090131130944
3246, 338.3905958211831
3274, 338.2701313123465
3315, 338.1452651868764
1895, 338.06395489274814
2238, 338.0268540910645
2116, 337.74880935769994
850, 337.7026411869002
3171, 337.57610804663153
447, 337.26578014466105
555, 337.15210186677416
573, 337.0427203490225
2741, 336.9254402787859
2162, 336.80994908980875
1461, 336.64369545426814
1271, 336.55184349474507
2811, 336.34271308265875
1815, 336.29892267569005
1544, 336.27231660122294
2005, 336.1672439165377
3045, 336.101093847703
1002, 335.9570393956689
1413, 335.8715503265859
2307, 335.8459124594486
82, 335.8384014907647
636, 335.81134278725506
2361, 335.75211221350725
689, 335.75002968393557
1561, 335.55157598050874
2255, 335.5269873313122
521, 335.5198051986374
1580, 335.29313601206485
2898, 335.2629420643376
3439, 334.9028502166863
797, 334.88480549917125
822, 334.86699362905404
635, 334.84998870562
2546, 334.8442363241648
515, 334.81129664026815
785, 334.7392845510859
1006, 334.4926755610874
2108, 334.4362405032332
2254, 334.35881462655925
1249, 334.22641191490146
2366, 334.18886496119944
577, 334.16320900372466
2419, 334.1260473469868
165, 334.09777678396364
2903, 334.0949008673994
1368, 333.9052156205965
2141, 333.8967488260314
779, 333.89655214672223
1758, 333.77020091210875
2795, 333.6940297767617
2899, 333.54669094614917
1424, 333.49732569984957
879, 333.19440499331387
694, 333.02681717735663
1474, 333.0175327077946
2245, 332.9506387150436
228, 332.8935992513943
2041, 332.87816541016053
3413, 332.8129465573231
895, 332.5544905842361
1515, 332.2917017806487
3178, 332.2778784974923
275, 332.27139641596733
3268, 332.2192051970718
1511, 332.18990444687853
407, 332.1328987428591
2131, 332.1194925104442
376, 332.1192519662354
1742, 331.96704074205604
2213, 331.76740963191935
1539, 331.5494243886284
770, 331.52174963213884
2286, 331.23496004744226
871, 331.19069537653985
1285, 331.10524010039956
1566, 331.0978944801776
711, 330.7629860475787
713, 330.453419681121
143, 330.3216249404025
1500, 330.07431571677387
2549, 330.060061263717
1422, 329.9700761036848
1378, 329.96803427831395
918, 329.95665375566534
2218, 329.89373344142024
1278, 329.8378760062368
1423, 329.82941593775246
1829, 329.7511729759265
3241, 329.5589698299448
1883, 329.5299443476434
420, 329.3365337282755
1420, 329.32525888817946
868, 329.10691143239166
1920, 328.99974386233174
983, 328.9490411673538
231, 328.877876992246
3336, 328.82971440057565
2210, 328.46751429221524
992, 328.3888550334059
3044, 328.2706232397529
1677, 328.1886727115462
651, 328.1591766379042
2830, 328.1396073090876
1352, 328.09661322841583
74, 327.89085035773917
1720, 327.87294866115604
3133, 327.6947431401276
2106, 327.5989037669161
876, 327.3633097126359
2259, 327.3345079086936
1738, 327.32574005808897
2951, 327.2257778514851
3278, 327.20641559265
445, 327.1780112249822
326, 327.10856003351455
3092, 327.07471396839685
654, 327.04828879307195
364, 327.01727604202404
1393, 326.8895274602805
2294, 326.82205674602017
1854, 326.76317446942977
240, 326.6865495290467
1825, 326.66992291418967
1480, 326.5042517063332
85, 326.41269737642483
569, 326.38768951823255
2881, 326.36852320698813
1392, 326.1324024944089
2121, 325.9283176169281
1024, 325.86119122828035
2808, 325.82654027460376
1926, 325.67557959020996
580, 325.57774309383336
1804, 325.5277871742552
2736, 325.27501181711216
1417, 325.0560966791863
1082, 325.0448887357837
1084, 325.03807420699087
1280, 325.02784052170824
1293, 324.45043669169877
1400, 324.30263797746915
3384, 324.159078132576
2227, 324.11990059100054
3204, 324.04632814301357
678, 323.9509863756388
2166, 323.8603919607129
379, 323.8497340451567
134, 323.5621927641935
2483, 323.52159930322495
3144, 323.4264296431856
563, 323.39674049622323
693, 323.33092493085707
3432, 323.05991561296196
774, 323.041265783556
854, 323.01734093146797
1817, 322.93406710749656
673, 322.87577938688446
1687, 322.80966900166874
1122, 322.65759488874806
3170, 322.6286100069812
1959, 322.57055013922394
47, 322.2796658534736
2369, 322.23082697497046
57, 322.2265278923169
2630, 322.12360328525523
1989, 322.0532226403579
672, 321.84301692642924
2416, 321.74385823326776
3062, 321.60407138450324
2749, 321.5016448674302
2154, 320.7566022732059
3059, 320.6945783438018
883, 320.60002633437034
1411, 320.59955772856443
3433, 320.5835899698418
1830, 320.479068005796
2034, 320.3157004868906
1909, 320.28926777653845
680, 320.26171801213184
294, 320.15503175975294
3271, 320.10657372149586
3095, 320.055789370932
1425, 320.0363704731726
885, 319.962608840337
1877, 319.7188917075928
1841, 319.6296847762928
1491, 319.60866680888995
1409, 319.60744336932794
1081, 319.5610539566536
948, 319.2858792816835
1725, 319.23550886624344
656, 319.16277064850897
3101, 319.15274163908487
1771, 319.06238318680244
755, 319.05181856068424
1121, 318.9863033063616
3143, 318.9117123945654
2198, 318.89850844473796
2163, 318.7848212094455
2199, 318.62047489224096
759, 318.0889302103105
2314, 317.7947695226802
3211, 317.77166110842063
2547, 317.74677512771126
896, 317.3719549753536
237, 317.3153678496207
3194, 317.2364014838229
3305, 317.1188162810514
2884, 317.06896212119676
3380, 317.06204537776944
900, 317.03499161667094
2897, 316.96580126253286
597, 316.9441062971397
985, 316.89256753582066
725, 316.8420915164352
2651, 316.7149540989691
2793, 316.6781687424781
613, 316.65692964371226
741, 316.57459827334725
887, 316.49832215072723
1403, 316.45819599546275
935, 316.43286950043534
257, 316.3824899535088
675, 316.3069638885965
3206, 315.88614497585473
2003, 315.7116315501351
1367, 315.4928405435743
402, 315.35311796008074
1981, 315.3473347686485
2138, 315.2642148313226
1370, 315.1879169150499
614, 315.1746249853697
2423, 315.17227998861244
763, 315.12797197601293
3186, 315.0456202634931
1627, 314.8281529042775
2789, 314.7895671584743
937, 314.756987743115
1722, 314.75105857242585
924, 314.6376956599696
2319, 314.4983881733552
764, 314.3717666252689
3163, 314.3459435487354
1618, 314.2874795505285
3030, 314.2530175070627
782, 314.1734738038762
1439, 314.1503941426596
1372, 314.0424865806971
3197, 313.92917315845204
2513, 313.5304610940408
1205, 313.51249212570804
418, 313.44354277528424
932, 313.43111755638796
3043, 313.31605484508503
946, 313.2149573827779
2114, 312.98199093348205
300, 312.84318858530065
649, 312.8055993078222
3039, 312.8043634280956
1036, 312.7001347170346
2454, 312.6575549322685
3304, 312.5736933374637
1238, 312.54104078810207
323, 312.5108500904341
311, 312.5108500904341
141, 312.395854331391
2666, 312.3625127671032
3068, 312.2804987646746
77, 312.19221110767353
3350, 311.9518472730936
1162, 311.7024869695662
1906, 311.662319481773
351, 311.64129796281895
253, 311.6379053214973
2148, 311.6264465370109
3327, 311.59395772695353
1419, 311.59204132239216
427, 311.58292030677245
655, 311.57524851326633
1646, 311.57454053854394
963, 311.1853608528831
1685, 311.18304363526806
2280, 311.1071912926723
35, 311.03371940511573
1578, 311.0157988789063
1835, 310.68465811678163
870, 310.6676293318294
1475, 310.65059974794957
748, 310.61488637994665
1904, 310.5916503408674
2505, 310.5152328523565
3312, 310.39763219564696
565, 310.39589941579584
2093, 310.37731087767975
645, 310.368159982729
1669, 310.312514804694
2246, 310.2857771907645
1328, 310.2256156223556
1595, 310.1486970269728
1831, 309.76797154873583
704, 309.76611701966357
2203, 309.7296873313652
942, 309.6992985344186
1915, 309.6511460610119
1729, 309.64307269017894
473, 309.6335745937213
714, 309.6094676985099
2240, 309.57922841112816
346, 309.5400660524357
1718, 309.51272515096554
3037, 309.4454678958298
2875, 309.4438403211333
2882, 309.389983146477
298, 309.2227465309956
766, 309.11815513159524
603, 309.1013675743532
956, 309.09806272095403
2216, 309.05780172253657
984, 308.9923381931422
1801, 308.9181910085922
2385, 308.8368361559061
567, 308.790560361673
1292, 308.652461924001
1018, 308.46639270206333
836, 308.38092327600805
1746, 308.33037524251387
800, 308.22435574094266
1498, 308.1408719766226
1791, 308.03889156434076
2331, 308.03069043249303
897, 307.90769380805995
1346, 307.7664416468707
3443, 307.6672808042103
2048, 307.6486066750886
3284, 307.5093167241826
2891, 307.39857073796463
2288, 307.26769636011886
2123, 307.2548153290185
3294, 307.11883288173453
3289, 306.94365337587203
3027, 306.80011582344787
663, 306.7463894443639
1563, 306.4292086370388
813, 306.4091514123298
1879, 306.3757510762452
1277, 306.3751113257816
2104, 306.3665506221921
2854, 306.3190149577946
1554, 306.1962661124215
408, 306.1682607556954
312, 305.82509335922776
1357, 305.4986279678041
1982, 305.39372686227705
1327, 305.34184528648365
347, 305.29945166156915
3040, 305.2367640313935
933, 305.1990082349124
3200, 305.180461934139
1231, 305.1419079757467
1625, 305.0748625786091
1458, 305.06682030186363
419, 305.0362910641226
742, 304.9587464281581
2002, 304.9373444985125
2833, 304.91785253793637
31, 304.88956084966964
1021, 304.8416623106343
568, 304.8318859504264
1387, 304.6447320685405
2948, 304.5156156722437
2842, 304.46904295007994
1992, 304.4395030121934
1382, 304.4128476758076
701, 304.3321527025761
2146, 304.3108500440864
3038, 304.29609745370493
2323, 304.2358802798202
1874, 304.2344387443266
1405, 304.1580204842006
646, 304.1351171960571
1695, 304.0846525909012
761, 304.0770721490786
1708, 304.0542767799311
2508, 303.89549297333093
2119, 303.87545286003893
2491, 303.7994631021407
1323, 303.6360145915564
697, 303.53095270319295
2583, 303.37868036578516
3147, 303.2385165422077
1772, 303.1812886695078
828, 303.10294629605613
1516, 303.05223495428095
1747, 302.96306139147146
986, 302.8967151156803
720, 302.78812471870253
705, 302.7746193518848
3243, 302.7217870113214
959, 302.4948540740539
42, 302.41580247733185
643, 302.3295387536557
236, 302.31204798360744
679, 302.30640424825725
73, 302.2839613161726
3134, 302.1828526256991
1374, 302.13170547917485
2404, 302.10794245643626
740, 302.04320169619234
1415, 302.0202302639175
1272, 301.9456130070041
1275, 301.79961623533086
1391, 301.7087428865599
674, 301.6371807257305
1388, 301.57332093463305
1970, 301.3871699057324
640, 301.2970537432894
792, 301.2588467130566
280, 301.25060718778224
2202, 301.11915209598794
1548, 300.9961757855211
2847, 300.46165836835127
1291, 300.4260399337303
1288, 300.27975013835106
1944, 300.1896875648314
281, 300.1519287600633
962, 299.87890917097576
2258, 299.82547064616165
491, 299.82193607420913
2136, 299.8022315097178
3120, 299.74351920989733
966, 299.60101004995033
1499, 299.5123159268085
3354, 299.4698056168263
934, 299.38192869776213
2169, 299.33106223542165
1353, 299.2856358298643
623, 299.248161241641
728, 299.2333028965404
2233, 299.18959376502875
509, 299.0354168848239
750, 298.99820227486714
2946, 298.9505826826179
2430, 298.7623790347948
1934, 298.53861827677287
1340, 298.46875499659734
2432, 298.4379405764546
2721, 298.3491764262619
692, 298.2882692345208
783, 298.21568674994523
2442, 298.1523544326822
1020, 298.0238572236803
2130, 297.8719128606423
2849, 297.83068093092817
439, 297.6887219408063
2840, 297.5853221037654
1427, 297.3901740335866
324, 297.3041775466274
2379, 297.2762507348872
282, 297.2050669767644
616, 297.1856530546871
796, 297.1512191309862
925, 297.13973304671055
84, 297.09167612252963
1875, 297.0217975991769
2175, 296.95935259506695
1927, 296.8555575948639
2183, 296.8340170293923
1232, 296.7956571939279
2947, 296.7162049221335
1641, 296.4208743573071
1524, 296.353654526479
2410, 296.23596824987646
1976, 296.2000577879044
2824, 296.19440339281704
1486, 296.168237171068
827, 296.11369090922716
1270, 296.0847453554929
2566, 295.95580694659037
350, 295.9247464090808
799, 295.9237160531427
2140, 295.9207680136368
1905, 295.83031183636757
1789, 295.75990342275736
1104, 295.7254006559926
1297, 295.72085576718996
1265, 295.6942658498591
2742, 295.6718565995416
843, 295.29537001208206
801, 295.18999095720795
2008, 295.02378463065344
733, 294.85836030410377
246, 294.7888114745993
930, 294.5756885745624
1294, 294.56717712751424
1506, 294.54466538599286
660, 294.49174011779695
422, 294.4644442671809
908, 294.44251550831206
1009, 294.28508627573285
2671, 293.9145983216506
1258, 293.7542270799109
732, 293.5343314410005
1756, 293.4022404478005
1698, 293.36645908862647
859, 293.3410992613313
363, 293.1623662332856
1819, 292.93981560119056
3448, 292.7656256567273
1318, 292.71286707988975
707, 292.54865320297114
258, 292.2993922225491
455, 292.2944929452455
710, 292.1718696437186
3314, 292.13179371300015
967, 292.11865839398246
634, 292.0930016805802
893, 291.790414008642
1598, 291.7766619703831
2129, 291.775858438116
1888, 291.7665627204316
2338, 291.51917906728625
3184, 291.5132716133822
1329, 291.32820093796823
2375, 291.3177126893876
2021, 291.25006900746
1354, 291.04125746271876
3082, 291.0133521981704
1779, 290.8789073591922
2377, 290.80101412063965
238, 290.778292038868
2393, 290.6958741784379
1782, 290.6752223652282
838, 290.1418927949798
88, 290.0880220573387
1868, 290.05159238641306
1971, 290.0049837839614
824, 289.96064022115377
219, 289.9537875046327
2232, 289.7008873837018
1809, 289.5829057245521
2780, 289.5410639804131
2917, 289.41060757889136
2353, 289.2809213015324
834, 289.24483414615275
863, 289.01719233001506
3034, 289.00423711276915
2823, 288.9883796550194
952, 288.87878798224364
2222, 288.86235830660354
2176, 288.81301178674266
2587, 288.8106318120718
1717, 288.73082630640874
2784, 288.5802879979031
3230, 288.55424797968567
302, 288.512637988342
1740, 288.4359591341787
1673, 288.3826618812823
1426, 288.3754101400493
1453, 288.36104552393374
460, 288.2032873583531
150, 288.1964109043837
722, 288.14245657611474
58, 288.1373129557588
977, 288.1107255408661
699, 288.05818186044047
2688, 287.95676162551257
314, 287.66493524353103
374, 287.55247970164487
973, 287.4935388670044
1786, 287.3130703828087
1894, 287.25037463996216
2696, 287.0603337349427
566, 287.03515120850943
576, 287.0248548994182
3146, 286.95969216970394
1469, 286.83622267780436
2247, 286.7350001281477
1647, 286.7305922593332
2524, 286.6721706626968
512, 286.5211441959406
905, 286.4997268194318
1644, 286.48404849867455
904, 286.48104427501977
2373, 286.47483020396663
2287, 286.3922248455121
1836, 286.3568877865481
2336, 286.2857265687856
1022, 286.20009815021547
1492, 286.18873137084444
2553, 286.0792565599068
2403, 285.9978658423002
2816, 285.9223903276868
1365, 285.8645768685535
754, 285.8400900799856
2950, 285.838020803449
1731, 285.75673078891975
658, 285.7367483814417
2562, 285.5406996628372
513, 285.47210378233143
1949, 285.352140558834
2755, 285.12675048120883
1106, 284.9604920029575
3150, 284.9524533102579
2039, 284.86553785296127
352, 284.61448018688606
1921, 284.528792045901
2788, 284.4833104035259
265, 284.3442086225393
926, 284.0575234524836
931, 284.0212424227235
1968, 283.8450922224767
3264, 283.77560182143316
2645, 283.7054240768557
342, 283.68348743846343
1930, 283.67719253138984
734, 283.6763194073833
1682, 283.5948899346908
1714, 283.59286810312386
2098, 283.56777559622634
1057, 283.4778412942842
596, 283.39561621281604
3352, 283.3570184540041
2133, 283.29279611497674
1739, 283.283084203935
2782, 283.2268711983166
1808, 282.7557216218287
2864, 282.69509650376955
2705, 282.54822793262844
1620, 282.4227292953721
1871, 282.39316872570464
831, 282.36593033329365
2812, 282.27818857906954
225, 282.27341047898955
3444, 282.17841082503844
929, 282.1111860603109
3187, 281.9286892266085
145, 281.8264001175295
757, 281.7757513318218
2826, 281.7489343768633
976, 281.64243457282566
1504, 281.438552683911
3162, 281.39694757526564
1898, 281.33377304231715
551, 281.23380898570844
2217, 281.1688952078619
1479, 281.05555060111925
1726, 281.049691676116
518, 280.91313591929975
3324, 280.8785233629632
3239, 280.8564281131996
1582, 280.84688248776877
2610, 280.796082705455
2758, 280.68389008306565
1950, 280.65420706535775
618, 280.622357907233
3248, 280.6088157637865
1858, 280.5999816360094
1171, 280.47965984952896
880, 280.4380215466972
1642, 280.32301141281744
1935, 280.1466726333537
1643, 280.13481140320044
2244, 280.02083454563
2144, 279.9506839735278
706, 279.8914057931266
241, 279.8679403178291
1007, 279.86179911585504
810, 279.7963819475421
3183, 279.79004320436775
3105, 279.66927122046405
1900, 279.620931719629
3168, 279.6120999660518
1954, 279.52219757551705
320, 279.3898368672079
398, 279.31183043063896
898, 279.29669061314536
2558, 279.2492828240383
1320, 279.06953989540835
1799, 278.96937719077533
2902, 278.84038395723644
2559, 278.77740032834527
2876, 278.75206877075357
1777, 278.7322776881704
3123, 278.6931452192004
765, 278.6908469859266
1010, 278.4609923014897
1017, 278.38984031932716
1626, 278.3321430292874
1414, 278.13092180254296
1837, 278.0360038318612
667, 277.99696705288716
87, 277.89824440249146
1319, 277.68262265060395
354, 277.66784452778893
644, 277.582648165758
2305, 277.5521588967076
1705, 277.3511707705587
1928, 277.2825658135332
412, 277.17229847355827
609, 277.1680719462443
1185, 276.9675250767158
2017, 276.96428402141464
632, 276.8778185642338
729, 276.7487749187891
2327, 276.5745561227493
2367, 276.48253653334706
1591, 276.4215520818518
3290, 276.38740964770903
2322, 276.2650653496982
2514, 276.2638869774784
2607, 276.2347453912473
325, 275.7399298249422
703, 275.6761542053991
994, 275.5817890979126
2536, 275.5312343725146
702, 275.4861160249358
830, 275.4740698683998
1703, 275.4381924309363
1326, 275.3990941712496
3063, 275.3438502608129
2004, 275.26562908329686
957, 275.19035897502715
2101, 275.0404147133574
3415, 274.99198631404613
943, 274.93976677118866
866, 274.92643217755005
1953, 274.91901991108284
270, 274.84243440004553
3225, 274.8043554431351
214, 274.77163479636397
255, 274.75562987536114
633, 274.74614791849274
2325, 274.54050219427324
865, 274.53157780807476
979, 274.2939253108363
3255, 274.26362873871716
561, 274.2330637329955
1715, 274.1728911685489
239, 274.1439596342168
1540, 274.1056504569939
944, 274.084228978654
899, 274.0504054062422
910, 273.87763342861047
873, 273.81897699897786
982, 273.6370673689413
291, 273.63508932047506
1282, 273.59247339786526
3090, 273.51176568784126
1332, 273.4712967774798
1351, 273.45733542040693
965, 273.40540426365635
2694, 273.3098699018459
631, 273.26061249924885
156, 273.11500298855293
1778, 272.98886158245165
3041, 272.7531777327815
724, 272.68502006565944
2710, 272.6644314479129
3129, 272.6495925953662
604, 272.62538096426306
278, 272.6234761261387
2620, 272.6118697179033
2781, 272.33378452974705
626, 272.2504986630809
1080, 272.17133328689846
858, 272.1460452515514
1752, 272.1323587620117
2880, 272.0773631545606
2330, 271.94234925076233
1569, 271.93569234394124
2152, 271.9306631998632
1755, 271.86640756751734
1394, 271.8394662880568
409, 271.66073985255605
1470, 271.6387395946186
2370, 271.5965865952721
2426, 271.51295655591224
3012, 271.43040596988453
1721, 271.3578492293265
1551, 271.33404554393036
2640, 271.2912814213068
2677, 271.2835903225805
269, 271.22312632677756
1401, 271.2207606485317
1892, 271.1171062849881
1630, 271.1007282878323
1568, 271.064421059197
1385, 270.99454784452485
875, 270.8895256005584
1483, 270.8824666652825
2473, 270.78619896976494
2425, 270.6817211862897
2690, 270.2962435096245
2436, 270.2629726174125
3279, 270.0878597945723
2186, 269.92380049121886
1362, 269.90436212185153
3015, 269.8489578874945
653, 269.8417952352672
2156, 269.8161450944571
1869, 269.5861516180085
911, 269.4393499516671
1402, 269.4179948217827
996, 269.31593486458246
1304, 269.28967269955257
1712, 269.249270295265
2030, 269.23277993022145
1416, 269.20218437517906
891, 269.15589628068886
1311, 269.14870397539966
1827, 269.02650899270685
2571, 269.0241084870242
2686, 268.99943854747187
2000, 268.98237664684956
954, 268.90907064913006
1359, 268.8766397011968
712, 268.8753976015095
3066, 268.8647602753805
3318, 268.8239024162857
1692, 268.8106019849959
250, 268.7419464382734
2390, 268.65994822353747
668, 268.654350608103
1832, 268.49967270925623
3080, 268.4774088902325
3024, 268.45912535972917
958, 268.39736999346013
666, 268.3231817876802
1335, 268.29759958658474
1325, 268.27260303423196
2126, 268.2103430798079
1476, 268.1501202058638
3299, 268.11846537726547
399, 268.0871819342936
974, 268.05513036137165
2574, 267.99221398241326
990, 267.95976064550774
949, 267.85090031811944
595, 267.766219579231
2149, 267.7499951089956
1769, 267.579394755289
1303, 267.4715701387587
1366, 267.46675373292874
3130, 267.4263910451784
199, 267.3401871838016
276, 267.2942279339742
2317, 267.02557261409834
1286, 267.001074548329
2102, 266.8093449538035
681, 266.70521161491973
385, 266.46263670492567
19, 266.453376831307
684, 266.43790345198937
624, 266.43790345198937
1307, 266.4363681177958
1011, 266.0687626241889
2650, 265.9883811322724
2779, 265.87956361496816
687, 265.84926573393307
1733, 265.8348186970099
1619, 265.8295668355794
1489, 265.7514224516399
2703, 265.69464757231253
2657, 265.6912388399914
1834, 265.68965010413024
2814, 265.58442437478664
2874, 265.3511427564292
3207, 265.30347584323584
216, 265.2867531057949
807, 264.9549289041171
1016, 264.8283233728132
1281, 264.7922837675354
2653, 264.7752841646402
411, 264.5890992385918
1701, 264.55548985853284
1932, 264.47177082781786
620, 264.36216130074797
395, 264.2252185684158
1008, 264.2121933360646
829, 264.1414714606626
2251, 264.09400415803157
3347, 264.01140909667583
54, 263.93835298571025
2201, 263.915241536919
1710, 263.90196000284755
3022, 263.8965262406337
1383, 263.6616820075476
721, 263.6163796132202
2151, 263.5604242580656
1529, 263.2564655447555
998, 263.2552699065976
648, 263.2552699065976
2172, 263.19364021860014
3111, 263.14196187516995
1342, 263.07615132796735
753, 263.01453937210533
2756, 263.002903155287
2127, 262.96671142272396
3306, 262.9596915953154
1015, 262.7457090151067
1276, 262.7448885402975
1055, 262.5608400244752
2497, 262.5012729657333
1305, 262.31862117350806
1628, 262.2338590994871
2624, 262.2273877563178
2785, 262.1698688764492
229, 262.14134685376104
1966, 261.92174545145787
404, 261.9184030118162
2159, 261.9128497199929
1774, 261.88542967069566
2132, 261.8374650021149
1528, 261.79837111439616
245, 261.68478414007126
1522, 261.458852155576
3035, 261.45352373214024
1631, 261.31582566841377
1341, 261.28476222567855
1192, 261.2055234065502
975, 261.1016685068152
688, 261.02349916795123
3099, 261.00938894776704
1946, 260.9639259799521
598, 260.8804478619374
1735, 260.828102755963
1716, 260.68386234587217
2649, 260.66827392313326
254, 260.63318581952734
327, 260.5498845689358
1507, 260.3480144832205
1028, 260.0519693283188
2197, 259.93254483711354
2561, 259.9274703386036
21, 259.8410176175151
1744, 259.8094239315891
2111, 259.7818731237778
2096, 259.7818731237778
2332, 259.7408952905778
3020, 259.6424977077334
647, 259.56554377217316
2525, 259.31242123541233
2906, 259.18095072870074
2520, 259.15387510596656
1748, 259.0917317474177
662, 259.01547771222107
400, 258.96117352069416
1317, 258.7751628004934
2293, 258.7312400139386
2683, 258.5832530528004
2621, 258.5425762167448
819, 258.52546729020025
339, 258.46975812633684
1344, 258.41796714053237
2745, 258.336283829294
1606, 258.22140753739706
1284, 258.1772844679705
1376, 257.8606475611367
2572, 257.82656877226174
2652, 257.7775018577868
386, 257.7225543294083
805, 257.6862091715069
1948, 257.6778637097875
1497, 257.6244444453854
340, 257.57652668431496
271, 257.5444190717017
1496, 257.1085114514853
818, 256.7889766997307
726, 256.7642886950945
1916, 256.751078204215
1684, 256.7070033376462
2326, 256.699318810108
3316, 256.6220307309023
1918, 256.6105641674562
2147, 256.5682787915862
2720, 256.41265089041633
2712, 256.3356976117709
1670, 256.28110941076
1990, 256.25915285107305
756, 256.10980443749463
1873, 255.92958052308222
3450, 255.87794570114275
2289, 255.86276744707882
2853, 255.8417929146984
361, 255.81924549412196
1659, 255.67377384854746
2601, 255.48098142719732
1463, 255.37075465992834
3383, 255.36106625123224
1891, 255.067925055259
2527, 255.05939845506037
1787, 254.93500350223727
1672, 254.92627193424454
2834, 254.8686423611278
2895, 254.8426247962109
751, 254.82795448198473
888, 254.81918376916917
2641, 254.57957554347308
3265, 254.4593417712575
1485, 254.42120511315125
367, 254.36107314726328
2656, 254.1386569973001
1654, 254.01989382419933
1645, 254.00725635359566
1407, 253.97646143218643
3323, 253.95355682275448
1956, 253.9313660914035
20, 253.79995750648348
3097, 253.78507940386862
1503, 253.7842151766769
1903, 253.58812891576483
2225, 253.5406346134742
2340, 253.46992503353505
2738, 253.3797705157117
806, 253.33957758012318
375, 253.3384615109613
700, 253.29084224141627
1047, 253.13721973582358
3201, 253.11414492260388
1741, 253.0762679772358
1730, 253.01960618249547
3112, 252.86473925724314
1896, 252.8014402700549
1296, 252.7951261541304
50, 252.7826187149999
1333, 252.65101604801822
1570, 252.5434366114763
1700, 252.41696590987263
3273, 252.40935032732918
2328, 252.3518954561534
2646, 252.34054041698434
1897, 252.32930982538198
1952, 252.22099636293757
1621, 252.14507716116302
771, 252.066138203032
1833, 252.05512403925968
1668, 252.04392820006822
127, 252.01782992992517
1633, 251.9564289654041
1922, 251.89231105778148
349, 251.7766791683229
2437, 251.6876605375225
2568, 251.51972181305305
137, 251.49027710591906
2212, 251.35226354631138
1399, 251.32767367724162
2959, 251.058438435659
2681, 251.03643484142836
1553, 251.02737192608808
3362, 250.9896751914548
287, 250.87696617923987
1743, 250.874634645928
747, 250.82935124052437
2835, 250.82025065378681
715, 250.76437288885765
1671, 250.67020937929934
2580, 250.54016937440127
1699, 250.43951353054382
2221, 250.37054048787738
3136, 250.36768823751598
3295, 250.33179590524648
1019, 250.30998172279368
2112, 250.26850672690668
396, 250.23941139449124
1386, 250.1950611948513
1657, 250.1753275732294
1482, 250.0581506143192
621, 249.87616539978703
997, 249.83360768067791
2668, 249.79061778867833
605, 249.75119521409286
3288, 249.57833852420814
1724, 249.55088485882249
1754, 249.49765383060137
1793, 249.46150616905328
3442, 249.42784428637876
1937, 249.3641917426048
1556, 249.35606624053082
842, 249.10829547682548
2383, 249.07188558081884
1783, 249.04423647447823
1665, 248.9214863458901
878, 248.91806673643725
2608, 248.83995899067403
571, 248.72895759331325
812, 248.27884570216818
1565, 248.09940797487715
1056, 248.0469684399838
357, 248.0454908617298
1472, 247.9869198268823
695, 247.88797309807788
1767, 247.48892978557478
2635, 247.47450101063336
2161, 247.20136546503724
968, 247.09498835536306
2250, 247.09019156614536
218, 247.01775341177301
719, 246.97911821491797
1706, 246.8189592459158
890, 246.76412337760223
1941, 246.7355614960051
2241, 246.70707454850896
1013, 246.4300131601786
317, 246.34315268373666
309, 246.34315268373666
894, 246.20038110761783
2283, 246.16645276639548
36, 246.11979060409965
2726, 246.02510715505701
1766, 245.97526553989061
2178, 245.94176766062643
2485, 245.9330306967555
1757, 245.8249241622148
2179, 245.804450341022
1745, 245.53526107915988
3311, 245.51716988452603
1538, 245.47588320410364
1637, 245.35632766594
2592, 245.02830516327546
2329, 244.97937347991464
1629, 244.9774734317778
1899, 244.9106522885662
2281, 244.84084215753958
1796, 244.76217495492722
2563, 244.71361293206215
2493, 244.6119054676037
2533, 244.56036649170477
947, 244.42964162125895
508, 244.40046624352522
1375, 244.30992020740663
2449, 244.29567356184364
1650, 244.20162679857538
1044, 244.15018321657647
3001, 244.11573100608675
1929, 244.00885639558928
3232, 243.99582484617858
2215, 243.98476302740437
2451, 243.98309371709507
1734, 243.77946563428372
1728, 243.59211357102427
366, 243.54514255292736
1967, 243.47614685040264
1349, 243.43870386683815
2204, 243.23936868036617
2932, 242.95989396247668
318, 242.64664996141238
2418, 242.51816277561642
2466, 242.51646539761563
2597, 242.38339261323222
2374, 242.35728468915548
940, 242.2687813365212
1639, 242.06991304276713
1936, 242.00560022291603
1681, 241.98875316943108
1471, 241.83757869280387
3254, 241.76526046111127
360, 241.73353872841562
769, 241.56610418424503
877, 241.56125338227167
1649, 241.51194168434458
2128, 241.42134502143725
739, 241.40567894998262
1697, 241.25663284685245
43, 241.24983453486024
345, 241.15887707653067
2420, 240.85202084952934
2893, 240.8043058190411
2611, 240.73813491682577
3005, 240.67718421546456
2397, 240.62227629965105
2697, 240.54035757128796
2456, 240.5094025116846
3094, 240.49839274959268
1704, 240.46221778947395
2901, 240.45786129123886
2843, 240.3809138330812
1360, 240.23746019001274
760, 240.18604806059244
767, 240.1657444694105
3224, 240.07615046471435
1648, 240.06006001706805
2658, 239.95698654738916
1727, 239.9183033033442
1679, 239.8568912000985
388, 239.65701262888336
2339, 239.54643646838144
1114, 239.47158074530014
627, 239.45034813448893
244, 239.40764505157355
2486, 239.2671963472229
811, 239.0651786398919
2174, 238.94359198887014
1938, 238.81072075866106
1395, 238.8037254759823
3013, 238.57137377519786
2575, 238.5539986597229
2363, 237.9961457894699
1691, 237.95463596657513
2239, 237.8430112732589
1363, 237.70648113373034
835, 237.67961239858832
1313, 237.64981918169764
978, 237.5592767455706
149, 237.5539347886778
869, 237.13366123676812
195, 236.91277569926214
1749, 236.90011599212238
570, 236.821576333718
2155, 236.6065556921563
1283, 236.4511883057608
3231, 236.42324842928315
2235, 236.37069878098717
80, 236.33372723466744
1805, 236.32144917251122
809, 236.15686007623657
497, 236.03329285492933
2335, 235.7577464640991
252, 235.48423260170117
587, 235.41823623655327
2883, 235.37535177227718
212, 235.26193164402198
2886, 235.1952078345404
1988, 234.95935495494186
2137, 234.93741354466943
1917, 234.8633853325181
2253, 234.56646482845755
474, 234.53904457760953
2167, 234.39582480718943
2604, 234.3293958649736
2185, 234.3013055879251
1797, 234.25227406866085
2528, 234.13065987952382
2475, 234.02360186320615
2655, 233.9060958695997
2234, 233.8173423398174
2461, 233.69686344953257
348, 233.60118243955603
359, 233.56535407716527
3023, 233.44052217708906
915, 233.4322467580351
308, 233.12508321905972
1338, 233.09705122803965
1702, 232.83933626673826
1334, 232.82980111809715
2648, 232.6942498432852
1592, 232.685556761839
995, 232.66347454197114
1546, 232.64860357903902
592, 232.6484463392898
2282, 232.59137479048113
950, 232.46094200867896
3007, 232.45274961812618
2453, 232.43094149728122
2892, 232.3367871187496
2589, 232.18192532559289
2118, 231.7243187001375
355, 231.69243878780492
749, 231.56771912940104
1609, 231.489808192236
1674, 231.4780907409553
2371, 231.3815068034823
405, 231.30845811553687
1751, 231.30470329059366
3449, 231.29603300786403
1696, 231.25093752136735
2087, 231.17616696026093
758, 231.05926065870196
1337, 231.00313221484785
3011, 230.8268301471488
1924, 230.73876072034696
833, 230.5747117600216
610, 230.54280527773844
1552, 230.35252925919903
2139, 230.1683844334242
2184, 230.14848195327653
921, 230.1480213065755
652, 230.07210903139
2226, 230.04775719393766
1955, 230.03535280507705
2885, 230.02416137120224
2887, 230.0219374689026
2182, 229.8754478858433
2778, 229.82480828760126
1923, 229.78526041243867
2980, 229.69813889648447
1636, 229.57352792971133
322, 229.54477501484254
310, 229.54477501484254
1945, 229.54319234220083
2838, 229.2293374013106
138, 229.22871843200923
1635, 229.02038025445984
2612, 229.01411280096488
2543, 228.60618712059355
3195, 228.54858685807363
1816, 228.42926337668274
1812, 228.39446546261675
2484, 228.29870058998605
1987, 228.2785884957629
2848, 228.0607023155484
1545, 228.05528085552058
2368, 227.73552458729574
1901, 227.51440850861042
625, 227.39010057407617
196, 227.38058414964127
2693, 227.2791949176686
2616, 227.23916506127858
3258, 227.19604415595936
2729, 227.1223930356493
2299, 226.9688120077034
1759, 226.89199498347563
2673, 226.87334748236438
589, 226.78009566391992
1933, 226.4634613811269
2809, 226.44303800218205
2249, 226.4150149498132
2177, 226.4085758334003
1737, 226.18423426143053
2623, 226.1717311458984
991, 226.03383492792707
3218, 225.83238473300628
3451, 225.81324053322126
2264, 225.73257533198662
2564, 225.6674826789255
2944, 225.55190238851574
622, 225.5315297558931
1750, 225.48243414883248
630, 225.46780496135275
1798, 225.3955937272555
337, 224.87546454152417
2531, 224.75943357683613
3313, 224.7289242776885
1802, 224.64008228225063
578, 224.49440071134623
2605, 224.48227463605056
2679, 224.40807792597988
3296, 224.25159860013383
2498, 224.16590512027065
2713, 224.10967950651246
1290, 224.02768105764704
472, 224.0098824774826
233, 224.0035326480915
941, 223.95863089361507
1843, 223.92105148629702
1845, 223.87178366277973
2827, 223.79990864200636
889, 223.74732068639372
1947, 223.20160524376553
2995, 223.13079580684186
1000, 222.92089534029745
15, 222.88658048714086
1602, 222.87759256340678
3160, 222.7772520115907
55, 222.76779063240573
2316, 222.62572001495087
2345, 222.45598470668153
2001, 222.37232797522626
2821, 222.2888911409293
2349, 222.2430946974253
394, 222.16461505882964
1350, 222.1592372231466
951, 222.0906414829699
2836, 221.8472676779361
2346, 221.83707437518495
2626, 221.81253936781985
343, 221.71430123751904
2462, 221.63856176473985
874, 221.42991619462995
2490, 221.20184469612255
2341, 221.04610725935757
988, 220.92878677252196
2342, 220.88007891433915
2687, 220.84915095965601
1844, 220.77470668696304
1005, 220.63396071609702
2570, 220.4459966118702
2094, 220.2043245677005
2492, 220.16414339476475
3021, 220.03515801037682
1652, 219.88825944998123
2586, 219.85173955842322
38, 219.8334366626706
2357, 219.79059686827767
3262, 219.58039923168383
3091, 219.57086853167857
1763, 219.36567993144578
1045, 219.3350745079278
2896, 219.3286399401589
1310, 219.17818132441408
2629, 219.13805807307054
1547, 219.05897000610818
2519, 218.93652405484892
3113, 218.91541365521954
2603, 218.641261518223
2496, 218.58450215205926
2464, 218.55836587446385
2695, 218.50129892191
25, 218.48092271535288
362, 218.46000972151995
617, 218.41691100801467
2455, 218.34521406614962
2654, 217.98938324901405
1379, 217.88031710915024
2822, 217.87399525202656
2538, 217.81819148062783
2704, 217.80785134309704
78, 217.77034079783928
2692, 217.7516591678281
802, 217.74830342948377
2511, 217.67231588621766
2313, 217.52722024935582
1530, 217.48700079216488
2534, 217.46774788186062
2945, 217.36211948039417
909, 217.29805069280175
3261, 217.24701419539375
3193, 217.18371719025805
2707, 217.182600640109
841, 217.04513075157436
1384, 216.74889173153403
2606, 216.741745337969
1821, 216.35250342963994
2869, 216.2580701368075
1826, 216.15900562689683
1960, 216.03525330291035
3180, 215.9838377754254
2284, 215.9210474951218
2675, 215.82405253059656
356, 215.70821212589928
3344, 215.2663990975099
2855, 215.24915219313777
1775, 215.13302736725012
1541, 215.032326636443
2638, 214.79360637657777
2700, 214.62723640673696
591, 214.3705411981144
2522, 214.34000097071936
1795, 214.25047432726018
1557, 214.19258592348055
2506, 214.11605114944774
3251, 213.9270427915573
2600, 213.86123585911974
2499, 213.71804182642882
341, 213.50514061959106
3329, 213.43737019176848
1655, 213.33969079993255
2581, 213.33143112891656
2402, 213.3094363579273
16, 213.1875120435946
2894, 213.06767673576755
2509, 211.96248209350847
1842, 211.88914256011836
2452, 211.8193880642617
2727, 211.76930769474626
1012, 211.7497412460158
772, 211.74226685291944
3260, 211.48784058333865
2890, 211.31695834382018
3361, 211.19716992544207
2644, 211.01263620645892
2495, 210.71754950842148
2665, 210.65941732454496
2479, 210.57753760557424
3364, 210.56597969360985
2460, 210.50038846281348
2662, 210.45026223044323
2248, 210.30981743659186
794, 210.15168335249933
1373, 210.04781159906761
1526, 209.96881476705497
1355, 209.88181637523525
2488, 209.79333181008
3165, 209.7792936042463
3019, 209.72041376782522
1347, 209.5803918704003
2333, 209.48670738834807
2760, 209.40391317427736
2358, 209.09381887381446
1762, 209.01976080832532
2044, 208.9968805737787
2079, 208.92529796312687
2632, 208.85415760481803
1784, 208.82985564341936
2698, 208.76126116671418
3100, 207.8937021398204
2440, 207.71343504684663
1559, 207.57152211835134
2037, 207.5122647813
83, 207.3309512633915
939, 207.30350582001455
2364, 206.72075373052834
2530, 206.65564519341126
2935, 206.11526216670148
2904, 205.70866303519247
1532, 205.68491174833758
1616, 205.15807378751063
3301, 205.12596344059702
1542, 204.92987347364254
1847, 204.87986982398624
2714, 204.8463232862033
413, 204.34993150649757
2092, 204.31131686817943
1613, 204.29558178264332
2477, 204.2593074199835
884, 204.25565034645396
2143, 204.2314705852843
2743, 204.19342666463052
3036, 204.15093534061432
2401, 204.14826098856176
629, 203.9362072568281
2565, 203.89847532690123
2535, 203.5921668719367
344, 203.41824854485967
1931, 203.37197939319327
628, 203.21203944980297
2970, 203.18762521657737
2625, 202.7926164707535
1764, 202.730926584305
1919, 202.60962023609702
1768, 202.47236687687067
3266, 202.37583745719851
1664, 202.26221885340695
2684, 202.00459145374234
2444, 201.54119985603933
1274, 201.48078375080118
3220, 201.2857127116348
2670, 201.08713055634934
2537, 200.98911658413937
2598, 200.81455548609046
1781, 200.44700878364083
1765, 200.23462521083692
1190, 199.94183280678223
2061, 199.51829702964537
3357, 199.11747315895664
2591, 198.86979281909558
2664, 198.61482002979704
2634, 198.50454410056759
2472, 198.2999561022305
2552, 198.20127793893425
793, 198.06149299429845
2660, 197.0325458273997
2576, 196.59454314185933
2667, 196.5868123264472
2699, 196.43863848399704
2474, 196.01436990442932
2494, 195.99834755695628
2669, 195.792875731212
2659, 195.55205344706306
2661, 195.53942155152794
2674, 195.5383322558647
2457, 195.52387383349424
2691, 195.24330765964064
2502, 195.1727980217547
2501, 195.1727980217547
3008, 195.0017518604076
2617, 194.99307991780486
3033, 194.83761016152928
2510, 194.67287385798153
2631, 194.59010275709383
438, 194.51071294145976
2469, 194.4351965061103
2405, 194.1399238392348
2614, 193.5231125586558
2542, 193.31691945902767
316, 193.02388847965096
3249, 192.9719593390349
2627, 192.70237811519902
2541, 192.69472585627605
2521, 192.60302126022194
2609, 192.50906548458954
2448, 192.38572370528203
3253, 192.3198179385788
2637, 192.20315477496533
901, 191.7163553799513
2476, 191.53972806392525
1109, 190.7993068999556
2504, 190.61840475966267
1287, 190.6077839200726
2724, 190.51597639485172
2702, 190.21689845717663
2089, 190.19153855401544
2956, 189.94282223594385
3325, 189.68872334153826
2678, 189.62743842337522
3263, 189.30879286077712
2619, 189.0306675308334
2478, 188.93750986228048
1564, 188.82701866100118
81, 188.7035507003387
1300, 188.57936711142793
2567, 188.57651437804697
2706, 188.25761890425954
1267, 187.98814970210535
2557, 187.84379345064502
2585, 187.60572222703604
2074, 187.59303311525062
2467, 187.5413431521879
2866, 187.17387239661304
2676, 187.15108058260628
2529, 187.0392556628152
2560, 186.9733505103914
17, 186.6197836966104
2459, 186.35832834301218
2554, 186.2963476623398
3219, 186.2398708781673
2082, 186.03100668706887
2544, 185.784375798493
2577, 185.1638770768803
1364, 185.064664748731
277, 184.9863103539178
3216, 184.9067510655101
2595, 184.6982106444356
3250, 184.56542516063698
2663, 184.55953475348684
2633, 184.53203127646475
1560, 184.44130212862754
2642, 184.14569331632362
2628, 184.0858056271161
2685, 183.9413594228081
2482, 183.83866818645853
2573, 183.75196653477488
3326, 183.3037309743128
2689, 182.664107684468
3223, 182.5914062231068
2523, 182.39356474660275
1969, 181.90864909085994
3365, 181.83715646786226
2545, 181.76735576510728
1052, 181.66600946647617
2618, 181.58091775069664
2443, 181.46066408357729
290, 181.39702491835243
3358, 181.35851293917705
2480, 181.29563432607972
2680, 181.24286883126703
2701, 180.9808545989179
14, 180.30977242701493
2909, 180.30092734715166
2481, 180.28615972789967
2588, 180.26512269235343
2463, 180.16637062491583
2447, 180.11774214841049
2445, 179.99909140754986
3221, 179.74444052637426
2047, 179.66083234809275
2458, 179.62464229247905
2465, 179.46642029669633
2602, 179.42022075949828
3307, 179.05917493903314
2613, 179.0554996486797
3222, 178.59292017135542
2489, 178.46161959537503
2643, 178.1698753925525
3345, 178.1160457401187
1965, 177.8276791899884
2487, 177.81886640090437
2599, 177.60300208583217
3360, 177.33391361944297
1046, 177.1624898126221
2512, 176.972201892691
3217, 176.90633808970074
2728, 176.45461476207902
436, 176.3228594361437
2584, 176.22884604584846
2593, 176.162852930269
2516, 176.03538074779763
2081, 175.75735497447965
2708, 175.4697026929841
1520, 175.41554635487077
2446, 175.23866722244347
2540, 174.81916173615335
2639, 174.73319049190798
2636, 174.55977397308706
3252, 174.53099090454427
3391, 173.7873729593848
3308, 173.28373575644466
2077, 173.11412319209325
2052, 173.07850108868888
2555, 172.92085634919795
2057, 172.89559583296236
2590, 172.87473462686916
2582, 172.6962646921993
2031, 171.9060982820422
18, 171.83357563105756
2090, 171.45268000066824
3177, 170.47920456547936
2526, 170.37774577950725
1358, 170.27720720322245
2468, 169.7760837223256
2441, 169.4498346740263
2450, 169.2159120701939
1537, 168.5638851078779
2914, 168.53223645149345
2539, 168.09936609374427
1053, 168.05943306319375
3446, 167.9968093909471
1103, 167.96611832203442
1519, 167.86343210811265
1118, 166.98710283038736
2596, 166.31691454920667
517, 166.0762250098208
2709, 165.65326698582993
2647, 164.1950201173411
3343, 163.91470450133136
2615, 163.57331179849373
2066, 163.29257618166582
2060, 162.53082030969716
3238, 162.25829844999697
2579, 162.1614093206933
1558, 161.5659985960552
2038, 161.41672777849482
22, 161.29339975147218
2471, 161.15497935935574
2517, 160.73667126299796
3359, 159.6637078607419
2594, 159.52633425381424
2500, 159.1063126900045
3438, 157.90272080787938
465, 157.58697796054787
2040, 157.2903196260981
500, 156.79905973334454
2916, 156.75457442534417
3085, 156.44515177532307
3237, 155.84481602949958
86, 155.70451134738462
2503, 155.4740744195485
2064, 155.11739364837058
1878, 155.05075881208896
2046, 153.96254821069834
2515, 153.84597204736065
59, 153.17850322606148
2732, 153.0880745090487
2058, 153.03430790193488
3346, 152.70591659052113
2682, 152.55678558913115
2036, 152.48811634073198
1164, 151.1903461511625
2470, 150.26666376416424
2578, 149.67463037868063
2043, 148.99991490929847
3363, 148.98669508330605
507, 148.55091204961485
3240, 146.78101512238652
2725, 146.75876534885592
2063, 146.57208652312246
461, 146.49262529407386
2085, 145.90789071246448
3242, 145.78314979467973
459, 145.7696401972651
2569, 144.56005820270252
2718, 144.26801373812236
63, 144.0759266741515
3256, 143.53012570243897
484, 143.34801926084353
2672, 142.41856558603692
2910, 141.0102457355631
477, 140.13396273160626
111, 140.06962071885488
2518, 139.07220461036448
273, 138.89965316246523
3257, 138.15338619037794
292, 137.74406298263338
184, 137.5891735808292
2532, 135.69259557895572
1535, 134.99742763077248
2556, 133.42598266638475
1051, 132.6508748416931
2868, 131.90753155143304
33, 131.45322381248755
387, 130.979764855848
442, 130.92035687297542
1165, 130.9189516678506
185, 130.8496209095723
1093, 129.94958716077304
490, 129.2598988133144
2054, 128.49938502671327
60, 128.40315707166013
3282, 128.09837960774843
305, 127.81639422128569
1092, 127.22307849383417
590, 126.21940348417468
1972, 125.38330005996605
2035, 125.0438398586779
1054, 124.23254752365784
223, 122.68944493600108
2049, 121.37312503403238
187, 121.32581046671942
2924, 120.74713382631117
2711, 120.57086771337184
3309, 120.4663768888354
49, 119.21841908619962
2062, 118.58144045080478
2042, 117.720794511002
224, 117.62890639732508
286, 117.2297089703997
1861, 116.91484627734819
489, 116.1213314282299
2051, 115.58296774308245
2107, 115.25438988668186
2912, 115.15247907424892
2067, 114.98137085436518
226, 114.79881164349827
1536, 111.82263991751063
2925, 111.64656206886184
2923, 111.21301881942948
1048, 110.33684355263684
301, 108.60317674103673
2072, 107.76032833282515
1049, 106.47950434831318
285, 106.41020339864072
2931, 106.22522655247106
1925, 105.25875863623595
393, 104.98827493998343
2871, 104.5356581189157
2084, 103.67511834290974
2940, 102.57851129861785
1863, 102.57570240582898
1050, 102.18296356556323
2929, 102.161061998837
2922, 101.85414026417467
2928, 101.7545449890423
795, 100.43102226362252
1158, 100.07874039757796
2926, 99.4413855435265
2937, 98.74046123771777
2952, 98.37831669576906
2872, 98.09103509723222
2921, 97.98500905391448
2927, 97.77823668905107
2911, 97.66835699296327
2938, 96.68061748592451
2933, 95.71863972237306
2939, 94.62226841067401
2941, 92.9886689013384
2934, 92.52031247452224
384, 91.97307358499239
390, 91.91632683083778
2954, 91.62632546902924
2957, 90.48009927765823
1534, 90.35548647745759
2073, 89.44090545869332
3412, 88.13704610595474
2943, 87.64285345895712
2955, 87.5238628665414
486, 86.22451856180224
2930, 85.97843837462099
2870, 85.91980910954804
391, 85.62139808011916
2873, 85.10601546657657
403, 84.65626690826356
2942, 83.2630057049259
2865, 83.04215389866461
1064, 81.46188720475203
516, 80.97478046774683
1468, 80.90713541604121
3145, 78.84323439253032
2867, 78.04241503678867
3411, 77.9284829815922
1862, 77.65377932790588
1264, 77.40786152426764
2012, 77.13294065658104
2739, 76.76280467371562
519, 73.35186772303584
1157, 73.34114072473217
493, 72.89713574974387
3121, 71.3311157293386
183, 68.65200908084088
3161, 67.20915991709992
1612, 64.44743110196171
