424, 5056.120501645297
3433, 4226.94742747329
1024, 4112.425827527888
651, 3699.5688762022346
885, 3517.052763030837
680, 3224.3754239780515
1243, 3195.740172774934
670, 3178.0044307074318
607, 3173.5889711051095
3350, 3029.866847152927
3336, 2914.252083496873
580, 2909.5495064809256
881, 2865.759656544831
1002, 2811.396227558372
611, 2753.6521430372723
613, 2743.257061974732
895, 2679.655217258358
655, 2677.1532865799413
654, 2642.0202469008063
3278, 2621.8088093280608
1879, 2608.356046107223
3304, 2607.4562712440184
3213, 2603.05480961812
3194, 2589.790919318565
3151, 2562.7867390179936
1859, 2561.6839362071914
1738, 2547.507777543446
85, 2537.7126420048653
678, 2527.125024962176
82, 2524.982496864632
862, 2514.288612043172
676, 2494.727771092867
956, 2488.1637459773046
1102, 2487.678547636595
425, 2486.5905396756557
2666, 2475.881666768784
3211, 2423.757140012384
3171, 2420.6075381041937
3197, 2409.932105442926
663, 2407.710102842884
1720, 2385.228133408465
588, 2377.161863334927
2238, 2370.8146412238843
3246, 2368.3022036095686
563, 2361.9512822216566
1666, 2352.810895069384
143, 2310.940623032232
3259, 2309.4415393901836
3241, 2294.3817832381205
1084, 2287.9948146790252
861, 2273.2840584801406
679, 2269.4097442775737
3432, 2259.1185690272428
2454, 2257.6249183469695
816, 2240.5922551731906
3380, 2204.1693466721945
906, 2201.918476994811
1732, 2201.27902061856
300, 2198.754679002564
3312, 2197.907172092824
3315, 2171.3251787875847
555, 2163.7397189494113
1121, 2146.242510813337
3204, 2145.175865611617
649, 2144.7038065181173
217, 2125.168652254739
2343, 2113.585197924495
3199, 2106.103915436721
1707, 2104.6457985733373
1725, 2076.9461390577003
3200, 2069.0136527477603
3095, 2067.098045107261
3040, 2066.1742079562946
748, 2057.9988261269464
3305, 2051.570949712948
1627, 2042.9112512564448
3186, 2032.6450604464248
3039, 2026.6526377378902
685, 2011.2612596196275
3083, 2009.9563546272163
3176, 2009.5973821236964
3274, 2007.3498906423997
194, 2000.2572592795789
608, 1997.4863174586233
733, 1984.3194412363575
2920, 1962.7867648475167
3092, 1955.1243571470225
1722, 1944.0524141690107
1686, 1939.7755910877693
1742, 1937.753953390212
1381, 1937.1643946679226
2003, 1935.6078744479164
859, 1928.941671292031
2721, 1924.2120494211163
562, 1924.1684485634348
540, 1921.1848117780144
1680, 1920.3246857709426
1159, 1918.541560749186
3110, 1913.5504114593432
1238, 1913.27876256593
2491, 1907.4664616299071
3062, 1893.2752301067208
3440, 1890.256589628298
643, 1890.1155884108307
1687, 1883.8113147412973
3051, 1867.565843000661
838, 1862.172267595598
3059, 1861.994862544657
2508, 1854.3644099806247
47, 1851.1895911793877
1718, 1848.069822386682
1771, 1847.3675154725117
3206, 1843.6919525648625
3084, 1843.4931371200878
2793, 1840.2467848951178
650, 1839.2209026576597
3284, 1837.308667848912
2741, 1835.0289396916044
134, 1834.6217486589221
1685, 1832.0941262437902
2025, 1825.4948425710509
1625, 1823.3302015010802
738, 1817.3185288821214
2630, 1812.654701577661
294, 1810.9024757511645
1970, 1804.935981775178
3184, 1803.3831115354199
3439, 1800.8413718112326
3079, 1796.769360868027
1971, 1795.7436592469703
2651, 1791.564928628084
3243, 1782.8312581385653
3435, 1782.6869186004901
757, 1782.0836352106978
1249, 1778.1315242812063
1058, 1777.1816809421734
2808, 1776.6600258795042
3443, 1775.4286515410379
1746, 1774.9888787985024
3287, 1773.4832693491353
74, 1772.1553131402945
3178, 1768.532668437842
3245, 1767.9848733145802
2723, 1766.346067958796
1669, 1761.904744179362
1695, 1759.9800424230539
3170, 1756.7204591117659
1756, 1754.357732722616
1877, 1753.761036156903
732, 1750.7932517872675
966, 1749.7198812222864
1677, 1748.7582211011845
2104, 1748.0867925581797
1258, 1746.7294187932314
2917, 1739.7316042670343
3352, 1735.160775840774
2776, 1732.0011626831927
3071, 1723.3329758598693
1256, 1719.5376258388897
222, 1710.9204742549769
583, 1709.9846981688738
34, 1708.0225507629589
3297, 1706.8662207143066
282, 1706.8351709992521
2224, 1702.5046585441469
2951, 1701.4399805385233
447, 1698.3749256569356
3144, 1698.2343947730044
1244, 1684.9906800943459
406, 1682.6246878302716
2013, 1681.0333239269007
379, 1677.5928850670912
193, 1673.8493672050113
3159, 1672.3876313856697
699, 1663.0796462343596
1587, 1661.0747263767603
2294, 1651.5529217431313
2864, 1650.7917703875337
2045, 1649.1355752492907
2507, 1647.497639598831
2742, 1646.4927838320743
1870, 1639.6134744277213
2513, 1637.8651674857226
3314, 1637.2007354431544
1646, 1632.9716567737848
1913, 1632.388032907846
3289, 1631.9577847697278
2505, 1631.4975135448942
2203, 1629.9753834907563
298, 1628.1917954841188
1880, 1626.424638252632
3294, 1625.5604110404133
77, 1621.7467432917094
126, 1621.4994630630738
3348, 1621.0114872170936
1854, 1620.9721371156224
219, 1615.9829682934228
2736, 1614.1980893954892
35, 1613.9061947024816
3354, 1606.0515582862263
2823, 1603.7951733295783
3147, 1602.873944787445
165, 1600.2026856279695
734, 1597.1614891721372
3093, 1595.705123394648
1729, 1593.1479637541772
84, 1590.1090588823274
288, 1589.1300849778074
1100, 1588.0891761728417
2272, 1585.740448980979
1968, 1583.7561111297946
2442, 1583.6070073096485
1106, 1579.8907505881652
1439, 1579.551329227626
1993, 1577.3028502683549
440, 1576.497085181314
634, 1574.201852206655
3162, 1574.1438498166153
2021, 1561.1378278324858
3120, 1558.5623412471098
1874, 1555.2482507175537
534, 1554.5135495577404
198, 1552.4756083751547
1033, 1551.1755644468774
3209, 1550.6838966981074
1231, 1550.2282917735863
863, 1549.7397859217353
3042, 1548.2378232560359
2773, 1546.0367918069314
2988, 1540.2690445246515
3050, 1538.661106277597
3101, 1538.1876496886423
3226, 1537.4009654292674
3293, 1536.972548368772
2524, 1530.533526492488
3175, 1528.3607936178028
3292, 1527.2199404806815
3208, 1522.985296606422
1708, 1521.3920562341102
2566, 1518.890479277588
2039, 1517.2421811351928
1740, 1514.435170487366
2483, 1512.0827825877438
3133, 1510.9914033498167
44, 1505.6991191022305
1682, 1500.6257735136978
509, 1500.5753544135323
2784, 1499.8917774546119
3384, 1497.5028126097686
2314, 1497.3453547159752
148, 1489.5684581784349
2749, 1488.7774056222104
302, 1483.8593418035523
1914, 1482.1736997034704
265, 1480.4465877662028
1717, 1479.9087760284328
56, 1477.4501878541607
2825, 1476.2579360942914
1237, 1473.062909417649
3185, 1471.3534700220043
3244, 1471.2567475764854
87, 1471.1947860925252
2795, 1468.4354190927368
548, 1465.2384594229773
2005, 1465.037973158089
1105, 1462.8575381352316
3239, 1462.4786567807644
1642, 1459.4769374816042
3168, 1458.782218060552
2948, 1454.7290413561311
1443, 1453.5621961945785
214, 1452.977536645503
3298, 1449.3063829680343
515, 1445.9233805275803
1221, 1445.578064216552
147, 1445.3602883386525
731, 1444.822858112029
1770, 1443.9862999834452
2755, 1442.540716403275
415, 1442.4359779363472
2029, 1439.723727241885
1698, 1438.4702201184264
3098, 1438.0845982051976
1232, 1438.0797053037857
381, 1436.042060786234
2751, 1431.844862690784
2288, 1431.6767317698245
2385, 1431.330270820567
206, 1428.2530409988883
1111, 1428.129693639213
3192, 1426.8846232436506
1894, 1425.329078712147
57, 1421.6536090298698
2817, 1421.041925970833
913, 1414.963037430792
3264, 1413.7074970515603
402, 1412.513194528623
3214, 1412.0672748088678
326, 1411.1612632535378
408, 1410.8496467054622
1077, 1409.3911883108567
204, 1403.288864176032
2106, 1402.6672939715952
3424, 1402.032029938066
2280, 1401.4860025518615
3134, 1396.2956101470481
2391, 1395.9096717384882
3300, 1392.4289579587905
280, 1390.8450711718149
2076, 1388.107455873069
2108, 1385.7383405078417
2758, 1384.8371635035778
473, 1384.7078125507746
427, 1384.679542627147
1714, 1383.2927797457705
3447, 1381.892228329479
2788, 1381.774963793632
1726, 1379.371951451675
3285, 1377.9983143256213
551, 1376.2652422703754
52, 1376.0440498778908
1647, 1373.5461004648494
2610, 1370.859295091475
3056, 1368.8051892416727
51, 1365.5215772121207
965, 1365.3287260752797
2810, 1363.6062710469607
191, 1362.2596348875495
2789, 1360.7950926094588
3324, 1360.1974435748737
864, 1357.8309523587598
3187, 1356.5792939339012
237, 1355.6619301305373
401, 1355.165607572943
677, 1354.6861828353292
2820, 1345.0969020685225
512, 1343.6185916949735
3143, 1343.466482291885
3413, 1342.747637006121
1087, 1341.9459096933133
2553, 1341.5800407507013
1204, 1339.5608653048919
1858, 1334.8672245774633
3173, 1327.4768896618523
3444, 1321.3844824213336
1029, 1320.4106097430717
1235, 1319.421830627061
3041, 1319.3410749276368
2286, 1318.2424821105944
3281, 1317.9746630062389
1626, 1317.0931549927423
3082, 1316.6145471494353
228, 1315.5802997704416
2696, 1314.0473572768008
2338, 1312.2417057240673
3150, 1310.9817829375088
208, 1309.1396168923577
2291, 1304.727973805229
495, 1304.4996474719294
3290, 1301.3862661444302
626, 1299.898946104041
3174, 1299.6510478760365
2020, 1297.9127535896394
455, 1294.5052299420609
42, 1293.4610910250417
773, 1290.908262314724
2722, 1286.536050368033
1715, 1286.2522541294156
2645, 1285.2455631141609
173, 1284.9676637300324
3163, 1281.084589405295
3057, 1280.720605905317
2030, 1277.9151757280856
1122, 1277.4415274117364
150, 1274.6482079883676
2811, 1272.4860137685791
2048, 1272.11239932466
2258, 1270.5792423226421
2244, 1266.758345434432
1893, 1264.8415265339775
1875, 1264.2835643271594
2473, 1263.281696908132
2671, 1263.0521010852474
2307, 1260.8076275916142
2562, 1260.3473620144507
518, 1256.465309145147
1205, 1254.9706242498437
957, 1254.1181484555473
2240, 1251.7133891741735
2027, 1250.1981231341565
2004, 1249.6721089556609
479, 1248.5840065865564
1644, 1247.6568321631003
2287, 1246.0841974169593
389, 1245.8921287234223
460, 1245.6483510991504
2558, 1244.3311298053104
1630, 1242.6506076295964
832, 1242.5409827762217
1611, 1240.8875746774013
2002, 1239.4805017771068
521, 1238.5018172466503
2981, 1235.9971174736486
464, 1235.8712633219916
2965, 1235.391557240224
3146, 1234.9031980205027
141, 1234.0086694657666
2381, 1232.5543260588188
513, 1232.0750943638407
1853, 1232.0708962737956
58, 1231.8360625233745
189, 1231.776451594292
435, 1229.9892248181532
1675, 1226.4775462398422
1705, 1225.6009609975206
1752, 1224.1514479911941
335, 1223.1650727815215
3279, 1220.8947332382888
1910, 1219.89855653247
2034, 1219.8505433286882
2019, 1217.4619925201685
2705, 1216.31907439636
3063, 1215.020284995319
433, 1214.8637747524347
2404, 1213.7898047144772
3276, 1213.2604004529628
3066, 1211.76036699399
409, 1211.0239865631781
439, 1209.7551584646747
88, 1207.3809440511614
2109, 1206.8449057580335
3128, 1204.6822280402998
372, 1202.712309573736
1755, 1200.2793014366584
130, 1199.6805396518837
2757, 1195.5365919671608
468, 1192.6756855294484
1690, 1192.6450193800035
2816, 1191.9434030453456
480, 1189.2659646501045
2782, 1189.0043590900855
2102, 1185.8424471834085
3306, 1185.6218309488625
3283, 1185.2920907654823
2393, 1185.1368409605896
2688, 1184.8818325084467
3445, 1183.6453947842263
561, 1181.8921957681239
37, 1179.5752775286255
1997, 1178.7179668519464
281, 1177.9433416544457
1434, 1176.0825090070746
1433, 1176.0825090070746
145, 1173.0496334102831
1057, 1171.1446599082808
1162, 1170.8003823103732
3404, 1170.5028039650538
3129, 1170.496011608839
2710, 1170.3229035314534
1995, 1170.1589065970484
2026, 1169.764194733954
380, 1169.7534483197774
412, 1168.5382464484655
1063, 1167.4569585190602
140, 1166.741262388959
1731, 1166.5712125408015
2152, 1163.2615870372886
203, 1162.1873643262636
3205, 1162.1248627385437
3434, 1162.0312333915776
275, 1159.1802791309747
3190, 1158.991724149887
2780, 1158.0811390391777
1082, 1155.9928655128926
3225, 1155.6484252969558
398, 1152.250540621815
451, 1151.310126845037
2768, 1150.1052452059284
2016, 1149.3480189449413
3090, 1148.875867839495
669, 1148.5744125473088
2653, 1148.2267095444247
274, 1147.2491954985749
1721, 1146.9043299738682
2587, 1146.0781751412724
681, 1145.7104274527296
2781, 1145.4554769534875
3212, 1145.0389845165064
3426, 1145.029005031472
1991, 1144.9776655453672
2746, 1143.8833489044155
254, 1143.0597635328543
2987, 1143.0049785034334
46, 1140.7622012521986
79, 1140.0997758850503
3172, 1139.159115455723
1641, 1138.8526479141924
1171, 1137.4154782142837
1871, 1136.5043669733634
2024, 1136.4684244307073
642, 1136.4349202724088
1966, 1134.6458189538018
3248, 1133.3925162173855
3080, 1126.2972543676774
2779, 1125.6597959642763
328, 1125.0855334621924
2419, 1124.66068376266
199, 1124.0432721596212
1963, 1123.8566217742305
445, 1121.9829618440456
142, 1121.9586331904986
3255, 1119.6320318782216
1703, 1119.6054835398525
1142, 1117.747696405966
1850, 1117.0557721045914
496, 1116.4064823830754
1710, 1116.372163145262
3203, 1115.346537861604
546, 1114.1497776293593
485, 1112.8793500668376
3202, 1112.4802125587546
2824, 1111.0245563270596
2017, 1110.824292488732
3123, 1110.69449384045
2098, 1110.5349734827548
2305, 1108.4081933107204
2571, 1107.3105779261873
2767, 1106.1196654231367
449, 1105.9960329469056
3105, 1104.9155677308029
2559, 1104.0791429897024
2059, 1103.7910531721739
404, 1102.3815142341443
452, 1097.482045952762
2694, 1097.0563035554874
2786, 1096.2181158398487
1739, 1094.8208111366212
3403, 1094.3987509166345
1744, 1093.7933231592788
914, 1093.5315053592308
1868, 1093.4312044670676
3207, 1093.2992803779116
3347, 1092.022833431196
2744, 1091.9058382556361
291, 1091.1522988694119
2008, 1090.0633855590186
2624, 1083.3564290062257
216, 1081.0271994805316
860, 1079.1343976271387
3182, 1077.3861362985338
2607, 1076.5251658133272
2812, 1076.4624756212575
3386, 1073.83100939177
75, 1072.7977726155825
2745, 1072.6870523387645
2263, 1072.424880380096
3111, 1072.1827080661062
2766, 1068.6517263279336
470, 1067.1008385526188
3327, 1066.449687103579
1692, 1066.0731454660777
2690, 1062.4681535991836
1259, 1061.7864960975235
2101, 1061.6231096782014
3130, 1059.2891457105745
2353, 1059.0990525893508
156, 1059.0359833678679
2032, 1058.5635296434075
3210, 1058.5039830385101
2078, 1058.445640512376
48, 1057.345076183658
1104, 1055.8431717370477
407, 1055.707857801533
2764, 1055.1298569237988
378, 1053.8555407276867
2296, 1052.1198557855607
331, 1051.1487117985728
3189, 1050.9653279622553
2075, 1050.4271825464825
647, 1049.8788877046682
250, 1049.7782310810762
2652, 1048.7901102964881
385, 1048.5791341666359
1631, 1047.1006126010373
2790, 1045.8573812957618
1098, 1044.7448759356405
2650, 1043.0082199224598
1185, 1041.279411732854
467, 1041.2480846308238
399, 1040.5927384446147
2863, 1040.167769926063
466, 1038.9658691518855
2217, 1038.9022011254317
1892, 1037.3960886241891
2989, 1036.8825741112155
2963, 1036.134989559721
1735, 1034.955520707278
1912, 1033.6075406762068
2720, 1032.993323318849
3183, 1032.5675879402272
2657, 1031.1408010271275
2734, 1030.828566022812
152, 1030.2051995548077
2525, 1029.9506180464489
2748, 1028.1006975162084
3169, 1027.599684830492
1028, 1025.8328685835497
3099, 1025.4600221659935
2759, 1024.492659351073
1252, 1022.6121484115114
2103, 1022.3771461775359
2011, 1022.1083159080267
3167, 1021.8527794175728
2218, 1020.9853814599845
1712, 1017.5413448886321
491, 1017.5384130965307
2656, 1016.9486655794608
3341, 1014.9209190278168
266, 1014.0418460167917
1748, 1013.6619831724687
1643, 1013.4666142300856
1260, 1012.6425990497856
1432, 1010.2679166085272
297, 1008.6685142552557
3065, 1007.9947397269634
2278, 1006.3595756924478
2574, 1004.1236408447269
21, 1003.4801434706336
1090, 1002.2466217397329
2083, 1002.1162001048633
471, 1001.5048176027325
3006, 1001.0884694021121
3383, 1000.6913000772417
2257, 999.9066147809223
1517, 999.9050075725879
1733, 998.2455330860673
2774, 997.5567807247145
3415, 996.6909814121772
2712, 995.2126499899605
1672, 995.0355353580368
2785, 994.9398821426989
3142, 993.8785942076861
127, 992.2930237193572
2549, 991.9455328586407
2756, 990.4897218581149
1172, 990.3963068120999
2300, 989.4036138443805
392, 987.9118317019733
2514, 986.4601663039007
488, 986.2251820648074
2641, 984.5870394976979
303, 984.3387397585101
395, 982.4698450927356
365, 976.0513096435367
1659, 975.8260032519871
1701, 975.3044249775753
2622, 974.7517240934567
441, 974.7006228574575
2649, 974.2430461999539
2536, 973.3571771151976
2497, 972.8978418759464
3389, 972.3877022862766
3299, 972.3040814652578
400, 972.0911485947394
483, 972.0664490513536
175, 971.0790273919877
329, 968.3960195679509
1980, 967.465331341469
2041, 967.0301072394429
2424, 966.2259017175958
1716, 966.1473589368558
386, 965.8333153927948
2348, 965.3994418917464
3149, 965.1478193588849
2737, 961.4389410957986
2259, 960.8780708279892
3191, 959.2344638825923
557, 957.9347456098078
3362, 957.6069572721984
73, 956.7765068833768
1851, 955.9717876983041
410, 955.8846894217905
3032, 954.7593948334944
1684, 951.6769105470927
1743, 950.73603728038
276, 946.2784291449632
2527, 943.6225301869314
1869, 943.3484490088455
3316, 942.4876656581604
478, 942.2145251893768
2572, 941.3174493436193
3069, 940.9346204805404
299, 939.8229139548636
3318, 937.5147552337191
2646, 937.1735566104232
1233, 935.5099723444921
2583, 935.3736949906566
1975, 934.8993378134718
50, 934.4725068792584
1670, 932.7944599208471
2561, 930.9413402117626
1239, 930.6277722702296
2390, 929.7107052847243
1140, 928.9511958285519
168, 928.1599743816117
3323, 928.0517858304196
54, 927.1550981986247
1700, 926.9900485942817
428, 926.780913336556
2379, 926.7286208927271
213, 926.7002320889874
220, 926.176346039363
3201, 925.3506172182439
3419, 924.9746699626003
2686, 921.7547740920353
1463, 921.6446871603248
170, 921.3907588532381
2814, 921.216648021779
2608, 920.8413458514574
200, 919.4601482476592
544, 918.7768329771204
1730, 917.6047991068069
1741, 917.5321236919852
1215, 916.546653794397
539, 915.8910137339589
3114, 915.8119548735914
1032, 915.7672863928814
2683, 913.9385904491457
1585, 913.24226271784
2293, 912.1511682901746
1633, 912.135759539617
2807, 912.1283691978522
1699, 911.5699710733347
2306, 907.9176922404125
2265, 907.6828053125823
475, 906.9734860554315
437, 905.8159658442245
129, 905.6773658414365
2111, 905.5902239176203
2096, 905.5902239176203
3401, 905.2828921267519
3097, 903.7514933970764
2091, 902.4042180906506
2289, 900.6161858051056
3179, 900.0801365764905
2738, 899.6360901263967
2601, 899.182433685687
272, 898.2446086351796
1668, 894.4061819458489
2389, 894.3973820448695
3136, 893.4875412675655
1671, 892.7577928059499
1076, 892.742642302234
1891, 892.0859509564827
2961, 891.8955991925617
1848, 890.9089844335756
1747, 890.0531171811031
180, 889.7688932389998
332, 889.5456975898771
482, 887.5518138959923
3275, 887.2016822744015
36, 887.1898350755173
1026, 887.1617920996821
19, 887.0271446738985
2620, 887.0124604547983
1873, 885.6760136159396
202, 885.2041934626287
3265, 882.4749133026651
2964, 882.1242880842368
3442, 881.2485931728423
3379, 880.6072310319751
2802, 879.8343327735372
2520, 879.0669995335936
1583, 878.5540048609458
2853, 877.7521283584554
2568, 877.6702211989639
1132, 876.4995180984074
1745, 876.1987348579888
2340, 875.7213444508543
278, 872.7294686848642
100, 872.4212356492608
3010, 870.965423222185
1964, 869.4925539168948
2640, 868.5755749928501
1161, 867.7712961594538
671, 867.5729334946642
2006, 867.543486370168
453, 866.9355018872645
2791, 865.09607179494
207, 865.0537585443825
1533, 864.4819197505125
2070, 864.3921917777581
334, 861.0076603436097
1754, 860.5830944706029
1994, 860.116655565526
3112, 859.7677219486496
2015, 857.9628858651931
1724, 857.8160232962043
2261, 856.0257326164468
3054, 855.6673106821036
1645, 855.0337194405106
123, 854.9559212633142
20, 854.2928752499216
2212, 854.067328246759
1941, 853.4772134017776
251, 852.8682803236102
852, 852.7610583606473
333, 852.2885623693953
1967, 852.1417708402261
2022, 851.8760730561988
3288, 851.218921813553
2093, 851.1864748351513
1665, 850.2526171384272
169, 849.7826827858132
137, 849.5083433843149
287, 849.2263982132247
2252, 848.37047364277
3107, 847.8758402448669
2580, 844.8692355478885
1173, 844.6067512424141
2777, 842.1393214300335
1466, 842.0537412236539
3020, 840.6577193149849
1650, 839.8344769667319
1143, 839.0526904451825
124, 838.9865601321009
501, 838.7258143554972
2383, 838.0468281994073
43, 837.6913121851076
3148, 836.1137657545452
456, 834.7927462755653
1228, 834.5529104746402
3370, 834.5499911148935
3295, 834.4457850286669
2772, 834.1341798884027
3135, 833.363767867208
2726, 833.1348056063995
1604, 833.008443482075
2658, 832.6165865940268
3077, 832.5036120015346
1706, 831.4648825676818
1047, 830.9489532918063
218, 829.1936148105874
295, 829.0972331047518
2018, 829.0747687305783
330, 828.8266346982684
2546, 825.8072734374207
188, 825.0924636064708
3311, 824.9998175346129
368, 824.223679634011
554, 823.4045648782915
3302, 823.2107234568282
2677, 823.0781212429322
3118, 823.0067893938364
3155, 820.464564573419
1657, 820.088567490734
494, 820.0201179645986
2635, 818.8643751208343
1628, 818.2534524920823
2283, 817.9932643233018
1184, 816.5599326937777
3385, 816.4698790845745
2466, 816.2329286231067
2088, 815.5498329141005
1734, 814.4862409386315
1629, 813.2687008797222
1681, 813.070491250636
2394, 811.6667182906041
2959, 810.6945591841489
158, 807.9510589600334
2485, 807.5800933017244
2053, 806.8787879262838
3232, 806.7382395525498
1075, 806.1437937085888
2668, 805.5457499253131
1072, 805.3033312096672
2986, 805.1413996833486
136, 805.1131493367723
2277, 804.6934168071515
1086, 804.2556213967957
2740, 804.239171792239
1649, 804.0686286929957
1114, 803.1924573727667
1727, 802.9588878576143
1637, 800.4076043764966
2179, 800.3728650445674
211, 799.9342569093072
1515, 799.9110321438635
284, 799.8615227137522
1177, 799.8380694012354
2697, 799.0596629574475
1461, 797.0900260488522
1704, 796.3094235477761
396, 795.6166816149673
411, 795.4439107626638
221, 794.2994440435453
3046, 794.0185486220249
3005, 793.7359035019439
1234, 792.4929284918326
736, 791.835802697478
2302, 791.6995010180625
1679, 791.4761196662774
535, 791.3541459452276
2050, 790.6387203016278
2267, 789.2656814549044
458, 788.8398267007093
1584, 788.0268346232662
3072, 786.9997917851541
582, 786.852958891429
3409, 786.14480330667
2086, 785.9978865261836
3382, 785.9625849750668
2735, 785.8922369001349
2621, 785.5046894240465
1166, 784.8998623873651
1728, 784.5504327930507
1651, 783.979944743671
2451, 783.1587922778958
1581, 782.7644743020961
2592, 782.374748982334
3303, 781.4863434311496
3227, 780.9063728988075
3331, 780.8571959116556
444, 780.5971884964109
2962, 779.6768662879433
1639, 779.478613099337
1066, 779.385898132062
3089, 779.3620463902554
2397, 777.7304115869666
3254, 777.7024057094271
2575, 777.198124094066
375, 777.1037029750349
1603, 776.3190301998407
432, 774.8605857298954
3070, 774.2352967246371
1624, 773.8775329813321
3247, 773.4313203533889
3388, 772.9146630348641
3277, 772.6636193439624
1071, 772.6501178043563
2563, 771.4072934691079
293, 770.8027647926671
2298, 770.4010051645935
2533, 769.1819622925258
2486, 768.2981978720886
2597, 767.3073991254076
508, 764.7986413520531
3340, 764.5600143150676
1450, 764.2380762442948
2382, 763.7049866096585
1648, 763.575112478921
212, 763.1691824274051
296, 761.96795895306
1040, 761.6880246226586
157, 761.3935857881464
2449, 760.9672986025579
2352, 760.8710316376756
2792, 760.4742024595083
556, 760.2442476253649
1697, 759.611520053388
1691, 759.2152015670673
146, 758.0059656629445
3436, 757.5551371807425
1230, 756.933373162166
1448, 756.7178311353894
3049, 756.1019699914616
195, 754.0679044123192
2493, 753.4189402835557
3353, 753.3296846415686
503, 752.7374312467058
2099, 752.1034605492912
532, 751.2223114838122
430, 748.5239409649182
3231, 748.1995166090675
1187, 747.6833719085727
1248, 747.5278158091626
2456, 747.4308972395141
2339, 746.8954959522443
1749, 743.4308449360258
1456, 742.3752705434728
3317, 741.4721919082162
2239, 740.3498372334458
3094, 738.0750750203692
159, 736.6320213799584
2204, 735.9478066641898
1459, 734.8813670985795
3058, 734.5150586299047
252, 734.2896682240759
2681, 733.8140382853182
1203, 733.2900342352475
1736, 733.2098943593525
1444, 733.159220351858
174, 732.7837298454007
80, 731.3851967700999
505, 730.8777387114537
289, 730.7601547646309
2528, 729.6618337354627
457, 729.4104683904733
1911, 729.1256973994256
1117, 728.0601966912756
2274, 727.8843543833417
2589, 727.8631862333119
429, 726.899272890993
737, 726.7921299581811
3181, 726.7415596757297
40, 726.1845477562091
2055, 726.0758948458158
1521, 725.972654558176
3437, 725.2754704319544
497, 725.2249557625203
1110, 725.1755027866305
3166, 724.975951937747
820, 724.551785995789
1865, 724.5034485436618
2087, 724.2627108611672
2475, 723.3270747641262
227, 723.1035992887854
481, 722.4967314926105
1758, 721.949455031816
1513, 721.6608334878728
3423, 719.2248293316036
2235, 718.8526520458581
531, 718.5203735835623
3381, 718.2741783105851
2461, 717.8141160613397
225, 717.7705273284597
41, 716.4913779953473
1060, 716.3313913937512
3405, 714.824977087719
263, 714.4398045283276
1126, 714.2678695793633
2453, 712.9105114622002
1027, 712.5246877408091
1129, 711.4073101688649
2380, 710.6937440365618
3055, 710.4420586565593
39, 709.426251578456
474, 708.8231074029118
2167, 708.8071794321436
3108, 708.5543476373448
2604, 708.2316936028774
45, 707.854830391946
1702, 707.264163915668
1751, 707.0811217844873
2778, 706.936779855826
423, 705.4589620324974
2100, 704.5617366399423
153, 704.0411679949592
1674, 703.8784127393208
1119, 703.658135603542
2185, 702.827609600097
2285, 702.2405205379063
1610, 701.2529389356696
2071, 700.7026817563501
1247, 700.1273693192431
3373, 699.7443579603101
388, 699.374797114478
149, 698.8408888265144
2655, 698.3399960274141
71, 698.2776063626346
2703, 695.6980635491049
448, 694.5703748329654
2783, 693.9923885457232
1531, 693.5601427548838
2282, 692.9383440311796
514, 692.6990395213065
2648, 692.6365275418067
1636, 692.4157289980418
2033, 692.2938071609694
1081, 691.6620849034294
1030, 690.3682362630585
98, 689.7873942402513
1218, 689.1758818570639
1973, 688.111368162012
3195, 688.0595275023559
1811, 687.7467601042391
138, 687.6144591009137
2276, 686.7407495940924
1085, 685.998941506219
2297, 685.3553660051405
373, 685.2569323864002
3408, 684.316526672181
3407, 683.0409480782707
1696, 682.653312001974
1089, 682.5170689868477
53, 681.6519509365646
2308, 681.555055698482
181, 680.7687242328708
2612, 680.4542565536015
186, 679.559462089095
132, 678.6654463414637
2979, 677.6374754052829
619, 677.1768309748849
262, 676.9028493364634
171, 675.4685762751244
3064, 674.0799437268815
2818, 673.7913755749178
454, 673.1287335462514
1035, 672.7601192178859
2226, 672.3097480979578
3369, 671.8757077449823
2184, 671.7947398472492
2139, 671.2690521462829
76, 671.2255073699242
3258, 669.2463547294933
1635, 668.9922373803753
1676, 667.9891018608765
2069, 667.4653568260688
2616, 666.71823758596
336, 666.4339632099299
2484, 664.6032499671237
2105, 664.4920081825832
2968, 664.2873947556205
2260, 663.7459498989695
1502, 663.1281180678619
2754, 663.0508806757449
119, 663.0256662366098
1124, 662.8387021883647
2623, 662.3678465811686
1200, 662.1490697869403
1750, 661.7939951031531
3402, 661.3639330264631
1590, 661.3199928951378
2803, 661.1236418265918
2985, 660.9980159589496
1978, 657.5646986088306
1193, 656.6965610004079
3196, 656.6588897089116
1219, 655.6122424275771
405, 654.9522365935694
1437, 653.8248378055717
3378, 653.7890825451602
2299, 653.7291735504297
3007, 653.2169914005306
337, 650.7787124150271
2386, 650.4919416872061
196, 650.4146513579421
255, 649.8071550875152
2611, 649.3317939400974
443, 649.0018950012972
2249, 648.4096448295875
2543, 646.9929614074696
2271, 646.7354023470623
1737, 646.5031489950424
1074, 646.3962487863265
2605, 646.0773508362219
163, 645.910789023137
3313, 645.3754569640262
2673, 644.8732123270336
2177, 644.6831416486092
1516, 644.3126476783528
1202, 643.8360512826679
2733, 643.0294511344468
912, 642.2044329776191
2310, 642.0674077591478
2990, 641.5210385862655
1094, 641.0146294150968
2264, 640.9578994691093
2564, 640.95633296695
2969, 640.8504975552769
2354, 640.7136204232311
176, 640.3356554428857
2918, 640.167088571724
550, 639.5409131760478
1979, 638.5567949299586
1241, 638.5315999944202
2388, 637.5806037986986
2407, 637.394039125729
469, 636.9692408110915
2809, 636.1780943626776
161, 635.9753426965507
2966, 635.1520810301412
1113, 634.5990867189267
2548, 634.5570716190783
2973, 633.1754424631199
2531, 632.1093627820903
3160, 631.9855452447349
2315, 631.4729672985944
1183, 631.1525428108926
3021, 631.0016169033955
2094, 630.9420070680247
139, 630.5915650640504
1263, 629.1898061038876
2763, 629.0455584289675
2309, 628.3288508832544
2821, 628.2437499280708
2747, 627.3518444990461
2223, 626.6197860495527
530, 626.2167848907517
2492, 625.3611977146662
2345, 624.5200321173354
472, 624.0254791178785
3086, 623.8142940860442
3371, 623.0551527139371
38, 621.894034511836
2498, 621.7313314312156
3296, 621.2795769838009
1091, 620.4682617919066
1849, 620.1771645229136
55, 619.3804099034701
3339, 618.9936879134782
2056, 618.1895204306928
2110, 617.901881681023
2586, 617.2149839195238
2346, 617.1398937488824
2980, 616.3054328277763
2312, 616.0955100694682
3418, 615.2488818269126
2570, 614.6261044587537
164, 614.579002142332
2679, 613.9897599400458
2292, 613.5741791605142
283, 612.9983704559958
2342, 612.5932819997403
1128, 611.7680176161409
2398, 611.2344315696217
2958, 611.0703455263368
2603, 611.0018754047926
504, 610.8865924525664
2341, 610.7550005285809
2349, 610.352004312112
2462, 610.2273858286235
446, 609.5745520323233
487, 609.5335511600218
2695, 609.5209329407877
462, 608.2809032496966
547, 607.690424741374
1031, 607.3064637536916
1245, 606.6731749698353
1876, 605.3263553309993
1043, 602.9449163380324
155, 602.3823472732123
3334, 602.3675320614005
1445, 601.8028286717304
2654, 601.6079333397541
476, 601.5828441255284
1429, 601.3523355458501
1083, 601.3349447650934
128, 601.1555638118278
2496, 600.4168233420589
537, 599.9958486241067
3262, 599.5875031642901
2687, 599.2832125656204
15, 598.848091283022
3061, 596.923799202406
2266, 596.9044783793578
3421, 596.1743189657104
2626, 596.0874970153184
1652, 595.9470157119014
2692, 595.619565516997
2464, 595.5886355852075
2455, 594.2870014867225
178, 594.0473486016741
264, 593.8606967473853
377, 593.7072612042524
3180, 592.6345483304677
3416, 592.6082437680701
2068, 592.3783991239122
2693, 592.1884312898698
1530, 592.074812330978
2490, 591.5001983096597
3429, 590.6720234103873
2822, 590.5827917415703
3113, 590.229779973705
3073, 589.5813677251575
2534, 588.9950644797502
1145, 588.8988617184145
1045, 588.2592066313679
2313, 587.9597026339605
3286, 587.8666560605468
2713, 587.8415554793584
3395, 586.9799614565919
3091, 586.191916384464
197, 586.0570591870585
151, 585.7480047131879
2519, 585.7316653223709
414, 585.6565253928243
538, 585.6419900591511
3193, 584.8634568069957
1960, 584.7862973123699
1174, 582.5902666984844
2819, 582.1244405180398
3125, 582.0205521069428
397, 580.9412453912666
1607, 580.7217104346018
2704, 580.5896567939494
2009, 580.4591217443459
1759, 579.3422013662733
2600, 579.196248121795
2629, 578.5862658855914
394, 578.4654400939966
3119, 578.2172165971394
382, 578.1936725392319
2303, 575.9790198752881
3106, 575.8004425663399
1041, 575.5975133943668
2538, 575.4305272165477
542, 574.9845122448962
215, 574.4241717400541
3280, 573.9507517640662
3261, 573.6615032725786
2284, 573.6165096745711
1867, 573.1596623779338
1236, 572.5411480474479
3291, 572.178165453265
1179, 572.0252196994636
1042, 571.9616627988148
3410, 571.9185937822909
2506, 569.965354569971
1442, 569.957400673004
3425, 569.3519742662426
3344, 569.2001122437102
1115, 568.7140844732853
502, 567.7583912887417
2606, 567.5128182525817
1655, 565.9358235803531
2869, 565.5957100595322
3251, 564.8698361972221
3393, 564.2778962692229
2753, 564.0807199478525
2862, 563.671346712623
1169, 563.2615879025976
1212, 563.1948390662743
2301, 562.9566853110448
2337, 562.7297778065345
2522, 562.0602274863265
2707, 562.0075165463379
2452, 561.8320077296517
2638, 561.0142824180524
450, 560.6399670880784
78, 559.426405001868
1025, 559.1892668866637
1214, 558.1824223560571
2919, 557.3186196977068
3396, 557.025708350358
2581, 556.2844563229096
154, 555.4182097669493
3260, 553.8550277449788
2499, 553.0764363197598
2479, 553.0381994833955
3329, 552.0141269921028
2675, 551.8494741334262
3361, 551.8490984974551
3153, 551.8312505563835
2511, 551.2519251490969
1866, 550.4916738744171
2644, 550.3255397366819
3019, 548.5838021953872
2279, 548.272413210815
1689, 548.1714783128892
383, 547.709511803774
1088, 547.204666437051
1557, 546.880081380368
1299, 546.718301241688
3048, 545.6461723349205
3078, 545.5359902485895
16, 545.518468547239
2079, 545.1892847050492
2460, 544.881116193509
1144, 544.7170846241755
2727, 544.6798228336131
1852, 543.8899627839671
3047, 543.620814672149
3364, 543.4366538658152
2662, 542.9973994898379
552, 542.7625081081957
851, 541.9315450973947
2760, 540.8310868944333
523, 540.4787498594862
201, 539.8785963509065
279, 538.9308939639575
2700, 538.8786538667379
2044, 538.694217265963
2665, 536.7263757795643
1872, 536.6419527964882
3139, 536.6297240722865
3333, 535.9491571741758
1226, 535.3305473266188
2495, 535.1792520893929
3332, 534.8001047145485
2632, 532.7051203219598
506, 532.5930134710961
2037, 532.55574068294
2440, 531.9140678887561
426, 531.6496664536375
1586, 531.4507085424616
1449, 530.6232915738777
549, 530.348321326245
1301, 530.0307184700933
3372, 529.4130569198792
2488, 526.5330657065745
210, 526.3134701594176
2698, 526.1595630968023
1857, 523.7481675101803
1856, 523.4645480984632
3198, 523.4239927400397
2798, 523.081520303394
1096, 522.6315723084008
543, 522.0438478464325
2210, 521.9050813567233
3165, 521.8267931070777
2530, 521.557331494625
1847, 521.3741805151623
2715, 521.2616389595374
3028, 521.2125175303083
1130, 521.007462086581
1961, 520.5368065807749
1974, 520.3105219233014
1069, 519.8564868200602
2092, 518.7536840850353
1462, 518.0473456261874
1589, 516.6996310680585
2794, 516.6026757071205
1760, 516.1234937319969
3100, 515.3605959730819
536, 514.6647192270889
2, 514.4535998011803
2813, 513.9586755701164
2978, 513.9222147022318
463, 513.818473851403
1253, 513.7756850007227
2765, 513.3188654944997
1753, 512.4521139009024
1761, 512.406974612868
2983, 512.1661840754219
2975, 511.630829756191
2974, 511.630829756191
3441, 511.5090551444947
172, 511.0467461593257
3420, 510.4448788672983
3301, 510.26351304705315
1452, 510.12609945922753
2714, 509.63622783963905
1099, 508.94980335754735
3003, 508.8691966344058
2730, 507.98796881198604
1112, 507.976654292973
2477, 507.8333798019104
1559, 506.67353926237655
1688, 505.9557575159117
2769, 505.5187167838565
1101, 503.7889364856845
2625, 503.64946814527934
131, 503.3671327629697
2416, 502.54299493513525
431, 502.5253975199697
3132, 501.84064771700383
2717, 501.57302432720707
1465, 501.5405104090385
83, 500.62440362028184
1855, 500.1006810746953
162, 499.80006832215025
2752, 499.74318004834623
1451, 499.47517369562246
2670, 499.3525106164187
2290, 497.533445727922
2743, 496.6521265383555
2269, 496.4602810246413
1664, 496.30292031610537
1229, 495.0983301152397
2535, 494.4418372433628
1148, 493.9479650992928
413, 493.02923388419293
2396, 492.76156278015776
1139, 492.6793825993116
2684, 491.6779364763305
3131, 491.5953721908636
61, 490.3555711460026
2417, 489.3713750082701
3342, 489.1050463855862
2537, 488.7233623453174
2408, 488.2908684128515
1464, 487.21063885811554
1067, 486.89224981448467
3266, 486.33946358220885
2415, 486.28116127649986
3367, 486.17557777408723
2509, 486.17114448915555
1095, 485.616959625138
1147, 485.31180854632487
1447, 485.1070272476124
2061, 484.1290626082265
91, 483.75639273606885
1141, 483.72641563949395
2598, 483.62464532378027
2970, 483.5108636672336
2797, 483.352704570479
2634, 479.42228891607647
3366, 479.31435660490996
2392, 478.6658861387709
2552, 475.42288576215105
2311, 472.9520835536985
3375, 472.9309403535533
1199, 472.91001926443863
1262, 472.52853708265206
3351, 472.103488889029
1678, 472.1024250149651
3357, 471.05173806555547
2565, 470.3771024263146
1430, 470.0625186252689
2960, 469.92880615143207
2660, 469.1055680492494
1662, 469.0973613319076
2669, 468.8361298375409
1217, 468.569200589026
1438, 468.04277494215876
1254, 467.8549535179141
2014, 467.48379538678125
2444, 466.6754842301485
2080, 465.5008101302223
2387, 465.30558197375547
1125, 464.37563111053095
3399, 463.710341260392
2576, 463.4307598116775
3322, 463.3890678662562
1608, 463.37960171832583
1860, 462.59294327597985
1154, 462.05900915260247
1070, 461.7558864579479
2667, 461.7507085518687
3115, 461.65594918967224
2472, 461.0642199148064
2502, 460.3128118656677
2501, 460.3128118656677
125, 460.09300205422056
3117, 460.09216489745063
2304, 458.40795190840635
1773, 458.36446061257976
2659, 457.5642338909797
1600, 457.36123289542996
3004, 456.93245414547044
2691, 456.3099423911588
105, 455.8178509242467
2494, 455.47503970959053
1160, 455.2995049966722
2699, 454.2163839085008
1209, 454.0506411198815
1683, 453.9910518201312
3335, 453.96432558361084
3141, 453.9409742295145
2413, 453.36911885585727
2661, 452.74895434542816
1175, 452.6564942848836
2591, 452.39677706182476
3398, 452.10705167538464
1149, 451.8816282399757
2405, 451.5882456790181
3154, 451.28630838873664
2474, 451.08869708090344
2065, 450.96849865617264
2617, 450.84497687092494
1257, 450.7251588627812
99, 450.36824190849677
3102, 449.8338900248805
499, 449.6930690631884
2614, 449.4595050836597
1059, 449.32870736073096
120, 449.0623127469599
2401, 448.9562894478826
1436, 448.91008387143484
2421, 448.1623670996902
2664, 448.09998688445836
3414, 446.8446315371374
2469, 446.4382370154569
3377, 446.2405128972156
1213, 446.0083915881437
1137, 445.78942821451835
1660, 444.39594518610994
2631, 444.2099567348443
3394, 444.0013913083109
209, 443.60661138725294
3430, 443.2238043135753
2609, 443.0708067744941
177, 442.8105726669184
3158, 441.8748588388176
545, 441.30892986949726
1242, 440.63815473028046
438, 440.4966402582335
3249, 439.81919007167755
3253, 439.5489065613338
2521, 439.15340422630766
135, 439.1504828659561
1596, 438.463591579389
2028, 438.2865682562163
2510, 438.07629678245337
1446, 436.69173205367696
2627, 436.2239173115976
1097, 435.56027438105394
2976, 435.4750737440912
553, 435.35102966105813
1597, 435.20630728819197
92, 435.14654548102396
2476, 435.1259397180667
1188, 434.63509862607475
110, 433.9787537189711
2412, 433.79078330800826
3033, 433.75854253652454
533, 433.5513682642354
1298, 433.4553909041402
3008, 432.9909867601754
2678, 432.7818137569124
1431, 432.41462925834054
205, 432.0304540790504
3400, 431.8849898225022
2619, 431.6276012585849
2457, 431.61368920334644
3103, 430.89552988398947
1227, 430.74728304153484
1246, 430.31349958964375
1881, 430.1164044796365
2637, 430.0962348051597
261, 430.07538260080236
3397, 429.9887575604313
2089, 429.54304682757606
2771, 429.16082307177373
2724, 428.97550386114943
3081, 428.6198971699892
1182, 427.9705109917399
2815, 427.768645277852
3325, 427.6827650970383
192, 427.4625491075398
2674, 426.83750212871723
2956, 426.8185735205882
520, 426.23501984633157
1206, 426.2256164757501
81, 426.1064054635877
2504, 425.7872148528471
1109, 425.68933479549935
2542, 425.13675210278865
1593, 425.06780960528044
2567, 424.826988381206
106, 424.6165139749047
1181, 424.0071855485812
3053, 423.366982613443
89, 423.1938651496809
3076, 423.11832925932674
498, 422.4216184479963
3263, 422.4157859038266
1176, 422.38283697937646
1201, 422.3413322506376
2541, 422.2949065037056
1208, 422.0167852755763
2074, 421.1080914861804
2448, 421.09110187781954
1116, 420.65971408871167
1667, 419.83550040542957
2557, 419.3112630205787
1300, 419.0899152171193
2478, 419.07242891468155
541, 419.0561059818746
3124, 418.46694643966117
2676, 418.3501216329652
62, 418.14267991544415
492, 417.89674191322314
2706, 417.6733611610725
1250, 417.2927822750354
3087, 416.82317995891674
1251, 416.7488291721255
1711, 416.3537444992066
2702, 415.9422813257367
369, 415.6707346310016
1196, 415.60101676526415
3109, 415.56884373223915
3330, 415.1937059260923
2762, 414.5788508179698
2967, 414.49361500497287
1998, 414.4232576074982
1435, 414.35492727855325
3338, 413.9897736504728
2719, 413.3498460268086
1197, 413.1679337235932
1107, 413.04458560800776
2716, 412.52848838926957
2796, 412.3127337364311
3067, 412.26149184477146
3074, 412.2222511585589
1261, 411.1247616643872
2007, 410.85672675171236
1167, 410.4714622305132
3390, 410.3071011186667
3052, 410.1130308417646
2560, 410.0253910374243
2268, 409.9413086734528
2023, 409.53826769537454
133, 409.3113662790707
3157, 409.2533209343922
2082, 409.17815863876876
1195, 409.12725325203905
2866, 409.09547731492665
2467, 408.1662250391323
3096, 407.4913077779201
2544, 406.9234066769016
3427, 406.84347101747454
2585, 406.71652365109065
1127, 406.68000905035
3152, 406.6387950391489
1223, 406.1425181496223
3156, 405.02219150465703
1133, 404.54660208292916
3355, 404.2096133527218
2554, 404.0925861118305
17, 403.9875398520734
2347, 403.9524525114592
2595, 403.8077402280545
2577, 403.51762492641785
3088, 403.33286666798136
2459, 403.32814641375217
3326, 403.27044725789654
2977, 403.147738567632
2529, 403.08080213841663
2642, 402.9899149340617
3104, 402.77338912252344
113, 402.51807637414674
66, 402.28097354246194
3116, 402.2352506580288
2628, 401.470878700834
338, 401.28227186717646
1131, 400.9411790539547
1560, 400.78207273552965
2982, 400.20004811926896
3075, 400.08218110778773
3250, 400.05278368677136
160, 400.05082430257323
3127, 399.4997381561208
1078, 399.34808469789806
2761, 399.17665733892926
277, 398.79514855635136
2409, 398.5484728498438
1514, 398.2656310835401
2663, 396.5888508938489
511, 396.0509489736597
2984, 395.91658664828975
1222, 395.8589806772107
3337, 395.6373308004568
2482, 395.2776077917513
2618, 395.222046273796
2770, 395.1050552341631
190, 394.77083521897214
1163, 394.1658231776987
2573, 394.06974789333646
2344, 393.81744333387866
2800, 393.21554976159786
1170, 393.2154019644151
304, 393.13079389062716
3060, 392.2800130394966
1136, 392.1393232947135
2685, 391.8210025988968
2633, 391.5920042644365
2273, 391.4344641286138
1656, 390.9252521449383
3328, 390.737486456687
103, 390.1881586513058
1225, 390.11293239404466
2689, 389.4048615726116
2480, 388.6914842971057
1969, 388.147880022645
3365, 388.12404617201156
3138, 388.0535183198862
2701, 387.89472835584274
114, 387.42327194176085
1052, 387.06409067637037
522, 386.61260483962513
1108, 386.305942163397
2523, 386.23059245314505
290, 386.1154908081768
1168, 385.692709108575
2350, 384.9786363816175
434, 384.4828759800975
1441, 384.214971313021
3358, 384.06714750766605
2047, 382.52237885290583
2411, 382.5148622693417
2545, 382.4924428498547
2909, 382.36232742760694
2463, 382.3112113370226
2445, 382.21761301804366
2356, 382.08044402274703
1138, 382.01535349198525
2481, 381.5717816199843
1123, 381.2962303107563
2443, 381.1276388966478
121, 380.91293316965545
1240, 380.78547228513315
3137, 379.66259575588003
3406, 379.5347306633016
2680, 379.34084683295987
3368, 378.8340579617127
2447, 378.6306918044292
1224, 378.02920768617497
14, 377.8702833011859
1155, 377.34863602600234
2406, 376.9121270940336
1120, 376.10323733958245
102, 375.62303931684744
1194, 375.52831371688706
3307, 375.3678390894234
2458, 375.18786515191454
104, 374.43779287128814
2487, 373.80739388546806
3140, 373.66875797801964
179, 372.92008884939384
2602, 372.8511567712844
2775, 371.95533872991274
3360, 371.5432849486041
2489, 371.1836756519939
3126, 371.1156392020696
3349, 371.06647330306134
2588, 370.60895435463675
3345, 369.8556842199309
3422, 369.69311170893207
2465, 369.51160837132886
2599, 369.3643349902793
1135, 368.55133163184917
1186, 368.49761863454125
1207, 368.4752874615073
1146, 368.45735539351006
2643, 367.049588284308
2550, 367.0132638094717
1046, 366.9546684920203
2799, 366.9482619535611
2913, 366.5599235209074
2516, 366.3714928249296
2584, 365.9034019286724
3122, 365.60708451057087
1965, 365.0535937417247
3356, 364.9308383037143
2728, 364.4011297055088
2081, 364.18519221511116
95, 363.83003536110454
2787, 363.50245896241563
1713, 363.32740501129547
2593, 363.1104186187353
3374, 362.4438867675456
2399, 362.1642824693877
2613, 361.9337859776209
2540, 361.86595799960264
1996, 360.89094155451664
2512, 360.3559718647359
1061, 360.1732902073743
90, 360.16336706308334
1460, 359.99777410800954
436, 358.7327910537374
267, 358.54253233296174
2639, 358.5268558568648
1198, 358.2302443604243
2378, 357.9276981952806
1428, 357.8663503839631
1068, 357.70489378002225
2446, 356.98981588228975
2972, 356.9461209863337
3428, 356.7645699555286
2295, 356.6162631870082
2551, 356.55686032903105
2414, 355.8468993487783
2636, 355.7322085172701
510, 354.8638026436272
3391, 354.57563703535425
1220, 353.62252544383443
108, 353.0908427172358
1658, 352.40815082776106
3252, 352.23346826012533
2052, 352.18952862618113
2708, 352.1870279224466
2384, 352.0287212479387
2077, 351.3584326215788
2590, 351.1601324743179
101, 350.9828227388797
2057, 350.50856187392003
1134, 349.56066351856106
3308, 348.75830027778267
2031, 348.5276374812791
2555, 347.11751515948
18, 346.55613471766986
2915, 346.338568468475
2090, 346.1503297335542
166, 345.5241723802848
3376, 344.8204521030851
2582, 344.2652501828534
1520, 343.4236328499237
1477, 341.8369429818236
2526, 341.18384977034617
3177, 340.52049059246815
67, 339.7237381284251
65, 338.53917268742856
2441, 337.3127121313756
2450, 336.6742325570953
2468, 336.4951165569939
2097, 336.37774118961204
3417, 336.0825545751546
1034, 336.0425802499438
93, 335.34861762584734
1588, 334.4190977302475
1150, 334.28825865033355
2395, 333.8613008008029
1103, 333.5494489179167
72, 333.16927892219763
2914, 332.85959320946296
2400, 332.44061964884276
3387, 332.1192519662354
1065, 331.8323266268869
1079, 331.58164760314133
1663, 331.0773647211084
1537, 330.6574962386193
2539, 329.9938321642512
1053, 329.6415912934472
144, 329.55487280950865
70, 329.54807029954105
69, 329.54807029954105
358, 329.5140701439612
122, 329.49209789919917
1813, 329.146914693351
3446, 328.8340745621367
167, 328.77084432352024
1118, 328.6932547766685
1180, 327.86050197020626
1962, 327.8243128044902
64, 326.702857420099
2596, 326.6330961153022
3392, 325.99207522989843
517, 325.55816013684006
1189, 325.2330424136845
1467, 325.1533761582263
2709, 323.91596021237154
115, 323.6777941289856
2355, 320.2177563261623
1406, 319.6493606558454
260, 319.12182170660304
1719, 318.2826300234853
1440, 318.0611286139618
1073, 316.38266848608066
1216, 316.27922433823744
1864, 316.0560834486862
2615, 315.9030828123775
97, 315.4466270829371
2647, 314.6712080343608
3343, 314.52399782374135
12, 313.44589177813225
268, 313.32882276230583
2066, 313.02838075138305
1693, 312.20083629253395
2060, 311.49380045059394
1152, 310.3893499318597
232, 309.91110557363817
2579, 308.85798187441355
3238, 308.44835230289783
1178, 307.5291543441422
1558, 306.7560240176472
2038, 306.3720507548703
1191, 305.9063961264323
22, 305.6795006521634
1156, 305.3268425739773
2471, 305.22385509563145
2971, 305.2127199666524
96, 305.1942758499541
32, 304.865768174363
68, 303.7375239874354
2517, 303.0917335327269
1151, 303.09145523382887
1634, 302.9320539713912
1605, 301.4100844786674
2594, 300.74246231730825
1397, 299.58427866733433
109, 298.65835055840057
3359, 298.3399221273022
1519, 296.15874803503004
13, 296.0440731634931
2500, 295.6441204048057
3164, 295.62477446819065
3438, 294.67500899003613
2801, 294.64928979676347
1302, 294.0187780492439
3188, 293.24491338510364
1518, 292.99210571470303
2010, 292.70459482306023
2040, 292.4421269576441
2916, 292.24575490108214
1838, 292.0651495773932
2351, 292.0225639242903
1632, 291.9682330983172
1958, 291.25610081367347
465, 290.26686416484443
500, 290.12600862098645
3085, 288.9586994409494
3237, 287.28410467915296
2503, 286.1257430249966
2064, 285.19695188222187
2900, 283.88782463511365
1878, 282.5708815851456
1694, 281.9577654762814
2046, 281.7142223303312
2275, 281.46067402260536
2515, 280.77691205531835
86, 280.49974874902983
2270, 280.24984664888734
2861, 280.1663540508066
1153, 280.0918256014685
1457, 279.9981324865544
2732, 279.17346120637546
916, 278.52882530242033
2058, 277.4318581066285
3346, 277.3074320621382
2036, 276.31766830581745
3431, 276.1928241979727
59, 276.0302473567709
2433, 274.6023370099527
1164, 273.4212493745259
1316, 273.3535574154233
1, 272.7622067097184
2682, 272.638356058169
637, 272.3950928171401
1709, 270.218511762654
2470, 269.2798437302917
4, 268.82809503915024
768, 266.5671640520317
2578, 265.7022438619587
3363, 265.090052573859
2043, 264.78001156832005
1800, 263.6557856528171
2860, 263.52303754338294
507, 262.0462081679142
1661, 260.85702523041056
182, 260.8521124747108
2725, 260.4759331802849
1638, 260.3973672726127
1062, 260.26045953490797
10, 259.8789843953359
3236, 259.7929212138029
1454, 257.92226426350237
2063, 257.2082204473517
3240, 257.1936380515218
117, 256.79050537340726
2192, 256.7754093822108
3234, 256.3063311869668
3310, 255.0328876169075
3242, 254.5746792636451
2085, 254.4773174188972
461, 253.93960704361385
1255, 253.74028576746355
459, 250.72976520490127
2718, 250.068193393543
2569, 249.9682260642826
2731, 249.77277942132272
1785, 249.43754731200272
7, 248.89974841498307
2857, 248.1317932161325
3256, 247.5740401866486
116, 246.14049154221473
1788, 245.5322247944368
1814, 245.23680333550885
484, 245.18595814891427
2672, 244.48966400600446
641, 244.42482770809224
63, 244.3859141577069
1574, 244.33554247250746
953, 241.74580519141227
112, 241.2879469039295
2910, 240.60517627647133
1794, 240.2188906493234
1324, 240.12398417337465
111, 239.80603554403868
28, 239.4432831500485
107, 239.26950333460292
826, 239.0502575007199
6, 238.83482779904992
2832, 238.11091815281807
477, 237.39556204221546
2805, 236.8842353496854
2320, 236.63047662565543
3, 236.5257642598256
0, 236.26893592964066
823, 235.66911283785493
3235, 235.66535380910364
2999, 235.50406850278935
9, 235.17931652982253
1562, 235.1034225672231
2518, 235.07841407341988
1818, 234.71389625803937
3009, 234.63042104628198
1572, 232.3361924753583
3257, 232.10371224214126
2191, 231.92467652002853
1576, 231.65692534359064
814, 231.59452588488315
292, 231.4206244468704
118, 231.3364018028377
3017, 230.79626885385133
273, 230.72898014945636
30, 230.427203869835
184, 229.73668057320486
11, 229.5576335681543
524, 228.99416165154634
1723, 227.82943197249716
1309, 227.09351036225772
745, 225.6523861466147
2532, 225.40898543332187
1573, 224.88965919001177
1509, 224.84746744609623
1484, 224.33265778301472
2153, 224.2479371147793
1824, 223.67011397688577
1535, 223.5211955030209
735, 223.51870628594864
848, 223.40947581456194
2208, 223.3551159150214
1410, 222.99456766189272
1004, 222.93175411830833
2889, 222.43893473609432
3215, 222.31057176407688
259, 222.20289864326995
1543, 222.19506761328023
5, 221.4534617642858
1940, 221.2364024783884
1939, 221.2080631956622
2134, 221.09393223926742
8, 221.00679751636943
2211, 220.19545588981524
2878, 220.06170523668123
2556, 219.68377170091046
1882, 218.95194468501867
94, 218.37519567162863
1051, 217.35540012829273
788, 216.9299379803908
1806, 216.7458070163498
2158, 216.340374075017
2242, 215.9981424634054
1951, 215.80981483378983
1567, 215.37594791130078
421, 214.48578339662154
33, 214.3431072051916
2868, 214.1420637779712
2193, 213.5361783181557
1165, 213.43359346961432
3000, 213.40597354934965
1418, 212.9061461626111
2429, 212.87685157070678
442, 212.83842261168758
682, 212.7882106452189
923, 212.6451020077474
185, 212.45165000662712
387, 211.86479675327388
2856, 211.8295360304952
2991, 210.7931314058595
2859, 210.76221217431245
1003, 210.35871513510452
1907, 210.01292343984804
1093, 209.76018514346478
2170, 209.54757877859328
29, 209.53240238932068
1810, 209.1021884567692
2207, 208.7607192208787
917, 208.66663759346125
2806, 208.43539306383076
1269, 208.37095787615598
1575, 208.21086020141226
744, 207.88751262430068
803, 207.733515272663
526, 207.64775338569754
786, 207.28138608483764
2180, 207.24182766199763
3025, 206.79299881501558
490, 206.708089378099
2124, 206.42682834642787
1780, 206.31018742340387
2205, 206.12313387869887
2054, 206.06249286209896
1571, 205.94933483503635
60, 205.87908915858125
791, 205.8513536020052
3282, 205.28929098083725
3269, 205.2841454204844
1640, 205.19931299819638
2135, 205.10239288089974
353, 205.04555111846668
1210, 205.01387313031591
2435, 204.97852436014594
2428, 204.97852436014594
305, 204.82444409767996
1776, 204.81567606218482
727, 204.6636807984386
1884, 203.85455619974317
615, 203.8417601455567
234, 203.5158894931342
2262, 203.25625719930306
857, 202.9898199879074
686, 202.97657013382252
3016, 202.91670834813553
248, 202.90001892192015
1092, 202.83734364169365
2236, 202.13564098060615
1039, 202.05370993649922
3018, 201.4945146708187
1424, 201.3357261590566
746, 201.15531313513796
590, 200.40255111092577
3029, 200.2186891286768
1653, 200.16535487557113
2157, 199.88601888555198
1525, 199.76165380586258
2318, 199.61337156126552
1306, 199.4568573329635
579, 199.34463160608075
2936, 199.23749348461502
1943, 198.863200512624
781, 198.8030192627066
527, 198.7985120598102
716, 198.67693232709271
1885, 198.65325363340884
2194, 198.4864561862651
1972, 198.2909172362996
945, 197.9015242257848
1617, 197.8494243396222
2195, 197.79240961575817
2953, 197.74234906942326
1807, 197.7411238639896
2035, 197.71304438569683
762, 197.68237485834374
1356, 197.49790558832944
2243, 197.44383973783263
2997, 197.3336255941948
249, 197.29771431269094
417, 197.23689663011766
2196, 197.19796446404865
1999, 197.113875920084
321, 196.70033299084002
2438, 196.58113406477472
612, 196.5627250932576
2187, 196.5314382666635
1889, 196.4130598340042
1822, 196.22155720864376
1615, 195.9417700910964
980, 195.6619896625825
1336, 195.5270136368085
936, 195.35615048281784
3228, 195.34815821063583
717, 195.14000630140785
575, 195.0926447395184
2188, 194.98944819151453
844, 194.719687622705
1054, 194.66784165756778
981, 194.62986990983498
3233, 194.36251640191023
961, 193.95960320851756
778, 193.92831041118856
1985, 193.9262273952125
1023, 193.859878990872
825, 193.7283621574029
3319, 193.59207202162744
698, 193.55562946178222
1423, 193.54367724316398
2993, 193.35749027536764
920, 193.2488995676467
743, 193.21030106006936
817, 193.1632979481081
2160, 193.02115423628723
1803, 192.95450045354022
24, 192.95133059113218
243, 192.79000575053234
27, 192.70637779304553
416, 192.62525523878665
581, 192.46477149658259
2142, 192.35704189917098
1623, 192.27306339802604
1279, 192.01319070139823
2189, 191.99149188500024
23, 191.97031077993108
3320, 191.28537230848113
600, 191.25577876053097
969, 191.11397128930625
2949, 191.0198489076633
2360, 190.9001648178766
1037, 190.88025182052084
1566, 190.75354145549656
955, 190.68871168333055
2879, 190.66129728079744
2145, 190.6115969515695
1487, 190.58876043471633
815, 190.52440501719127
247, 190.51594245785378
787, 190.37366624070438
2431, 190.22078223353645
2362, 190.20608694606008
960, 190.0989344936579
2365, 190.0871804632196
2434, 190.04573054225284
2095, 190.0083764521818
1577, 189.66963361803954
808, 189.5302018318765
1038, 189.13811388103434
2220, 189.04544757495694
370, 188.878382223461
223, 188.74276876637165
528, 188.37429226913522
709, 188.34435977801283
2049, 188.3035328261748
187, 188.2394663753453
2214, 188.2093751598316
922, 188.09922209471617
1412, 188.03133403762783
319, 187.97367600500587
1580, 187.84122608937247
1895, 187.77524777220162
1977, 187.64152120296856
560, 187.5643825870721
1331, 187.48553212226912
2845, 187.23677545486066
242, 187.1856311830567
2829, 186.65106822183276
2924, 186.49097136721136
1473, 186.3883010919581
2181, 186.34007278985987
3309, 186.30252725991494
2122, 186.23300997874986
2427, 186.18944553422878
2828, 186.1150102313864
1425, 186.08361016780367
1579, 186.08156134864123
1371, 185.95647139120814
691, 185.67327760141094
420, 185.6188852633818
574, 185.53769729458537
964, 185.4646402498152
2996, 185.41724843514112
2907, 185.27323716563774
2219, 185.16564807069128
594, 185.15336392385535
999, 185.1381005618974
1840, 185.07781586519482
2711, 184.92389891422567
601, 184.92172611246332
1266, 184.7281231528051
2877, 184.63422129092376
907, 184.62092164614097
2846, 184.59627642426224
1523, 184.52187175579127
1308, 184.48544904076908
1846, 184.36714899909163
585, 184.36631605794722
804, 184.25142538675516
1490, 184.24474636866756
49, 184.1790978963268
313, 184.14809085457975
789, 184.1333514679606
903, 184.07121177651487
1599, 184.0231691525231
2422, 183.93670367972499
1404, 183.36295638002468
2231, 183.27630192044066
1790, 183.20689090523953
1314, 183.1171946899104
1890, 183.11589708793167
1839, 183.0946386305747
2858, 183.0776298435403
1495, 182.89075007147767
972, 182.85211996423368
856, 182.84929612006763
419, 182.77876469782694
2992, 182.76480929621343
2209, 182.74880059880456
2905, 182.54099436114635
1408, 182.5291061404294
529, 182.50505491615738
1942, 182.43648202062786
2173, 182.29260036763276
2168, 182.2180829715194
1957, 182.10773190590544
1211, 182.10106624866265
1823, 182.08586103609494
1887, 182.07393552077338
3026, 181.92773966598475
780, 181.8993907451279
2062, 181.83664470067706
593, 181.73435187065067
2200, 181.7279903063158
2228, 181.7025551980548
837, 181.68867004954987
1315, 181.68359180497464
1594, 181.60799025792278
1976, 181.231569239853
1369, 181.10225471412147
3229, 181.07231534262587
2171, 180.92097738760242
3270, 180.85901757586552
2334, 180.83375825493462
586, 180.82672696526691
2206, 180.7960580848761
2165, 180.68552546700343
1321, 180.46583579974975
2804, 180.4201800278127
1505, 180.3650840392211
3267, 180.27534798330845
1508, 180.1461287212934
2042, 180.1433842426852
1510, 179.9922737383208
1984, 179.89477634940616
2837, 179.88168367936368
418, 179.83797340178506
872, 179.7830919338585
845, 179.7524862393849
371, 179.70629083048144
846, 179.7000054164129
1527, 179.54388603149357
1289, 179.4870443054742
2190, 179.31489267925318
1348, 179.22086291921454
2998, 179.11077073644114
286, 179.0911920802978
1986, 179.03949753245465
224, 178.8062845993415
1501, 178.80258571476242
683, 178.71753780797854
558, 178.6968786446328
1983, 178.5650167494283
928, 178.5594427371262
1861, 178.29338111571073
2113, 178.22633033158772
1478, 178.21847695998423
2256, 177.85081486405542
3031, 177.83868691017864
784, 177.7800532441441
696, 177.76871935373703
1455, 177.6002085590215
1828, 177.53712657158596
638, 177.50813335626418
1427, 177.45916808396728
1001, 177.45137250378087
2164, 177.42507654508773
2841, 177.31165104839752
2150, 177.29167037283017
657, 177.13950929419147
886, 177.1085576842506
307, 177.0972127356529
775, 176.9267712739869
1488, 176.8042933468684
2850, 176.77989966974596
902, 176.70829581435788
1494, 176.69576362631634
1512, 176.6803634371733
1390, 176.65238260182701
2439, 176.649328636268
1421, 176.5744590773402
1322, 176.4370783412923
1380, 176.43125745248844
1792, 176.37429404747846
2321, 176.2999022756058
2852, 176.29078284103647
606, 176.11013624090154
661, 176.08923121869674
1361, 176.0556632481535
1481, 176.0219735679657
821, 175.87725298162164
2115, 175.81796488055082
919, 175.77186275458527
2324, 175.76371310485024
489, 175.69882038462163
777, 175.50559686907567
639, 175.50362746392796
839, 175.49320488712334
855, 175.48292055719642
1389, 175.39182252638633
2229, 175.35030935011258
1396, 175.16839735356314
3002, 175.11266256419827
26, 175.09070604170748
3321, 175.08314034974137
599, 175.03268752756583
602, 174.8948648876869
2839, 174.8686547034181
1820, 174.81095042996392
2051, 174.77015662393615
2372, 174.6643129573643
987, 174.6285215818357
1883, 174.62114239895155
659, 174.61337878148782
708, 174.54744403840496
2230, 174.3767663667299
853, 174.33545176006416
711, 174.15304256726026
2067, 174.0319863137518
2912, 173.98900552531774
1268, 173.98304923357085
1549, 173.9391930362856
2107, 173.93339821766895
584, 173.90285672474704
226, 173.89707089999538
2117, 173.75757593707797
938, 173.7360130607567
2120, 173.6773058753892
790, 173.65496262301596
2255, 173.63362511701135
2125, 173.6233621558588
1614, 173.6176756022842
2851, 173.58337219583942
3014, 173.53840193770176
1908, 173.52927825453693
718, 173.52884511524238
993, 173.49020621531741
776, 173.35665888254871
2831, 173.303009648438
665, 173.21611121914617
1426, 173.17751058385107
1271, 172.98809030638935
2359, 172.97058337289374
690, 172.8990171826146
1886, 172.84274455901294
1493, 172.818194959352
730, 172.8026066360663
2994, 172.77097192118026
1345, 172.71741935017212
1339, 172.60397214590265
798, 172.59260470924661
1622, 172.53709323833735
664, 172.47318002407795
3268, 172.44600738101158
1578, 172.3806135461976
1398, 172.28954127248923
971, 172.27552195929178
2898, 171.91838488388973
970, 171.88093211300605
849, 171.8480389866722
2750, 171.79028409083924
989, 171.76042669398316
1312, 171.71348034831337
235, 171.70004939693544
256, 171.67642522232484
2237, 171.65276189937043
564, 171.64883268246535
1377, 171.6203706648181
892, 171.60532662453656
840, 171.57454672367493
882, 171.4633467268624
230, 171.42756870526716
2844, 171.35271244610013
1601, 171.33690255931913
3272, 171.17482738984268
315, 171.1677727824753
306, 171.1677727824753
1343, 171.1282084338585
927, 171.09099563952554
867, 171.06407199508277
2162, 171.02648237797501
752, 171.014383435044
1920, 170.98557857873593
1959, 170.88469107697193
1330, 170.82495050162765
525, 170.8236556939152
723, 170.763076224611
1926, 170.7600181217918
2908, 170.70849137345618
2116, 170.68530545897698
1544, 170.60896689629325
569, 170.58500583534968
1825, 170.55237611459398
2141, 170.55016959440195
1550, 170.485172761327
1511, 170.47537302087977
2888, 170.43370477765873
1902, 170.40218551131196
1014, 170.36117644374133
1295, 170.32570611078978
559, 170.26876506478385
1815, 170.15299031305003
689, 170.11851977744024
1989, 170.0626562014135
1413, 170.05227228275152
850, 170.01700830650614
3043, 169.97937295534308
1539, 169.9484032300808
572, 169.85823007423468
1555, 169.85768880756748
2227, 169.84744129347928
1561, 169.79857644220752
2884, 169.7368520675774
2361, 169.72477154013774
1474, 169.70907198644284
577, 169.7052834733442
785, 169.68830785407965
2376, 169.61624102528992
1368, 169.57465689189897
1378, 169.49747820723036
847, 169.41867487746237
1829, 169.31525519962966
1273, 169.29997620433602
900, 169.25576776985667
2213, 169.1365091629654
1804, 168.93793008539228
2369, 168.90738099642508
2899, 168.35242793347447
2432, 168.30158412843335
797, 168.29066891452524
573, 168.13621046459141
770, 168.1349452800996
1285, 168.1097191789921
1006, 168.0658335712674
1393, 167.8902548512355
713, 167.88755795601202
876, 167.88611664898988
774, 167.86535098002784
933, 167.83089890775068
673, 167.78848658473126
2366, 167.766132052705
822, 167.72883550911493
2903, 167.7186661661594
1278, 167.7182350652489
2254, 167.71445002377288
3045, 167.6966210085632
636, 167.6426260026804
635, 167.60054771334046
1392, 167.5065299792557
854, 167.49578324441845
779, 167.42806068096817
2131, 167.42749170697363
2882, 167.40395423633404
694, 167.36080395765504
1352, 167.32592662470515
2245, 167.29368995299114
2547, 167.27459682254207
2830, 167.2409784563996
879, 167.22513603330742
1500, 167.16237732636628
240, 167.0683242305759
1420, 167.0571205814173
1293, 167.05097241496472
1422, 167.00307061086207
983, 166.96674732326653
231, 166.94132179940544
871, 166.8636466142654
918, 166.81351593095857
1536, 166.57239783715096
2881, 166.5606764933183
1417, 166.55841890488642
1830, 166.5104456991251
2166, 166.4665646182277
1817, 166.45219608188202
992, 166.41390014375537
896, 166.39883890068603
741, 166.36521982077758
1909, 166.334209402722
1475, 166.3304748192699
3044, 166.2910866652878
1915, 166.19444385316947
1400, 166.12731388957596
1480, 166.12512374660346
2925, 166.10601963166602
364, 165.97678135604824
868, 165.97416656040974
2121, 165.9385192303616
2199, 165.91096695916823
2875, 165.87557188429747
2198, 165.79703877570856
1791, 165.77041231777378
946, 165.74884857255236
1370, 165.72993990841726
1409, 165.69952530824992
1888, 165.59274935582656
597, 165.57543963012773
1280, 165.45291264627784
948, 165.2939880125887
2923, 165.1589049054264
883, 165.1304935745504
3030, 165.11678054933193
3271, 165.10009193293502
323, 165.02302612843278
311, 165.02302612843278
1835, 164.99817823066007
1904, 164.93733844038852
1831, 164.90922272385293
1906, 164.8802523386439
764, 164.85228948438555
2154, 164.85013497604916
675, 164.77348662263188
1411, 164.64109448027236
759, 164.6195438239879
1367, 164.57622422988203
257, 164.5577421414237
2423, 164.51401228066717
935, 164.50947998070865
1382, 164.5055025157715
2163, 164.48159443616564
693, 164.30363273911493
2246, 164.28992700536304
887, 164.2769008268705
755, 164.26148165506152
1491, 164.23289903638118
937, 164.22775543419326
1841, 164.15514108372645
672, 164.12918518708355
656, 164.10815045585122
763, 164.10144759955236
766, 164.09094577712003
2897, 164.00265183832337
985, 163.9892877975076
2138, 163.95708728419265
870, 163.83538161918793
567, 163.79993931380346
1403, 163.6507118627804
742, 163.6391459038289
674, 163.52342201969037
924, 163.5178648702922
1036, 163.46663784697603
1419, 163.41030751148926
2842, 163.38981877696835
963, 163.35367947293602
2114, 163.284318440672
1372, 163.1371954628748
725, 163.0754994618167
1801, 163.04120997311477
1944, 163.03301149432943
984, 162.9692910498331
2148, 162.94033103439088
614, 162.9212377505931
1934, 162.89723359809395
1346, 162.8374975461802
1498, 162.81573765381216
1048, 162.80922915987657
1328, 162.7972083797594
2323, 162.75460811592228
1927, 162.74456213078145
565, 162.66181002624475
253, 162.55369648408436
2123, 162.53490106785952
1782, 162.5152482358677
2891, 162.44228442094808
1981, 162.36627226377945
783, 162.32036926902288
346, 162.3197928279181
932, 162.2930407266617
714, 162.25874725881408
2216, 162.22249110474118
2319, 162.2134154223518
697, 162.19099105166697
3027, 162.1627821059403
312, 162.15734219109154
1618, 162.06134240222764
761, 162.0441199088397
351, 162.01205390029708
2331, 161.94941204056727
782, 161.93503077049328
728, 161.93008852566493
603, 161.90376563408594
1288, 161.78574940797347
704, 161.75755960918715
646, 161.70968334298215
836, 161.65313643856837
1405, 161.65225430485688
3068, 161.6460168518588
645, 161.6346990360188
1905, 161.6133681006429
2430, 161.59339589784344
236, 161.57896451826656
1809, 161.492777056326
1458, 161.48175017029484
2146, 161.43248901164486
925, 161.389578132916
1297, 161.36930060526447
1563, 161.30326036227834
1277, 161.27229238383183
1992, 161.19549116886404
1595, 161.18387677877536
942, 161.1511906822029
959, 161.1475574494413
374, 161.10141085801743
1327, 161.06659412269698
31, 161.03842660569364
568, 160.96026708576417
800, 160.95961299155218
1353, 160.884597418479
1292, 160.84204677892913
986, 160.82205578637715
1772, 160.81775066457473
1018, 160.81580489677637
701, 160.79279278511547
347, 160.7258651751647
1387, 160.68967907486254
1323, 160.64203422713322
660, 160.60651521180506
3037, 160.5541429398023
813, 160.49575104871315
897, 160.4912459221708
640, 160.48902748025543
1453, 160.48646802107683
1291, 160.46373308512324
2854, 160.4607806977046
1789, 160.45420404265423
1388, 160.36712270040513
2169, 160.35058283389222
1486, 160.3502651391663
2840, 160.30202610761768
1357, 160.15468218116698
1374, 160.1182740668
1021, 160.11572632306567
1391, 160.01497841086302
2202, 160.00784508021655
2136, 159.97114936125394
1554, 159.93691374874115
1275, 159.90783648597977
705, 159.85485033007433
246, 159.83117584138452
1415, 159.82434809964187
1499, 159.82167722205688
908, 159.8111808182125
1270, 159.81109884873692
796, 159.742528414809
750, 159.73185951545025
827, 159.70390517993872
324, 159.6805295638742
2833, 159.6740647816617
1982, 159.65940890779623
2849, 159.61700893032886
720, 159.58872129967057
258, 159.4697842635191
2140, 159.4415320014513
623, 159.42609667654162
2233, 159.36684961928154
740, 159.35665710905462
792, 159.30332093533906
3038, 159.281104069478
2119, 159.245283938997
301, 159.2415554042529
843, 159.20415666647648
1272, 159.11863677813008
828, 159.0551428506936
1340, 159.03706123807726
1524, 159.03590427597217
1548, 158.89530870757437
2130, 158.81743837360722
926, 158.75701742375122
962, 158.66175653626166
2183, 158.6055397028391
1598, 158.57445084240575
1020, 158.52708896151137
1469, 158.4201955214781
2946, 158.3513509491804
1506, 158.22502740924483
2847, 158.22144892970732
2336, 158.19591576706216
2072, 158.189553399673
934, 158.1418549260295
2175, 158.08306194733794
2373, 157.98926549108
2410, 157.97869112872277
799, 157.97290768171385
692, 157.93232322780665
422, 157.87091843865534
616, 157.8630947315697
2377, 157.85621455528738
2947, 157.8277418425927
710, 157.71320164408252
722, 157.69740806243527
2375, 157.6273665883426
2129, 157.62395260306326
1921, 157.5065687081501
566, 157.47521689347082
350, 157.43107661977484
1294, 157.42404457075233
1318, 157.3127288454661
3448, 157.2259708038395
1009, 157.21050583602593
801, 157.18971439400954
1265, 157.1754570595901
1819, 157.09924620119622
707, 157.07230971860272
2232, 157.06356869583064
363, 156.9831255407981
930, 156.90123020339357
967, 156.8855792248434
977, 156.77956584705657
1935, 156.7084421824887
1779, 156.56370179176798
1836, 156.54920707623327
1928, 156.52112827599382
1949, 156.44887922447128
1329, 156.431885870855
576, 156.40775758280952
2826, 156.4054270224243
238, 156.39402697174634
1786, 156.3548260029055
1365, 156.34660946947088
1930, 156.19362447046333
1354, 156.1579690144883
893, 156.03414199552716
2133, 156.02986523043765
2222, 155.8237245422466
2876, 155.7969632391383
1673, 155.79040583584975
754, 155.75976288260998
2176, 155.72166021505225
911, 155.68309717782586
905, 155.67956400097464
1808, 155.66645563279965
241, 155.57216039669586
834, 155.4965550412426
952, 155.43385515197266
824, 155.42380193218145
314, 155.40230024909297
904, 155.20560982942854
3230, 155.05771654102742
973, 155.02272356715787
352, 155.0171164415262
1954, 155.01675574733838
2950, 155.01529982905095
1479, 154.99367560388202
3034, 154.9571240899048
285, 154.93059488549395
810, 154.9035748143856
1049, 154.87292822779636
1492, 154.8372889813798
1900, 154.6891004933343
899, 154.6598590217913
1022, 154.65847353476204
2247, 154.5575250302599
1950, 154.47031698979546
1620, 154.37483114248806
2403, 154.26974461391555
320, 154.17075664412565
2931, 154.16821503513597
2902, 154.16474353524416
1591, 154.16384589824312
658, 154.15905099394178
931, 154.12647100565596
1777, 154.1239984385729
1837, 154.10142182142033
2144, 154.019168404812
765, 153.97772092047424
342, 153.96921474541958
1504, 153.96867539156142
667, 153.83596598968774
910, 153.82337168604766
596, 153.75073516878246
865, 153.67499142753763
1799, 153.6736501089744
1898, 153.67143733572118
976, 153.6510601607197
929, 153.63255667201074
1778, 153.45025154867574
729, 153.38422884160997
807, 153.35502504065522
1953, 153.3481289474473
1017, 153.32343968163968
831, 153.32061622527257
979, 153.3169093671814
1582, 153.29812726670716
1282, 153.24698393370383
706, 153.24223228868328
880, 153.20062219913825
1320, 153.13639191448144
2322, 153.05052348154211
994, 153.0252578695559
2325, 153.00045482789122
325, 152.99043841024775
1485, 152.92147578592645
2425, 152.91894239299728
873, 152.90563520953202
898, 152.87804498548564
702, 152.83523755868822
1932, 152.80751364871503
1827, 152.72380421054729
2426, 152.69877357705838
644, 152.64484035520684
2367, 152.62581177889203
618, 152.61118024563902
1319, 152.58041471081106
609, 152.57501734425614
2874, 152.48369963919816
1414, 152.45678012312294
1007, 152.44088410850307
830, 152.3670493533858
2370, 152.32213316139092
1476, 152.30360263840385
703, 152.27583951989706
270, 152.27012745669643
1925, 152.23579460620547
1010, 152.1959222799014
1540, 152.18474255779552
1385, 152.1504121682953
1332, 152.14565137380413
2330, 152.07312014237462
875, 152.0646892260334
2327, 152.02220229359816
724, 152.00873691137744
633, 151.90749504033718
2000, 151.79276741223478
3015, 151.78078323612746
1326, 151.77718212365886
631, 151.7415371546733
354, 151.7033139974832
632, 151.65127637364256
1351, 151.6111533281131
239, 151.56515996465654
2880, 151.55292382167212
393, 151.47615085307473
1470, 151.4731243753582
1394, 151.44886167055512
684, 151.3956278614634
624, 151.3956278614634
1569, 151.28956588719586
1832, 151.2515542041276
1834, 151.1968693366467
1401, 151.17479488681468
712, 151.14246658245966
269, 151.1306580412398
2436, 151.03144848404727
1362, 151.02655541901805
3024, 151.01207321529452
944, 150.99812529682535
866, 150.97963661831028
598, 150.9739987376774
1311, 150.883797930334
1359, 150.8285173768037
943, 150.82633155607553
2251, 150.78371871951745
1568, 150.76978023020507
2871, 150.7615616315791
982, 150.73937207368496
1769, 150.663799734976
2126, 150.5615783458327
668, 150.5266973943026
1304, 150.48277843153608
1551, 150.40567622143197
1286, 150.3728777904127
954, 150.33598802509505
1416, 150.3065292910868
996, 150.26662794548986
666, 150.2639986697213
819, 150.25488455933964
2317, 150.2336384325735
1366, 150.2319377785506
604, 150.18286794079168
858, 150.10114983646127
2186, 150.06731253121532
687, 150.02191321296456
3012, 149.9727271537195
1402, 149.96782811431225
990, 149.95510704348482
1483, 149.9527343593365
1080, 149.94203977033055
1383, 149.88032235780906
891, 149.87137734268694
1325, 149.86717953841548
1946, 149.79223294905242
998, 149.78636222382386
648, 149.78636222382386
949, 149.62307004763872
958, 149.61981700015107
1335, 149.6059546864638
1303, 149.553691939947
1918, 149.5077033539343
1956, 149.4807505541656
2156, 149.43516299785034
595, 149.42067343804894
1529, 149.4091074706218
653, 149.37915714846744
1619, 149.35429807230136
974, 149.293307478972
2084, 149.28996293178452
1903, 149.25038729741314
721, 149.2091337535814
2201, 149.1608579783997
1011, 149.13530011448916
1606, 149.11826981451557
1489, 149.1101467925484
1937, 149.10026473681745
1008, 149.06464334897902
818, 148.97614706127302
1774, 148.97455118244704
245, 148.86783190618786
2172, 148.80798038130425
3022, 148.77470798968528
2149, 148.735247127461
229, 148.7090074618152
1307, 148.39257105852064
1055, 148.34966429905012
1016, 148.30084985281542
2834, 148.29055977728765
2332, 148.27105058434245
620, 148.2535055059681
1296, 148.05986533529745
753, 148.0243290343168
1342, 148.01482340565636
327, 147.93523618618127
2326, 147.87240985436299
688, 147.867987799007
1192, 147.86380441292852
2197, 147.82619905893608
1281, 147.78799990575746
1833, 147.75618106701063
1528, 147.74206370325874
1522, 147.71847422032383
1783, 147.6706721289078
1015, 147.6499418164233
1507, 147.61776197244714
2127, 147.60908969329586
829, 147.54663254179698
2151, 147.4745478560256
2132, 147.46035049437333
1276, 147.38740202821973
1948, 147.38047897080514
662, 147.33732312754287
271, 147.23643412897377
1787, 147.2223120424449
2159, 147.20213718502777
1305, 147.116211679057
1341, 147.10676653741493
3450, 146.99115136262336
975, 146.91124406445235
2906, 146.89132214719447
2281, 146.8893412869028
2437, 146.87323337329198
756, 146.86582818688214
2940, 146.8625289101786
339, 146.84362416748345
1863, 146.75773010614014
3035, 146.70257587355846
340, 146.66695322570078
1916, 146.6216563852278
805, 146.61082414075992
2147, 146.49114654234035
1284, 146.42583540897238
888, 146.31327480963026
726, 146.2508341558382
1317, 146.19270278707054
2895, 146.14512395737415
1922, 146.13139033746344
1952, 146.11668671859525
1654, 146.08751052465445
2835, 146.084707783587
1896, 146.07948360132175
700, 146.02041011119852
1050, 145.96847512835478
1990, 145.91029481511384
1497, 145.9031260655977
2929, 145.89190006894208
1496, 145.85352264271322
1376, 145.8520862783739
367, 145.8426310943558
1344, 145.79251590001124
1503, 145.7735473582226
361, 145.76085175586095
1621, 145.50142800230515
1565, 145.45390639788886
2928, 145.4070186722848
806, 145.4041382745102
2225, 145.3970748686819
2922, 145.28723609644905
771, 145.16670606165508
3273, 145.12279415530375
1399, 145.06346950505127
1044, 145.01508314623467
1482, 145.0075560196431
1570, 144.98278744791585
605, 144.89530284793412
751, 144.88872335653414
1793, 144.87849919255146
1386, 144.8732406067824
1333, 144.80584431027552
747, 144.75643373442568
1897, 144.66070914951723
715, 144.62559944660111
2328, 144.614578709552
997, 144.56531840759257
1407, 144.5339617232131
760, 144.43370998522266
621, 144.32847939500033
1767, 144.26438495739578
894, 144.22717353324487
2221, 144.11865235111748
1929, 144.0831481336546
1766, 144.06000943833016
878, 144.0250061146474
2215, 144.01686305894646
571, 143.80117115886196
1553, 143.7405229442511
1556, 143.7360108737601
968, 143.70114833044198
1056, 143.60383857849982
842, 143.56107446176622
1472, 143.49313052695945
1019, 143.47204617806244
349, 143.45732156524937
719, 143.42865235983237
2178, 143.3537425957205
2161, 143.35361455675698
1936, 143.32344229189442
2112, 143.25707481762223
2418, 143.19890515265354
2374, 143.12859287692177
2329, 143.03919299882733
318, 143.0261102506409
1538, 142.98647586087728
890, 142.84587107883996
360, 142.78501216734713
1471, 142.7685511012661
812, 142.7424124788618
1349, 142.72133180797678
947, 142.6257048316422
695, 142.59326974057845
2250, 142.55944780841708
769, 142.53259185260237
317, 142.3991849501672
309, 142.3991849501672
357, 142.3681569163937
1938, 142.28750393959652
1757, 142.27616677798363
795, 142.2440553924443
1899, 142.22625729649212
767, 142.17602046217684
1013, 142.0988796097989
2241, 142.03328076545898
2843, 141.94479340288694
1375, 141.90033763650263
1796, 141.79136841981634
1158, 141.68235255111242
3001, 141.64138781466704
3013, 141.62615489599068
366, 141.61401967947896
2883, 141.47605427917725
940, 141.26421773360352
2932, 141.196324126887
345, 140.95635181542758
2128, 140.94788679953186
1395, 140.79833768045833
2893, 140.7426855569086
3011, 140.7314014161586
877, 140.72549513336685
570, 140.69592191948558
627, 140.6422814892459
2174, 140.63986258760517
3224, 140.5746049224291
2335, 140.52611680795664
2420, 140.40204060923048
2926, 140.39629928643012
244, 140.3284693812312
739, 140.31336095359433
2886, 140.2918572352056
809, 140.2560405730803
869, 140.21742233352913
2901, 140.20759493410532
1360, 140.17720111490067
811, 140.05524070556967
1805, 140.03764837530449
2137, 139.97366127756285
1363, 139.9420399972197
1923, 139.80108642730255
1955, 139.682885673404
2885, 139.60997320406594
978, 139.53401554895112
835, 139.51671593243893
2363, 139.482357889539
1797, 139.39918934030402
1313, 139.1969966620515
1924, 139.13349367754859
1945, 138.98144938676612
1592, 138.9704245753837
2937, 138.93314503867975
1283, 138.91428605474312
2253, 138.84254224750916
2155, 138.8164378115389
1917, 138.7703631810746
308, 138.6497357987107
915, 138.5346015615488
3451, 138.43524420923632
2952, 138.37626721569436
1988, 138.36927376947602
950, 138.2950233204285
2234, 138.29296265866984
587, 138.291921080266
2371, 138.21634072755927
1334, 138.14935255651068
322, 137.98018147162904
310, 137.98018147162904
1338, 137.94040795014251
2118, 137.92897728867496
592, 137.84591350455858
2872, 137.7951789553593
359, 137.77569785530287
3449, 137.7496111628017
348, 137.7331672408262
1546, 137.72241280482453
1609, 137.6655848208157
3023, 137.6517209543255
2887, 137.56630134126618
2921, 137.53512701554288
1337, 137.51797610827785
995, 137.4796667089714
2892, 137.42350652332667
652, 137.31464640538454
749, 137.25175718495873
921, 137.21415697254358
1552, 137.18807987897847
355, 137.1711313969617
833, 137.1696659754421
2927, 137.16176659582342
1933, 137.12720042763434
2729, 137.09520893660485
2182, 137.08660609053658
625, 136.9797768604852
758, 136.9607329845592
1816, 136.8961691103338
2848, 136.65093712355463
2911, 136.63955460257168
1545, 136.57930376694446
610, 136.55458372874057
1901, 136.55019147373875
2827, 136.42678709527556
874, 136.35326490138527
2838, 136.28574186201482
1947, 136.17053854699682
2368, 136.06057084075744
2836, 135.99856563635169
1812, 135.9443289926883
3218, 135.91000355511304
2944, 135.81693479059422
1987, 135.79656833200895
2995, 135.74613975203118
589, 135.68835443658423
622, 135.67824724747814
941, 135.53496612610576
1845, 135.44875280459425
1802, 135.43909691212275
1843, 135.43512173331186
1798, 135.42182707152594
889, 135.356194870887
991, 135.1645939323937
578, 135.09028668694074
1763, 134.96408600763615
233, 134.95896320522442
2938, 134.92655070378623
630, 134.9009221682418
909, 134.7358984978368
2316, 134.63617222360116
1000, 134.60124181976047
362, 134.4705319124908
951, 134.42974122580864
1350, 134.34771084750466
1290, 134.17336399337043
1844, 134.09539159800093
1602, 134.07102032995766
2001, 133.9438861399924
617, 133.8601281750879
2357, 133.85332147145365
343, 133.5579520911032
1005, 133.54784299130338
988, 133.51453597894655
25, 133.3122089439048
1310, 133.248464136474
2896, 133.18611916576748
2933, 133.08053343085274
1547, 132.96364238577667
1826, 132.9232484268496
1384, 132.66071350732076
2894, 132.65865312982666
2945, 132.6306792749435
802, 132.62885178476319
1541, 132.58024883013633
1775, 132.5481557438813
1379, 132.31568151845073
1821, 132.1977135396265
841, 132.16020472176473
1795, 131.4182792506469
356, 131.25695101743062
2855, 131.23825694405826
591, 131.20811468875206
2939, 130.98357030495524
1842, 130.72949343568732
2890, 130.6599420946348
1762, 130.58027668164016
341, 130.50945889366903
1012, 130.35228267313988
2333, 130.25944901740527
1526, 130.18503699898812
2358, 130.13327074812938
2402, 130.11410740443668
794, 130.075033559002
772, 129.9470956622204
1931, 129.51259642055882
1347, 129.48047173771332
1373, 129.21763332359927
2248, 129.21124684653316
1532, 129.1567971793157
1784, 129.01060005515853
1355, 128.94687373605143
1542, 128.5898520162529
939, 128.53381730412025
2935, 128.4692090243863
2364, 128.17192613696372
1613, 128.02123926378852
1616, 127.95987321992578
3036, 127.91363610625886
2941, 127.89320661645257
2143, 127.8559085685211
1919, 127.6737411453086
2904, 127.55820985581411
1764, 127.4257330492865
3220, 127.34719830972702
628, 127.22107695405928
1768, 127.05977088769353
884, 127.05031000585824
2934, 127.01086227323363
629, 126.85877076736134
344, 126.46267448012361
1781, 126.32400399187608
1274, 126.28678633134408
1190, 126.24098772766833
1765, 126.03815562090739
384, 126.02421413226637
390, 125.74834277591805
2954, 125.62526507546964
793, 124.9797538656409
2957, 123.22489544716525
316, 123.07995133203485
1534, 122.65610062164428
901, 122.07504939325078
1287, 121.46698225042739
1564, 121.27394864570824
2073, 121.17729265378547
3219, 120.51969932045027
1267, 120.44140574408607
1364, 120.04665857772311
3216, 119.47302800418291
3412, 118.95612476640147
3223, 118.94453563136916
2943, 118.08897162210175
2955, 117.6647825617435
3221, 117.43506180294997
3222, 117.18742614648284
3217, 116.14447696576006
486, 115.47673434948676
2930, 115.20055358880089
2870, 114.92116666908797
391, 114.3634774252235
2873, 113.24176216192215
1358, 112.81408898593163
403, 112.66532566155875
2942, 110.0568449741059
2865, 109.73120903958967
1064, 107.08347867153982
516, 106.55996221366672
1468, 106.17770979949788
3145, 102.53178123301429
2867, 101.2473869248575
3411, 100.96770810915834
1862, 100.59599142360611
1264, 100.07052885012789
2012, 99.73413198846414
2739, 99.11282337317495
519, 93.41922784695869
1157, 93.36875735071688
493, 92.70112342263208
3121, 90.2676683333419
183, 85.90160615333075
3161, 83.68943786735711
1612, 79.47808393169093
