263, 4999.984628020336
41, 4330.505699176954
221, 4299.876643786287
3046, 4192.498290104345
262, 4071.0781180873573
501, 3984.443596868812
1234, 3937.700725337405
295, 3736.7808969155944
3054, 3701.675206106591
1584, 3444.589658386331
503, 3403.6605050708004
505, 3365.8327882618714
1994, 3283.2622793761625
481, 3246.7251836475025
296, 3242.618918147872
3108, 3218.0810205621365
39, 3201.165121452163
2792, 3152.314157275566
437, 3056.2690096217484
153, 2986.583759654389
469, 2885.8105140432517
159, 2815.6927719367677
2791, 2813.9536836158345
2735, 2774.1919460852905
3148, 2772.953857795137
3408, 2752.2025568604518
494, 2738.9937796726385
453, 2737.770695326572
2740, 2733.430582496447
3388, 2730.1350904828696
1040, 2713.5159981797224
2964, 2709.245244106614
1448, 2693.76315511207
220, 2690.0542142922227
1590, 2685.9904342813684
2777, 2680.376971161668
1091, 2670.802669609736
202, 2611.232634947015
3070, 2591.7462305062413
1071, 2570.667010924003
1117, 2564.508816272261
2990, 2562.6978453429456
284, 2560.9002336749454
444, 2559.871835584839
2818, 2538.148935801187
213, 2535.6655013511554
2105, 2533.712237236669
1076, 2531.5134962941124
443, 2499.8914968366967
227, 2494.4643106279664
3385, 2488.6944560193915
2394, 2483.5249292722215
2973, 2482.886958668511
1030, 2479.6346769466068
373, 2455.3476517290633
1851, 2449.217342114897
1233, 2444.4871166004505
554, 2442.350008205396
180, 2439.567430732884
1848, 2438.9422051088986
456, 2429.854538340421
146, 2425.8606835864693
1736, 2414.3941004372987
1126, 2410.1574106480098
1027, 2407.8073832465566
448, 2393.21657942255
1032, 2384.982797116969
462, 2372.2597239158486
329, 2367.7102467374452
1437, 2364.546103119071
3135, 2353.988445195327
504, 2352.8982328365996
1219, 2335.6003764910574
2737, 2327.979635023202
3118, 2324.425174999802
3247, 2317.019712576862
3049, 2299.6247465380993
446, 2279.193656438076
334, 2269.272990152797
1975, 2249.738155612265
3064, 2248.280435940773
3107, 2235.9355185894497
3303, 2225.057033244464
478, 2190.0089913470188
332, 2184.1109776204175
3069, 2179.783484784821
161, 2171.1536770917005
3409, 2161.4619700212593
2006, 2157.3061013272554
2110, 2157.120953293391
1072, 2144.833146304187
1876, 2127.3320138661893
1230, 2104.0481208308775
3167, 2101.4677054275453
1074, 2097.005664008205
3389, 2081.2994339483184
3379, 2080.560670039437
3119, 2070.7128508993983
3181, 2062.49143592947
2099, 2043.8524631825712
330, 2040.2398627102698
2763, 2035.0444453357816
3155, 2034.629360337372
1980, 2019.6474877679345
158, 2008.983104671158
2308, 2006.0243256331867
2022, 2004.1936570174778
2790, 2003.4737652992098
2783, 1990.699977978938
136, 1985.4826029609478
1583, 1982.8202163677595
3010, 1981.9671092820236
3077, 1973.0985674438646
3055, 1966.5155616746738
1215, 1966.2760266420064
736, 1956.241630789014
2050, 1934.9249794371353
1912, 1926.9355373238757
1676, 1920.443092653133
457, 1918.4951649304987
471, 1906.0468021962427
170, 1894.9808716617638
820, 1894.3872885034696
3058, 1883.7309440977585
458, 1883.356295199409
2015, 1882.8541194926738
289, 1882.5170115457645
487, 1882.1311966628132
1119, 1880.9078729828173
2011, 1868.1585367453554
557, 1866.006879129449
1964, 1858.4474655075744
264, 1856.4974017290656
2968, 1853.8387317849445
1911, 1852.8957113595604
200, 1844.8984305122744
912, 1841.1362861951288
3302, 1840.636641394505
331, 1839.0998865568529
3114, 1831.8993002544678
207, 1808.9425971331386
3072, 1806.1518919843177
441, 1803.4567454963487
3203, 1801.9603790925223
303, 1798.8482565234347
3142, 1797.97174418228
333, 1795.7568740318736
3212, 1787.4338798427927
550, 1787.1140330393903
1585, 1785.2051439462246
175, 1777.6578600623184
3106, 1772.6761859401008
142, 1772.4156544966556
132, 1772.213161648142
2772, 1771.4429465226353
454, 1763.1982823077753
2754, 1761.1975252511636
3149, 1757.684080299695
1973, 1757.0498560145088
1086, 1755.712317089503
2265, 1749.601070929553
2388, 1749.1208574400198
430, 1748.5796750981885
3210, 1742.2083991623683
1128, 1738.4008554077832
1110, 1736.582295714378
3416, 1731.53621200228
3065, 1727.0848878932927
2807, 1726.4859195616311
297, 1726.2806392292086
174, 1723.726371916058
336, 1722.7850451612985
154, 1721.7993051982082
3353, 1711.0773713647252
1241, 1709.5663268129704
3434, 1708.7845374382175
1075, 1706.9401252831215
3382, 1706.935400047279
3381, 1706.3338050660288
3172, 1698.6720807089648
2056, 1696.4162926905508
3429, 1690.1024972089544
1094, 1687.7226091717105
151, 1681.6601119659165
502, 1679.2465252353811
3089, 1675.7019863223443
2963, 1668.5978045661843
1865, 1667.7667023497936
542, 1659.9831862855974
546, 1658.9285422103464
1997, 1653.6340180473244
2764, 1652.229719637239
181, 1651.02977924264
3275, 1650.4401175208468
152, 1650.3808423243768
380, 1647.75921126061
2398, 1644.6151414466103
3032, 1642.1277179106505
1689, 1635.2189841304019
1531, 1632.3683186186079
3182, 1631.7662803487083
450, 1628.879933447298
3331, 1628.77009282291
1218, 1627.923256652199
466, 1626.5998878462779
1445, 1620.4188866555367
488, 1610.7549697273355
1089, 1604.3899278492722
2969, 1598.488427635657
164, 1597.176966100531
2863, 1595.3699158460995
1228, 1594.1221142201066
3291, 1591.0451179274633
2100, 1589.0355099535816
530, 1586.9411542256005
2774, 1583.6495971662825
482, 1582.6628119023223
1991, 1581.8602115730127
3386, 1581.7335291015634
3401, 1580.781391242989
383, 1579.182333977352
1856, 1579.1643765118483
483, 1578.8823073257217
2274, 1577.1169274374427
2958, 1570.25862888253
2753, 1568.6340760781698
2059, 1565.854130628856
642, 1561.6473053929853
451, 1561.258004116125
3437, 1560.002879708213
3407, 1554.236969122914
378, 1551.5798819490797
299, 1548.4230914480534
368, 1545.7897801638044
669, 1544.6695498704125
2068, 1541.0879741388183
2009, 1537.7893750923713
3166, 1533.4193084470683
1113, 1532.1020109782921
2819, 1531.419263432237
3191, 1527.0524124555598
1259, 1518.9176760334267
272, 1517.980623148626
3341, 1515.5692961482694
3378, 1511.7301882909105
475, 1505.4661495129885
328, 1504.1857029326018
582, 1501.4398091744758
171, 1501.0936019777944
3196, 1501.0851949719793
3286, 1498.0896506742752
3277, 1496.149881701559
169, 1491.1718725484627
532, 1487.2664818636945
1236, 1485.0665279374762
71, 1485.051224205992
3189, 1483.5764216321238
3404, 1483.3870196577884
2026, 1483.3526251337385
3048, 1472.8142278481812
128, 1468.8965838756314
1115, 1467.133541503505
1035, 1465.7943888277475
3073, 1465.5257766845116
3169, 1463.3867610122063
1247, 1462.2877448688662
45, 1461.9935262424533
392, 1460.7242552738426
2767, 1458.4662831654368
3227, 1457.0487830940976
3445, 1456.471680503835
496, 1455.4986954187514
2103, 1455.024349038746
3061, 1454.8099563585736
3086, 1449.8840812012847
3339, 1448.775181825001
3128, 1446.7405890079244
129, 1442.158242903811
677, 1441.715032265826
3205, 1438.7553548810567
1852, 1437.9779649855934
2033, 1434.3412307845251
1995, 1432.3353823425873
2765, 1431.9836068315808
79, 1431.2938440190858
3056, 1427.96284624144
2786, 1427.5758140206522
1090, 1426.698054695837
155, 1421.8273253448472
3370, 1421.7122907158575
3424, 1418.1430654688143
467, 1417.8823093113504
2766, 1417.6549865542206
3317, 1417.4441213524615
1624, 1416.5720642067204
1589, 1416.2842398038579
1811, 1413.4544313387546
539, 1412.8226112214413
157, 1411.1828244922438
365, 1410.864321592915
852, 1409.5871884461872
1239, 1405.9394223975182
556, 1405.2984766611316
1060, 1404.689427476762
3153, 1401.0348986461
2759, 1398.0580821471294
535, 1397.5370281640894
1850, 1392.6560663034154
2862, 1392.2095618490853
3285, 1390.703213301085
2075, 1388.308799070808
3283, 1387.3410776922235
3281, 1386.707639919794
3174, 1385.3325802821807
201, 1384.6465348478373
464, 1381.151891211645
2389, 1380.5464919772696
382, 1378.5739899577695
1098, 1373.610110246125
3173, 1373.4488892051697
2069, 1372.5312258465453
1111, 1370.8684970086
1444, 1369.6425178786822
2296, 1363.5170652996974
203, 1360.162861127449
211, 1356.2754509448089
449, 1355.8515979137876
2744, 1354.7998760512571
537, 1353.5043715163822
3298, 1346.124637729109
2798, 1346.0291398573577
832, 1342.9485392161616
3125, 1342.8677504757532
1603, 1337.2056673944185
1173, 1335.856330322017
1025, 1331.7324569830175
3098, 1327.8306664257811
1077, 1327.3787402898122
3280, 1322.6725983677097
3373, 1322.4406763676927
130, 1322.3928188362597
2986, 1321.426513549639
1450, 1318.805666923198
197, 1317.762964952549
1690, 1317.5087391521122
2071, 1317.2241692038313
476, 1314.5089727158143
1872, 1311.7084210395626
3185, 1308.081064228183
773, 1308.0013009564098
3047, 1305.3460995357068
2734, 1302.786264926367
1252, 1302.1276420263735
176, 1295.025499857389
429, 1295.0147026660782
1442, 1291.129419139025
3403, 1280.6681696405922
731, 1277.0063937588477
543, 1276.5330970347622
2918, 1274.9089022888606
737, 1273.521740898697
1753, 1273.3500584030728
428, 1272.585618934295
3436, 1271.0494554183188
3028, 1267.8922655306633
2053, 1267.3883370980664
1026, 1267.3471769579653
3057, 1262.1797289840595
1533, 1257.5373607554727
423, 1257.3326044795083
119, 1256.3638499026345
48, 1255.348981590096
2016, 1254.710903367142
1248, 1251.8862850091152
506, 1250.5721954221608
547, 1250.3939113025278
3447, 1250.1452188766798
3276, 1248.8396230461774
3208, 1248.0891394347993
283, 1248.0580965233708
3369, 1244.877125965994
1586, 1243.4871593608943
335, 1242.8124592201686
480, 1241.458425598754
3202, 1240.1453480541318
552, 1237.7577269201229
3300, 1236.315859828527
2989, 1235.9410425807139
3244, 1235.8287344478683
147, 1234.3506826620478
1855, 1233.8944340926935
536, 1232.2929805308997
3003, 1231.775426775811
479, 1227.8761423745905
1675, 1227.6792115468863
53, 1225.080357736822
864, 1224.1678674879354
2813, 1223.933510025027
163, 1222.988597012023
3190, 1222.6807910413856
1459, 1222.6105969851583
2757, 1222.229748498456
37, 1220.326529054456
2748, 1218.1718904010593
1449, 1217.9095235302643
3292, 1210.293464068372
2975, 1210.24083011411
2974, 1210.24083011411
1429, 1209.7329173974942
463, 1207.3348166999667
2722, 1206.1004551245396
1253, 1204.9142214990425
3132, 1203.716428312036
3078, 1203.349391653174
1101, 1201.568435199191
1857, 1198.7414934077979
1607, 1198.2992484533468
2029, 1198.2438352901834
3214, 1192.3622485649023
293, 1192.02636178468
2803, 1187.7550694149472
3334, 1186.9950383643231
377, 1186.5006504389394
208, 1185.6882840399828
2817, 1182.9817370591675
549, 1182.7520040656004
1893, 1179.3208243987817
139, 1177.8393120757407
2424, 1177.4833597588934
860, 1176.8016383605493
3042, 1174.7015428716136
3340, 1173.1683241307303
2769, 1172.0577744827804
1770, 1171.2349797952
2070, 1171.2218933670076
583, 1171.214599791032
3405, 1167.7311265778612
3093, 1167.1929524128593
204, 1165.182391849103
3419, 1164.8032745919134
2027, 1164.4737946220027
2978, 1162.020952114424
2622, 1160.8401704136518
2018, 1160.4610404808925
738, 1156.6468238386906
1610, 1156.522730472499
1880, 1156.0020194312606
2919, 1154.1549440137144
191, 1153.4301032090837
1095, 1150.8124396892658
1853, 1150.6583872016859
2752, 1149.5272762952777
1432, 1149.3967113632316
3371, 1147.6872642238309
2746, 1146.3298917561867
534, 1145.9817220614157
1105, 1145.6769181782913
3139, 1141.149014103594
514, 1140.8705385764777
1979, 1140.5755193652183
2302, 1140.2832759973146
432, 1139.944239559103
485, 1135.000731647407
1910, 1134.4400722676294
913, 1134.2648587176848
1100, 1133.0114045095509
3175, 1132.76370649259
3423, 1131.5846693445844
3226, 1130.8918650778928
495, 1129.1518071374842
470, 1129.036707506779
173, 1127.4101538828122
3245, 1126.7295251075266
1088, 1122.9987657526997
2960, 1118.7793856716514
1042, 1116.211464599932
3425, 1114.0079949316068
3348, 1113.029262487397
3293, 1112.9368152813624
3297, 1109.8301403628511
279, 1109.491846547282
2013, 1103.2660502670876
3131, 1096.6543049504628
650, 1096.6390816679943
2078, 1096.0786778718773
1849, 1095.0119201623045
401, 1094.5095179049204
2076, 1094.2025736902447
2979, 1090.6748255196696
3110, 1088.066635886352
1443, 1088.044736389352
3440, 1081.6097736636395
452, 1078.217212929953
1587, 1078.0487846236024
1465, 1076.9710907635388
1870, 1075.54239694219
188, 1073.8487667349796
3159, 1072.27512694095
468, 1071.6797943739791
2083, 1071.5294754655476
2109, 1070.3900448769784
3209, 1070.1937535054583
1978, 1069.0567535662697
1041, 1064.2351684465862
671, 1063.9544346568061
1066, 1056.918902878609
1245, 1056.4394763609657
372, 1054.3630520597742
2088, 1054.0733111389825
2773, 1053.3974111297669
1099, 1053.3848242128452
2392, 1052.7285521791173
124, 1052.4548282132675
1229, 1051.0214353648018
1031, 1049.6293727813527
2396, 1049.077789100892
172, 1048.2592246593688
2548, 1048.0583350682127
1087, 1047.963171238917
3333, 1047.1775775135075
2382, 1046.710781262892
3410, 1046.63985207476
2032, 1044.7717827118893
2263, 1044.4816866702706
1083, 1043.2538653611955
619, 1041.265771249964
1070, 1039.8134071325212
540, 1037.5907973171204
906, 1037.111439835778
3426, 1036.8400623640277
148, 1036.4581515496811
1145, 1034.3095109561514
2751, 1031.1011344541232
2055, 1030.7433515423836
608, 1029.9628794933562
1466, 1027.3451655692647
168, 1025.449078465805
1993, 1024.5425193293074
3418, 1024.1238763100355
2417, 1022.1974319858136
415, 1021.7448738004139
125, 1021.5300628963871
433, 1021.323465904124
2045, 1019.1393979306631
3372, 1019.0605145098277
56, 1019.0115172827302
2723, 1017.2611273534892
426, 1017.0025136336433
2086, 1016.8640065380747
1125, 1014.2742947186974
131, 1010.806548952735
1029, 1010.4509855486945
588, 1009.9084734938308
2920, 1009.7289667017136
1760, 1009.305585957651
3176, 1009.1697688994011
2776, 1007.8222929435433
1456, 1005.8705391203308
3179, 1004.9643901542547
2224, 1003.0969061431347
1961, 1000.8964428108093
1212, 1000.332571661163
217, 1000.1765996899816
1662, 999.4979062253769
2987, 998.0934016532965
2768, 997.2800168211953
222, 996.0520701462762
3079, 995.8687790723184
251, 995.1800599572762
3342, 992.5945423694401
34, 992.3064836382052
414, 992.2340834021973
1260, 992.2281861953822
816, 989.7841036618124
1974, 988.126304961625
210, 987.9717478462716
410, 987.3305417032666
2961, 986.4900238321075
2715, 985.7645608203622
1096, 985.2280108338753
3402, 984.1841756535531
1683, 980.9651785868149
3071, 980.0658091255435
1256, 977.5890300399732
2820, 977.3094372681873
1436, 976.744626567252
3083, 975.5061410103305
2354, 974.8628610964771
75, 973.9729209971542
1611, 970.9119237552161
1214, 970.5336849904256
2348, 970.0938379418485
3287, 969.4129214773025
2, 968.316550998265
562, 968.0103685988109
435, 967.9838660336429
3332, 967.6298270347801
2507, 966.3698491656835
431, 965.6172167248279
2717, 964.3916921204983
1235, 962.6529217066756
1913, 961.0586242090081
1680, 960.496081666414
3115, 960.2051835754293
2797, 958.0691380192217
274, 957.1986531848426
193, 957.0432877242865
1434, 956.7907773954505
1433, 956.7907773954505
2091, 955.447907357333
676, 955.3232365332855
1651, 953.0557288526129
1452, 947.1650949650223
1085, 946.9867274338711
3084, 944.5518130925069
3213, 944.3225761935398
1963, 943.624968090828
3050, 942.9462979779
2981, 940.0042855477927
123, 936.836249466395
499, 936.4620266367168
2391, 936.3793057940242
52, 935.039530553698
1059, 932.5508642260166
198, 931.4910774338698
288, 931.3482034652844
3375, 930.8598726891001
861, 930.3401566049583
2309, 926.9105502022835
2421, 926.304370994418
1217, 924.816514424703
2300, 924.7501633757215
1761, 924.0222854116183
2020, 923.8447024338839
3435, 922.5548765649218
1447, 921.7761153851412
1660, 921.4649687618977
531, 919.4706437514919
1112, 919.2026172898285
1867, 919.1087415424461
1069, 917.5979944658995
135, 917.1171183402603
1438, 916.5304231909071
2337, 916.5124519196548
538, 915.563099757361
3421, 913.7677196625281
1058, 912.1178757134861
2771, 911.1699229323309
544, 909.7912680288563
61, 908.6511561333014
44, 908.502572541761
2080, 908.1292736887304
1161, 907.5503639084723
440, 907.3324840108586
1174, 905.9710902396033
389, 905.6806856060581
2810, 904.7929714360209
3151, 902.3868319723866
881, 900.6574094857651
3199, 899.7474592694792
2730, 899.2326036344487
3192, 898.4374166701758
3393, 897.4273929472374
3414, 896.7258667119187
1200, 893.5433006885768
1244, 892.6076333430065
381, 892.322054073034
126, 891.6983210278889
206, 889.0127322275898
2811, 888.2770508005542
3367, 888.1903530315961
3141, 887.3286701249492
3198, 887.3110560095477
3117, 886.6535792154078
862, 882.7620106527221
140, 880.1289009394068
2802, 879.8809606298823
1043, 878.144188439359
209, 877.0082772280305
1132, 875.437769251305
3154, 874.6277529866954
545, 872.3813881008224
1124, 871.5691631300505
189, 871.1314498340165
2297, 870.8796072002051
2815, 866.9922298307316
670, 866.2747954714484
1666, 865.3854398506385
98, 865.3390657717447
607, 864.5075375173261
1707, 864.1731144222873
3158, 864.0257545149948
425, 863.3988612329332
611, 863.1038538475037
1446, 862.5744212771771
1298, 861.4808780400977
266, 859.893625866043
2306, 858.6224466312281
3259, 858.6005398184323
2028, 858.5659802026935
2301, 857.5442103015573
1881, 856.4412514155554
1686, 855.2938312975122
1464, 854.668256696387
1179, 854.0546781363388
2825, 853.5094569154064
2976, 853.4702617995715
194, 852.5614656476182
3246, 851.0150154568978
2741, 850.4929577085275
3274, 850.0717411872924
228, 848.8845790929702
1033, 848.8253337655843
1148, 848.5022318402886
275, 848.0717745078479
2025, 846.4715504027449
1166, 846.1983311732474
1227, 845.920009815963
523, 845.1343832613284
91, 844.289090302169
553, 841.9521644577017
685, 841.6350264352416
2005, 841.6143176828681
1116, 841.3354699060483
1067, 839.253324063187
2298, 837.8469098338453
406, 837.4619682074693
369, 835.5205151809864
3420, 834.6952201281979
445, 834.5271440214556
2381, 834.1248353460784
2108, 834.1133547134646
3413, 833.2676488904654
3351, 832.7052452783664
3051, 832.0561945719743
1502, 828.6198582114877
2303, 826.767059267916
1773, 826.143550753796
498, 825.0517358467462
1732, 825.0283905277054
3396, 824.7427530549509
2795, 823.8336987439483
1097, 823.0472671147885
3171, 822.2281144196786
3103, 821.3235491059926
2106, 820.2201214879655
2024, 819.5162055307202
3441, 818.9283158387996
2041, 817.9810310687561
2988, 817.4433181145394
1002, 817.3742494563141
914, 817.0195717058475
1517, 816.4928757017772
2796, 815.8359128807826
1169, 815.3847568043257
548, 814.9044764184514
555, 814.8221252758235
3178, 813.7305664714163
1254, 812.6670928359673
3366, 811.3868993266967
492, 810.9315667214909
66, 810.2540682972066
1859, 809.4004310977984
3395, 807.9703326370627
3133, 807.7069899495673
3315, 806.9436362424603
2261, 805.9603087681586
1102, 805.7198468354916
1237, 805.6320295309413
3384, 804.7479392008357
2808, 804.1589985304688
1677, 803.0352221145573
2951, 801.987148973674
165, 801.5091626310032
1435, 800.5605083447027
3439, 799.2397084701558
3092, 798.1762613122455
2279, 796.9201126019033
2412, 796.4351729589742
1462, 796.1837733060934
1257, 795.9723521277988
1299, 795.7457364463577
895, 795.6976888261096
2238, 795.6972309956017
1122, 795.6970528848749
1742, 795.2571681581368
1914, 794.6762775241183
2985, 794.6525533919519
2966, 794.0061630481428
3081, 793.867737511681
3102, 793.6576219780902
2965, 793.1291316315103
447, 792.6049441017705
424, 792.1070610418236
1678, 791.124686858413
2312, 791.0813728076502
57, 790.3805241365264
1159, 790.0135571307903
1221, 789.335871423451
1129, 789.141344249847
3430, 788.5164519070548
2065, 787.0800927980483
76, 786.9708551882524
515, 786.9132260250415
379, 786.8974483733755
3156, 785.6167266446124
2719, 785.394555831559
1140, 784.905334343047
2736, 782.9348462301015
1581, 782.6807029689993
3241, 781.3101198902758
2343, 781.0469949988363
3144, 779.1551558741719
2967, 778.8581252145308
1139, 778.1448867846448
1183, 777.2750117977876
3053, 776.1121190147798
3052, 775.4232210864141
2014, 775.351728959899
1143, 775.3418131599734
178, 773.5261187525971
3335, 772.8818216466481
3278, 772.6890074085766
654, 771.8674262124475
2800, 770.2975223849334
2291, 769.4697585549358
177, 768.787880212399
3204, 768.4655043368673
3157, 766.4600425140785
3109, 766.3115037598096
563, 766.2117130855801
2272, 765.9721893347894
134, 765.5740470546862
1738, 765.5093900309379
3076, 764.9544393541231
3101, 764.5009333789113
678, 764.2772006838754
3399, 764.0646144924987
1431, 764.0212403007384
580, 763.9236176719716
3143, 763.1019245895284
1226, 762.4331532853735
1608, 761.2416496281546
2762, 761.1729606111217
3336, 760.6179171826356
3152, 760.1193041448834
2007, 759.8914698424954
1687, 759.0671402066718
3170, 758.6607803656045
1877, 758.6597371391846
2269, 757.5350473598696
2277, 756.5993744435104
1688, 756.4905399462435
651, 754.9733895731158
533, 754.4555514244748
1243, 754.0651638702027
215, 752.4025326791934
3087, 751.891057251927
1461, 751.1673586241251
2260, 750.1246564495558
2409, 749.9469198539146
2387, 749.6471282652059
1187, 749.458601903277
3124, 749.28615661405
3074, 749.091347729846
205, 748.7257598310706
2962, 748.3391468059359
3062, 747.6070451739488
397, 747.0560656952913
3067, 746.4725304414785
3095, 746.387071024252
3075, 745.8609775767102
2630, 744.8989468392011
3390, 744.5482996010119
2794, 744.2108705767539
3377, 743.7362360450803
3104, 743.1154684779275
51, 741.5480332517444
2977, 741.5366090167605
192, 741.3767349632244
3432, 740.745857880718
3088, 740.5756587126549
1222, 740.4531362766348
133, 739.1572000094626
1998, 736.6443875837401
1144, 736.3768692758013
1024, 735.5720356261044
1172, 735.1026990614422
2793, 734.9176197196107
2304, 734.7850011231576
3096, 734.7758998163808
2761, 734.5945902230885
3059, 734.4198817602189
1251, 733.9307857207629
2770, 733.4538075328919
1725, 733.406218925298
3206, 732.9926830380127
89, 732.021887714809
338, 731.6123767696865
1242, 729.8464754311024
2240, 729.648417280762
294, 729.4643482100488
3398, 729.3561915810454
2716, 728.5089281933745
3397, 728.3873141399176
1084, 728.3709897897384
1137, 728.1724258950841
3380, 727.2350460927374
2315, 726.9809217359631
2380, 726.8987849929623
376, 726.1845477562091
1720, 725.4980956457155
3186, 725.1293672405477
2483, 724.5937458869341
2789, 724.1681090872893
3327, 724.1236249259838
2003, 722.6483591844764
1439, 722.0795006286863
1193, 722.0396144260217
473, 721.830955766329
85, 720.9502276104669
2651, 720.0119729799002
1121, 719.7777421980056
3116, 718.9986216877307
613, 717.660562641338
2413, 717.0610611450827
190, 716.825270344559
2733, 714.885706498204
2513, 714.6400035216603
237, 714.1071901048338
511, 713.6618958034024
649, 712.0788209456955
3211, 711.8908791705873
1729, 711.8706350025968
1381, 711.7912001521269
2267, 710.3206563186021
1213, 709.9777054335915
2546, 709.8648613187648
160, 709.7903738165971
1249, 709.4196663364669
3127, 709.4136321537934
3163, 709.1177352153288
141, 707.6880649584301
1238, 706.8030475749732
46, 706.2059765958545
1627, 706.0551756683581
1667, 705.5372851009356
3433, 705.0996127152624
3197, 704.8015387414976
2257, 704.5386539944813
326, 704.4260245904151
2749, 704.2001544223638
3338, 703.2643956277349
1722, 703.1099972788661
3328, 703.0340099302408
261, 702.6848058124909
2286, 702.4095256208922
2747, 702.2891382187815
3194, 701.0354862799239
1225, 700.1603089012098
3138, 698.5283308113214
82, 698.4424941531291
1604, 697.3373471346662
1063, 696.5579374906988
298, 695.9708204141978
1108, 695.6582425802037
3039, 694.1173185655166
2583, 693.0694299116594
1441, 692.8365589634786
2505, 691.8219313601103
748, 691.6221899014146
103, 691.6104485809296
3304, 691.5948705838451
3322, 691.3092390111686
655, 691.1457768911249
3060, 691.094586541619
3312, 690.9967667887588
3305, 690.7235439123466
2454, 690.38879995551
3284, 689.4474795401202
2271, 689.3353795562978
105, 688.1169839763306
2034, 687.7250016159982
1231, 687.1872623120635
3294, 686.2438744504957
680, 685.3434170019424
1160, 685.2423057818771
2344, 685.2186869104993
2210, 685.0474398731574
851, 684.3162999952714
186, 684.3139238961156
522, 684.0788347899079
1860, 683.9271907898626
1147, 683.1305784669579
2252, 682.667194493137
427, 682.1474125159606
3443, 682.132399796671
1596, 681.9825722313608
3289, 681.5063184197713
2948, 680.9538727324189
1301, 680.6254852729438
73, 679.9391272614794
100, 679.2580932217761
42, 679.1113767692342
1246, 678.5289478059115
3355, 678.3707799014004
3337, 678.2499762116771
2386, 677.9721853922404
1142, 677.6954393717845
491, 677.6161553394139
2310, 677.552651121806
2415, 677.5268984049736
1141, 676.8898208507975
120, 676.1217837003855
1188, 675.9548928069344
1646, 675.7544057975092
2002, 675.5008127514589
3147, 675.0747225774915
1593, 674.7028441158344
3137, 674.6909864013102
143, 672.8002233819626
1130, 672.3313851081671
663, 671.495875279368
3006, 671.4789737284456
1078, 671.4603664535063
3330, 670.2794279949254
2666, 668.6193106454672
1695, 667.9937220010588
2048, 667.8860292348871
2203, 667.2043473028334
885, 667.0729041552951
92, 667.0560784514918
1177, 667.038340330242
3134, 666.7104823165566
1224, 666.3959210077173
541, 665.702095192611
2093, 664.8766178414276
1874, 664.7373853787041
2549, 664.6971442531748
1685, 663.8683659911771
2218, 663.725666865499
2290, 663.4601905473949
2104, 662.2059874332323
2280, 661.7392713776022
1854, 660.9446967406647
1718, 660.8396318256833
2314, 660.8051344571201
3126, 660.7372267790055
35, 660.0124480681442
3200, 659.6796917786592
179, 658.8937357882219
300, 658.7237818778615
281, 658.6432630789255
643, 658.0165610549542
3400, 657.8956418005228
2356, 657.7397319709632
2508, 657.6592646747446
1879, 657.4076436607572
1104, 656.8557678417452
3354, 656.7806525413407
1866, 656.4599897246817
1204, 656.3347224192119
1747, 655.8087408702004
1203, 655.602360730072
2019, 655.5326972843753
2491, 654.0972982525446
2288, 652.6174922425719
99, 651.9103950978331
408, 651.6225328121486
2008, 650.2058147147958
1250, 649.6398216488737
3406, 649.5232434849187
74, 649.5155891580954
1107, 649.180467414263
966, 648.2016344696757
3349, 647.7323168783624
1875, 647.0349651196321
2824, 646.8493314233147
1261, 646.7475245408813
2671, 646.5363616584331
110, 645.8865829264927
2307, 645.8830541329402
2023, 645.1572624765606
1120, 644.2315615723841
1669, 643.8355121201507
304, 643.6006717310622
3140, 643.5055009343612
1263, 643.0034740513821
1184, 642.9868421656186
1513, 642.6304299116382
2775, 642.6245688418579
2799, 642.5896121770921
1625, 642.4763665075188
280, 641.3282788558588
2278, 641.3137623001587
2442, 640.6733825758669
47, 639.8296064790995
1202, 639.4754348556809
1127, 639.3318718204426
3427, 638.9473051111707
3350, 638.4073536922695
1708, 638.2425683593443
439, 638.074143874367
3120, 636.5666908019723
3122, 636.3572301374401
3243, 636.0404727390019
1223, 634.8903874215237
2416, 634.877213100426
2721, 634.4386724704145
1175, 633.9055321794143
1232, 633.4889777103349
2566, 632.5179015558873
1209, 631.1600864908721
2285, 631.0511427578447
3394, 631.0088587501936
434, 630.3365614859521
1451, 630.0454873149832
2353, 629.5462329504858
455, 628.467379125667
1199, 627.7723085040452
162, 627.0978949462078
2983, 625.8430597549748
407, 625.6620230522287
1868, 625.2878492371682
679, 625.2163219970789
2393, 624.6961953482754
2587, 624.5149879036978
2294, 624.2143143246637
2292, 624.0804012270934
1996, 624.0036863918839
1758, 623.3387047479521
3082, 622.4367127224727
1176, 621.1211226490017
84, 621.1049874796539
520, 620.8002409058209
1201, 620.4899662821504
2787, 619.7779035135452
732, 619.2827212451672
1195, 619.0053695239479
634, 618.3257799925934
2407, 618.3058849235045
1197, 617.9174475344288
1698, 617.5684493669737
2780, 617.3608611106737
1149, 617.3360282922306
1123, 617.3316051368815
3040, 616.9155991743836
1262, 616.6774694984542
733, 616.386308984474
1515, 615.7036940286915
1713, 615.217231944463
2406, 614.8484316939489
62, 614.4574221155596
2742, 612.9782031457299
2399, 612.7080859361213
1167, 612.4607037241558
58, 611.8557090923754
2411, 611.2882983491061
460, 611.2579647744716
1656, 610.5267561175897
2385, 610.2908715885769
2021, 609.3344974029433
956, 609.2559930787532
521, 609.0416858890137
1154, 608.5853567264328
3314, 608.4085324040374
1600, 607.849231818974
2404, 607.4582637654528
2259, 607.169192034617
1644, 606.4000833062873
150, 606.1945233835324
2972, 605.1938779833586
1658, 604.9946675061611
863, 602.9343673321382
2258, 601.9282125870271
88, 601.3737079095258
1082, 601.1021357187883
1746, 600.3885773558902
1771, 600.3874969564442
3184, 599.5470727442731
113, 599.5271132832312
1430, 599.243881829067
1756, 597.9231279299015
1641, 596.1770877955244
2562, 595.9025619153851
859, 595.8270958480937
1514, 595.5301437676313
2551, 595.3596508704362
2268, 595.1884288124866
77, 594.951438064653
2419, 594.8523394089975
2696, 594.5121045014396
2098, 594.1081462973838
1894, 594.0518938309175
302, 593.9966844089984
699, 593.6739879345123
1971, 593.6614921035036
2784, 592.3692779466468
2812, 592.3493024134651
1182, 592.2229916990843
219, 591.603189137349
1460, 591.4356545235368
2352, 591.3154306205595
1155, 591.2301020245749
1477, 590.8911963860223
3368, 590.5311424865615
1739, 590.411975558897
1428, 589.6575598599444
1207, 589.3128856694694
1208, 589.2476612446862
1220, 589.2325709057942
2816, 588.988565092871
1258, 588.1584116287837
2782, 587.919710060979
2982, 587.6223766355852
95, 587.1537185964659
3150, 586.1213809247315
90, 585.6250475479271
2553, 585.5587867829043
3146, 585.4375316176139
1205, 585.0946651420816
3356, 585.0288836159032
513, 584.8322579092447
2688, 583.9158267862462
1061, 582.8649868081412
512, 582.8589548331521
2823, 582.6862490700141
3248, 581.7089834206452
1871, 580.468031613125
2384, 580.2399587700704
2755, 579.9968463053004
2338, 579.9567963048764
2917, 579.9382971034986
1731, 579.6438378074721
2788, 579.2369401572394
2524, 578.9602060905526
2984, 578.6198567668666
2705, 577.6060865356568
3105, 577.2193287879678
510, 576.7186811964729
1740, 575.7372309760332
3187, 575.1533342295132
838, 574.2901575330781
3264, 574.1741816855701
3123, 573.8708064725154
1131, 573.2489619830277
1643, 573.0460223074205
3428, 572.962794291687
1196, 572.8235469196185
734, 572.7352872510297
145, 572.4885090252131
1138, 571.8113991644191
1717, 571.5973197462758
2514, 571.4136781846628
1711, 571.3563241244053
3183, 571.1099587692865
1968, 569.9865002972706
1714, 569.8164174231847
2558, 569.7546187274856
106, 569.7227507332282
3324, 569.2158573130097
1181, 568.8364282524825
1970, 568.3085186778906
3374, 567.9752976881197
2347, 567.7168816404003
1682, 567.590052820975
2017, 566.7920410203038
2379, 566.7810070280249
3444, 566.753102403953
2536, 564.3125198240517
402, 563.8324627735941
114, 563.7504176454944
2378, 563.5878408131427
2408, 563.4122836225996
282, 563.2542494637393
2414, 562.5967063860134
1057, 562.1770559217898
265, 562.0186328485115
3352, 561.8864925700211
398, 561.2302563777769
1240, 561.2226662547148
3239, 560.9782556791392
518, 560.8970168157292
1106, 559.6261235699628
509, 559.3472373977501
551, 558.8557687676423
3168, 558.2081044438977
67, 557.7455662270046
2758, 557.1547338398254
1626, 556.9123588623485
1703, 556.0553756011988
3290, 554.8234484585399
1858, 554.5357501940709
3415, 554.3132217776522
1588, 553.9755532246664
65, 553.786152492357
1068, 553.3539573687392
2620, 553.340577553861
412, 553.0470119761582
2913, 552.6854317859526
3225, 552.3545578891129
72, 552.207305034937
2097, 552.0642844650062
1726, 551.6104382261472
1136, 550.8979866695161
2559, 550.4052803633899
2610, 550.164744306282
3255, 549.3047476695203
957, 549.174510541408
1034, 548.5874657736358
2607, 548.2455312945372
2101, 548.2016380403732
1194, 547.3206015265724
121, 547.0281470308815
156, 546.7727323666213
3090, 546.7188213499626
278, 546.5693141827642
2287, 546.0148689569833
104, 545.8941117524444
102, 545.0820498041224
2645, 544.7673431861954
561, 544.7530512522507
267, 544.2709238969334
3063, 543.8485943631345
1642, 543.8193054986494
2244, 543.6536093361035
1647, 543.283377160115
2395, 542.7267385586163
2710, 542.5020732134776
2781, 541.2479229503783
1133, 541.120032523351
2039, 540.997542049327
2694, 540.9446622190659
2677, 540.7112934601384
1162, 540.5793501895934
757, 540.0203286820155
1892, 539.7236945213253
101, 538.3498414136665
291, 538.2065985654324
2640, 538.2026140770732
2550, 537.7353342053175
2686, 537.0941138088759
1869, 536.8150658663577
2004, 536.7161084531556
3129, 536.1906900519167
3376, 536.1588806094825
1521, 535.8602161988938
3318, 535.7375600345579
2390, 535.6236067766264
70, 535.5277275543312
69, 535.5277275543312
1705, 535.2409012333454
3392, 533.7462896235534
965, 533.4442048479848
3422, 533.3904249583657
1597, 533.2177790133346
2864, 533.174571846858
1712, 532.2391130074299
1721, 532.0553676815878
64, 531.9249305093753
626, 530.9621590734787
2305, 530.8953489042409
1715, 530.2979936771002
409, 529.8532358643464
3162, 529.4054440813607
2574, 528.6068155216238
214, 528.3136124022084
1406, 527.8372012079432
2915, 527.389434927998
3279, 526.888949352161
276, 525.6370435694531
3130, 525.1649884326803
3080, 524.1231239330513
3417, 523.9768832894736
1693, 523.9055209731797
1733, 523.5219119184521
3387, 523.330598929576
3004, 521.4225797656782
3299, 520.8193480819361
19, 520.6025169558166
2703, 520.4246500200574
87, 519.7839060008827
199, 519.564990451292
1752, 519.3058728204315
2814, 519.2155012311663
2571, 519.0984746232145
3041, 518.8684036666169
1079, 518.6513951083622
1692, 518.2896528139053
3066, 517.4141129843965
2690, 517.3983496586452
2657, 517.3298062437708
1755, 516.6395873851109
681, 516.0739412184528
166, 515.3615371899352
1163, 515.2566385478323
358, 515.1998045042939
3207, 514.6642442080786
250, 514.4189455550274
2650, 514.3532418221096
54, 512.6134455672006
1630, 512.3748834561349
1701, 512.300332961632
411, 512.223090746561
2273, 511.69667148139325
395, 510.850247661137
2473, 510.1390530509305
385, 509.71736098475
2102, 507.8609779625508
1168, 507.83372770295483
2266, 506.43004851575466
399, 506.3098306159988
1719, 506.05230422375826
1135, 505.42826880753296
1198, 505.1371577403511
225, 504.8551851445438
2217, 504.7853058226077
3347, 504.6258581883268
2756, 504.54933771646256
2223, 504.01834212762986
93, 503.54558411400905
3111, 503.3685894022048
1206, 502.03821975489075
1962, 500.2697039085161
2520, 499.814086055717
2779, 499.1580162423258
2561, 498.73094123977916
216, 498.721658470448
1185, 498.69042030340614
2152, 498.41188094491804
2276, 498.3829029995626
2653, 498.0107294924247
1440, 496.9021631989544
1073, 496.89489326595327
3020, 496.5298772415262
1216, 495.8285397390216
2030, 495.5833025091956
3099, 495.4244919339401
21, 494.4403121531123
1710, 494.2668882396686
1065, 494.229166806255
2111, 494.1166484950779
2096, 494.1166484950779
1028, 493.83553301568264
2621, 493.73181094960506
2497, 493.50548449367477
2649, 493.36413634002906
2785, 493.34372500499603
2400, 492.83890749430464
260, 492.3775978618092
1146, 492.16144215061644
3306, 491.41673149293365
2572, 489.6087018803315
255, 489.51346887865196
647, 488.2171207490283
1716, 488.1877686877032
1628, 486.7827525113979
2624, 486.1490626299643
1735, 485.7773914345702
1631, 485.6412390778936
1189, 485.61994721541106
1663, 484.4785744567712
144, 484.25881478570057
1171, 484.099556407042
1516, 483.87630278802783
122, 483.55760513125335
386, 483.08608048890443
1186, 482.37301450452526
3316, 481.99187568100194
1873, 481.7376227650701
400, 481.65322564049086
268, 481.32795569597647
1813, 480.96883537051394
232, 480.962067572819
167, 480.8584083215428
1748, 480.7494124169036
2683, 479.9034663005043
2525, 479.7103545603853
20, 479.352134492959
1864, 479.23139508226603
68, 478.42563805810875
1684, 477.9461265016216
1966, 477.742527616908
1670, 477.171870075192
1744, 476.9518699128643
1047, 476.3002725932956
1891, 475.6548845345955
1397, 475.4420003038155
3323, 475.36816163622433
3097, 475.1856624808388
2527, 475.16246973267783
1605, 474.0713393591821
3265, 473.35387493305376
1463, 473.2992260496182
1645, 472.588564020899
1170, 472.43652427868517
1659, 472.3853356232287
3112, 472.2234362586255
254, 472.126550102841
2601, 471.74386906055537
2293, 470.43477324098603
2738, 470.3008181658648
3383, 470.02297960659865
2652, 469.9339077337742
3201, 469.82698724933664
32, 469.5265308415881
2681, 467.99305595275865
2745, 467.6895473013868
404, 466.99367152629935
1081, 466.2171554007056
1633, 465.6867546099784
287, 464.9966901321186
1657, 464.8315669646711
2580, 464.5953509792791
2959, 464.56707104681783
1730, 464.4589762579557
2568, 463.6173878406215
396, 463.6011673132858
1668, 463.22616562139353
3295, 462.6768993783471
1672, 461.4660722067601
1741, 461.4125107421365
2289, 461.40491520071885
2971, 460.98616619507067
2720, 460.8538073031395
2350, 460.8099643128706
137, 460.51976671982646
1700, 460.4356107493778
3136, 459.3042841361785
3288, 459.00906848845926
115, 458.72039163128136
1191, 458.2268617015783
97, 457.50749213053024
1724, 457.4456823908921
3442, 457.4007899033865
2712, 457.25571712533616
50, 456.3906758965966
2646, 455.7970582261243
1699, 455.163806326899
1671, 454.57754132034063
2656, 453.1460540240625
3362, 452.712682097331
108, 452.61771784774595
2212, 452.38179626167704
1743, 451.72718151798625
218, 451.38810727408395
1632, 450.861540750205
2340, 450.7719252596844
2668, 450.162197581877
2635, 449.9257083058196
127, 449.8545882056243
1754, 449.7847888166481
2641, 448.9681221599381
2493, 447.9938820144017
1941, 447.9501980090702
2485, 447.3839178135233
2726, 447.12208741594884
3311, 446.8256905083264
1634, 446.58089503539344
96, 445.9133557263145
1134, 445.00402722402424
508, 444.7791546689587
2295, 444.4881383612102
1706, 444.3374728523855
2608, 443.945820114006
2449, 443.55346957428173
3188, 443.2422175582754
2533, 442.9993571051643
1180, 442.95674267794743
2853, 441.9598044157881
2592, 441.421553864109
2383, 440.99728783084834
1694, 440.5812076380547
2451, 440.0962741735166
2597, 439.92210814107784
1728, 439.8118193712602
1665, 439.6788235378376
12, 439.59602186983415
2010, 439.1187329925301
2563, 438.70778264854874
1637, 437.9659275967019
1152, 436.69032531886074
1745, 436.5236153382135
1178, 436.0050477455919
2456, 434.45078625418046
1650, 434.39860316657257
3164, 434.25884324819805
3254, 434.0781296374706
1967, 432.9746267736849
1734, 432.11830761824535
2283, 431.9928294228232
3094, 431.08957251997225
2355, 431.08495371581637
1150, 430.9787010827409
2311, 430.08897419950216
1649, 429.8382463806698
1629, 429.67052463299814
2611, 429.526180292155
2204, 428.41673781856707
1639, 428.2899014699448
375, 427.5925977155091
36, 427.5421355788125
2397, 427.4634420487166
2466, 426.4432090922233
1648, 426.3033078841596
1302, 426.12265951324014
1697, 425.1001642205012
1704, 424.241376033617
2179, 424.0892331415657
1518, 423.9808080441246
388, 423.4093193839494
1151, 423.0088398914797
3005, 422.49279030961344
1114, 422.343632488685
1727, 422.24345186286985
1679, 422.1645853036202
3232, 422.1468240404542
1681, 422.078962799525
149, 421.90439516170375
1156, 420.7853395939271
2486, 418.6372619021281
2575, 418.3390560869863
2697, 417.0182264947223
2339, 416.76692302053476
1691, 416.3624506570202
195, 416.2665356751121
497, 416.0889539159612
1467, 415.39264376629063
43, 415.3823249773739
2900, 414.4104765937493
252, 413.9631259032643
1749, 410.7767650225567
474, 410.079625866938
13, 409.50240410256185
2655, 409.4586106451437
2239, 409.31549613864206
2528, 408.9093123314978
2270, 408.23370613079
3007, 407.0624736488942
2475, 407.01287044165207
1316, 406.4473406749956
2235, 406.26337689292905
2604, 405.9233616628139
2461, 403.76179110754595
1702, 403.7198048974494
80, 403.6465287701036
405, 403.52344764565976
212, 403.1135208060682
3231, 402.79092583176896
2658, 401.8013135976813
2185, 400.7442650473477
2648, 400.6390368193691
1958, 400.4395030311717
109, 400.4019812104706
2453, 400.3430082781603
2282, 400.119852340397
2167, 399.6432768109599
1751, 398.3908742129078
2980, 398.2968548592976
3431, 395.1494895587905
1674, 394.9372149831651
2087, 394.8108514352041
1709, 394.4190427084316
2543, 394.23760620976793
1696, 394.00296624683114
2861, 393.5049282950067
2778, 393.38861495686234
138, 392.20644463339295
1635, 391.8283068390958
196, 391.8094602038447
3195, 391.6330030912689
2612, 391.04469118989556
1636, 390.6470115794676
2673, 390.5266826538271
2484, 390.23878971820176
2589, 389.91153708925333
2693, 389.41761845668077
1838, 388.93508174003944
2139, 387.6388746150032
2226, 387.444525334874
3258, 387.01095527011455
2809, 386.3165197372657
2616, 386.2524570587513
2184, 385.8259253975784
2351, 384.8985206353632
1153, 384.42774611009224
2564, 384.1133739801645
2623, 383.8873691875613
2713, 383.51784104230876
1737, 383.07403051578103
3296, 382.9906376628552
2679, 382.68784726294473
3313, 382.17946653330824
472, 382.0491210070779
2531, 381.5988687029292
1457, 381.26062380988617
916, 381.1542842458035
2801, 380.8407489328373
15, 380.7292143704728
2299, 380.7122359590079
3236, 380.5005147162638
2605, 380.28874903858843
337, 379.9885879876429
2498, 378.9902345838988
1750, 378.6498935856508
55, 377.5347855261595
2264, 376.9041210125444
2626, 376.4499337837334
1759, 375.82353190492165
768, 375.79156612583364
2249, 375.71078150786684
394, 375.5452537612745
2177, 375.3576405217182
1638, 373.54110310277207
2821, 373.272107131928
2687, 372.9002665155373
3160, 372.6491977672158
2275, 371.37596205571487
2860, 371.2446231640192
2490, 370.7029025424175
2462, 370.3071786467318
3091, 369.8808121619656
1652, 368.9571770700905
1045, 368.74980345929856
182, 368.65112269273465
2629, 368.60415934306997
2349, 368.2453769734243
3310, 368.0393043091905
1, 367.8860541274393
2570, 367.7260365132022
2345, 367.71677775360695
637, 367.639436591956
3262, 367.392363069989
2519, 367.3907843410495
2511, 367.35280285430537
3113, 366.5192492468462
2346, 366.3131232276507
2707, 365.5591120002394
2094, 365.2485965097785
2464, 365.0245151357462
2492, 364.9062303275895
38, 364.886260128127
1800, 364.82410526210384
2538, 364.6211934443764
2586, 364.5394928979586
2341, 364.4113077323486
10, 364.33025602614555
4, 363.59233977696596
2496, 363.57778363568093
2342, 363.4164101774671
2822, 363.14040155107546
1661, 362.93968734544717
3261, 362.8133921498722
3234, 362.8082312458525
2704, 362.4732272232035
2455, 361.9623067376941
117, 361.916770951206
78, 361.4270353110015
2692, 361.007582430266
3193, 360.9856010694944
1530, 360.9025500935583
2654, 360.6914221239979
2869, 359.6015589272573
2675, 359.5175792890146
2534, 359.4355482964201
2695, 358.9780191678795
2192, 358.2275069037257
2603, 357.5982020297867
3021, 357.2120939756927
1960, 356.95242111316446
3344, 355.6459449689547
2313, 355.5528053053306
1557, 355.05657856927894
2522, 354.90467163409505
3180, 354.8004234191686
1062, 354.33450078918526
2700, 353.16044796209115
2606, 352.7262734712973
16, 352.4576464573295
2638, 351.96463004415597
3251, 351.6621935184354
2581, 351.5430384885179
1255, 351.33669727138596
3329, 351.2591393209482
2506, 351.0258015020029
2857, 351.0124241241126
2284, 350.08519076799905
2499, 349.94479438009796
2509, 348.2079282369714
1655, 348.1902922103478
2600, 347.43058354153465
2727, 347.275577740533
2495, 345.50617826432494
2433, 345.2622354933549
3260, 343.63762868067425
3361, 343.58930206551906
2488, 343.5204820879167
2662, 342.5393717812597
3165, 342.458048671027
3364, 342.39847434009965
2452, 342.08851161161715
2460, 341.1084020231608
2760, 339.3536482643225
2479, 338.91596685663586
2044, 338.24959068798904
2731, 338.194676748655
2644, 337.8526672086184
1559, 337.6140713047956
2665, 337.33172223275864
2632, 336.81054809306346
3100, 336.4989633477382
641, 336.1474018008211
2079, 336.10196438290075
3019, 335.54294061651217
83, 335.4878230955167
2320, 333.87001738084217
2698, 333.8448087869092
2440, 333.7170252058621
2037, 333.65641961780176
1574, 333.0483643726382
1454, 331.98347221842977
953, 331.8487469318682
1814, 331.49508349965004
3009, 330.52591632569073
7, 330.3709806572682
2401, 329.9289516519319
2565, 329.8990913000777
2530, 329.2402209130562
3301, 328.81953108757267
413, 328.8077631607425
112, 328.75163293006636
3235, 328.6300521360457
2714, 326.99486689785164
2743, 326.96968135327796
2535, 326.3688307048998
2970, 325.9311484404248
2832, 325.81776596413266
2477, 324.7922150267344
2805, 324.6308323958092
1785, 323.95980841522464
1847, 323.2252624166367
3266, 323.1928044785678
1324, 322.98237023063166
2092, 322.96602000475787
116, 322.528930502947
2444, 322.3998692856508
1664, 320.7366659957403
823, 319.8928828825065
118, 319.6152610215442
2684, 319.3757988164038
2625, 317.86889273859896
28, 317.6230576043888
2537, 316.55396475801297
2598, 316.45014768907794
107, 314.97709811362654
3357, 314.55773953014307
2591, 314.42924670379375
1562, 313.9459747378932
2472, 313.6252179495781
2664, 313.5526148580457
2670, 313.32465229579776
2061, 313.16485789546675
814, 312.4740798052218
1788, 312.44739038951803
1818, 311.9234761694091
1484, 311.72138012030246
1572, 311.1515239134215
0, 310.9529423204877
2999, 309.99816363513474
1309, 309.6635103419938
2674, 308.9577331437369
2552, 308.59624080893263
2699, 308.4163495220353
2457, 308.09017905078355
2660, 306.9137499032573
2474, 306.8422684905784
2576, 306.8265784636355
2191, 306.74683915659745
11, 306.45469840578056
1794, 306.19534958668964
2634, 306.1893002341269
2667, 305.9876719824199
2661, 305.80031460174007
3, 305.7670674582947
6, 305.4679069593836
826, 305.05040385394847
2494, 304.93353911784976
3008, 304.78500065495166
2510, 304.5913296243044
30, 304.45063352443935
2153, 304.30167506376637
9, 304.10078044282886
2617, 304.0185268079798
1509, 303.9305119799436
1723, 303.8823176622933
438, 303.6103429410858
2691, 303.6061838972041
2469, 303.42049011874343
3033, 303.37465394549696
2631, 303.0301032225468
2542, 302.6218753315492
745, 302.3585257304592
1410, 302.34271671903247
2502, 301.60908229368795
2501, 301.60908229368795
2659, 300.92483464428443
2669, 300.5919657731819
2541, 300.19035097006343
3249, 299.6292964003808
2627, 299.4797010668463
2448, 299.1817792448151
1573, 299.11023496675944
524, 299.0489291897648
2637, 298.9610062041096
2134, 298.9125272874672
848, 298.83749058687107
2521, 298.47419736800174
2614, 297.82261297634506
2405, 297.07863694727513
3253, 296.8020013657516
1004, 296.47783297850185
2609, 295.8811416644077
1576, 295.63355466083834
2476, 295.60695028222733
3017, 295.1421713888059
1109, 295.0717074545481
2724, 293.68438942967657
2702, 293.3326118545437
5, 293.11704166920447
2504, 292.928879619028
1882, 292.8928278369564
1543, 292.6855490590882
94, 292.65004004176006
2089, 292.2596892368118
2208, 291.9151420758772
2956, 291.4520535604817
3325, 290.9951162510002
735, 290.73780885654816
2478, 290.30034919167184
3263, 290.2600462856623
2158, 288.71850556546116
2585, 288.34667026440815
2678, 288.3383895630213
2211, 287.96103787496025
2706, 287.91059115885645
8, 287.50605417920923
2567, 286.981845834532
2467, 286.6403627496527
1418, 286.43605866567333
2529, 285.9457706799808
1300, 285.89865497582014
17, 285.3038944064246
2866, 285.2211490325747
2619, 285.12572868972376
2074, 285.0302846007797
2878, 284.94872038442725
81, 284.67982354241155
2459, 284.1766118682272
2560, 284.12834625753055
2554, 284.1072634680455
2676, 283.2591678167571
2082, 282.87548163470854
2557, 282.24871761092487
2889, 281.8049503740152
259, 281.48772899659724
923, 281.4309620547891
2544, 281.39041236488447
2633, 281.23179080146525
2242, 281.0000267374839
788, 280.66526256595
277, 280.56837884915785
2577, 280.4852920573025
1567, 280.0513689527373
1806, 279.80520166662177
2685, 279.5546268285658
2856, 279.41148670193667
3250, 279.21639739556656
1560, 279.1083044423224
1824, 279.04692516400706
2663, 278.9719615685095
2595, 278.89606159258153
3215, 278.55327793421395
2482, 278.41171656741335
2193, 277.62807179301376
2628, 277.34469550616296
2642, 276.86463492488997
3000, 276.85346050242526
2573, 276.6072783250689
2523, 275.7950766974991
1940, 275.5540650424662
682, 275.51354631454666
1939, 275.49411211270547
2689, 274.46987138637104
1269, 274.16732371712243
2443, 273.9685629880332
2545, 273.5264793191129
1969, 273.4275117941742
3365, 273.37688209512476
1951, 273.29776123814395
2859, 273.2593247560742
2680, 273.2309680678631
2170, 272.8022603521771
1052, 272.77301338761816
3358, 272.4644423610255
786, 272.37945858421006
290, 272.28106713943606
2588, 271.7111988113387
2480, 271.40129214398934
2806, 271.2860881442471
3025, 270.260263613046
14, 270.24103086326716
1003, 270.2390968400567
421, 270.2246137444396
917, 269.8671466853572
2465, 269.83968408853013
803, 269.77637586220493
2701, 269.7618435797719
2909, 269.6292157523974
3326, 269.58441455343836
2207, 269.36285448516236
2602, 269.282497806334
2613, 269.18889629066445
1575, 269.10435528873404
2458, 268.9057827856147
2481, 268.84420177995486
1571, 268.8037897881232
2618, 268.76377786836485
2135, 268.5584630527706
2447, 267.8571267298357
2047, 267.5439813489527
2445, 267.35824889015595
3307, 267.17853382024913
2463, 267.1361862969824
2489, 266.7307785622013
2643, 266.5623632315424
744, 266.16540053199697
791, 266.1534543666321
1780, 265.6422319257253
1884, 265.4197827163611
353, 265.3581873946983
3345, 265.3254514047169
1210, 265.0099844373843
29, 264.3966042332413
746, 264.2040699999093
1640, 264.1787708125766
2599, 263.99681658386226
2512, 263.9486714932332
2124, 263.8537330572562
2180, 263.80797162751577
615, 263.7734334905898
1965, 263.32832264983966
857, 263.1908168163229
1046, 263.0947260275905
2487, 262.84910154098
234, 262.5601543754467
1810, 262.39287602797333
2205, 262.32372384300453
436, 262.1679357847671
3360, 262.02935867735994
1907, 261.87479563820864
1039, 261.41555763375226
2728, 261.2936726933165
2708, 261.1590534454095
3029, 260.94310609840915
248, 260.89586928390963
3269, 260.4978128224006
1776, 260.4292968932684
2584, 260.4217895321989
1306, 260.3914088313875
526, 260.06879077692554
2446, 259.75315748286266
727, 259.68528737859435
1525, 259.52090597677187
2435, 259.4763397042444
2428, 259.4763397042444
2081, 259.4085796493887
2593, 259.31162247892763
2991, 258.5053678976954
2516, 258.14801568412
3252, 258.03464925112286
2636, 257.58780798392485
945, 257.37765363632195
2639, 257.1583861312076
2236, 257.15553778679384
3018, 257.14156628211333
2194, 257.0411784181149
686, 256.9584958135438
2540, 256.84333214271567
2243, 256.70408194282396
2429, 256.6310718087916
1356, 256.52286314615816
3016, 256.477125069339
1520, 256.42166848889616
2318, 255.58573285096804
2953, 255.2872090680516
3308, 255.27409930920754
1889, 255.239778516666
2157, 255.19307459533698
1885, 255.10865972839585
2555, 254.83659552850867
716, 254.53296219695684
3391, 254.4949823305555
2997, 254.19459538418187
2077, 254.08672309302943
2582, 253.8774867305738
2195, 253.8608351967484
2052, 253.84373767690016
2057, 253.7885557821759
1617, 253.6881455207799
781, 253.65529676249884
2590, 253.4949916599911
579, 253.09170259160996
1822, 252.3040534044051
2262, 252.11366158993525
1807, 252.0832914884438
2936, 252.00995498681328
778, 251.55421494185396
844, 251.51628942640352
1623, 251.34773406137083
18, 251.30749559727317
980, 251.22496306144978
2031, 251.009913827258
321, 250.98864644995706
920, 250.89947863203176
2196, 250.82891834790414
575, 250.6602295436229
3233, 250.5654324662529
1999, 250.5607735308739
1336, 250.47137963933315
612, 250.4517511308167
249, 250.40258028896537
2090, 250.1184071417358
825, 248.62136989157605
1487, 248.60767359927897
3177, 248.4017798923653
23, 248.28376688416873
981, 248.20618891509247
2526, 247.91599988495636
2188, 247.8787560376366
936, 247.5228701050024
1023, 247.45502854331573
1279, 247.3625880996115
2468, 247.35802598774993
2187, 247.15076872999197
961, 246.89240283913642
762, 246.7024449347912
581, 246.67664778596847
2438, 246.51205948105877
2993, 246.46694151402014
955, 246.36682742216593
2441, 246.31073577094935
2160, 246.2673583357456
1895, 246.0481098508768
3228, 245.4691604059833
2450, 245.32043814509885
1985, 244.89834965075167
1537, 244.83613513875602
2434, 244.56504728925842
243, 244.36927882972725
2539, 244.1838845585189
527, 244.13862561822853
2914, 244.0048777870893
717, 243.8219968386532
2949, 243.7475212104846
1053, 243.71301585525504
698, 243.56525607699453
1653, 243.44255216629097
3446, 243.36115586092214
1615, 243.25307649018606
2095, 243.25200426719064
600, 243.22320431393732
2189, 243.15958926902294
1037, 243.06213259948157
922, 242.92835555610134
1943, 242.84880305759316
817, 242.80306958192398
1103, 242.24333816134842
3319, 242.16174792706587
416, 241.57689691686298
27, 241.50902990633165
417, 241.28761402410476
1519, 241.26692563406138
2145, 241.0444472320389
319, 241.0403095747673
2365, 241.03401572152282
2431, 241.02603836916015
815, 240.6651943535363
24, 240.56257680434828
1118, 240.4921708376898
1577, 240.47860446804833
743, 239.90263781181213
1038, 239.7143222648066
1424, 239.5791702374198
2360, 239.4048588419837
2596, 239.03290529199793
2142, 238.96596237854632
517, 238.9342556053444
808, 238.51371156220776
960, 238.47882597141987
1566, 238.23270434651056
2362, 238.0841195629267
3320, 238.03109033798665
1580, 237.95972089925255
2845, 237.61634919949466
560, 237.33413986566356
1331, 237.03159750208528
2709, 236.83034048902576
969, 236.73860794513504
1412, 236.6440405945733
2220, 236.46090250608367
1404, 236.34321353967414
1308, 236.3232750897466
574, 236.23699682895787
999, 236.17467813692718
247, 236.134785482774
2647, 236.03532335284387
709, 235.82993185150232
1803, 235.76028311810003
1523, 235.5869182710098
2829, 235.56034820151174
2846, 235.4278406408806
1579, 235.31604520333062
1423, 235.06040055104722
2879, 235.0508826665783
3343, 235.01720294819046
2214, 234.7708250030633
1977, 234.64789701832964
787, 234.43758362326878
2181, 233.9285498010389
1473, 233.86422713223467
1266, 233.73326312509545
2615, 233.6361276114887
691, 233.52811410055034
2066, 233.4954827594203
1490, 233.09051642475927
2219, 233.0499428043997
2122, 233.04150740600517
601, 233.02242584352422
2907, 233.0213040960046
2828, 232.95464243680036
1495, 232.7500267781623
2858, 232.44016238146583
1840, 232.2307911022085
1599, 232.14355754168898
528, 232.05323936920135
585, 232.0240581314705
1371, 231.79620660824844
2060, 231.78807753472972
3238, 231.478521396943
2992, 231.42542812959573
804, 231.31954479402205
1314, 231.31083736642185
420, 231.3104523189717
1976, 231.2360422459658
2579, 231.18863986077298
370, 230.81670279315603
856, 230.75179416703378
1408, 230.561169816097
1823, 230.38943240794646
1425, 230.12724805703527
2171, 230.11175666088494
903, 229.94415698134873
1558, 229.87942434305762
1510, 229.87281099862574
964, 229.85480362517538
2038, 229.7753218580076
22, 229.55950683784084
2422, 229.4694810996541
2471, 229.46774675823602
2427, 229.0931229843043
594, 229.0750652048932
2173, 228.83947634474833
2517, 228.1032613890692
1289, 227.98148890098537
1594, 227.9420447036442
2905, 227.90262047285262
1501, 227.7695067617162
1887, 227.57276799922647
1890, 227.53123237087615
1527, 227.02061046520473
2228, 226.941818864544
242, 226.90985285771416
789, 226.82662330141997
1321, 226.79398860495078
2209, 226.7815061485159
2231, 226.7792823690059
2206, 226.7751312551539
1478, 226.4767903942507
1508, 226.45733387899824
3359, 226.4485351208453
2168, 226.42191543155994
1839, 226.27215597685688
1315, 226.08303298138452
2594, 225.96424946682427
2500, 225.874464152461
3031, 225.73392764916213
529, 225.65467568945235
586, 225.58224633068497
837, 225.46804387045543
3229, 225.4622886459759
2165, 225.36765242141783
845, 225.14343178320811
313, 225.05963460323093
1984, 224.9572675421488
3026, 224.94717100872103
1942, 224.88113181737597
780, 224.8350867609575
2996, 224.30919595655192
2850, 224.29155277274836
907, 224.2193177799378
846, 224.16510863126155
2877, 223.96909431435463
872, 223.84549057958958
558, 223.76900504889872
972, 223.6508402584672
1348, 223.40757925028643
1790, 223.4005249665525
1505, 223.3042830847846
2200, 223.28604598509384
3438, 222.7413655098972
465, 222.72149742732137
2150, 222.700696211036
683, 222.27393680642805
1361, 222.2245671593341
1846, 221.95644475085217
2113, 221.83677641065898
696, 221.71599949136635
1421, 221.71347252652484
419, 221.62561836546985
2190, 221.6038840667533
1512, 221.52339655617183
2040, 221.5013540108069
1369, 221.32146580635887
657, 221.30483075492296
2852, 221.2607783225073
2164, 221.00174912536409
919, 220.89938903956178
500, 220.6011798961393
839, 220.3657388699803
1488, 220.2511084858771
2804, 220.18004337721817
593, 220.1069177723391
2837, 220.0570633411016
3085, 219.89729069943868
2256, 219.65415493729458
1380, 219.57682925945844
1211, 219.56130673571815
418, 219.45203930091748
26, 219.4372379266688
2115, 219.196955750699
2916, 219.07095877328294
1322, 218.94668949590707
1494, 218.7923819473878
3237, 218.74376220652968
886, 218.73756865782423
993, 218.61184837022887
1481, 218.54548147134076
638, 218.48906892123657
1389, 218.31073134669998
1390, 218.1047659524894
1268, 218.08772238744055
599, 218.04721431802855
821, 218.03390219753706
2334, 218.0017081971835
1878, 217.88678416749997
987, 217.84799777266701
2503, 217.8437660492701
2998, 217.82775194834915
1001, 217.8170627517877
2841, 217.7603206180663
1549, 217.73708833054505
307, 217.714665159765
3267, 217.68137464502516
3270, 217.57215228279873
86, 217.53613507446784
928, 217.1890664403077
2064, 217.09687119429103
1983, 217.0573672282437
2117, 217.0007276265002
1957, 216.98927652251072
2120, 216.98034926766175
1820, 216.8901102159108
2321, 216.85795707732197
661, 216.80732671038606
2125, 216.80210707319324
371, 216.65277106723994
1427, 216.38604696728814
2324, 215.85160146280316
708, 215.82479720280602
1792, 215.75860352852078
989, 215.71957061308007
3014, 215.6672394576164
584, 215.56106611224192
2839, 215.31151807752678
659, 215.10204566736277
1828, 215.08199341249866
2046, 214.82874069851366
602, 214.76087078084956
2515, 214.65253572813765
882, 214.63679180963572
718, 214.616523086426
730, 214.60410635990868
2831, 214.524891173661
2229, 214.20223381379455
690, 214.09227569540423
2359, 214.0049045419321
1493, 213.89561462483525
1295, 213.76729436927366
840, 213.71092175243908
1986, 213.61155641816785
1883, 213.60686796219292
1886, 213.5455629238291
3002, 213.50878294784962
1377, 213.48935057038716
59, 213.48136350543174
2058, 213.47170172028936
784, 213.39916418806501
849, 213.39225305385526
639, 213.3465032933482
1345, 213.190425968284
902, 213.16980942717973
2372, 213.14221418513262
230, 212.99956397497206
1455, 212.8574653355462
1578, 212.78079830279566
2844, 212.77792033354646
2682, 212.71160326163408
3321, 212.64576635983912
1312, 212.63253846141458
3346, 212.55745223597617
867, 212.50364553011542
2116, 212.4190380942378
2994, 212.3672969212054
790, 212.2690188084488
2162, 212.2334169160395
665, 212.19892399687285
1474, 212.14977304536737
2230, 212.10368084994923
752, 212.06139369112387
938, 211.98439213811946
2036, 211.9684453591108
1622, 211.92628185632404
927, 211.92329903501755
798, 211.91549757032237
2732, 211.91523486224412
1601, 211.86410174471948
2439, 211.8164555700246
1614, 211.80245289677094
971, 211.69156422416185
1396, 211.68156906990467
1413, 211.55894782108206
3268, 211.49297700567897
235, 211.4892228897625
664, 211.41924820640176
1014, 211.39056634326866
606, 211.3430123732678
315, 211.31449765037937
306, 211.31449765037937
572, 211.2412312440294
775, 211.18373921164314
1339, 211.1675757877659
892, 211.06403479485047
2750, 211.05340982328016
970, 210.83256515430455
2237, 210.7062720259618
1908, 210.70137764729648
1330, 210.62193420439402
564, 210.53225467338538
777, 210.02421847518957
1555, 209.94234497005286
1278, 209.77821852854785
559, 209.68543204568383
1550, 209.52024178825667
2255, 209.45413633326953
1343, 209.43690967277178
2851, 209.35562559349628
1271, 209.2754975114251
847, 209.21274407459094
2888, 208.92071944911072
1426, 208.89007283092457
855, 208.86060676517283
3272, 208.80270571197678
1398, 208.7485648681946
776, 208.74351947144325
256, 208.58946675023023
1420, 208.51940402964973
3045, 208.4916884236899
525, 208.45039301549926
853, 208.41493178803444
1422, 208.27341646701092
2908, 208.06209045370122
1273, 208.05638490730524
1352, 207.97152040778352
2470, 207.8609686651574
1417, 207.76788931900862
636, 207.72669871863616
797, 207.6578180377473
2898, 207.62107598868508
1902, 207.59218683188365
573, 207.55250347334513
2366, 207.4634001205289
1511, 207.35665322878944
770, 207.33134738734645
723, 207.31894663439596
1164, 207.2893882832653
1561, 207.2412589187379
1392, 207.1772505552218
2376, 207.08299408162557
785, 207.001443023435
711, 206.86381286538162
850, 206.84418159505606
1368, 206.83491250860487
713, 206.73079282545982
1829, 206.66507265630486
992, 206.6000841362016
1500, 206.57847243980075
2254, 206.52254291738734
2578, 206.41435251111773
2361, 206.400959316045
1006, 206.37071910865436
822, 206.2993326334677
1815, 206.21541726336952
2213, 206.04168350195593
635, 205.99408038182386
774, 205.93930000762126
779, 205.908108660733
577, 205.86013528852155
1544, 205.84748827860824
1480, 205.7747170737824
918, 205.70490674252756
3363, 205.64259207804875
689, 205.55245897840553
2043, 205.54047182856178
1393, 205.53141639923513
879, 205.5218590477977
2245, 205.5107936577907
2903, 205.46595275405093
694, 205.35931371501653
871, 205.35027011750273
1400, 205.31468432479403
1378, 205.21806736197613
2141, 205.10611596871
2899, 205.07740001226506
2121, 205.0484219057222
364, 205.00617077168354
507, 204.9407278675794
868, 204.89690859401364
231, 204.74151113296094
1539, 204.64148905780002
2131, 204.5370294817284
2830, 204.40928765644043
1285, 204.22222535329263
1804, 204.19190427770988
693, 204.1137932504005
240, 204.00444518104726
1293, 204.00180175115935
1280, 203.954831247525
1409, 203.88992906077178
1920, 203.87366540588272
1825, 203.83982367482002
3030, 203.64130647937813
1411, 203.45291482010796
983, 203.2057050284286
2166, 203.13370043104584
3044, 203.08642507371914
569, 203.03476922815238
2881, 202.81787646528431
1926, 202.7806964320194
876, 202.55834733561417
3043, 202.41787649038702
2227, 202.25472801498756
2154, 202.2501971669024
1370, 202.0840085189688
883, 201.95545682854106
1959, 201.9259069815958
1491, 201.69466705312107
1419, 201.67667823872145
3240, 201.5574007825838
2369, 201.53490522943162
461, 201.3231039489421
854, 201.27372543428174
725, 201.24887325983298
1989, 201.23966890197778
1817, 201.17768025040274
672, 201.16522046467225
614, 201.13294531777294
673, 201.0719420772789
1475, 201.04913173572834
2063, 200.9872313795554
2547, 200.9524407820187
2198, 200.91877743618693
2114, 200.5173363300023
3271, 200.36503906740327
937, 200.3148241007447
2163, 200.27923989977538
900, 200.27026906413084
1830, 200.25833819947692
1909, 200.22641235739064
2884, 200.20335534007887
459, 199.92758501579536
755, 199.88859848102018
656, 199.88836754448423
2085, 199.83159770193816
2725, 199.78201259716099
2897, 199.7665147257829
2199, 199.7254647377609
1367, 199.72255461005835
2319, 199.67390704320496
257, 199.59558677976784
782, 199.5887696900503
887, 199.53756219942852
948, 199.48593362381908
3242, 199.48524500566685
1841, 199.35688788661506
1403, 199.2316957471325
741, 199.1755438799404
3068, 199.14131140751357
935, 199.09228068458097
896, 199.08673994462416
645, 199.07233316942842
759, 198.89960041110604
1981, 198.89826392737288
1292, 198.88318948871913
1618, 198.80786114197946
1498, 198.78051208824422
1372, 198.71808097719213
1036, 198.6749961824804
2148, 198.64668070624495
597, 198.64089056498727
985, 198.56808767673436
675, 198.4448360816449
1277, 198.27040107798962
1346, 198.24933486743708
253, 198.23422944813305
1387, 198.08530971874842
924, 197.98064804626645
714, 197.92019082201475
1486, 197.91428786133844
932, 197.90393099252572
942, 197.89188809485955
1328, 197.8651206383444
763, 197.8183118396309
236, 197.5977430013691
2138, 197.5848142522129
704, 197.55890260292324
764, 197.54684421256775
2423, 197.5244900785865
2569, 197.5072594862418
1595, 197.48931840018128
946, 197.40041116515405
2246, 197.37358404016493
323, 197.19796279850812
311, 197.19796279850812
2882, 197.1411195991611
1835, 197.11536912442747
3037, 197.11176089217236
346, 197.0856819750982
1915, 196.94617846698912
567, 196.93354881451944
963, 196.7572660879308
1415, 196.6879934711769
2718, 196.60126848463148
351, 196.5899814750534
933, 196.53858703767355
565, 196.52565781936713
1906, 196.46601476237058
1904, 196.44718251392155
2875, 196.42787851966648
800, 196.4115407525393
1831, 196.4097259646492
63, 196.39714255019805
1458, 196.32334910532947
2854, 196.15076884764395
870, 196.05764755914416
1791, 196.04280741805275
1382, 195.82762982975711
1374, 195.78973911384816
1018, 195.7528319228997
1405, 195.7516997024216
2216, 195.74802084096874
766, 195.65963635361678
312, 195.64852457503602
2123, 195.61814561386302
2323, 195.55443540197163
897, 195.48739597631229
1272, 195.39948499416863
2146, 195.39367008534342
984, 195.3588660015049
603, 195.24896959329567
646, 195.1830594317552
484, 195.16771439025757
836, 195.1514902944752
1357, 195.1007036506374
1801, 195.09903259055727
324, 195.0717973643487
3256, 195.04845373292915
1548, 194.98360683258318
1554, 194.9672794590354
1291, 194.89427152237496
720, 194.86734469957003
1288, 194.83606969010043
2432, 194.8328658524257
2331, 194.8016425779091
1772, 194.78072713406678
2842, 194.76790227873596
2891, 194.7523912915569
1982, 194.71333778627
3027, 194.68181752837774
3038, 194.65786770769444
1388, 194.5775204958543
1327, 194.55855110524348
1021, 194.518447567113
2833, 194.4975229994533
347, 194.48664231312958
728, 194.36537082858283
813, 194.25857557571598
828, 194.13397588459299
1340, 194.11274232691346
2119, 194.10844219166339
701, 194.056275801441
31, 193.98946534662113
1563, 193.95827956170191
568, 193.9116772759334
742, 193.83767759551102
1353, 193.7615332685527
674, 193.75891021338066
697, 193.73830941630064
616, 193.61622559268187
1391, 193.60572856610068
1275, 193.58804319964187
761, 193.48749173405892
2202, 193.43073872121548
2672, 193.34583317348662
640, 193.32764245821517
1992, 193.28115276796822
2410, 193.24000950353243
705, 193.08730296672388
1323, 193.03857375039325
740, 193.0050880916107
1524, 192.99025034293342
959, 192.98957457778053
2169, 192.87340435457207
623, 192.83387842908886
962, 192.7356806470281
986, 192.71233832638723
2847, 192.65983487874732
2430, 192.6458146944454
1944, 192.62126147942092
1888, 192.57400979864912
1020, 192.50373454182306
2136, 192.37091241312518
750, 192.34184518416288
792, 192.31584383661715
1009, 192.20012244613073
2840, 192.1976409562153
1499, 192.09774276639854
934, 192.08767197488407
796, 191.97922602853436
2849, 191.89238589776767
1294, 191.7966604381899
799, 191.70613444570904
1934, 191.70072663463569
1265, 191.6909240345018
2183, 191.65882290147468
3448, 191.654117315404
374, 191.62770263940024
2233, 191.61639623822737
783, 191.55477034391768
1270, 191.5195657811937
692, 191.505537620774
2130, 191.49657017108333
1506, 191.48386607501848
930, 191.43262822354973
2946, 191.3117971247269
2175, 191.23711243447258
1927, 191.15999516231707
925, 190.89749241846204
2910, 190.75955259098788
827, 190.7022867925754
1905, 190.67541182631146
660, 190.65105593509716
246, 190.62149621197048
2947, 190.5360967417733
1297, 190.49353643193635
1789, 190.4778029077979
801, 190.3629119786428
843, 190.2754914337602
1782, 190.23347362146725
350, 190.1885053478709
707, 190.14935218485297
2129, 190.1215656315705
1819, 190.0594615293871
1318, 189.80714100634486
2140, 189.8009412763687
908, 189.7909618000806
258, 189.61778064049463
1329, 189.58910566133616
422, 189.37861430804267
477, 189.23404256388773
905, 189.21105479502066
1354, 189.20940098025378
904, 189.20783283811843
710, 189.15170307992906
1598, 189.09694687373812
1479, 189.03352675950154
363, 188.99962146434302
893, 188.97741225836927
834, 188.94882218935908
3034, 188.81785615129186
952, 188.64524766412984
238, 188.60420968547007
1809, 188.58412576148496
824, 188.5775249864685
967, 188.5718125111563
2232, 188.4471455209877
1786, 188.33147860368908
1673, 188.15166476612427
973, 188.12806040872672
2375, 188.09730873298304
2377, 188.0088317912089
2176, 187.98989681172003
596, 187.97008670576525
1779, 187.88683486377627
273, 187.78223246021898
658, 187.76407714840474
1453, 187.75116527383284
3230, 187.63279906587647
314, 187.61853331257348
1492, 187.51364539695612
1022, 187.45250693589875
722, 187.42879495526083
2518, 187.22075673432667
2373, 187.1282802758493
2222, 187.11619326331055
111, 187.1147938434337
1469, 187.0235771172826
2247, 187.00381086443608
977, 186.8944865625831
1836, 186.88751933509118
352, 186.87610058131528
1485, 186.70144526443502
576, 186.68244947758862
754, 186.65296507572066
2403, 186.6407040709621
566, 186.60598340348756
1365, 186.31478472529773
2336, 186.2263235954
2950, 185.65517661128848
1949, 185.5833965106264
3257, 185.55378800556394
1921, 185.5516123733219
926, 185.49021212344508
2133, 185.40021332216352
618, 185.31756587061005
1808, 185.2724852733779
931, 185.2640935986892
1620, 185.19172926815733
976, 185.12367552877066
831, 185.11514121727083
1414, 185.030968981111
342, 184.98005581575845
292, 184.91874101835936
241, 184.9056831760157
1007, 184.84889969806994
1930, 184.81392244073234
1504, 184.76519001238955
184, 184.6377110067512
1582, 184.5864649323514
2826, 184.4606069138956
929, 184.30871959651554
765, 184.14076021164703
1320, 184.1355735819078
1935, 184.08383850003125
898, 183.99264034388344
1898, 183.85251074257056
880, 183.84442046161092
667, 183.69707574372836
1010, 183.62935848335297
1950, 183.52821520538848
1319, 183.50365868382374
706, 183.47961581561103
1799, 183.41754673414178
320, 183.4072651436656
1837, 183.35909585499908
1900, 183.3478356116929
2325, 183.20616974043372
1954, 183.2001389034777
2876, 183.12810236130076
609, 183.1233841441555
354, 183.06108014780762
2327, 183.03450907021613
729, 183.0056458924444
2144, 183.0029914759194
1777, 182.9924304625739
810, 182.98848208946785
1928, 182.95271050291547
943, 182.94092940060355
2902, 182.88624946158976
1326, 182.7905663144829
632, 182.71151511955426
1017, 182.66678955307205
702, 182.59126549016304
2322, 182.43498922301157
873, 182.43264979527225
866, 182.26427625851358
644, 182.21502117652597
703, 182.2096953757104
944, 182.18352139580327
604, 182.1371273678136
1470, 182.07128346412688
1591, 182.06871167075542
994, 181.9463683261824
1282, 181.92435796029173
982, 181.90912898307909
631, 181.87222175632866
633, 181.82767645015952
2367, 181.81620606801218
1483, 181.80073004598682
2126, 181.80037268474203
1351, 181.74538711132624
858, 181.71284641319332
1402, 181.64468726337307
724, 181.64294782820895
270, 181.57081783372558
910, 181.52055595939245
1080, 181.50076009250648
239, 181.4975947328411
1332, 181.27142177758236
2532, 181.26871802801267
830, 181.254334958388
899, 181.15970524104554
979, 181.1442467495128
1778, 181.13904277770717
1335, 181.1353478486997
325, 181.09116192157748
2426, 181.0496268024961
1953, 180.9959355385307
911, 180.97846066274772
269, 180.95381439361543
2156, 180.94717870553316
865, 180.9314192927922
1394, 180.82283956690154
1540, 180.72564742124064
2880, 180.70522596983042
1569, 180.69139170049064
891, 180.59027029505927
1011, 180.43860605867877
2436, 180.42828177561958
3012, 180.4109108916805
712, 180.3952224412668
958, 180.35679276958453
1832, 180.204158928278
1551, 179.99706597760348
1535, 179.89891310732145
2370, 179.80395527584128
1401, 179.799927996091
949, 179.7973466345287
653, 179.775290746936
1304, 179.75082623137857
1385, 179.71287696936483
1416, 179.69400321369702
875, 179.5809489534048
1568, 179.56079994630804
2330, 179.5293926320338
2425, 179.43989507821294
3015, 179.3995996154491
2186, 179.38023834793552
974, 179.31645450599342
1362, 179.23585792294622
666, 179.21652416599252
2000, 179.18725058840172
990, 179.1476258727834
1489, 179.1353567751337
996, 179.12493863595114
1476, 179.03919253493765
1359, 178.95743994171647
2172, 178.95649297929543
1827, 178.92924265912995
1311, 178.9144243144885
1303, 178.89843231931445
2149, 178.86182186776452
668, 178.8480513225714
1307, 178.77120552322856
1281, 178.66543112151058
1769, 178.55988035912887
1366, 178.49942040156316
1286, 178.44888496091644
954, 178.43300499989536
1325, 178.34821768108796
687, 178.30076670896602
595, 178.12534888673662
3024, 178.001491276979
829, 177.99849550495986
1834, 177.8830489912058
2317, 177.71945421608027
807, 177.70507665859236
684, 177.60954522137018
624, 177.60954522137018
1619, 177.4239142867926
1016, 177.36731451812943
1932, 177.36065390408845
620, 177.3328219818027
2874, 177.3228351124485
1522, 177.25481125022498
2556, 177.10878537258932
2251, 177.02497088139853
1529, 177.01794660940124
1276, 176.89258993358703
2151, 176.81074883441343
1341, 176.75470228585795
1305, 176.725479097258
1008, 176.6949479999628
3035, 176.67213568552216
1383, 176.6586594105762
3022, 176.54081613327884
1342, 176.5137155177158
2201, 176.2832344293799
1482, 176.2092046680778
1015, 176.2006498802774
975, 176.19273606676947
1055, 176.1572108369739
1946, 176.13866839137688
2197, 176.10052769576671
1528, 176.0831774689798
2132, 176.05227021764745
2127, 176.05142308137098
245, 176.02934550592
1376, 175.99858140857407
721, 175.99338958708282
998, 175.9264374634038
648, 175.9264374634038
753, 175.85705996057166
1192, 175.76493530164856
1051, 175.74054994936702
598, 175.73354297453253
2159, 175.49892970521032
327, 175.45438484949813
1344, 175.2952984834492
1507, 175.20332983185563
229, 175.180894920585
1774, 175.119128617672
688, 174.94811626194496
805, 174.7770906682302
1317, 174.75692932939583
2326, 174.73454345574032
819, 174.63084502888316
726, 174.6114086550892
2868, 174.47378638065896
2906, 174.45934625861668
2332, 174.3808734890717
339, 174.34949573508146
1606, 174.34247007407365
271, 174.18378012897878
662, 174.15039076300894
1496, 174.060566177165
340, 173.98064311735618
1284, 173.94142919866627
2147, 173.90339985423807
818, 173.62026790453132
1497, 173.5361928783107
1654, 173.48921082919532
1948, 173.44766776747366
1918, 173.43200051850954
888, 173.27532783118002
1916, 173.2745993981895
1407, 173.25184272837834
1787, 173.17110272656592
361, 173.09329896065216
751, 173.05291151478036
2834, 172.89303422011585
756, 172.86788916219135
33, 172.84347361594442
387, 172.84191540596711
1990, 172.8225467936412
3450, 172.7349059033362
185, 172.6632753696316
442, 172.65269135517434
700, 172.62778733162227
1903, 172.46057985916306
1956, 172.45725392974342
2281, 172.43765708128984
1503, 172.42827113990057
1333, 172.4092451537546
367, 172.35249322377152
2225, 172.348521984069
349, 172.31492984430614
2895, 172.26211729603187
1165, 172.14917283838315
2437, 172.06414639544744
842, 171.85544470444742
1621, 171.5988017428766
806, 171.56379890054498
1833, 171.55750559921518
571, 171.54959506505506
1296, 171.41664258977912
1952, 171.39218122927005
1570, 171.35858894670812
747, 171.23424440862107
1897, 171.21016951599876
771, 171.20700255945943
1896, 171.1866836571
3273, 171.1817513911272
2328, 171.15335219371647
1399, 171.10256720530992
2161, 171.09726094988966
1093, 171.0794585875961
1937, 171.06006360531515
2112, 171.00770635738246
1922, 170.96066275428905
621, 170.82745602306133
1553, 170.79555101526745
1556, 170.74761260863403
1019, 170.70030798136318
1386, 170.60303060503986
2835, 170.54257780543267
2932, 170.54205719100213
1783, 170.5217055995169
2221, 170.50212701514553
1013, 170.41268523688538
715, 170.21445715387645
997, 170.20951957074604
1472, 170.2020186770824
490, 170.18177006666906
357, 170.15926507268654
812, 170.04633727892775
317, 170.01951034728083
309, 170.01951034728083
968, 169.93030985911366
605, 169.91779130299344
2250, 169.89398913462645
1767, 169.70092290436216
1793, 169.54382244121305
878, 169.4837578210914
695, 169.4638306052994
719, 169.4362687788855
2241, 169.33691080947216
1056, 169.1246129676602
1565, 169.1244480292362
2418, 168.70760269095186
1766, 168.69413022812125
1044, 168.64801794456923
2054, 168.5562612219624
1375, 168.54457440533628
2178, 168.49766105689127
2215, 168.4255381940674
890, 168.2969924970393
60, 168.2627726021237
1796, 168.18807102531852
769, 168.15160048430855
3001, 168.13819667129962
894, 168.10734043567527
366, 168.04458684205338
1757, 167.96950783542312
1471, 167.94245788253266
3282, 167.84559530048614
1538, 167.80772203834871
1899, 167.66814526800553
1929, 167.49574471370724
2420, 167.45387603707198
1349, 167.40883665153234
305, 167.3904318311882
767, 167.33833471813867
739, 167.31864946005118
2374, 167.2947356709447
2329, 167.2701658070298
947, 167.15383906354896
2174, 166.9540562908035
940, 166.87753581100702
1360, 166.79046487201046
318, 166.49580317635323
877, 166.41728105917588
1936, 166.3760504178458
1092, 166.37139423234845
360, 166.27766143132794
2901, 166.16489661726632
2128, 166.05350659056592
2843, 165.96401925561517
2893, 165.90546322050383
1395, 165.78448765652783
760, 165.73778164174718
345, 165.67456450927153
3013, 165.671083738817
627, 165.65502885736703
3224, 165.40912833964956
2155, 165.36756543223862
811, 165.21127209952408
1283, 165.1081999459315
244, 164.97735272121136
1938, 164.93593346094056
590, 164.72847445536016
1313, 164.65665656236567
2363, 164.56428190043223
835, 164.54378267021468
1805, 164.4704732865991
978, 164.2258322411947
1363, 164.19338359648128
570, 164.16453488380915
2118, 163.9652525454933
869, 163.93301566892845
809, 163.85146067288883
348, 163.75194544885545
2253, 163.5783716444086
587, 163.5630552765617
995, 163.50672042805428
1917, 163.48940727179678
1988, 163.47371053657403
915, 163.43132806316635
2886, 163.39791373063412
2335, 163.3387641773827
1972, 163.27610398569604
2883, 163.22165038605308
950, 163.20469700863478
2234, 163.13271242090156
1797, 162.936250156864
2137, 162.81937233123563
3023, 162.74446851932365
2035, 162.7196944391091
359, 162.63051761624263
758, 162.61456374362064
1338, 162.3465738955129
1334, 162.1897640322337
308, 162.12426463285533
610, 162.0823740272016
3011, 161.8890474196341
1592, 161.87499774624203
749, 161.81454667782765
592, 161.71572038188708
1546, 161.71452374385376
2892, 161.71450250212132
921, 161.7142503050985
355, 161.6356086098813
2368, 161.6046635157372
833, 161.58694729615084
3449, 161.57324206753682
1054, 161.54192244553477
1609, 161.48077087547605
1337, 161.41714363166656
2182, 161.29146265987296
2371, 161.13036758466396
1923, 161.07849820428248
2838, 161.06249842372193
3451, 161.05312136708545
1552, 160.90545846802277
1924, 160.84626381224416
2887, 160.84354938565684
652, 160.76657827569863
1955, 160.65241746967496
2729, 160.62779089291726
322, 160.6003264482726
310, 160.6003264482726
2885, 160.5894413678313
2848, 160.53884609329813
1945, 160.50849621611482
1987, 160.45600346620347
589, 160.30025931856056
1812, 160.1429016794976
1816, 159.7926784807146
625, 159.58104372571137
622, 159.51406942609165
1901, 159.46999190258074
1545, 159.3312730133553
630, 159.29502425383603
1802, 159.05185925816866
991, 159.0513269335357
1933, 158.8541223691144
578, 158.83781013674
223, 158.82070623074716
2001, 158.69069589729713
3218, 158.5427276519652
1290, 158.3914750066349
941, 158.25307512556034
1798, 158.23508882484984
2944, 158.2098162452377
1602, 158.16480442420192
343, 158.01735208188194
889, 157.97318624329196
1000, 157.68343071127876
233, 157.64186282833455
2827, 157.51220489627585
1845, 157.30833512523543
1843, 157.22014379132352
2995, 157.20544636637868
951, 157.18701868876659
2836, 157.1088950603125
1947, 156.91999506159848
2316, 156.83198049991526
1350, 156.74116697225637
2049, 156.59412536898344
988, 156.58481372799224
187, 156.3864536402798
1379, 156.17975333699204
1005, 156.17897521597052
874, 156.14665564393385
2896, 156.03442283229396
1310, 155.92616605203938
1844, 155.70345702352634
2924, 155.61806070361655
2711, 155.5534449456501
25, 155.40932003823
1763, 155.38766583555937
841, 155.37371721109676
2357, 155.3332869620228
3309, 155.06079889862963
1547, 155.05213545176915
617, 154.9070947882195
362, 154.8192598028589
2855, 154.66629998895667
802, 154.60868281279258
1384, 154.33780255862945
909, 154.23985022630745
2945, 154.2267288011128
1821, 154.20469086348209
1795, 153.93503202694706
356, 153.82691191484943
591, 153.80921569020592
1826, 153.6990171256232
341, 153.64122032001865
2402, 153.49888620190453
1775, 153.28253065221142
1541, 152.8807915970984
1526, 152.61324935789597
2894, 152.10608832983402
49, 152.08286961501716
2062, 151.99270300811364
2890, 151.9855354908329
772, 151.8006428184739
794, 151.70641763970406
2248, 151.54317995416397
1012, 151.52890362039167
1842, 151.45508373923315
1355, 151.25475224027466
1373, 151.10043061569914
1347, 151.03818574658717
1784, 150.71818398799215
2042, 150.52768161122057
224, 150.26745925000938
2333, 150.22889593096355
1762, 150.18704174834684
2358, 150.01142317608785
286, 149.6245687314079
939, 149.3617454991506
1861, 149.03206839508718
2364, 148.97014063525936
1532, 148.9560787794099
2904, 148.8310064588618
1613, 148.57713026137588
2935, 148.57666085054439
884, 148.49606133300225
629, 148.47609224075256
3036, 148.11154322013155
489, 148.05999842672384
1616, 148.0036315982512
1931, 147.9999274587813
344, 147.64857015699533
628, 147.6056353021841
1542, 147.60074353529004
2143, 147.4223143886009
1764, 147.13825434350002
2051, 147.12504266044573
1768, 146.57481759056006
1919, 146.55800654378737
2107, 146.4735271483611
1274, 146.4699493833038
2912, 146.34705722712243
1781, 146.33116612649073
3220, 146.11788910363586
2067, 145.98500061850228
1765, 145.66395825704447
1190, 145.48552171094343
226, 145.45007358438517
793, 144.29324437753
316, 141.71179435759726
901, 141.39839896035008
1536, 140.9790531113373
2925, 140.78884131352117
1287, 140.7681322462631
2923, 140.04645740605994
1564, 139.37522462393338
1267, 139.29364405093168
1048, 138.6585216094103
3219, 138.0199842698332
3216, 137.23787456422895
1364, 137.1260995219176
3223, 136.01675494975717
301, 135.9410876816893
3221, 134.39654241053356
2072, 134.38573096946945
3222, 133.83956521189427
3217, 132.830384488602
1049, 132.6764549823412
285, 132.5738235958387
2931, 132.36150347693015
1925, 130.76400039474726
393, 130.40038012769878
1358, 129.8418929153278
2871, 129.56313825307663
2084, 128.1440795023428
1863, 126.67906682954852
2940, 126.64744483828231
2929, 126.05555384650854
1050, 126.02931939673628
2922, 125.5744808073299
2928, 125.30261157385975
795, 123.39985140844014
1158, 122.906853352577
2926, 121.94058303062309
2937, 120.89621313524216
2952, 120.31222867423189
2872, 119.92251913806552
2921, 119.76329884398226
2927, 119.45798036503632
2911, 119.3671121007836
2938, 117.83247017968354
2933, 116.41377694236955
2939, 114.78382516245166
2941, 112.3920600915571
2934, 111.70872259244395
384, 110.86829639635101
390, 110.80730631622744
2954, 110.2315412021323
2957, 108.7546782748813
1534, 108.56202211366868
2073, 107.23641588015772
3412, 105.32021587491195
2943, 104.6765137247548
2955, 104.55712187274163
486, 102.65435876500551
2930, 102.28474692053925
2870, 102.23535260606765
391, 101.81562304407326
2873, 101.139240475037
403, 100.45805733050449
2942, 98.54607691002174
2865, 98.16837423228488
1064, 95.97800744824895
1468, 95.22099166522045
516, 95.14230396872503
3145, 92.38981949045625
2867, 91.27949381350967
3411, 91.13243949606357
1862, 90.74446614908494
1264, 90.39954582727543
2012, 90.02103016760799
2739, 89.51902958888121
519, 84.93666356830359
1157, 84.90093839598828
493, 84.30299955496052
3121, 82.22229189190362
183, 78.6804169707656
3161, 76.81577173563218
1612, 73.21601650474977
