432, 3488.020366550893
458, 3160.012658794337
132, 2970.711127941451
119, 2884.4059220937825
1119, 2784.9792480797405
3275, 2770.1948187686976
3302, 2724.191436423441
3437, 2643.7105943359147
530, 2643.4388723569723
454, 2632.9397234882736
1911, 2601.3379319064848
45, 2600.3974271881825
2099, 2572.7081229408373
2807, 2570.777301608083
2548, 2539.7350947715404
1533, 2501.3065030298717
2033, 2474.8998203199644
1075, 2442.6663864972206
2968, 2438.4568723240614
1247, 2405.6774908724738
457, 2405.5370118472833
428, 2377.7225197162065
1072, 2360.8479469392983
3055, 2331.261603288664
2783, 2330.5116807182226
2071, 2320.5562269764396
336, 2317.6187168640777
1094, 2316.0380678366987
2015, 2281.7764047629635
71, 2279.955946798697
1215, 2266.5558139568698
3401, 2255.1872545735337
2056, 2234.578308061922
2969, 2231.265051104453
3107, 2230.5363707404194
1110, 2222.9965713806973
175, 2162.6622714878526
2394, 2156.9482513143944
3181, 2145.3457177285486
2398, 2113.5785476605133
3381, 2099.871944864731
3070, 2088.9202867182994
146, 2084.9308938140475
158, 2079.6905503542207
174, 2059.646270796903
293, 2059.4362432193147
1230, 2053.7867727395655
164, 2024.6892833330976
1060, 2023.2173316228354
1429, 2022.4876134562312
289, 2019.90378373446
483, 1992.7331167063269
2068, 1977.751250167136
3135, 1976.212648743371
159, 1972.6340018407475
373, 1972.5881605372829
2100, 1944.471263967094
2274, 1934.9514513978081
161, 1933.3129439018105
207, 1928.5306760193712
136, 1925.2253944363397
2022, 1921.8166176363388
334, 1915.1850947091764
3058, 1912.3554368820828
1603, 1909.9076026468742
3382, 1908.0643096076797
1074, 1899.3384333818242
514, 1894.946110727453
153, 1886.1253860990134
3108, 1876.593041048084
284, 1875.6356825144615
2777, 1873.9975230886218
3277, 1864.4378254998278
3064, 1856.498311501806
1964, 1844.9586020059448
2050, 1842.4052332223446
1736, 1842.044705340094
1218, 1841.7365041289167
3385, 1839.79254006787
1450, 1835.009692366284
2735, 1833.110632248388
3077, 1832.2452225509264
333, 1831.225768845048
1040, 1817.1807951783555
494, 1816.142063693631
443, 1808.384670332146
3379, 1807.3826392552169
1027, 1786.0007492307611
2763, 1772.3966832010483
2018, 1763.6938312414502
2964, 1759.1300217386324
3189, 1745.8468674109333
1811, 1740.5176141039144
1126, 1739.0234998213027
1975, 1734.9519203295326
481, 1733.3502477674497
3118, 1732.3312852251677
53, 1725.6791067556294
1624, 1721.3465460288035
1128, 1719.9803946459986
3114, 1718.4344819638234
2105, 1718.29844612828
3142, 1713.140741860723
2792, 1709.0282396991472
3089, 1705.0492540769044
296, 1704.7505414676032
151, 1704.3348133292245
1026, 1703.6448097140642
3155, 1701.319274955248
155, 1700.3348198567232
1234, 1696.163856526134
98, 1695.596607502857
3389, 1688.3454450891236
3182, 1687.278695965198
3353, 1686.747410310144
3405, 1681.9386879046422
487, 1680.6166415807868
505, 1671.548098516717
3408, 1665.1031462225956
3049, 1664.3121426649182
2389, 1657.7154721344768
3445, 1656.6903359999128
3065, 1655.492458546093
1651, 1653.911550337027
1912, 1651.1651249918034
2055, 1649.7486272905057
2088, 1649.1606463097385
170, 1644.01959485713
3331, 1641.1757663028786
2772, 1638.3232161167834
2740, 1637.287476994839
557, 1631.9501904730366
1583, 1627.718366723141
303, 1627.1639420052068
3388, 1626.3330078379486
3191, 1626.1425749657874
3416, 1624.0971407648956
3404, 1616.2960178706105
456, 1614.0865063365834
2791, 1610.5488395464392
3032, 1602.3172730433373
2265, 1601.2515465239362
1973, 1597.724630562762
1590, 1594.7447343825897
3010, 1592.9811397324738
1448, 1592.7660340265204
1030, 1592.636376838307
1442, 1589.9010598350478
1117, 1588.3531711462288
3340, 1586.173828842089
2075, 1584.4241107598846
532, 1582.321043405106
3072, 1581.553669139055
2053, 1578.4749467149175
128, 1573.8257481260741
1872, 1573.5696291269473
2754, 1568.919531276275
3167, 1566.649891716528
220, 1564.5960586523763
169, 1562.3647594324461
200, 1562.3365144308077
264, 1561.1166626654258
2086, 1555.8004004468555
3106, 1553.5853339897144
1437, 1551.3462223911004
2110, 1549.9262925457765
329, 1549.7247509416436
3247, 1548.6216821979085
1098, 1545.0397138895382
1076, 1544.063374889253
504, 1541.9301357236573
3370, 1539.9624443763578
3205, 1535.2864680088426
537, 1531.6771320553958
152, 1529.9748434451917
1071, 1525.1594025498955
448, 1522.2159469292098
3409, 1520.5290976395204
1086, 1517.4125305545072
912, 1516.639837691445
3169, 1516.397277056825
467, 1514.8456675557095
41, 1514.6788936891107
3341, 1513.4668144862658
1032, 1511.3719822486269
3371, 1508.8258679302025
501, 1508.4096660463297
446, 1508.307227878577
3369, 1505.8427607710248
392, 1505.5656666699113
3046, 1502.8147703099894
2263, 1499.4215605244538
1444, 1496.9602968861284
462, 1496.5598044200624
414, 1493.4805233503932
1236, 1493.4710947435942
3148, 1493.1500196935447
2296, 1489.4837341245168
129, 1489.199908751733
3286, 1485.7054008745904
1239, 1478.3249831855292
295, 1477.0614231713548
3210, 1472.312003536871
171, 1470.5645225859244
1299, 1469.5603221188805
3054, 1466.4934007029794
3149, 1464.4142980745946
2309, 1462.9681814415726
3429, 1462.5994838045876
3190, 1461.3799724837304
365, 1456.8891207877996
3069, 1454.5883149199833
2011, 1452.3336289151353
3407, 1452.0591544121678
3227, 1451.6707392290023
221, 1450.1711280691616
2083, 1448.20096012211
3203, 1445.485889834408
227, 1443.8117056645829
168, 1443.7688651836513
3303, 1443.3563373151933
554, 1443.3377870033826
1865, 1442.6902556472667
3172, 1442.6699026926315
1466, 1442.4041642137156
2774, 1440.4335374268796
3061, 1439.9813821966009
2070, 1439.1391938615898
3403, 1438.3948312529453
180, 1437.1549222999417
502, 1436.870187802307
1173, 1436.6166742171254
503, 1435.9560774423287
820, 1435.357310164485
1456, 1434.458054532972
1584, 1433.8507864605324
3280, 1431.925559832649
39, 1426.8021757646932
2069, 1424.884206131024
2300, 1423.833791787721
3378, 1423.0650664951193
1848, 1422.4405974329088
736, 1419.9249514169119
2818, 1412.2844404194093
482, 1406.0332116368
471, 1405.1693568665487
2973, 1403.3899065619078
1089, 1400.406421141032
1248, 1399.723096189448
2337, 1397.3902468084173
1115, 1396.1242716894778
3447, 1396.1145198282325
3291, 1395.0638199583316
202, 1394.9980309408297
3086, 1392.5342074425469
2306, 1389.9684160799427
2737, 1389.2467877576355
3212, 1389.1659296000169
1610, 1385.3924176869825
1445, 1383.4736635518757
2963, 1382.5642757721148
1091, 1381.458919726501
3281, 1381.2909328057606
1857, 1379.9945770021534
2715, 1378.4678693467733
1676, 1376.5833189811578
2298, 1373.2585822122146
157, 1373.1686685835082
475, 1371.406006170582
3128, 1370.8548620700362
437, 1368.5702767754267
2059, 1368.466414482108
142, 1368.2311670392476
1219, 1367.3433516161017
1851, 1367.278673238505
1259, 1361.5350284835401
272, 1361.2948305732405
1090, 1360.8286421339196
37, 1360.1144390987724
181, 1357.938918013072
546, 1357.9138352046537
1241, 1357.500197205418
441, 1357.0505537510105
2006, 1354.6927417715183
163, 1354.6272384977765
330, 1352.9439736111747
380, 1352.5169971491023
1607, 1351.7156151666693
1753, 1351.6653163885985
2803, 1348.0624012721787
430, 1347.180051112921
1517, 1342.4169143396316
263, 1341.8498623061628
3073, 1341.350458606647
283, 1340.5497566836439
3419, 1339.193848686526
331, 1338.0408071318939
2990, 1336.3226433862105
124, 1333.3521000079866
3166, 1331.7831175453234
1997, 1327.2816263570394
542, 1325.4685540839348
2790, 1324.4873253442906
469, 1322.9311493313935
2417, 1322.6228345231661
213, 1320.982294171309
1233, 1320.7965575353721
1876, 1320.174699946821
1585, 1319.9848999567691
2766, 1319.1684841822564
2103, 1318.249914093045
453, 1314.9782111539416
451, 1314.8602588463177
2819, 1314.5544980106624
556, 1314.4775490053357
449, 1314.2254145575312
444, 1314.0341125154532
3048, 1312.7024237696285
1770, 1312.4283364010512
450, 1310.885544184046
1228, 1308.2179709757036
188, 1307.546937049482
176, 1306.2883608508007
2734, 1304.8547963555438
464, 1301.8960737168038
3196, 1300.2037397265296
543, 1297.919546447944
173, 1297.3719092512845
40, 1295.0147026660782
3153, 1294.5224709403496
332, 1291.1494338141938
1852, 1288.9357321964198
3317, 1288.4166589243052
549, 1288.0162022509178
1145, 1287.7400852862108
2032, 1287.541028146106
435, 1285.3497525082746
2279, 1283.1516980592403
1980, 1280.368719487411
2388, 1280.0642026226014
1994, 1279.6552921455204
582, 1278.2162845813705
550, 1276.7777102446707
2862, 1276.5729642441447
3119, 1276.4293616693597
669, 1274.794814511483
3373, 1273.2042808639856
478, 1270.029022712045
2009, 1268.4699799938653
463, 1267.9433536772638
3285, 1267.8527233085183
2986, 1266.8099472433346
1581, 1264.016363530642
297, 1259.7834010679571
211, 1256.5869217457255
3056, 1255.8269880096607
552, 1253.3789262041405
3436, 1248.9489284470583
2269, 1246.6285588228013
539, 1246.1462980578926
737, 1246.0469377570635
423, 1245.6705569211717
2863, 1244.8888182321193
3057, 1243.9263015546014
154, 1243.0158075697593
3426, 1242.7354840929297
496, 1242.642830773817
2759, 1242.4793991497634
3028, 1242.0906520174315
3386, 1241.2214225664275
2989, 1240.553805887541
2753, 1240.2697990330241
3423, 1239.6040032736537
2744, 1237.7276097990941
3173, 1234.3412337425368
619, 1233.4284130855776
677, 1231.216214843567
2091, 1230.3682385170323
2813, 1228.5927152117642
642, 1226.624357577249
172, 1220.959248407659
279, 1220.147790226633
262, 1219.6323449678923
773, 1216.6684710255633
2026, 1215.2350139831103
2717, 1213.6007119406343
383, 1212.3373032595052
2764, 1212.0523614266594
2078, 1208.7032262222854
147, 1207.795524628649
3185, 1207.0996342377382
1963, 1205.571956737957
1432, 1200.5029889791444
139, 1198.2734771816413
2975, 1197.30644459658
2974, 1197.30644459658
299, 1196.5167954473175
368, 1195.766027713994
410, 1195.2813417766306
2297, 1193.3995887612587
466, 1193.0924740644875
2080, 1191.368976301467
1253, 1191.2591697846833
378, 1190.6850116843425
1083, 1190.323862717195
123, 1188.4450089320205
1978, 1185.1437561943605
130, 1183.8673278028232
476, 1183.5589027724677
1077, 1183.4379782078104
2302, 1183.431735411287
2765, 1182.1877717919747
2767, 1180.1609174247865
1111, 1178.8094173140403
1893, 1178.1217018636446
3300, 1178.0109632782548
2958, 1176.9026792854638
3214, 1176.7595279241555
3402, 1176.406477391266
1113, 1176.0338637742152
75, 1175.3672512667824
3418, 1173.8114741647446
433, 1171.18927776876
480, 1169.4768207863403
3424, 1165.5337225584367
1449, 1164.2051936094394
328, 1159.8829538837233
671, 1159.365070779182
2016, 1157.220125731234
3425, 1154.377165206448
3047, 1149.724250736973
1688, 1147.5114927637107
488, 1147.4393384149703
864, 1146.9636029751643
3098, 1146.6007634870043
2798, 1146.2065659971167
2817, 1142.9714384488639
3125, 1142.6541650097054
485, 1141.633142615101
3434, 1139.2232465043128
536, 1137.9514830454118
2029, 1137.8422574817023
1995, 1135.4584711349116
372, 1135.3856576492244
2722, 1134.0515473333926
3078, 1132.9191899026991
1042, 1132.2629776256795
832, 1132.1415266843437
2786, 1130.4483024893648
3298, 1130.2276581784322
3334, 1130.0490632257379
79, 1128.0251030360666
1849, 1126.4160817787456
2978, 1125.9237184316646
470, 1122.7593714097932
1035, 1120.9133932892548
2748, 1119.2658170090854
1459, 1118.8092655945236
1856, 1115.3329465764084
2027, 1113.5013973706039
3179, 1113.4541584445085
3339, 1113.174801674396
204, 1112.9717889860349
852, 1112.6812254970985
2, 1109.640483787619
1678, 1108.7419872837702
535, 1107.9834882771513
3174, 1105.7227073465842
3139, 1100.8711002457524
2267, 1099.8273511700916
2392, 1098.9776665591385
431, 1098.531852572506
3208, 1097.7233842175058
534, 1095.4751146691995
2396, 1092.7466607955052
2045, 1092.51837828762
3132, 1091.7396574807403
3332, 1089.8071887477156
335, 1089.087977819759
1212, 1089.0646134562483
1773, 1087.4309543622185
1229, 1086.9295942813417
1132, 1085.51155507553
1041, 1084.6784326367535
1200, 1082.1408125785028
479, 1081.1158417467982
3440, 1080.7386964238067
1761, 1080.1944076420984
2382, 1079.5044067453748
3245, 1079.0480593177492
2746, 1077.300938235882
1604, 1075.0223109806975
3292, 1073.4893284632174
426, 1066.6576242775309
2752, 1065.8644891129989
3276, 1065.1199006904912
2966, 1063.9611560525354
3333, 1060.6689802467902
3003, 1060.6495856524136
1689, 1059.529249556708
3348, 1057.5115546532902
1855, 1056.2705886569024
2109, 1055.8005123712028
415, 1055.0856650768687
3202, 1054.7268316692287
2076, 1052.8281605371901
382, 1052.6095428886522
2769, 1051.0192302853561
2387, 1050.5641030361564
731, 1049.3534068292574
1464, 1049.2176601923172
208, 1048.086696612932
2312, 1047.5999753678327
2751, 1047.0789884173514
1031, 1045.8073854181553
3283, 1044.1728844460351
1589, 1043.1771604779947
1991, 1042.51298121848
1179, 1040.5383463500282
2757, 1040.331024635438
2277, 1040.2338188574222
1101, 1039.962103324619
860, 1039.0393632835003
1214, 1038.984612353914
2730, 1037.9239683205635
3410, 1037.252119080078
3110, 1037.0910849587751
3244, 1037.0186861892087
1245, 1036.4613633754059
201, 1036.1667057467248
2919, 1034.9978276047916
2020, 1034.9687913725902
203, 1034.7552001825047
1961, 1034.093613678196
1105, 1033.753478925074
1025, 1033.6391067564493
914, 1032.7415112631952
401, 1028.029633698805
1870, 1026.6013559123724
3393, 1023.4652060287808
131, 1021.6627598904047
1690, 1020.6165857613412
2820, 1019.7279368082997
1853, 1017.4810541470675
3159, 1017.2862163745194
1088, 1016.9507739127112
547, 1016.9053451826069
91, 1016.4052388638883
76, 1016.3694254284917
3421, 1015.0355332596441
1235, 1014.6833254603688
583, 1014.6683506178507
377, 1014.2506572278064
3131, 1014.065664237746
506, 1013.1884606070522
197, 1011.7890931748464
2386, 1010.1222157684756
1974, 1008.6963145616435
3175, 1007.5724271474913
3441, 1006.9186566306751
468, 1005.8515400608294
1850, 1005.5986602272486
2412, 1004.5913363814876
1443, 1003.7176482628616
193, 1003.3653125121273
2014, 1003.3638312159973
1979, 1002.4818627827923
1586, 1002.2498613363517
61, 1000.2319697871957
3093, 999.6223154855007
1662, 999.445203103536
189, 998.259934603582
1910, 997.9023597095945
1880, 997.7707233434627
3372, 997.2959340846007
3293, 996.8796648354853
1174, 996.4057435393853
2733, 996.3240159776897
1596, 995.7563000792604
1066, 995.7135882853705
3342, 995.4440410571518
738, 994.7275009779339
1252, 993.9651745501275
1462, 992.9010773092651
1531, 992.6180638440298
1256, 991.6875854641131
650, 989.4709034909686
1166, 988.0364314443345
1608, 986.9549487853267
608, 983.3376465612938
1125, 983.2476258547263
2987, 978.866638806738
2797, 978.5525327919319
261, 976.7432598759196
3226, 976.2338714450101
1683, 975.9229387864127
3420, 974.7318795523262
2413, 974.5104516929227
1029, 972.6975208819767
1087, 971.8890278443521
913, 968.8545463482745
2013, 968.821444760392
1257, 966.1026974561524
3435, 965.844110350573
495, 965.6621166671114
2348, 964.3098960171792
274, 963.930507422695
3042, 961.1819136884686
3375, 960.7462336174053
1161, 960.0394195688585
177, 958.0273111453984
2768, 957.4355691726896
906, 956.3657705814483
2024, 953.8870036471733
3198, 953.3431126682174
210, 952.5396861382166
52, 952.3720887381083
148, 951.4862733364861
1867, 950.4196448507392
126, 948.7918688264328
3209, 948.2265301598388
1452, 948.126112018491
1099, 947.7014000504155
540, 947.2847085504059
34, 946.9237265981337
2315, 945.9521041196386
217, 944.9117939691837
851, 943.3469893186443
1217, 942.8537800389613
251, 941.9300072575977
588, 938.5422763221055
2981, 938.0738713525769
3297, 938.0137158913461
2961, 936.7149837911824
1600, 936.4002206183234
1095, 936.142629768925
2271, 935.1664291477396
1140, 934.8006017631127
1760, 934.778375669885
1193, 934.7090456945702
1675, 933.2043729966127
3117, 931.8448422403447
3395, 928.8233081869463
3176, 928.4390890449008
2920, 925.9827149994114
191, 924.8246280097329
1260, 922.0484481222977
3083, 921.4818731087285
288, 919.5854900592519
2960, 919.4866654724435
1169, 919.0668533223411
2304, 917.2167671905221
1513, 916.9082166326518
1112, 916.4644813667359
1593, 915.7164529868882
2424, 914.6280276912574
1100, 913.2789627963111
48, 911.2137908731082
523, 910.3193539430619
2723, 909.7251878308541
3141, 905.3465140151117
2301, 905.0233912805763
1085, 904.9491096219107
3367, 902.560268190358
1914, 902.1908991823998
452, 901.0836172670375
2308, 899.999557810034
1447, 899.5661119009897
3079, 899.5123594276643
2979, 897.5759456733739
3115, 897.4808964283161
1070, 895.0375105080044
406, 894.343737284432
1660, 894.0920371991906
2421, 892.8881009426855
1301, 892.6097908012172
3414, 889.9435532586969
2776, 889.4596965557699
425, 886.0566995397636
2354, 885.719388898263
1096, 884.0611689633506
1144, 883.3864729022243
1587, 882.7824928296328
2716, 882.760228511385
3351, 882.5455785662208
3396, 880.361660902911
440, 880.0768073079859
2622, 879.5439005159417
3071, 878.4205778090992
222, 877.5234825481192
89, 877.0277861753256
499, 876.6502106664011
1183, 876.1763446847687
1172, 875.5426025677305
2918, 875.2816815547372
562, 874.7112937999611
538, 874.2604141272604
3154, 873.6184526983614
1148, 873.0598218134883
1993, 870.9082753215592
1446, 869.7360434455322
861, 868.7924894919461
2278, 868.4355674288604
135, 868.3381284408568
2224, 868.2002692100734
3213, 867.298881663002
1124, 866.847691439448
1059, 866.807897383548
676, 866.330600625266
1436, 865.6851611856096
2985, 865.5712582807671
105, 865.4985683405664
2292, 863.7884186121191
3151, 863.7771741212484
2507, 862.9331017239894
816, 862.7200947536461
2810, 861.9067505710789
1434, 861.2431046357946
1433, 861.2431046357946
1881, 861.1655935206281
1143, 859.6913538517589
1033, 858.9579975359137
545, 858.8136080441261
1431, 858.4425061957186
2976, 857.9286676358214
1187, 857.9094929684259
3287, 857.4754771074255
389, 857.1226463815138
125, 857.0156050885846
140, 856.0848376133232
2815, 855.7585119001824
44, 855.3092278360174
3366, 854.9403470271711
56, 854.1296104318287
206, 853.564293211286
92, 853.312329085394
2773, 851.5266604060663
2290, 850.8435151241187
1913, 850.7190740785811
165, 849.2342283414066
3084, 848.768510340758
209, 845.7297363037054
1254, 844.5159147770685
2802, 844.3439342831673
3259, 842.2308790700264
1184, 841.6865001234302
3158, 840.1031968839586
1142, 838.5428246934337
553, 838.0171632657149
498, 836.6053312308037
62, 836.4217948792314
3050, 836.3418315316961
2005, 836.3225372661802
1465, 836.1528934930581
1758, 833.1365018479743
2549, 832.5647624237382
1058, 832.5016806658274
3399, 830.6481577310882
1226, 830.1962337630396
1502, 829.6760513643824
1438, 826.0597358985367
3439, 825.9962889513743
266, 823.798572182907
2825, 823.708200448958
2260, 823.5712765153205
3430, 823.0901683395601
2065, 822.8914696509444
2988, 822.0638512955406
178, 821.5548486609247
1159, 821.5499131064539
1043, 818.5509907832409
1244, 817.467347364433
2546, 817.4305382323022
1147, 817.3522644647685
2794, 816.8765125442382
1069, 816.2008868786872
397, 815.946353608047
2041, 814.2613634516293
1139, 813.9373809615548
1130, 813.870946072277
2795, 813.6587158522257
1227, 813.62885758803
3335, 813.6279795739442
381, 813.1067143465467
548, 810.6156538134493
3377, 809.7612081536663
2272, 809.0764497104616
2965, 808.7205375692663
1667, 807.8014174201489
2108, 807.7473859392434
1249, 807.6437426052692
607, 807.2240249756453
862, 807.2000055765872
2291, 806.3954187015713
198, 805.7371753525257
424, 805.2916710726148
1221, 805.0197803360528
1116, 804.7208185923655
881, 803.9955555537364
447, 801.629354535868
1381, 800.3847429472236
3081, 800.2525394259151
1451, 799.9874333156436
3103, 799.6934667178083
1097, 797.0252409118114
110, 796.6732666209679
3246, 795.8175823598491
531, 795.659470431585
2771, 794.7533064318652
1515, 793.5811340117718
2811, 793.3920187229668
1298, 792.8641147890511
3051, 792.7515931621676
2303, 791.8521946645985
2344, 791.6242667901738
3413, 789.3962547151912
3192, 789.0528039075117
2028, 788.5213155948428
1680, 788.0923322840279
51, 787.3209138065727
275, 785.6578805858218
228, 785.3426778162448
3076, 785.3341214339522
611, 785.1563329006824
194, 784.9913541774323
492, 784.4609378277055
670, 784.0396705139408
555, 781.6720470598486
2025, 781.481280228868
1611, 781.1600345424717
2391, 780.8710933300616
1177, 779.649495761714
3199, 779.042722893311
3397, 778.3315843636025
1102, 777.9156253268151
3102, 776.0752911357431
1656, 774.4387702058312
1998, 773.4840165619712
3133, 772.7155386575936
2310, 772.6927124396074
2352, 772.1534130350029
2380, 771.8516752918084
1237, 771.3401695324254
515, 770.3259446953606
2381, 770.114572967087
511, 769.6217974288561
1435, 769.0259184985119
2967, 767.6840888793199
1514, 767.5435248775469
1859, 766.5839960715572
3274, 766.3493008640011
2741, 765.8557268531933
3157, 765.1373815473145
1199, 764.0842719558863
3241, 763.8850371105032
3124, 763.7438467212677
3398, 763.2795293757722
1521, 761.7996574942055
66, 761.3744170616922
2268, 761.2806643222609
1251, 761.1520085520837
1261, 760.7974836131854
3067, 760.1083962853568
2106, 758.7539152063331
3178, 758.536408462558
1242, 758.0892267444186
114, 758.0051053294504
1002, 757.5546305225527
1686, 756.2527454315194
85, 754.2473530166791
533, 752.758615041277
369, 752.4836044101579
2736, 752.17444716227
685, 751.0744446110208
3087, 749.6159849782508
338, 749.6003311506038
2411, 749.4919404649976
133, 749.4118268232511
2034, 748.8988095963133
3315, 748.814778852587
46, 748.5692843997954
134, 748.1825653507238
1597, 748.1374654796837
3152, 747.8873974836841
1666, 747.7888065347544
1067, 747.2582140979173
2719, 747.0575069590324
160, 746.816060699005
1711, 746.2243044635401
3092, 746.0024495154398
2796, 744.6191088181365
162, 743.9693545555317
304, 743.7940622032513
895, 743.130396152416
3116, 743.0903804756565
3156, 742.9781840675801
1209, 742.3056758973959
3171, 741.5655353050934
3432, 741.4012581291017
3163, 741.2417212348365
2747, 741.216648030166
1204, 741.0443196605881
120, 740.8721478174209
2977, 740.5800988808247
143, 740.4288970640966
2343, 739.3220432109634
2762, 738.7631157376819
3053, 737.3539227621618
3144, 737.2620696334224
3104, 736.8924150830641
3088, 736.7403889841148
3278, 736.1410329414496
3390, 734.5459414208467
215, 734.4944908543965
3059, 734.2935201055213
3336, 734.274928478696
82, 734.192519930571
74, 733.9894088303224
3075, 732.1408841830405
3170, 731.5963075397717
379, 731.3493043794322
2800, 731.3202472805568
2409, 731.1963762920002
3074, 730.4185221259138
1213, 729.2993524379445
3143, 728.8695682175254
1203, 728.5232046730877
2770, 728.4700017591003
1243, 728.1069042191855
1078, 727.2669815843045
376, 726.899272890993
2962, 726.6992884669497
1188, 726.4038630031718
1202, 726.2740964737733
294, 726.1185078308233
3052, 725.307185698708
104, 725.1773976984678
3096, 725.061846399272
3004, 724.4386104578746
1262, 723.6142374560512
2983, 722.7420072629068
2261, 722.3664653360192
2808, 722.0661762669919
544, 721.220144332297
1461, 721.1602288881238
2419, 720.6901218975354
3305, 720.5849180891146
205, 720.0243718782422
2307, 719.6028812476764
427, 719.3938390052848
1084, 718.9803861560586
2238, 718.5591110405575
445, 718.2035241421844
1141, 718.1367203388305
1160, 717.7256368016261
1122, 717.4988513108987
651, 717.0375187635027
522, 716.1018059460538
3338, 715.7584715987082
3109, 715.0726082322527
1877, 714.747105607563
2356, 714.6396818189576
2761, 714.6044750168617
1246, 713.1017127909121
1860, 712.5335428594705
1732, 712.4014148204307
1707, 712.3196932520052
3062, 711.9975718086826
1175, 711.6279120703985
3384, 711.6237535117823
2951, 711.0291947256849
654, 710.3658409263645
1222, 709.5666987826559
580, 709.2084591200922
57, 708.4238493235523
141, 707.9814154904972
106, 707.6524520921977
3101, 707.3445106218004
2007, 705.4231323445068
1430, 705.3776968277554
1441, 704.9003410620394
3211, 704.5151258117694
99, 704.1431636440342
3127, 703.6760716669547
1137, 703.4296357106016
3330, 702.0360641652394
190, 702.0161941115147
3194, 701.3001615064601
3328, 701.2327861450303
3060, 700.876042295157
2093, 700.3542578074862
1182, 700.2804551184612
1263, 700.1316740774533
678, 700.0603035616324
3204, 699.2392854157863
113, 698.9793309738296
3322, 698.4958547478305
2749, 697.6869272917336
1439, 696.7264113767802
1225, 696.4152106124537
3138, 695.9178889844414
1195, 694.7559046421424
3095, 694.2635130249671
563, 694.2313355808536
2252, 693.2558839245224
100, 693.0838136258488
1129, 692.4960009671579
2793, 692.41190006425
3206, 692.0527194607728
47, 691.1792361045561
103, 689.9924874061048
1866, 689.214927755437
2347, 687.0388009949737
434, 686.6857283692228
1024, 686.0968589949425
2019, 686.0308798388515
3394, 685.7773322178055
1176, 685.4750806606252
1063, 685.1157038356849
1108, 685.1027738244775
3433, 684.1352570727327
2666, 683.9223549460976
192, 683.5844217556066
298, 683.494209202317
3337, 682.6519724967759
3327, 682.6119683498108
1154, 680.2491332840249
237, 678.3038532352472
3427, 678.1401128249056
1713, 677.1225275380791
3137, 676.7331001836145
3355, 676.5804558695405
35, 676.5739249811031
3186, 675.6169242694154
3380, 675.5678013740595
2407, 675.2057308396012
300, 674.8023706889641
1742, 674.6332098398418
3406, 674.5224313000446
613, 674.3882035515861
2789, 673.9368046209185
1738, 673.4121475755283
102, 672.8536361382623
2378, 672.0488348763566
3400, 671.7077602239083
1149, 671.273718887177
3443, 671.06846649706
408, 669.8967720771446
2023, 669.4824036148275
186, 669.4389428420527
3312, 669.0826360292682
1121, 668.1018836104091
3304, 667.5879508452024
541, 666.2402956743983
2550, 664.0081189689038
3294, 663.8812129990849
1107, 663.374321426013
2775, 663.1157203899775
1677, 662.3679334213
3349, 662.3569304772608
1224, 662.1975837245076
2003, 661.1111632090573
1250, 660.3477101652469
3284, 659.854673274806
2551, 659.7891407699045
3289, 659.4476289101926
179, 659.3828484507222
2630, 658.7450996053531
2240, 657.9779910481836
3197, 657.1931541313583
473, 656.6963331954948
1658, 656.655592278473
1201, 654.5412482860424
2002, 653.648801088101
2408, 653.6045436400399
1082, 653.3642727131263
649, 653.2104262334958
1687, 653.1265444401639
1460, 652.8974959672722
1720, 652.7550847929689
2048, 652.3187461687492
885, 650.111712123445
1874, 650.0494376948524
1854, 649.9656849122215
95, 649.8289396793423
655, 649.6982234609168
2406, 649.4291619141164
2483, 647.7661607661007
3039, 647.6645228620923
3134, 647.5697167914029
407, 647.5470399504164
1123, 647.5197971790212
3147, 646.2786336334516
1181, 646.1973344265989
1516, 646.1391760414333
2651, 645.782559699946
748, 645.244685518322
280, 644.9640970386923
1238, 644.8555250048728
1208, 643.7455557907356
1725, 642.7065572863459
1167, 642.0746465986789
680, 641.9319355555675
1428, 641.877561844834
2414, 641.3388423804913
2273, 641.2755435322769
1136, 640.1637897672914
1138, 639.8305639213511
42, 639.2067401951853
3126, 637.1327037610241
1879, 637.0044442262903
77, 636.9707774870097
663, 635.7006502983315
3140, 635.2492643617429
1162, 634.957912688216
1205, 632.9816125966663
2787, 632.5106152071149
121, 632.3190277566224
1627, 630.8586218509124
2799, 630.8539124499605
1207, 630.7219034512692
1875, 630.6414082536558
2257, 630.2330224422926
1127, 629.890959268056
73, 629.3139231196466
281, 629.0891057112536
1196, 629.048440125364
1729, 628.3803281969015
1155, 627.5559575677966
2404, 627.4943072099044
2454, 627.3593607313725
1223, 627.2336924830806
90, 625.7590974645561
2294, 625.23733035943
2276, 624.8983110133632
2824, 624.7789822536862
3120, 624.6520951813063
510, 624.5791677536969
2505, 624.3456779895134
2104, 624.2455559935786
3354, 623.1523049413652
491, 622.8262915700553
643, 622.6316819807323
3122, 622.3252008154232
1231, 622.0248346135858
267, 620.7404199392978
2285, 618.5766037059265
2513, 617.382840813672
2399, 616.7062613130846
84, 616.6893305688147
1220, 614.3558086870314
3040, 614.3192741898232
1722, 613.8787870274974
2384, 613.4334395703156
3356, 612.0092811770321
2742, 610.7505584334626
88, 610.5009968205189
2982, 609.9462965309472
3350, 609.780090605992
3200, 609.3292901661572
1197, 608.6478447507286
520, 607.9806041564623
1133, 606.5623606135887
2508, 606.0261864413297
3243, 605.5715094429161
966, 604.9724198907401
2415, 604.5684544860267
455, 604.451382642962
2008, 603.6420646469626
439, 603.3379718531405
2288, 603.3017883703475
521, 603.2964197858815
282, 603.0879475189247
3368, 602.4744706220015
1746, 602.0495871586407
509, 601.3264307314577
2583, 600.9339710927715
2491, 600.0066763345019
101, 598.3309660979736
1240, 598.311930346586
1120, 598.2656824453288
2972, 597.8169898750845
1996, 597.3131549531904
1104, 596.9850534455534
2266, 595.8526639912842
2984, 595.3863581598754
3082, 595.3042950252037
2203, 594.9678376198111
1477, 594.020322211427
150, 593.2080345427455
1868, 592.7146856379901
679, 592.5922843036684
1061, 591.52732845705
1970, 591.1676260761565
402, 590.4704680352048
2218, 590.1870803467156
956, 589.001161959497
733, 588.8967726321837
2721, 588.5439877284336
1771, 588.4601539042501
732, 588.0624757790616
1695, 588.047729050344
3184, 587.2294791060294
2393, 587.1359125640656
2780, 586.3572567802546
634, 585.7310223703242
2913, 585.6686721374481
1131, 585.6283716800064
2286, 585.2773051487188
326, 585.073979188558
1718, 584.9417148674154
1747, 584.8602706344359
1685, 584.5056112845051
1232, 583.973050614449
1081, 583.7705599972955
460, 583.0869399204032
58, 582.6833476977012
3146, 581.6356982611583
3006, 581.1012770219226
2442, 580.6867618694674
2671, 580.4304093527437
2948, 580.2590923609401
265, 579.2837318811254
1894, 579.0152710927058
2314, 578.7106486314441
1646, 578.5874271633907
1641, 578.2312588770538
3314, 577.6475732722143
3374, 577.373217386567
302, 577.142369816914
3150, 577.0380595695585
1669, 576.7332285021162
2816, 576.2116129944623
513, 575.2685580881762
1971, 574.4654301485458
219, 574.2835037927476
2917, 574.0537110629839
2416, 573.7267124295961
2039, 573.3535231481413
2688, 573.0816864816119
838, 572.2423556318275
3428, 571.1907315110848
859, 569.8101723726635
1625, 569.3408909805223
863, 568.8431177412868
1163, 568.7311344600864
225, 567.9481957700041
1663, 567.7964734872794
1871, 567.7837925151088
2021, 566.5840663284059
2782, 566.4200406462764
65, 566.2330342894874
3264, 566.1226846107356
2566, 565.7281694057315
1756, 565.27872014878
3183, 564.6162043356678
2098, 564.1521507028784
2784, 563.4563410117622
145, 563.0297869376923
2755, 562.9533917811617
699, 562.1523330280774
1968, 561.4333741038574
3376, 560.9743281039217
1068, 560.8564392173919
3422, 560.7610547560989
2280, 560.4095576828126
2788, 560.0353372817534
67, 560.0130883701504
2645, 560.0127176667448
2097, 559.7944696115234
1194, 558.8679954102937
3444, 558.3862235285823
2823, 556.4988311915394
3239, 556.1282459829494
518, 555.9568903553894
1258, 555.9392516124618
1168, 555.1467495235248
1588, 555.0260246506441
398, 554.5728794323658
2812, 554.1393628290031
1708, 553.8331860679115
72, 553.4314261094984
3187, 552.5186955419534
2758, 551.6913129502437
2379, 550.993430201285
3352, 550.0927383831526
3248, 550.036390022433
512, 549.7948122282742
1647, 549.5762547862853
2553, 548.578828289158
1206, 548.4569350637362
3123, 548.2279701449592
1858, 547.6011625478765
2223, 547.5995010651106
2696, 547.276297759587
2395, 546.9504650768295
3105, 546.7400043673814
70, 545.2962191232356
69, 545.2962191232356
3417, 544.5801575403469
1034, 544.3761993982984
93, 544.0488132271608
412, 542.8920516210229
2559, 542.3387260765232
2353, 542.2575114790329
1171, 542.1761974130891
2524, 542.0120595801635
2587, 541.7334344821694
2705, 541.6706355907411
2385, 541.4445516096297
1106, 540.9535603403997
1698, 540.624978963753
734, 540.1775216784667
2101, 540.1147511542576
291, 539.4958889035398
3324, 539.478021241028
1644, 539.4272976599989
1185, 539.2914591885207
3168, 538.6388714481033
3162, 538.1218413350251
757, 537.0479754162008
2694, 536.2311279577813
2558, 536.0512953550051
3063, 535.5994766836654
64, 535.5781835337161
2562, 534.6673006303274
1135, 534.4846183082758
1813, 534.2485364792237
87, 534.036582411259
1717, 533.7220343838098
2258, 533.70076479061
2640, 533.5304334605764
3415, 533.3464105165333
1186, 533.1227694393139
156, 531.5304683892177
1406, 531.4136857749556
3129, 530.7917697088928
2004, 530.7836128598519
1198, 530.5451776793893
3255, 530.4525669106459
3090, 529.9001028481529
551, 528.7692829254885
2864, 528.7670580514024
1170, 528.3303698957297
1731, 527.6034731041661
232, 527.3140492948614
2677, 526.6190741563975
250, 526.5560959056836
1740, 525.567679617964
3392, 525.1128124994402
3290, 524.8089891647309
1682, 524.547512495318
957, 524.1299839693833
278, 524.0957472971896
2311, 523.5879041704877
3299, 522.4960326087322
3225, 522.1563700065924
2607, 521.9862944766326
3387, 521.828816281579
166, 520.7676545576127
2915, 519.9874669638267
358, 519.8582833252162
260, 518.2983639889563
1643, 517.8916025980953
1714, 517.7977453738011
1626, 517.7348763562045
1869, 516.6874474861095
2259, 516.5952525187428
1892, 516.44542272253
2514, 516.0424999838358
2017, 515.9195917783335
214, 515.8164361760781
1739, 515.2965283931107
115, 514.5473901264629
3318, 514.4446477896001
2350, 514.2757143512523
122, 513.9552395133769
2690, 513.8606508877909
3041, 513.4303121999926
2338, 513.0285740906263
2210, 512.7757898083789
1079, 512.5798021323361
2781, 512.4323824338647
1146, 511.787335861347
276, 511.67256039628944
626, 511.6642168474853
965, 511.5553237031458
2536, 510.96065531603733
2610, 510.5295871277746
561, 510.524781804959
2620, 510.14088146169667
1962, 509.91176237605276
409, 508.42626153683875
1642, 508.3937928642757
2686, 507.9106193579372
1726, 507.39682738591506
2814, 506.90411321595
411, 505.6115778322695
2710, 505.4643555965263
3066, 505.26693875321564
2102, 505.1915018685949
3080, 504.91989914203646
2390, 504.3557831975477
3279, 503.91589012015476
1216, 503.7940056579542
1719, 502.4083783446761
399, 502.3378902797855
2473, 502.1356141598206
3130, 502.10928605357793
2779, 502.0440347471314
2030, 501.6825359659075
54, 500.08621780161724
395, 500.00440926202884
1715, 499.8465446445339
2657, 499.2510040066171
2703, 497.97236214335004
2574, 497.33308056520605
199, 496.6750459594005
385, 496.226091471733
1703, 495.94057406073193
1189, 495.8466636011273
19, 495.4906269264914
1467, 494.6215000376535
1073, 493.163534167458
1440, 493.0377938491534
1057, 492.4670586554542
3347, 491.28352171565393
2295, 490.86990468342907
216, 490.55574052848374
1180, 490.3902482421585
3207, 490.2575750236852
681, 490.15791538242706
2244, 490.08978578338645
2287, 489.8706184736906
108, 489.7049371519512
144, 489.6752728190515
2571, 489.0402558020948
1605, 488.4559146989066
2111, 487.88122930962953
2096, 487.88122930962953
1693, 487.55406804661527
167, 484.21735567894575
1864, 483.88745579199644
1721, 483.8156850641145
1752, 483.77340833434437
2756, 483.6173354845812
2785, 483.2383052349765
1705, 482.97609001169207
3111, 482.88806440838033
3020, 482.87807083872553
1755, 482.60990646990615
97, 482.34205478210015
1065, 482.1186111078039
2653, 481.680851883869
3306, 480.9212711895496
404, 480.9130698495484
2355, 480.27804043353564
254, 479.9906259587196
2400, 479.6765830025044
1701, 479.103530052565
1397, 478.3190224877923
2497, 478.0437192198961
1630, 477.865557719434
1966, 477.3628921441428
1733, 476.672587316004
1634, 475.9660801939205
1712, 475.0546129129494
3099, 474.152533397652
2624, 474.10474965034956
386, 473.78511841716767
400, 473.2264561409852
2745, 473.15470288397586
96, 473.09791064477827
2152, 472.8256701823079
1873, 472.8061686075412
1134, 471.5509208963968
2305, 471.3359169924787
1028, 470.70972445703177
268, 470.66883728016154
1518, 470.4380805054251
1891, 470.35004498136135
68, 470.25814596692993
647, 469.3935703711172
2650, 468.65255960487093
3265, 468.5989990847554
32, 468.5168947936906
2971, 467.9371549124954
21, 467.1894550945616
3316, 465.9701172557585
2712, 464.6886447083862
2683, 464.1801278143147
2561, 464.1793126044034
2738, 463.45596610686573
1692, 463.04711858665434
2621, 462.82083616273957
1150, 462.44208895109904
1628, 462.2633737058035
2641, 462.1827881824009
2649, 460.57670826327507
1632, 460.4416859072791
1710, 459.78396389178675
2720, 459.2436736171145
2217, 459.105219152843
3112, 459.0137775103395
3097, 458.70545759300046
1463, 458.5855730303961
2527, 457.9828677477255
2572, 457.94347074551155
20, 455.40725024262326
1191, 455.21798423270616
2525, 455.1405207970612
1631, 454.44932596185873
2568, 454.43591039492316
127, 454.19716506633875
50, 453.8276127682408
1744, 453.66643313232726
3383, 453.57465293193627
3201, 453.4818157699088
2959, 453.13147325667165
2520, 452.5682930414151
2681, 452.2414273198045
2668, 451.88648548769186
3323, 451.3931052813133
1047, 451.0483925563033
1735, 450.96463313203236
3295, 450.0526790640466
137, 449.90576696847165
396, 449.7694455265231
255, 448.9533457129267
3362, 448.67132221110063
2601, 448.6491011344496
287, 447.2602028441924
3288, 447.10123561154427
2608, 447.033727823504
3442, 446.0326470592102
2652, 445.91648898923296
1748, 445.4261760567236
1659, 444.32883379608415
2270, 444.16726912352874
3164, 443.58595503151366
3136, 442.1560387952785
2563, 441.63950010793275
3188, 441.3105240278427
1716, 441.0943950484857
1302, 440.80395700879126
2656, 440.6910471343938
1156, 440.5633582972031
2635, 440.1275259869533
1684, 438.6432552059874
218, 437.1111832407359
1670, 436.79628025238844
1672, 436.3765822625223
2010, 436.0882560557845
1941, 435.418008300953
1633, 434.86667238516
1152, 434.29275967456823
1694, 433.58020197204735
2580, 433.39653250717816
1645, 432.99965141926805
1178, 432.8620307324166
2646, 432.12248878245833
2726, 431.9287796882636
508, 431.72866384642987
3311, 431.66219713979973
2485, 430.81171936750883
1730, 430.72705023059086
2861, 430.71344577948764
12, 430.5431613896318
1741, 430.06793254265847
2293, 429.3735198174871
388, 428.66927291519426
1743, 428.27874689960794
1700, 428.16554025006036
109, 427.11523796138954
1657, 426.9906214939847
1838, 426.9896468738273
1668, 426.363779770816
1151, 426.29797296164804
2351, 426.29044537244465
1699, 425.8842325887589
1967, 425.5400385392026
36, 424.6135133910477
1671, 423.05307648290824
3254, 423.0026886426487
43, 422.86609738931367
2611, 422.5130169308382
3005, 421.9414195766515
2289, 421.2934422360746
1316, 421.0123604562117
2397, 420.6310968483234
13, 420.3790119538966
2486, 419.892412143502
1724, 419.72295460199683
2697, 417.9580450832077
2801, 417.1951549174023
2597, 417.0306893244724
1457, 416.9288322305906
3094, 416.84182110897723
1745, 416.501333584729
2533, 416.2969667377386
2449, 415.9734829152834
2493, 414.97205671451513
149, 413.94715381250336
2451, 413.66053350258653
1754, 413.65356939442046
2340, 413.3978641354656
2466, 413.02568198695
2212, 412.7174034931536
1114, 411.22856812970815
80, 411.20655905551575
1706, 410.67397418475696
1728, 409.1777947466343
2456, 409.1018560360466
195, 408.5712773417547
2853, 408.3410916621766
1665, 407.9525663944502
2592, 407.7129188745422
1650, 407.3132080875456
2900, 407.1104923235542
1649, 406.8286686111458
2383, 405.4659502257857
1709, 405.24960092592244
497, 405.2023019350181
1704, 405.01951363262174
2658, 404.9498024291804
1958, 404.34981216882153
1734, 402.1824309610883
1637, 401.7567257995887
2283, 401.36587961426915
916, 401.34088286606067
252, 401.2748834242288
1727, 401.27365733534
474, 401.0468100743148
212, 400.6446997127059
1679, 400.6421869311335
2528, 399.03148455216325
1800, 398.82710236721715
1681, 398.3973434148794
1639, 397.70305310732715
1648, 397.61670553107575
3007, 397.3259646556525
1629, 397.0468503291991
1638, 397.04672031219974
3232, 396.9617843586154
2275, 396.2616921900564
2575, 395.0734748261441
1759, 394.83944979410137
3431, 394.68397405721095
2179, 393.0448569505608
2980, 392.96897775398406
1697, 392.07374855276066
2204, 391.3969210411004
1691, 391.2291709731225
1153, 391.065170910776
375, 390.7117356227683
2604, 390.14018345545117
2475, 389.71674143526144
405, 389.17112908837123
2543, 388.5144898328544
2860, 388.4936641871869
1661, 388.42389240633304
2453, 387.5577283841926
2339, 387.284395672763
2693, 386.7349417647876
138, 385.0294529941704
1749, 384.25545753469095
2655, 383.6626749075508
3236, 383.31101733381416
2809, 382.57522334848255
2461, 382.5467003571834
3258, 381.62456417824654
2778, 381.51773222376244
637, 381.15093439247346
2239, 380.6821777503145
1702, 380.44607105408977
2433, 380.43948920915085
3195, 380.39376086661565
3231, 380.23413515861
196, 379.8865356820176
2612, 379.7787354416932
2087, 379.03988972116866
1751, 378.7155617727557
2589, 378.1353170192139
2235, 377.99566081426616
2648, 377.84396069396865
2623, 377.1444930376527
2673, 376.514966968914
768, 376.2851508721155
337, 374.9841529662609
2616, 373.8471767725589
394, 373.54810374125293
2167, 373.0419994725905
2282, 372.79201546833787
3310, 372.4416401503119
2185, 372.3984513385277
2605, 371.97631891580016
2484, 371.93157951584607
1674, 371.62264901286466
2192, 371.4802178376861
4, 371.3819620708961
1636, 370.61864730876914
2679, 369.6702975999311
2713, 369.6616489854233
3296, 369.6307223608013
3313, 369.5897293424504
10, 369.3015267147231
117, 368.90403377779097
3160, 368.50733987486876
472, 367.96174191689937
1696, 367.64492630243126
2821, 367.5761166035092
55, 366.75776090517576
15, 366.2549951594828
182, 365.9999734835319
1635, 365.89384084591035
2531, 365.7783302385808
2498, 365.5255080790227
3234, 364.9578967807579
1, 363.22175736232555
1574, 362.77002590324446
2226, 362.452428501023
2564, 362.17912643728926
3021, 362.1005997650201
78, 360.9766713524908
3262, 360.5098947576294
1750, 360.4751084986287
2139, 360.4086859714379
2184, 360.3331980674737
1737, 360.0822791617399
3091, 359.70844359731757
2462, 359.3264423111134
1454, 359.0965302079257
2586, 358.2645958790337
2695, 357.89755426886836
2626, 357.80614928565836
2687, 357.654183687017
1062, 357.5965886926853
2299, 357.1408627179332
3113, 356.5593843596085
2606, 356.48532765620007
1045, 355.8825470163327
2496, 355.6502489052673
38, 355.516064797886
2094, 355.482048308502
1255, 355.3177505851295
1530, 354.94294503630664
3261, 354.5564402604078
2264, 354.24904612673265
2455, 354.2125229276882
2490, 354.19324815303014
2822, 353.98478948043544
3193, 353.43533660831224
2857, 353.38680413876045
2519, 352.86976150565584
2704, 352.59276961770996
2249, 352.5585599650449
116, 352.430352087375
2654, 352.17052617891807
2869, 352.06490944562955
2538, 352.0018206396271
2492, 351.83750695672
2534, 351.6586636142793
2177, 351.4978909658674
1785, 351.4696464641919
2464, 351.17485489794007
2692, 350.47122223542283
2700, 350.083156854229
2675, 349.90508983083487
2570, 349.5621476499003
2629, 349.36023300212963
1960, 348.6390406795503
2603, 348.5296527606414
3180, 348.20469989180236
2511, 348.12582189401775
1652, 347.9611426841769
2707, 347.6846308152305
2345, 347.552543524123
2349, 346.6112829215348
3251, 346.3919320079794
3344, 345.8929933295265
1557, 345.89274947853096
2346, 345.76227394196735
2731, 345.44328379896507
1562, 344.72616002640393
2341, 344.0844309367176
2509, 342.98147331145526
16, 342.91287162352785
2342, 342.75191166802506
3329, 342.6832010237436
2522, 342.6173387201441
1814, 342.30634902463504
2506, 340.50467439167727
1324, 339.6705834367291
3260, 339.6306441829535
641, 339.52833735558323
2665, 339.4876488387018
2600, 339.34124005087705
2727, 338.798535720402
2499, 338.2008964770354
2581, 337.82318204439554
1572, 337.72779851309184
3165, 337.1579772107991
3361, 336.9382746338106
2313, 336.83315988177026
1788, 336.55150157902756
2320, 336.5019463368546
3019, 335.2854899600604
3364, 334.8601615677186
7, 334.8343237493588
2638, 334.2142359975797
1576, 333.2418354212099
2488, 333.13956380641065
1655, 333.12799011265923
953, 332.9286058072246
2760, 332.80971008781376
3100, 331.7197788086187
2662, 331.19262491747025
83, 331.15862620089297
3009, 330.56853180106265
112, 330.43635331764557
2284, 330.42616474055296
2044, 330.3119971208012
2460, 330.29963959492
3235, 330.1804582549374
2495, 330.11443932551043
1794, 329.81232489704917
2452, 329.41955958997556
107, 329.4018642371027
2479, 329.3558570429488
2644, 328.9775898200038
2632, 328.6051911400668
2079, 327.9892257877277
2037, 326.000826403473
1559, 325.4712838559089
2191, 324.003097971212
2440, 323.9801454545244
1573, 323.35077776889676
2832, 323.2881382184699
28, 322.8178552618672
2714, 322.44371508730006
3301, 322.2374325272705
2805, 322.22454577297884
2743, 321.5107497020797
2401, 321.40710108883934
2698, 320.97624838070476
2530, 319.98009443961837
413, 319.52878106369263
118, 319.1541705351816
1818, 319.07811662927486
2999, 318.8893829850757
826, 318.64697422343005
2970, 318.1082424570204
2092, 317.6961651020946
1723, 317.606975735511
1847, 317.23736114506863
1543, 316.35710225431853
0, 316.34591822877206
1309, 315.6663875688886
3266, 315.65138920717806
2625, 315.50583163046616
1509, 314.8975036278115
823, 314.72187018539597
814, 314.69891734482025
2565, 313.8121460161088
2535, 313.6685708475064
2670, 312.8232192482036
2477, 312.65072423578624
2153, 312.4694050229997
1484, 311.6390816499712
2591, 310.87838897289976
1664, 310.28032396276103
6, 309.85518677965297
2684, 309.7105087261145
3, 309.7096790076917
2537, 309.60113857128056
2444, 309.2819980369719
9, 308.56725380095406
3357, 308.4917905449906
1410, 308.4214309374816
2664, 308.26682507350273
11, 308.1217017938834
2061, 307.8275968047437
2208, 307.6504555113561
30, 307.31448319038384
2598, 306.7485825643435
524, 305.93750774326
2667, 305.30451950060854
2134, 304.9865442014359
1882, 304.2485357522695
3017, 304.147915683552
1567, 303.53738115090806
2659, 303.4407946980688
2660, 303.0883980508671
2211, 302.4874915094284
3008, 302.47421641688396
1824, 301.41854586915457
2699, 301.3360047124655
2472, 300.21855317576603
3033, 300.02925799462196
2669, 299.8446228904749
2552, 299.40771507409266
745, 299.16931864976016
2631, 298.6466854261814
2405, 298.5593361591994
438, 298.416817651218
2576, 298.4098150550687
2457, 298.35489263286803
1004, 298.2599594216892
2674, 298.067579865358
2474, 297.86950274127673
2661, 297.8500237193892
2691, 297.52568725785807
848, 297.3418588365698
2634, 296.99992260496543
2469, 296.9719521130472
2510, 296.7674173317292
421, 296.4183398054627
2494, 295.9831242167074
2502, 295.65600437314276
2501, 295.65600437314276
2242, 295.54217857926926
2889, 295.2703046437152
1806, 294.9968687729781
2541, 294.85915575044015
2158, 294.6909100485444
2617, 294.4718839323301
2609, 294.2225906329738
3249, 293.9335509664509
94, 293.85299483555775
2614, 293.4918263604389
2878, 293.15840350708135
5, 292.3696540120201
3253, 292.00040733547087
2504, 291.24793414805146
2627, 291.1569015722371
259, 291.1027015064628
1418, 291.0462259221838
2476, 290.68665119427703
2702, 290.01495385564436
2542, 290.00512962444986
2448, 289.9714320386042
1940, 289.67301318834643
1939, 289.53805683795747
2521, 289.41095050053605
8, 289.4007045959369
1575, 289.38878094696963
2193, 288.9355765832878
1109, 288.8993570302081
2637, 288.6256342103057
735, 287.56800566621155
2724, 287.142128177401
2956, 287.1036224763552
3263, 286.83208486513445
1300, 285.9536686617227
2170, 285.8471164082521
81, 285.80891810658784
3325, 285.745168718767
2859, 285.7285974039335
2089, 285.66314880697195
2856, 285.6319763474615
923, 285.54519706752
788, 284.88127072295134
3000, 284.37874027311454
1571, 284.3723611971924
3215, 283.393904100093
2866, 283.1576984924032
1951, 282.95007698125744
2678, 282.41646633575
2567, 282.3124786071128
2557, 282.20924273956183
2529, 281.5326474451632
1269, 281.38370831816457
2478, 280.97537847443306
2207, 280.81780955961693
2676, 280.76583737036736
2619, 280.70505788467653
682, 280.3865920764269
17, 280.0212678695553
2459, 279.7103068746519
2074, 279.54775340468666
526, 278.85324181325836
2585, 278.69834748318976
2706, 278.51094776211335
277, 277.893050762627
2560, 277.110875185115
2663, 277.0708505523298
786, 276.46803348965534
2554, 276.39600355889075
3025, 276.38467978862667
2082, 276.28410613288565
1003, 276.2096004803782
917, 276.0496317191128
2435, 275.8212358803131
2428, 275.8212358803131
3250, 275.55557043042734
2467, 275.5054747727791
2124, 274.8853835979009
2633, 274.61435014526467
2544, 274.29508846854134
1907, 274.2253019535562
1560, 273.9472765178587
2806, 273.8918421895033
29, 273.8347095183816
2577, 273.6104081282616
2628, 273.2536050738616
1810, 272.9271065787316
1776, 272.7539794570844
2595, 272.710620813979
2685, 272.473874251158
2135, 272.4548447008148
2180, 272.042535833636
1640, 271.94976268494287
1210, 271.62901100930014
803, 271.35353412574494
1884, 271.2771636152496
3269, 271.08895536521607
2573, 271.0447516525578
2482, 270.70126967135434
2205, 270.1985549901105
615, 270.0971694783332
1969, 270.0232978713639
727, 270.0083704947599
2523, 269.9512219516539
744, 269.9404574797341
1052, 269.62312863410057
2429, 269.56716968970045
1780, 269.3690517074022
2642, 269.0522337119814
857, 269.0418968387723
2689, 268.8282956236273
3365, 268.72182273185507
3358, 268.6117702843492
2991, 268.5528549678402
2618, 268.37766378604954
1424, 267.77560398725456
353, 267.6012554847106
3326, 267.44772741435764
234, 267.34206227333027
2236, 267.090466864482
248, 266.9956684273602
290, 266.8359943334132
2443, 266.8226645109028
2680, 266.81640102531446
2545, 266.3451552725095
2447, 266.2899041796602
2157, 266.2383161339894
1525, 266.16434785970887
791, 266.11217701262444
2909, 266.0715422470672
2701, 265.85675884854817
2445, 265.72569159924103
1039, 265.673899073354
2481, 265.6347261779179
2480, 265.58627528414934
14, 265.5012497266899
1306, 265.18179789931656
3018, 264.8614334790176
3228, 264.8233161279263
3016, 264.59090917020563
2588, 264.1299822723063
1965, 264.104569380942
2613, 263.7754647896711
2194, 263.75324059616366
2318, 263.5766104724566
417, 263.5385021789912
2047, 263.4868321676047
3029, 263.4730881547253
3307, 263.1897980155009
2465, 262.818397166214
2936, 262.3858962618083
2243, 262.1787297832642
2458, 261.5518828388281
1889, 261.28860265425857
746, 261.0607960707356
3345, 260.9754106355129
249, 260.9366083393235
579, 260.8507703806317
1807, 260.59338685290965
2602, 260.4064225373094
2196, 260.37414547431615
1520, 260.00233759380626
2262, 259.9841497103735
1356, 259.9335674327898
2463, 259.8944827090596
3360, 259.83147706512574
2643, 259.441305894715
945, 259.33797115391747
686, 259.2831306055522
416, 259.11608738210833
1617, 258.88096863816344
2489, 258.7928696502531
1046, 258.75838543090043
2512, 258.4765097887783
716, 258.10858155105353
436, 258.0296556807239
2997, 257.9147683000694
1423, 257.78096674439155
1336, 257.7483391119607
2487, 257.6800854856879
1822, 257.5219056418718
321, 257.3532174026182
2599, 257.29466120027473
2728, 257.24430329406124
527, 257.19637214437
2438, 257.05388620863494
2195, 256.77646552746785
781, 256.29481323777736
1885, 256.20948316199247
936, 255.91093656049236
575, 255.87283892369146
3319, 255.81753024295963
1943, 255.14341440553784
2081, 255.05019186783775
2516, 255.01684598192983
1577, 254.7467282610822
2584, 254.6534233300561
2953, 254.540641710047
1623, 254.52260476394295
3320, 254.46519432133618
2708, 254.388719965551
1999, 254.33460195904658
2446, 253.98956405578775
1487, 253.98310268435776
1566, 253.86390813088968
2593, 253.6791211702078
980, 253.55882128947545
3252, 253.4808065492577
3391, 253.3051236126009
762, 253.20488769119197
2188, 253.1606395829992
981, 253.00344053510995
920, 252.94838053223543
2636, 252.94013795686206
1615, 252.93048424324178
2540, 252.91240128316556
2160, 252.87856469136221
1279, 252.58863386151677
1037, 252.36047811316266
1653, 252.2901908053013
2434, 252.20772735664013
1580, 251.84011382940056
2993, 251.13753624194683
2187, 251.00264730612585
612, 250.9984545217498
3308, 250.9076567728693
778, 250.8184404508694
2639, 250.6874163622668
2582, 250.39094683114655
817, 250.30376924655195
3233, 250.27936572524058
698, 250.24753064254983
844, 250.20399827173304
2431, 250.00234466657216
581, 249.89321450073155
2145, 249.5724351028659
2189, 249.49387100054835
717, 249.45671961136276
2052, 249.33571949642158
2555, 249.178769916751
2057, 249.12690118446588
2077, 248.76119011522889
1803, 248.5650574936576
243, 248.53083636269054
1023, 248.4627098707077
961, 248.39164819031794
23, 248.06579150795687
2365, 247.74764614095176
18, 247.7016189480649
1425, 247.60089470194112
825, 247.44776332969164
24, 247.3671159960118
1579, 247.28822906158834
2590, 247.165328957811
743, 247.10169305142117
2031, 247.00838764093007
247, 246.74594370590273
2090, 246.73508628728024
2220, 246.55173720264816
955, 246.4163116778561
1985, 246.3823318843138
2362, 246.36665043193682
420, 246.3517157278799
2360, 245.98688504111396
319, 245.4919953165591
3177, 245.13587669870813
2949, 244.7190969023052
27, 244.67157019225127
2526, 244.55050599358157
1895, 244.29376765220928
2468, 243.93795144148703
2214, 243.91321892365653
2142, 243.8138234300839
600, 243.7679784506412
2095, 243.70098521276543
960, 243.54788697861477
1412, 243.1866260378878
1977, 243.10411407352342
2181, 242.757688380072
1473, 242.7207388844118
1331, 242.6005660627159
528, 242.56832280050412
1038, 242.44951313918034
1519, 242.3918406555336
2914, 242.372693993774
2879, 242.36949822476518
1537, 242.08816818866794
969, 241.82693988784774
922, 241.78281059271507
815, 241.54547445703932
1371, 241.18654970562667
2450, 240.7804381537011
2441, 240.61561458979673
709, 240.37789106639988
1053, 240.2735892704676
3446, 240.23945667042676
1103, 240.1176692379624
808, 240.01384127434912
560, 239.87122160248742
2219, 239.81338237118985
2122, 239.79808777689857
999, 239.48846200027484
1840, 239.13722377400677
1308, 238.90413171900224
1523, 238.9030488258221
2845, 238.79759937888386
787, 238.74638233759023
370, 238.53636475441465
2539, 238.4860079992238
1118, 238.4293814838267
1404, 238.41047519193842
1266, 237.89890455704156
1490, 237.80066807019838
2422, 237.42927424280745
1599, 237.25797404284526
1890, 236.98756286472914
2829, 236.7222521481742
1408, 236.49773079538022
1495, 236.43027920465
585, 236.25268776841352
242, 236.24281729037506
418, 235.84467236650212
2846, 235.80108892834187
856, 235.62615145967075
574, 235.55575865276023
2907, 235.47034911601648
529, 235.38636199479623
517, 235.32022258583606
2709, 235.18532202239166
1976, 234.93814063233967
2596, 234.8747917116031
2173, 234.76882209653868
313, 234.72997296207004
2427, 234.5969584270601
1314, 234.56961563829842
2231, 234.5049636377845
804, 234.48994254381887
2209, 234.35976749423497
964, 234.33733179806282
691, 234.28249031795002
1321, 234.1632444572953
2828, 233.83225940582665
1839, 233.7905631976877
2992, 233.7545182642333
601, 233.67508966199742
1823, 233.6074145961486
594, 233.59024437971135
1594, 233.4765351258828
1942, 233.17111179544577
1510, 233.11089323417985
1508, 232.83933476587524
2996, 232.58018369277374
3343, 232.5107563546109
903, 232.46914908979355
1790, 232.42447257497378
1369, 232.38586024510008
1289, 232.3675448698464
1427, 232.356150111756
2647, 232.27084513471186
2171, 232.14655936886052
2858, 232.09933638241202
2168, 232.07163790288178
907, 231.6930883656115
1315, 231.625514730793
2200, 231.32197710746735
1505, 231.1510302365729
419, 230.97038976872983
2228, 230.87807859580974
789, 230.4670983702823
3026, 230.41889360564883
3229, 230.4141035645171
2066, 230.36956483566055
972, 230.28612352157424
2165, 229.97360225923873
2206, 229.88862298939745
1478, 229.79093294677372
1527, 229.78061391342052
3238, 229.7229317988701
2615, 229.69485645462294
2877, 229.65103700676522
1501, 229.5950278286792
780, 229.473290524554
1348, 229.22057088688965
1846, 229.1771663074151
2060, 229.06857914195257
586, 228.65392249339808
2905, 228.53149283640585
2579, 228.51200201515994
872, 228.06624141245524
1887, 227.918676929068
593, 227.83416210231394
2113, 227.6601419600602
2190, 227.26438015577364
3031, 227.221645314082
1512, 227.20368955254037
1558, 227.05329574238195
22, 226.93120837238754
837, 226.9215770682318
1421, 226.71656022888996
2038, 226.5622131779586
1984, 226.50150454102962
845, 226.49060888209027
2471, 226.41463645776756
1380, 226.20118362541072
2804, 226.17851818914247
846, 226.134746553098
683, 225.89421131808913
1957, 225.6697287526577
3270, 225.628638300131
1390, 225.57850891067525
2837, 225.3495599294179
1488, 225.07120682362415
696, 225.06363299679768
1361, 224.92131095427715
2150, 224.85276781922903
2164, 224.71549913049446
558, 224.6451579961442
2256, 224.5776745144541
1389, 224.52055650616785
1494, 224.37583038549553
2841, 224.3284499015208
2517, 224.3050481366927
638, 224.15495953573276
1426, 223.94460608593818
2321, 223.9219123177562
2998, 223.8483751509355
2850, 223.82990266668793
371, 223.72807320591963
2115, 223.70005995403022
307, 223.56671383545628
1001, 223.5618439188935
3359, 223.51165099839614
3267, 223.45430437322412
919, 223.31104504330767
839, 223.26818278031814
1211, 223.19948614186956
2334, 223.17331935175017
1481, 223.08879059055906
1792, 222.83508508479494
1828, 222.55037889868166
1578, 222.5125108354533
928, 222.42905065657186
2324, 222.33519957483935
1883, 222.11423889382482
3321, 222.10165730332196
1322, 221.98845000694794
2594, 221.98335277834434
886, 221.87940157888985
2852, 221.71318228494098
987, 221.59665268181783
661, 221.58107649507085
1268, 221.51987850650332
3268, 221.29591225427876
2500, 221.21924233444545
1983, 221.1318529147556
821, 220.9802314640289
657, 220.85647649096393
1455, 220.72298581191967
2439, 220.59355788206378
993, 220.5626128340979
2229, 220.52613968990775
1396, 220.52347726052764
902, 220.2273495114923
3438, 220.1444175947787
602, 220.1400487259444
2372, 220.0778957942065
26, 220.06423161846337
2120, 220.0454330059691
639, 219.97310053114063
2125, 219.92072812208428
775, 219.6118310236533
465, 219.54691201596611
2230, 219.53313602880806
2839, 219.37772790413354
86, 219.15002412339112
599, 219.0869762964004
2255, 218.9735540541051
784, 218.96091741099409
708, 218.8054696832623
1345, 218.80346454405142
2040, 218.77919045106418
1986, 218.74869203562926
938, 218.74785651811362
2916, 218.70665101971872
1493, 218.7039412428718
1339, 218.6868646506399
1820, 218.6653904741088
1271, 218.50488605576774
1549, 218.48692427414656
606, 218.309818189353
584, 218.1819730796892
2162, 218.1262844462127
2117, 218.11838570162098
500, 218.0932629953389
3014, 218.07158585507102
718, 218.03297672567194
3002, 217.89539761495118
1377, 217.70773843706692
840, 217.5738174969375
659, 217.54843297779246
1614, 217.48299511499118
3085, 217.4181501941337
665, 217.3202746321779
2750, 217.16412110019473
2359, 217.0701127162009
1413, 216.78063398309885
2116, 216.74481242721092
2994, 216.69058650981623
235, 216.58477716365053
1908, 216.51274012936392
230, 216.51258840657493
855, 216.39938757834582
1295, 216.19068121252258
3237, 216.1732061605384
798, 216.07140994379907
1622, 216.0602321878889
1601, 216.03563864235477
2503, 216.00045506427313
2237, 215.99697689420506
1474, 215.99160366057745
927, 215.91406202045226
790, 215.6330946615511
1398, 215.6056759638122
690, 215.49189024381798
1312, 215.4642533996874
664, 215.462704107274
1511, 215.42912862259263
849, 215.41749200730422
730, 215.41490016207268
2831, 215.25473739301202
1330, 215.1522808587052
2851, 215.07626942429025
882, 215.030445912038
1343, 215.0235394943253
777, 214.91275060658305
776, 214.90561800446417
853, 214.7996974430155
1878, 214.65612518646506
315, 214.6499102122919
306, 214.6499102122919
711, 214.429996843947
1014, 214.3857204779485
1550, 214.18104618723416
971, 214.0787288837585
2064, 213.9681593695565
752, 213.9133954223119
970, 213.83250257175885
867, 213.78162216014107
1886, 213.7260277636819
256, 213.50614802283312
1561, 213.25016882579664
559, 213.174407751064
2844, 213.0535164922015
1368, 212.99139118652445
2046, 212.6628614550151
989, 212.54624641731806
1378, 212.45452134949238
1393, 212.4508841325088
564, 212.44645195117707
1392, 212.40994883609852
525, 212.39957755778312
2213, 212.3728504945908
572, 212.2850180626959
1278, 212.1248109206684
2515, 212.06890747070443
2908, 211.95025763379311
2732, 211.88029524227048
1352, 211.83409306549657
1273, 211.76810078879026
59, 211.62158000066393
1825, 211.56548849744695
892, 211.4697151584652
1555, 211.46218360515263
785, 211.42085020614604
1829, 211.2844896439858
723, 211.1960283381936
1815, 211.07821843154872
2361, 211.01308742839
1417, 211.00993690248959
577, 211.00343306794719
850, 210.9184201313433
569, 210.8959248624927
1920, 210.7600002518779
1420, 210.68982991022224
1422, 210.6693463419243
1500, 210.64452274046448
2058, 210.56795258852867
770, 210.53856034561193
774, 210.51105180140885
847, 210.4916369135904
713, 210.47270134924304
2376, 210.22293050962077
1539, 210.1676726975187
3346, 210.13172128326804
1544, 210.0899381432277
1804, 210.015434129284
797, 209.98300993878001
1006, 209.97881429867067
3045, 209.9669484977017
1475, 209.92286869802916
1293, 209.89535548500382
1902, 209.68997640048934
1926, 209.671769171022
689, 209.60083631030327
2036, 209.5950844160093
1285, 209.55309329087905
1400, 209.55275850118326
2366, 209.40550631554007
573, 209.25465023176093
918, 209.24647451868134
2888, 209.2290941958604
2166, 209.1576812716178
2682, 209.04771299740517
1164, 208.95921844823755
240, 208.8248088662985
1480, 208.78777936636
1409, 208.5773999929075
822, 208.54272492007456
2121, 208.2602899791135
1370, 208.25760535871373
2369, 208.1682837849221
3272, 208.0905796777112
2141, 208.0210565104242
992, 207.97670923717112
2254, 207.87313752958238
364, 207.87205212549807
1959, 207.70188517942242
231, 207.5962825041096
779, 207.59587804016752
2227, 207.49814230403533
3030, 207.490530465318
2245, 207.48247794140298
871, 207.20189357652896
1280, 207.17336779375213
2198, 207.01275565876807
2903, 206.9234214903287
636, 206.8679122383363
2547, 206.7832616003094
2154, 206.73625356950419
879, 206.66122177645596
1411, 206.62347110740157
2881, 206.59314796584403
2898, 206.35684716998537
983, 206.23605960304448
2131, 206.14051032864026
876, 206.09412210174546
2830, 206.01655426412938
2884, 206.01518055564998
854, 205.96184329342333
868, 205.91744455152457
635, 205.88628635887827
1419, 205.81596880067414
1830, 205.6637458384548
694, 205.61574959707707
937, 205.5726804667494
673, 205.5345234058598
3044, 205.5255027021681
1909, 205.48933863682373
1491, 205.44084875476145
2899, 205.44072942566888
741, 205.39707836153843
1367, 205.37802159468725
2470, 205.31538603439986
1989, 205.2898908909135
2199, 204.99964196895544
1498, 204.93387961146433
2163, 204.93380772661382
1817, 204.74821008729356
1346, 204.70666803655365
257, 204.6435128614842
2114, 203.94185355867447
896, 203.93648038966745
1403, 203.91545524239908
2246, 203.90205249156958
933, 203.89961583881126
614, 203.83361139137628
1835, 203.7661539949682
1382, 203.72137925302303
1915, 203.66435588387924
887, 203.62433560356732
948, 203.61440156189607
2148, 203.55532368175668
323, 203.46164251429948
311, 203.46164251429948
2578, 203.4038551191217
693, 203.34451498285017
597, 203.31484613459773
725, 203.2690932644583
1372, 203.25759349529818
2043, 203.23953466511676
672, 203.150313680753
755, 203.07773497113766
236, 203.039342349419
253, 202.97859646653671
3363, 202.9082093979847
900, 202.90579921408386
759, 202.874001623454
507, 202.85811885630204
2432, 202.78343308037824
935, 202.77917871687978
1888, 202.62809220729204
1831, 202.53792067093093
1904, 202.43144395695572
763, 202.25413774553462
924, 202.16654635983392
946, 202.09338923519675
764, 202.0920279271301
2323, 201.9518228932844
714, 201.87487933604973
1277, 201.81283601954993
2875, 201.79355945138255
2423, 201.77742475497683
675, 201.73129346544474
2882, 201.67878230347154
1906, 201.49565660666377
1841, 201.45904090801736
1458, 201.40973072925635
963, 201.39683144033233
645, 201.38036361766032
567, 201.37773691637994
1387, 201.37218008350717
2842, 201.36337788579507
2319, 201.2957934280319
2123, 200.96800697098973
565, 200.8966626803406
2146, 200.86554132838762
3271, 200.84342098112464
1618, 200.72736801510865
1353, 200.63832379763673
2897, 200.58101436340434
2216, 200.54734685667836
883, 200.53076065284472
1288, 200.51084899609722
346, 200.4300714642931
1791, 200.42087888503022
656, 200.41289483116086
674, 200.36345217391136
766, 200.335920600247
1405, 200.14197646616006
1328, 200.06438156277198
782, 200.0568427212814
2138, 200.0133569120446
1374, 199.9821320686111
1292, 199.97804234321228
646, 199.95670342740087
2430, 199.90629425945073
942, 199.8980183329235
1595, 199.80568732532578
985, 199.73529841779492
312, 199.6114111758986
870, 199.5846433819842
1415, 199.55136171855415
1388, 199.53180719241107
704, 199.48209266330772
1486, 199.47759939495606
728, 199.3838287510471
1327, 199.3571419190435
461, 199.27194202288857
1036, 199.26704702955064
3240, 199.21899328717907
1801, 199.15404589305805
1772, 199.04847410516325
3043, 198.99888023144817
1291, 198.98665320590845
2063, 198.80795262584815
1981, 198.80136712945398
351, 198.7684302553294
697, 198.7481452527541
1944, 198.6838930075996
800, 198.55951534349347
459, 198.4664990341504
984, 198.4447695365598
2891, 198.3314262860057
568, 198.30685757505148
1357, 198.298986829495
2169, 198.24213743414822
1340, 198.22856735805155
742, 198.18367683703508
31, 198.1700274008609
2202, 198.10261731563438
959, 198.08250843061074
761, 198.06612082168078
783, 197.98558455215087
1782, 197.9675863520354
603, 197.9081382506652
1391, 197.90736951819494
2840, 197.78743814885848
1524, 197.7344875255151
1018, 197.6959665560148
2854, 197.62705400286808
3242, 197.5636743921655
1499, 197.53537260883454
1275, 197.51548359003044
2725, 197.47680977665016
2331, 197.4628403806663
1270, 197.3984292264849
720, 197.34068279112748
347, 197.3015256277516
932, 197.29288855930173
2085, 197.24209046110076
1272, 197.2285671517607
3037, 197.17431993418535
3068, 197.10748192049851
1934, 197.02671847689527
1323, 196.96620160102788
1789, 196.80054783755878
813, 196.7799796811835
1992, 196.72875907988694
1548, 196.7171331626634
836, 196.65036673154503
1506, 196.6113083534427
660, 196.6005631290756
897, 196.59544887761626
1021, 196.5422609039506
623, 196.5031792384503
324, 196.47367991101785
1297, 196.44657625182506
1905, 196.38174870201243
701, 196.32576627945045
246, 196.2847916657746
740, 196.14734160771445
2410, 196.1414535613425
374, 196.13520357819317
640, 196.0573254288999
827, 195.96257875787379
3027, 195.91168885736073
63, 195.87910041139259
2130, 195.8115816838561
1563, 195.784386174273
705, 195.78019275402187
1554, 195.72093016954113
3038, 195.70297371165265
2183, 195.6300932224828
2119, 195.558870661864
750, 195.5370517073805
796, 195.507741050987
2833, 195.48945183371072
2849, 195.42133774597335
2136, 195.4008132711447
1294, 195.35482977711982
616, 195.32458258050954
908, 195.3102011501768
2233, 195.1222674279139
1982, 195.06069385831367
2129, 195.02778977751825
986, 195.0152096393722
843, 195.00737977843622
258, 194.85290070058448
2718, 194.82181844029134
1020, 194.78598951212695
2175, 194.7104648662593
925, 194.66151692646497
799, 194.59484599425264
2569, 194.52330191307806
792, 194.40554848269238
962, 194.07317448278368
1927, 194.03956541992284
1265, 194.01803110000623
1318, 193.88883547033902
934, 193.76706251278637
1009, 193.72869917669445
828, 193.71579877442187
707, 193.6760702361241
1598, 193.66847480236407
930, 193.5065307174801
1453, 193.48753295900877
3256, 193.4484239269979
1809, 193.4411276983338
2847, 193.32733091114508
2232, 193.30923121670918
484, 193.23291960278397
692, 192.97432532159465
3448, 192.94771453477415
2373, 192.9079108351033
2946, 192.89232452461786
422, 192.87583298503722
1479, 192.8570969668204
905, 192.822708290065
1469, 192.74023731831804
801, 192.5651668615244
2140, 192.4981765871569
363, 192.3050868860519
710, 192.27168440596833
1329, 192.17752402273302
722, 192.14158658948665
1354, 192.04231202115537
1836, 191.87651893838517
1786, 191.87534334574107
904, 191.74385454745612
1819, 191.6687699537056
2375, 191.6637410916496
2947, 191.62307313945033
566, 191.5062151864478
1673, 191.4831341173285
1365, 191.47577531270116
350, 191.46222556530347
967, 191.42800424987158
754, 191.3584571458969
2176, 191.30268524611657
977, 191.11325608807095
1779, 190.94637902122932
1921, 190.78748887108333
241, 190.7691879446255
1808, 190.66963523087537
2377, 190.66705282197626
1492, 190.6339069132383
1485, 190.55539661396213
2672, 190.52550418950062
834, 190.49130248616274
926, 190.43156394754962
238, 190.2534548573098
893, 190.18552081477839
973, 190.16064057937925
2336, 189.9641456153631
576, 189.93121744279932
2222, 189.89945898232025
3034, 189.8450257285841
1930, 189.72991780674772
314, 189.31498857576017
824, 189.28359977326323
1022, 189.24032830137278
1949, 189.23871472307366
2133, 189.0906579038385
1620, 189.05725554830823
596, 189.01430437146192
1504, 188.94735336542865
1935, 188.8733878597335
2910, 188.81820365252025
1837, 188.6201446512659
952, 188.4677425921707
1928, 188.41894807730483
352, 188.30602748744434
2403, 188.2873028341206
3230, 188.26965982924574
658, 188.2580373307355
2826, 188.19741600832532
1320, 188.1532934942009
1282, 188.13008702918427
320, 188.03762527596055
111, 187.92872496943008
1414, 187.8011970971346
1954, 187.71623559869968
1582, 187.69217712522524
1777, 187.67881652834907
477, 187.67323895292913
911, 187.563191373803
765, 187.5622002039049
2325, 187.41017725900804
1799, 187.38834661545317
729, 187.331741322566
1900, 187.1370399545429
2950, 187.0750607334085
1898, 186.90848410501764
1319, 186.90777637346093
929, 186.8912186306673
2247, 186.86306563327608
2876, 186.76280884213645
1950, 186.70341331913852
1470, 186.68801878888485
976, 186.661716389075
873, 186.65940050986467
2144, 186.65816700278438
1778, 186.65526496108012
2426, 186.64751050253597
1591, 186.62101426559408
2322, 186.5185092496177
898, 186.46007813658645
931, 186.42924213786577
706, 186.36840703858516
810, 186.344445608618
910, 186.32596479394056
1017, 186.20964885686473
667, 186.16237702344873
618, 186.09354530062706
1007, 186.08773198419058
1332, 186.0413670582125
1351, 186.01739164150374
1326, 185.84616781878017
1010, 185.81371453578615
342, 185.80309093803135
2126, 185.78964585654768
880, 185.59405002272612
979, 185.57358247993264
994, 185.50800026561998
270, 185.44275154787903
1394, 185.32419818103608
831, 185.3185441107576
865, 185.1814740282267
2327, 185.14127802513968
724, 184.99184319295335
273, 184.9608537970338
2518, 184.89950405891327
703, 184.87784595742974
1953, 184.84236143636684
1476, 184.7959696930802
1832, 184.78475756893846
269, 184.7232581476733
702, 184.71551791412296
239, 184.69736754534247
1402, 184.50451717822537
633, 184.50168499720223
325, 184.4488777425903
2902, 184.40920844891403
644, 184.39275302715046
944, 184.36462820349988
2425, 184.3579955966679
712, 184.35502903319838
1540, 184.26998960235184
830, 184.26812339885146
2367, 184.233752712751
2436, 184.17984746774556
875, 184.16790392097212
1416, 183.94751612225167
1385, 183.91950544778214
3257, 183.9054327814904
2880, 183.85175807478225
943, 183.84312733884695
1827, 183.6981825746703
866, 183.68613354890687
1362, 183.67885338939658
899, 183.64847917376994
982, 183.6011586429095
2370, 183.58634334152669
1569, 183.54744285246946
1286, 183.52537942208082
632, 183.41297007925272
354, 183.3536076621819
1304, 183.27996628905717
958, 183.27840649290783
1335, 183.24571924371546
1311, 183.02876351180456
2172, 183.01552920362948
891, 183.01356306547422
1769, 182.94923882845657
1359, 182.94537843529997
184, 182.93850303691855
1366, 182.8432156057571
807, 182.81458876109565
2251, 182.71324707879285
1483, 182.68573336970607
1489, 182.6616714328271
292, 182.6279911533742
2156, 182.57574488139937
1568, 182.54531393739768
1834, 182.35585263942593
990, 182.3036310375947
1551, 182.29771462058636
1011, 182.29251896909173
2186, 182.23812778769863
1932, 182.2341091003126
1080, 182.1216926666442
609, 182.10787495846222
666, 182.04455872652608
2330, 181.82437061449937
1383, 181.8166583825354
604, 181.8056993453483
3012, 181.67751859699425
668, 181.66936925562436
858, 181.61636653867137
2874, 181.61271473324197
2317, 181.57372083704783
631, 181.4523936187807
1529, 181.40572540210914
949, 181.4045847418496
996, 181.338386549481
1401, 181.33534995330606
974, 181.20084906981927
3024, 181.1434460715107
1619, 181.13122398436502
1325, 180.9368614316272
2197, 180.8144285038547
2000, 180.8012764683954
684, 180.7502721406999
624, 180.7502721406999
1303, 180.62665312531797
687, 180.54231914485732
653, 180.4780610858985
1307, 180.3646856415322
1522, 180.32306345547536
598, 180.18369634827394
1008, 180.14132056606357
3022, 179.9760436662059
998, 179.96745868740382
648, 179.96745868740382
620, 179.91339738660756
1281, 179.9036558073678
1016, 179.85441365580556
2149, 179.7930643343299
1342, 179.76943661719645
3015, 179.757801925451
2201, 179.7183595687503
1528, 179.6412044823512
954, 179.63425944073109
1341, 179.3340688932371
1507, 179.2641074180542
595, 179.19633055094124
819, 179.0295113519847
1192, 178.95831109172607
2532, 178.93935339303178
2132, 178.9015876114926
245, 178.89451466708553
2326, 178.78789590004095
1918, 178.7801347977907
2281, 178.7509388119564
721, 178.72885008229613
1276, 178.66167892212061
1305, 178.5636389063697
1774, 178.55611272714262
229, 178.47578736060368
1535, 178.4601933216951
271, 178.4483840427088
1606, 178.3832276654408
805, 178.34542639651502
2127, 178.34204266627256
1055, 178.3076579672851
2151, 178.15168296461667
1015, 177.925117954587
688, 177.86759746360391
1787, 177.82105591186053
818, 177.7516727018138
2437, 177.69304881191377
829, 177.5025899413747
975, 177.4469501525914
1376, 177.29319188757833
1903, 177.2812994201719
2159, 177.23008830924653
3035, 177.14882742693956
1956, 177.09343584855145
753, 177.08752805621765
726, 177.08433398598828
1496, 176.86552780411333
2332, 176.8563308002261
1948, 176.7941901008624
1503, 176.72952997719392
1344, 176.7068261787204
1937, 176.706245870459
1317, 176.6482550392954
1482, 176.6187680303419
2834, 176.58844495404375
888, 176.55259283603436
1284, 176.53896368275494
1916, 176.51640362405467
1833, 176.5162432972687
1296, 176.41261776499653
700, 176.23467321670753
1783, 176.04719194980848
1333, 176.0234511859613
1946, 175.98856466354007
2225, 175.87972690158955
756, 175.82237344733497
361, 175.81937418796664
662, 175.76099167772242
2147, 175.6947503255609
2906, 175.43772367452883
1621, 175.42880196161414
1399, 175.34564221488836
3450, 175.32524008378746
1952, 175.219007472137
1922, 175.1160498581289
1407, 175.10558042591026
1654, 174.92691036747826
1044, 174.84066904910418
1497, 174.83198016771414
327, 174.82910678109556
2556, 174.76577259990884
1990, 174.68548813743269
747, 174.63949437171613
339, 174.58713032534894
751, 174.37497052287117
2161, 174.34845580884135
2895, 174.3477621339586
771, 174.33535066434203
1051, 174.28931289137202
1896, 174.27524637957404
1767, 174.24300328625017
1386, 174.19275667138356
806, 173.93630973130365
842, 173.9335483512577
571, 173.90864872228644
1472, 173.90676446073564
2835, 173.89931636848058
2868, 173.81215697549078
605, 173.66617317764226
1897, 173.64490647195396
2215, 173.58271737549245
621, 173.57045577483277
340, 173.53538870425203
1766, 173.40052843942425
997, 173.23707333509594
968, 173.2121148409825
715, 172.98050371075092
2221, 172.88261322877224
1556, 172.8800017958262
33, 172.87188137768908
2178, 172.86828877301468
367, 172.8114249051489
1570, 172.75560490586187
719, 172.6707414799702
2112, 172.58180249368425
1471, 172.58150078095406
317, 172.5169399047713
309, 172.5169399047713
2250, 172.4201618409741
2418, 172.40991696040325
2328, 172.31644347362885
349, 172.30557240754476
3273, 172.304738382016
1019, 172.2300002711293
769, 172.0379632280728
387, 172.03107747398025
1056, 171.83512534794997
1793, 171.82461884294415
812, 171.72071821820126
1565, 171.67942721244142
442, 171.6635670269152
1165, 171.66314663709738
1553, 171.60645456092914
1375, 171.50932820816854
1929, 171.49068231050646
1013, 171.41232201744617
1349, 171.33480424390459
185, 171.14632716041714
878, 171.03994203857462
2374, 170.9782575968295
767, 170.93339376441477
2241, 170.88242302126451
2932, 170.8607431771515
318, 170.76565866527565
1538, 170.71165037698242
894, 170.70152640572374
1796, 170.6090821634685
357, 170.48766610403413
3001, 170.46886706689148
695, 170.40661147002635
366, 170.375652312717
2174, 170.30897419396402
1093, 170.0115691264488
890, 169.92579131440343
1395, 169.62733302052197
1936, 169.5422472470862
2329, 169.50698143314912
1899, 169.3726793884301
2843, 169.28433943211948
940, 169.28376233073402
760, 169.27788292995785
1757, 169.18574729890182
947, 169.17721772029392
360, 169.06949733112134
1360, 169.03366933479995
2128, 168.68709396378947
739, 168.55704363313006
490, 168.53876721915503
1938, 168.43336359947386
627, 168.37350276174018
1805, 168.2983594604602
2893, 168.1033582009334
570, 168.08022486076598
809, 167.58631658041918
345, 167.51333074211735
811, 167.50803871043482
60, 167.43452415961934
877, 167.35379353596537
2054, 167.2502370627446
1363, 167.14462732139856
2155, 167.1280097937896
244, 167.04128141547085
2253, 166.9234233447716
3282, 166.6399577946256
978, 166.6157478378213
1283, 166.57972528202907
2363, 166.57650367330024
1313, 166.48587511497772
869, 166.46327300250476
1797, 166.41006115480968
835, 166.40312880059005
2883, 166.37444729753332
3451, 166.1488592167663
305, 166.06743322006022
2420, 166.04004178093138
1917, 166.0332644026364
2118, 165.94792251667195
3224, 165.93120548244022
2901, 165.81777912554517
915, 165.6954543194003
2234, 165.65643619687333
2335, 165.60124070143468
1592, 165.51613581974044
2886, 165.45802731593463
308, 165.42019085782292
1334, 165.1662105863269
1092, 165.1317849051063
3013, 164.93220865393977
348, 164.9126549093317
1338, 164.8538115989052
1923, 164.6714087596943
322, 164.6433110024485
310, 164.6433110024485
995, 164.61894318702258
587, 164.6084541154464
1955, 164.44274027296743
1988, 164.3919865463902
359, 164.37862431161358
3023, 164.29661635301952
2729, 164.21237204575945
1609, 164.19322571437897
1337, 164.17749207696275
2137, 164.13908932986465
1924, 163.92622367011256
2182, 163.83980171749835
758, 163.7747122410403
921, 163.7448644547606
2885, 163.60276665957323
2371, 163.6002374082107
749, 163.5054151026016
950, 163.4704471872116
2368, 163.45289512661836
610, 163.39792882646015
1546, 163.37458206475742
590, 163.24629909374735
2887, 163.2146058615253
2848, 163.17292898893066
592, 163.04131453001912
1945, 163.02232453376575
625, 163.0021764305681
1552, 162.91940553880755
652, 162.90987495039667
2892, 162.8129298026783
3011, 162.70030766494634
1816, 162.62988591909794
589, 162.45294967747765
2838, 162.32384930731243
3449, 162.28713772586107
355, 162.1942760094172
1933, 162.11956061446898
833, 162.10350548357258
1972, 162.08597628197884
1901, 161.96021857436102
1812, 161.916655124134
622, 161.5763336082487
1545, 161.37975502869617
1802, 161.334847866643
2035, 161.2388216011308
941, 161.22680140219953
1987, 161.1463101253194
578, 160.79967070476235
889, 160.66739377341088
2836, 160.45112884270222
2944, 160.29653585401098
1602, 160.27286642417138
991, 160.22396427868765
2827, 160.19125811202397
233, 160.06519318705264
1054, 160.02742581085715
1000, 159.90158574040785
1845, 159.90027456857655
1798, 159.85063957877242
1947, 159.81404597732123
874, 159.79566215176973
2995, 159.6870250635934
1843, 159.5628292147387
2316, 159.55420429922407
2001, 159.4259130434273
1763, 159.41563126922708
1290, 159.3761566870662
343, 159.16740019577597
630, 159.05702094770035
3218, 159.0098938949233
1350, 158.96302395469604
1310, 158.73906239068148
951, 158.63192226669614
988, 158.59552507966745
223, 158.1352828193897
1005, 158.10215336135397
362, 158.0324791842057
1379, 158.00774257001925
2357, 157.86428369832885
1844, 157.8221306551068
25, 157.702119620239
1384, 157.63777933275892
841, 157.32863806819466
2896, 157.29271887226784
617, 156.93926704542616
909, 156.5749678648524
1775, 156.54947983683925
1547, 156.45720363579426
802, 156.3904866158711
2855, 156.38487624333024
1795, 156.279444112043
1826, 156.0580591814436
1526, 155.7698883659803
1821, 155.73719702472297
2945, 155.72908978375693
2049, 155.4465075951217
1541, 155.38070016669218
187, 155.37533085769786
2894, 155.21929314267166
591, 155.14807977392408
341, 154.9539037655872
2924, 154.56550266832056
2711, 154.2108310660665
356, 154.0710284280444
3309, 153.9982077273826
1762, 153.81493103150487
794, 153.78847524678937
2402, 153.4980425806527
1842, 153.37863147773322
1012, 153.33458662404968
2890, 153.3310203270012
1347, 153.32533176433472
772, 153.17756075488055
2248, 152.9142178559892
1784, 152.62636200388692
2358, 152.57010082203925
1373, 152.56632216749853
49, 152.42301136507427
1355, 152.31620938990747
2333, 151.9251884013647
1613, 151.62658410035428
939, 151.17465697309845
1931, 150.93390650791545
2062, 150.67410774147618
2935, 150.60194966864938
2364, 150.54513070107205
1616, 150.22486152612723
1764, 150.1301563387589
1542, 150.04418335257415
224, 149.9619108923738
629, 149.71787420474024
628, 149.60438519679764
884, 149.4968819880928
2042, 149.41382721253797
1919, 149.0842816201823
2904, 148.8609180492556
286, 148.71204774260445
1781, 148.58404594627703
3220, 148.55943656126576
1768, 148.52450694033274
2143, 148.49170745955425
1861, 148.4136115990851
1532, 148.38932539132054
1190, 148.20869747061255
1765, 148.11163839228684
1274, 148.0813867127391
344, 147.8924793875337
3036, 147.51857829987318
489, 147.21731308962958
2051, 146.11893328586845
793, 145.75802756783884
2107, 145.67287154772717
2912, 145.51821245435326
2067, 144.75912210820388
226, 144.71299027961769
316, 143.62358638166822
901, 142.89451434846293
1287, 141.7050905825754
1564, 140.85451277731295
1536, 140.1804747872122
1267, 140.17241954115846
2925, 139.83828078990396
2923, 139.2295785834862
1364, 138.6471279222104
3219, 138.33647139894168
1048, 137.95490020138797
3216, 137.74366214533646
3223, 136.34004166959397
301, 135.05615716373342
3221, 134.71713668893452
3222, 134.1722558148701
2072, 133.82253373433005
3217, 133.11990584041646
1049, 131.94293693270126
285, 131.58234969120204
2931, 131.50440208539922
1358, 130.5905248217013
1925, 130.06034627078444
393, 129.6231480116776
2871, 129.3067190337805
2084, 127.48367975011112
1863, 126.02067186250399
2940, 126.00459302606042
1050, 125.44823493856846
2929, 125.37014160603685
2922, 124.93960223245367
2928, 124.79369975184954
795, 122.73896454224993
1158, 122.28326314224066
2926, 121.34327567275302
2937, 120.31972204085551
2952, 119.77365170724737
2872, 119.31574131115272
2921, 119.18272109537838
2927, 118.86683948430611
2911, 118.60705906087532
2938, 117.25584092147803
2933, 115.80567177076794
2939, 114.26321463139834
2941, 111.89210685541649
2934, 111.21597664224582
390, 110.49395035234207
384, 110.27509913908116
2954, 109.9874207837378
1534, 108.34027384136614
2957, 108.27923926918048
2073, 106.93781968788723
3412, 104.87000892944863
2943, 104.24934907037296
2955, 104.04991376622691
486, 102.27989530260717
2930, 101.8951050453188
2870, 101.83357743816649
391, 101.41710290967154
2873, 100.66803859710365
403, 100.06237820190856
2942, 98.08076871017823
2865, 97.93354305181506
1064, 95.64885051195782
516, 94.98510957733873
1468, 94.8687889017333
3145, 92.04885669061368
2867, 90.97474499784414
3411, 90.812246912621
1862, 90.44908565312464
1264, 90.18913467385188
2012, 89.75116138440538
2739, 89.2503506344091
1157, 84.69319208349287
519, 84.6684932185259
493, 84.14092691721478
3121, 82.00221343308078
183, 78.5100759712201
3161, 76.58252582560135
1612, 73.04111129394481
