1998, 2852.3223960290297
1061, 2740.9157446030863
160, 2691.262574874124
103, 2662.039363541353
3390, 2583.3939473913247
133, 2471.366417906648
2775, 2456.2647994977547
3127, 2451.514493388279
3406, 2447.2797298278847
1431, 2423.3248858027023
510, 2374.3396993841175
2399, 2370.0682752289727
338, 2357.78660524006
1225, 2347.9366346281677
3096, 2317.8312917514622
2977, 2296.39173331619
1123, 2295.253688952878
1220, 2256.268392298294
1078, 2236.8783878473723
2972, 2222.131108005433
304, 2218.9888746830097
2787, 2192.0127855673563
2761, 2186.4095793553383
2967, 2177.964070397183
3376, 2174.4380213842687
3140, 2168.440768111863
1224, 2153.3974940815647
3374, 2138.655250780625
3328, 2120.3891071192293
3338, 2117.5525922584384
3060, 2110.139672725994
3138, 2081.2598102663023
1108, 2066.8803496822825
3067, 2064.062492170588
522, 2053.9283990549557
553, 2044.298635975578
3074, 2033.2422248122998
3087, 2025.176700685397
1227, 1992.613637590739
2719, 1980.0228888248819
3397, 1977.104239120316
2976, 1972.5353234668355
3116, 1970.4704835311727
1097, 1965.5951739249028
1207, 1964.0929237188063
190, 1960.557294276496
2770, 1955.8627661963906
3349, 1940.9336535730386
3337, 1931.7997075687051
1441, 1926.7048128185127
1251, 1925.409706772499
1222, 1925.053917972282
3126, 1918.029260319738
1428, 1915.2677102412595
3076, 1913.2020829917326
179, 1899.41269534425
3417, 1892.5001860680297
492, 1891.8806717228413
3081, 1869.4868318000338
1446, 1867.5675566355185
3103, 1864.8633237081697
1155, 1864.803759157146
3124, 1863.1128372875637
3122, 1857.9948439577754
3152, 1854.3322023140727
1257, 1840.817929303612
2762, 1832.9765362831367
101, 1829.1702033265053
92, 1828.8856850480577
1435, 1822.490332713322
3356, 1820.3250906502715
3052, 1818.6948575591593
209, 1818.1289277147828
1881, 1815.9769471037457
3156, 1810.8483100775927
511, 1808.7055853085426
3109, 1803.566681778641
3330, 1798.5579037157925
3088, 1797.022996229856
3137, 1796.6259857874925
3075, 1793.9958050865225
3141, 1780.0356439044808
1195, 1772.2734378678572
3157, 1770.5351105801305
2007, 1768.971677295225
3158, 1766.5277321325427
1217, 1761.3820208176987
2097, 1754.0430359841685
3053, 1746.0322580845075
3154, 1740.9709591543904
533, 1729.5696546387612
177, 1725.2608082558852
3104, 1701.6556199021732
2421, 1693.9419736805748
2815, 1688.165293216846
1068, 1682.3833100834174
1298, 1670.304662946285
3427, 1660.2839332599012
545, 1658.6529458505265
2065, 1658.2541924902807
3355, 1642.5836954430913
498, 1642.290848563952
3414, 1640.2734634444623
1107, 1637.4278819163846
3387, 1629.5940461740415
2028, 1629.1761266891963
2395, 1622.7515432462724
3335, 1620.0887109778653
1120, 1615.1908053288114
3117, 1612.1094614715482
1116, 1608.5924781203541
1240, 1599.6953832854033
499, 1598.868539282781
3377, 1588.2314862774233
2384, 1586.5967201680276
1996, 1581.4555981932845
260, 1580.9587375141361
267, 1577.4509862226328
135, 1572.3908315104745
3368, 1569.1964479357005
3428, 1567.7866047480632
1773, 1555.6532165274923
1138, 1548.089918818057
2023, 1537.3316033758683
3102, 1528.6229177179846
205, 1521.882847526561
89, 1513.2236639218663
1034, 1513.0183238904256
3399, 1512.2488509900652
166, 1512.0989060228476
3351, 1511.8413807213426
3375, 1502.4302851266443
1246, 1492.4972311810782
541, 1489.661990660284
1059, 1474.656898129049
3430, 1469.9779012930787
1962, 1466.5338843643863
65, 1466.2481401956586
1188, 1460.3594621339191
1436, 1453.4276670629135
2796, 1452.4686416211532
64, 1444.2409072378887
3342, 1441.5499666803307
1514, 1440.1555670408152
1125, 1440.0363704637234
431, 1435.3418872336028
1588, 1414.2585043704141
1229, 1412.1110947849725
1440, 1393.0973448077034
1176, 1388.4125814526312
1438, 1385.3107146450836
1073, 1385.1195372557333
1254, 1376.574480344713
2913, 1375.4240536821178
358, 1375.0101917368913
131, 1370.3983329726566
1167, 1365.8620107823604
2392, 1364.0461160947214
3367, 1361.153100830785
369, 1360.1317240840365
3115, 1359.5399012926073
1713, 1354.5817258567495
1250, 1354.4306932947707
2304, 1353.1090025576098
1216, 1352.413317858484
261, 1349.0896337386112
3366, 1347.7548005203396
1223, 1345.3158423463237
1864, 1343.920759183138
95, 1341.3277043090977
2771, 1341.1791500395964
61, 1338.856436855431
72, 1338.2621314569462
1213, 1337.385382920007
125, 1333.041995816428
67, 1331.8323283534032
3392, 1311.7418638957884
1974, 1311.5631647700482
2414, 1311.3803978887113
2915, 1310.3688404918644
1242, 1298.7356511802107
144, 1296.4991689513276
120, 1294.9393651755324
3131, 1291.794582494654
3441, 1290.93547014464
2799, 1283.692660779282
113, 1280.2093235062598
192, 1279.8136447217435
2978, 1279.67290006318
1813, 1266.5460973127088
3422, 1262.4722047722926
172, 1261.583768813349
1961, 1258.26640510426
1127, 1256.58643907433
1070, 1255.392776852215
3400, 1255.328505653293
2716, 1253.7431789422599
2268, 1252.0235219420024
1261, 1250.8462035186135
2014, 1239.699953881983
268, 1232.253201115344
3420, 1231.0741663371894
167, 1229.8864123044473
2971, 1227.6385239835467
1148, 1222.9137285211714
2, 1221.966564621816
1112, 1220.929607773658
2813, 1211.7351251524008
121, 1203.8128344642705
2752, 1203.4837090318172
1656, 1202.1253436357813
2982, 1202.0536840286097
90, 1198.9631937232245
3332, 1196.8032479648582
2396, 1193.686149985623
1198, 1192.2643607356656
1095, 1192.0911316930317
105, 1189.0317289766324
93, 1188.863385573658
1194, 1186.2656998186383
549, 1184.5573480790258
2960, 1184.0871602405373
2550, 1179.5545865585948
536, 1178.5543260430202
115, 1176.0954229001763
1099, 1173.2458575858316
3028, 1164.5449525206661
552, 1164.5238188042536
91, 1164.4894771688546
2984, 1162.9367758154171
3003, 1159.9039211334593
2347, 1158.4800949938087
463, 1158.431777833587
1065, 1158.4137757346891
1131, 1157.544122330393
1593, 1153.0713161731146
70, 1152.3566698763082
69, 1152.3566698763082
122, 1149.8528549829268
99, 1149.8430428630847
279, 1149.3584589939542
543, 1145.3295547688526
1449, 1143.5818437853613
3398, 1142.7272505067565
1101, 1142.4853978024628
2975, 1136.8312389035846
2974, 1136.8312389035846
2769, 1135.0321705058216
1447, 1131.383390521529
1253, 1131.259387159655
3047, 1130.3614820853168
97, 1124.7305352657895
2400, 1123.9387243905403
3333, 1123.4874467807224
3078, 1122.0942424819857
2080, 1116.6805063875954
3139, 1114.0224712602517
1201, 1112.8563857773763
3132, 1111.7865065470532
1855, 1111.3174885431824
3372, 1107.4804663518184
1133, 1106.5510676146146
1196, 1104.5096138371243
3322, 1102.3240374647594
1139, 1100.3785716657187
2412, 1098.2847556777472
1175, 1092.7908349256422
2387, 1089.4796010501384
1180, 1088.3456141122035
1663, 1085.5614658897564
1302, 1084.309239012635
3425, 1081.0259855586678
3153, 1071.8652270396508
506, 1070.200469928729
1136, 1069.580305298019
3198, 1069.2245624071054
2273, 1064.8060287932753
2730, 1064.5353047674805
2411, 1063.1148800308563
3164, 1059.3164399488824
2010, 1059.127495970558
1182, 1055.6985508913285
1149, 1051.7264914425484
1860, 1051.169246075375
1160, 1045.0948569854427
1667, 1043.6040593248013
3394, 1038.9752134323305
1096, 1038.0466290441987
1212, 1036.7978456843848
3280, 1034.899657785457
2862, 1034.2288330965243
1658, 1033.6629978090862
1857, 1029.8563114827357
1214, 1027.5713901085514
1135, 1027.4546462251603
1586, 1026.958707237095
1589, 1024.4368057919312
1137, 1023.8580144212697
3410, 1023.2309309369028
1209, 1020.730165690777
1156, 1020.7278246711287
1042, 1020.3068264576741
32, 1019.8581104896598
201, 1014.837991287047
106, 1012.0226290689025
1041, 1011.1701481697099
3188, 1010.9820795424044
2919, 1009.8681395919162
1181, 1008.7483355425032
1115, 1007.522354554538
1163, 1006.351952129611
3393, 1005.2756305392408
96, 1002.4294040807733
1088, 1000.997943513891
383, 1000.8823301988405
110, 999.0475148907362
2378, 997.9611787470873
1145, 996.3257840644925
1596, 996.1947861001335
210, 996.0190865189667
3048, 994.2734864991713
2009, 992.7128962889083
1197, 990.7910283706246
2765, 990.72371815646
1236, 987.6647129152519
2794, 982.1184460333093
2800, 981.9468819671768
155, 981.1255610626005
3286, 980.4633663867018
450, 979.8242941753991
3125, 973.9448172169357
426, 973.2214428312475
1678, 971.0245949721325
2551, 967.423141459401
1168, 966.9848216103263
1069, 966.8137798723317
1662, 966.5105863294255
1761, 965.5997322899873
520, 965.1303160288585
3291, 964.6817410980375
1208, 960.3623809581414
1852, 959.5613477465622
128, 958.1370061098349
2344, 955.6860282217642
2798, 955.5763351287799
2753, 955.1977043936666
2819, 955.1553576636975
283, 953.9432850504993
1760, 950.6167533619362
3061, 948.2601734784987
476, 947.2730944660583
502, 944.0423623553472
1083, 939.7707154328687
2861, 937.6398951195526
68, 936.9988395572373
1025, 936.9126476880334
1872, 936.603235651824
1151, 934.9946492993475
102, 934.3598465908168
1147, 934.0923086713381
542, 930.2909199823426
2290, 928.369514845114
1067, 927.7914265331583
1477, 927.0945297672494
66, 926.3314005404333
1186, 926.0822988856441
3396, 925.4082766075625
3429, 924.6063178858435
3334, 924.1689904743072
3073, 923.0824768489033
164, 920.3242258731524
537, 916.9351128204313
2900, 916.7339313688327
1856, 915.8565347563812
382, 914.2028532226601
1406, 913.8786065892834
3418, 912.0507677236312
1711, 910.465652110247
1688, 910.0455060880884
1174, 909.0865666329535
154, 908.3982955279353
1867, 908.1004780860222
2417, 899.8622836872267
104, 898.3511690295749
1141, 897.2478745397996
3086, 896.1707176406685
1429, 894.8650634244468
1178, 894.6433554708573
3371, 891.8756300492613
1152, 889.2557836275341
2413, 887.1980010354944
13, 887.0652373306682
1128, 883.1956596926761
523, 882.4108913322285
916, 881.7829294610622
1154, 881.6648549671584
487, 881.105838178828
176, 880.3991361900765
1445, 879.0070683086864
3421, 877.8434476015035
3416, 874.798937951852
2269, 874.689947809918
264, 874.4878565347152
3106, 874.2008822884225
2351, 874.1257118533578
377, 873.7759075938578
3395, 871.6751361218793
1457, 868.4279648287354
1146, 867.6955808595246
3196, 866.9790964926908
139, 866.0393669644266
1958, 862.6033905804416
912, 862.1781388750685
1144, 862.119405760093
1130, 861.398650290544
1226, 861.0833714348587
2969, 858.64562798986
1179, 858.3438605970871
1632, 857.3656645933644
2803, 857.1598814340555
1241, 855.6361195422421
2388, 854.7557925814909
1397, 853.9339221225894
12, 853.6642815321209
1134, 853.2539523115314
1031, 852.2407068078235
3378, 849.6763999430564
197, 847.8789221721906
1753, 846.7046837273313
1460, 844.5257330701563
1430, 844.5165037544738
2717, 843.8325204779151
62, 842.0421503655191
151, 841.1628411164626
163, 840.484952951825
3339, 839.0073351754065
3402, 838.6476508016509
1199, 838.0210799799488
1113, 837.9738742903306
1978, 836.4693872448153
3431, 833.0708981018188
1153, 830.4582404440434
114, 827.0241919393503
1218, 824.239399119353
550, 823.8796807489443
2110, 823.0008265440878
2754, 822.9513719946156
462, 821.3784776572478
1074, 817.3383537744791
547, 816.3871243024444
109, 816.2403685150027
1094, 812.7108961669304
1973, 812.3579119615691
1150, 811.2715041989925
504, 809.533401401483
53, 809.510931363264
1091, 809.1888170148793
171, 808.8175296599068
1245, 808.2608760174435
2715, 808.0666562680708
181, 807.7885240141433
1838, 807.7685105715797
2275, 806.8758510833737
446, 806.5204952839931
2398, 805.1042412350431
1262, 803.560604854137
1811, 803.3393854499083
3064, 803.1416254698466
1849, 799.638792969982
3369, 799.5880612306563
530, 799.5473464102288
2056, 799.2323347248687
2958, 798.9207626064018
1437, 795.1828131426957
619, 795.0483123528098
1634, 794.1638043206285
1979, 793.9032679036303
2797, 793.5564194605975
1660, 792.7445517043361
1060, 792.7090109406181
2860, 792.3043148265566
2069, 791.8534721265983
423, 791.437003132108
2068, 787.3331930661299
1590, 784.836168428937
161, 783.6447986472114
1597, 783.2386955233902
2295, 783.1069356415355
2968, 782.7568383482732
108, 781.254870635875
1299, 780.902706346113
3381, 777.2837563157699
2990, 776.8879687452827
1605, 776.3043532208974
2973, 775.6959173485915
132, 774.634612449906
1693, 771.1517453530425
1683, 770.1027382592214
1876, 766.7530163073415
469, 766.7298143287684
538, 765.8646494376245
3405, 764.5570059591761
1247, 763.2292947299597
1301, 762.9149516693429
2983, 762.7600775357008
2818, 762.4820331024839
2100, 762.1789396413603
1030, 762.1739345848379
1607, 761.5021100903421
1865, 760.9225369788879
2337, 760.2560072935911
820, 760.0913984888687
514, 758.0997371783288
3373, 757.8497203266342
2783, 757.4842792192968
3058, 756.7932133582407
336, 756.763543783833
3119, 754.8823196672487
3166, 754.2065043149653
768, 752.4940686396108
1027, 751.9440271236206
443, 751.8324929828934
1248, 751.6213133617288
2303, 750.9439125408569
2350, 749.5572721079652
1444, 748.4857452710307
1089, 747.7584372611163
1189, 747.2625174011855
10, 747.2112949339761
737, 746.2862338972209
1316, 746.1929756606489
1219, 745.9308764165922
178, 744.522683544318
2309, 741.6674526876446
3407, 741.4518820643101
851, 736.9224986286999
1736, 733.4268424820535
3382, 730.7834549914019
119, 730.663335958771
1661, 730.3157473285348
3436, 728.8533794795625
2192, 728.3670490885683
1043, 728.1476811451272
1608, 728.0095497458335
2270, 726.4202061691684
556, 726.1162572516766
157, 725.3653694422068
1117, 725.2056864019512
182, 724.3532369954484
3353, 724.0640954083633
1800, 723.7811771844337
3227, 723.505206279038
454, 722.8275876091243
2071, 722.5824407560823
373, 722.5087225853094
1450, 722.172858868562
45, 721.0830455258339
1709, 719.8584472576119
397, 719.6616423264157
1035, 719.3446881790559
3277, 716.9176371282448
532, 716.4437015578184
3331, 716.2037469444407
1200, 716.0438159744333
2763, 713.96051852322
3049, 713.708413769372
1694, 713.1044293960623
3234, 710.4533793579084
2406, 709.6713370203478
3181, 709.5487667204002
1467, 709.4364956192585
3423, 708.6855173629033
2966, 708.5371838091031
174, 707.6508700113551
289, 706.496186340784
414, 705.7395667346952
448, 704.9006952664747
582, 704.4534456843651
1465, 704.2565254167549
736, 704.0263364455898
3108, 703.9687765510371
430, 703.9179107761463
637, 700.5146118195106
4, 700.0734038515568
1119, 699.7839461362937
153, 699.7012109761498
3070, 699.0855273768012
159, 698.8878381885709
215, 698.3569344295099
3310, 698.3269659491714
2105, 697.1394720488998
1183, 696.7928955645118
2099, 696.5375242599554
227, 696.2917804190043
481, 695.2070006400671
117, 694.4310737989605
1911, 693.1529749739846
1442, 692.8808700916906
3072, 691.6273171110356
1255, 691.0335339023695
1206, 689.6688585371777
2297, 689.5532812557552
76, 689.4415393421133
146, 689.0803122971216
2801, 687.682036720509
3408, 687.0544970472497
2792, 687.0170754945929
429, 686.6857283692228
1079, 685.755629928818
1170, 684.1720473512837
3077, 683.1072265462885
3303, 683.0916390745135
1085, 681.4826748571745
432, 680.5113199685208
2033, 680.2821288867168
1193, 680.0659953722477
262, 679.6673648500087
1, 679.2111097712855
1866, 678.4698945459464
1230, 677.5124830419005
2985, 677.4996935238239
2356, 677.1666659157224
505, 676.4063644681734
1124, 676.3580674219563
3370, 675.7497679525712
1169, 675.1571337843801
3155, 674.4184074729485
3340, 673.4274417962367
3385, 673.3319307833676
1040, 672.5465210829298
232, 672.2032230121451
2731, 671.0775199437478
169, 670.0975622412226
41, 669.4272935382064
3317, 668.2697752867983
3118, 665.1828633192099
296, 662.3373875785571
71, 661.2201685846378
2733, 660.6687046455526
1126, 660.0850997574339
3055, 658.2187897924994
3089, 657.9005751852982
1531, 654.4473605466624
2979, 654.3379957198136
2315, 654.2004222677378
458, 652.7814585028837
3046, 652.0558441530809
1584, 651.7280490835573
2548, 650.9303712410189
3107, 650.783501026834
2409, 650.6103572563422
1191, 649.840882315023
1689, 649.773535511734
3247, 649.4539712815405
1600, 646.1980496437196
2022, 645.4897647484977
124, 645.148522497839
1651, 644.7348290903535
3004, 644.5781938374917
1075, 643.4425125507619
2408, 643.1919930020081
535, 642.4460084024357
1086, 642.2737045519747
207, 641.2400558291116
1072, 641.2375541363423
3148, 640.8718204883262
457, 640.3461383288054
2777, 640.3112985308396
2271, 639.6049741628423
1234, 638.7620080741925
2279, 638.6016812871679
170, 638.3268215097305
211, 638.0219545458992
3135, 636.7976989038035
3114, 636.0379529580795
1448, 635.0665885314228
2382, 634.6298163549286
2433, 634.498955217545
3437, 633.5528746182342
1110, 632.7898157371493
40, 630.3365614859521
1964, 630.0795891622483
2918, 629.9742935090252
503, 628.5880114787044
1814, 628.51158330991
2015, 627.6523069493288
368, 626.3252079076052
1239, 626.0911416591756
263, 625.9190430981135
3302, 625.2674626753346
3419, 624.5808294939108
2394, 624.2498523151289
39, 624.065169379511
2735, 623.6746836116477
1066, 623.6437859568426
554, 623.5003094120168
2265, 623.1236318908033
3401, 622.8823115884934
2386, 622.770817988086
1173, 622.2644904666062
1676, 621.4888933259303
221, 620.8155722101227
188, 620.6464571745004
2747, 620.546078646981
7, 618.952693849379
557, 617.426864120816
2857, 617.2232734776273
3388, 616.6853610246174
1624, 615.9602065476167
2053, 614.7986266152402
1603, 614.7648027463409
2312, 609.8369865880845
1785, 609.7740030879852
1585, 609.6631453224396
3275, 609.3667403329324
2791, 607.557116780903
284, 606.7982389009481
334, 606.4441180980664
200, 605.1869383448075
3054, 604.0452305704403
1583, 603.4619765151681
1719, 602.8589596519425
482, 602.6065142655543
202, 602.3934768362467
1324, 601.6242565153985
3341, 601.3853774691369
456, 600.826776479057
3069, 600.0615733412875
180, 599.7898827159926
2807, 598.7889822726743
1026, 598.5050766326915
1215, 598.4208064364988
1464, 598.3553212733689
158, 598.3198792627954
2302, 598.2625651264293
136, 597.6958399462022
539, 596.1947487679762
2274, 595.4904008762983
1166, 595.1314948983543
2986, 594.3138421479109
175, 593.5889502109588
2964, 593.066003269621
1454, 592.6261401492993
3379, 592.5477951843291
494, 591.1473668519253
501, 590.5091967681565
1533, 590.4925306443765
3236, 590.0535552836077
3191, 589.9462126871682
1994, 589.9253790443119
251, 589.377714341855
1062, 587.2372746802782
295, 586.7622539614384
1228, 586.5284484157462
1071, 586.0118782667748
2740, 585.5710305505113
1202, 585.542025533735
671, 585.090672480017
1462, 584.4128584200749
2050, 584.0868211461353
3389, 583.0612074217672
2832, 582.7486097608233
3142, 580.8208274924207
3403, 580.440333824102
112, 579.3850442475934
1451, 579.2074558072957
953, 578.8836862717435
107, 578.4514473545568
1518, 578.4306120473988
531, 578.2678983793825
2805, 576.7681702419793
2301, 576.4085150361778
437, 576.3766089046445
1132, 575.8111571049744
1638, 574.982856403637
1788, 574.4535009538843
3179, 574.0308989558703
1610, 573.8158296056233
3167, 573.4879351612443
28, 572.9599299036115
293, 572.6305676838115
2737, 571.9265823977937
1187, 570.5243304992661
333, 570.137337690104
116, 570.0806896530535
1161, 569.4014509857066
1975, 569.1210775622562
329, 568.6052240823277
444, 568.2601338737992
0, 568.2036293915168
220, 568.0914197260804
428, 567.6395032822182
1032, 564.6468658127958
483, 564.0452962454924
123, 563.4230053670332
3409, 563.3288835403708
152, 563.1231416880383
2963, 561.7563771077791
2260, 561.6031353709933
641, 561.4230296710538
213, 561.261566235674
2961, 559.8000702795514
2191, 559.7545779660902
1848, 559.457343582699
3210, 558.9039013459146
162, 558.8442231173516
1851, 557.7998907521667
669, 556.8073766993954
3189, 555.8353200332846
303, 554.8040104111996
2070, 554.7843667364369
860, 554.6827684947399
642, 554.573371715112
1076, 553.8278107721096
2292, 553.5270853488333
2772, 553.3807596029565
2989, 553.2671956083499
2424, 553.0167393276523
1233, 552.5123241177251
1090, 552.3746835101344
2764, 552.04316336074
98, 550.2869441839556
826, 550.2507430524297
3205, 550.2196675458991
2999, 550.1645038747125
2277, 549.5332720795894
2018, 548.6775240961132
814, 547.6214903791174
2075, 547.598812158434
2320, 547.4901429645106
2059, 547.2411462339722
3169, 547.1384630926214
378, 546.9775113487331
1794, 545.0705930542823
3235, 544.5298033410415
3010, 544.3178931560046
2267, 544.2946849522564
453, 543.4499956680809
3009, 542.950236119677
1912, 542.62079896803
3203, 542.4279390528476
2348, 540.9495679967126
11, 539.9232122781315
1129, 538.9720046319851
3065, 538.772589095045
3, 538.5497002714865
3445, 538.2256578543854
2006, 537.8962831937359
3032, 537.5408291930488
1452, 537.4575570102015
3404, 537.180745872184
1309, 536.9934490943353
3426, 536.1142435019881
1818, 535.6190067521726
2746, 535.6064914875502
2103, 534.5709802550572
392, 534.2053899096853
524, 534.1961571196622
2088, 534.1031851774311
3182, 533.7780694557006
332, 533.4918408890711
1997, 533.3470534371253
2055, 533.2047342010849
3172, 532.7722209084849
1432, 532.4637185197727
37, 532.3452861909481
30, 532.2364694508203
832, 531.6375263789857
546, 531.4129495555969
1143, 531.4087096013483
852, 530.9695311602113
823, 530.9350331248683
2306, 530.5522027562257
2011, 530.5127656904612
142, 530.4291466996715
1263, 528.6185939203095
330, 528.0693380384344
118, 528.0277320170869
186, 527.8373174018043
380, 527.5002830818872
3212, 527.310356795005
773, 527.0174766999808
2298, 526.848205159833
9, 526.7671294632714
1260, 525.5727605805242
2790, 524.9911289652982
1456, 523.9380769920342
2308, 523.5854233809295
1963, 523.3255859178972
6, 522.8928103967907
1980, 522.8417405289103
1995, 521.9221640037208
1252, 520.6388705500051
410, 520.1074635139784
3149, 519.9165007747453
2086, 519.7929486030724
478, 518.8225264283717
864, 518.7117281960061
2389, 518.6243777273646
1203, 517.7789988582292
467, 517.5276113569627
1723, 517.3069409643217
129, 516.8175072582652
471, 516.7716962701048
1259, 515.4054529373475
3017, 514.5150619570763
3202, 513.3596623095518
677, 512.8336352919014
441, 512.5854313458005
331, 512.2475697824582
2310, 512.1085729670277
1509, 512.040574090594
2016, 511.56548559280174
2380, 510.3809073892715
3447, 509.33685794866307
272, 509.1319832025778
3174, 508.69938397291156
1991, 508.3883797986377
1410, 508.3355409192955
2153, 507.33689042835215
2208, 507.298021696782
3434, 507.14581515198074
3285, 506.47590379642475
2300, 505.9547198601938
2766, 505.2985215165731
2962, 504.99205515884256
3281, 504.8382512032691
2774, 504.7351941590477
2786, 504.1545649243413
2355, 502.82760090013187
3128, 502.8181703672742
297, 502.43263224038736
2263, 502.108041765579
1098, 501.9089660378157
1466, 500.63915282100066
208, 500.60295923645407
475, 499.59889514397815
451, 499.28282040392935
3424, 499.0174923174542
2211, 497.8792011709565
1581, 497.5437013226697
464, 496.86752339561787
2026, 496.86166343162466
365, 495.7593865501317
2134, 495.36294198463963
3298, 494.6172358383403
2407, 494.28302841058706
1690, 494.194065477136
3386, 494.08782620118114
2296, 493.634500817661
130, 493.6247006679506
1111, 492.9992085220228
3214, 492.43172756604434
168, 492.1758624306669
1484, 491.4561381190298
3190, 490.1745398871043
3056, 490.020538715208
848, 489.53736234048654
2889, 488.15408277230455
1004, 487.8976677537427
466, 487.3088293610224
2863, 486.60344102774525
5, 485.17640927586365
204, 485.103954783881
735, 485.0110905480716
731, 484.7769149184412
3185, 484.679027843288
2757, 484.2256970862664
1882, 483.68321462326963
2987, 483.64377315705855
449, 483.31248376236886
79, 483.09045908927794
3173, 482.9943095246539
2252, 482.76561698722736
2029, 482.56888403719887
3175, 482.44563715843043
745, 482.18396153409054
299, 481.98019655022654
2759, 481.7858609834297
534, 481.55820834967307
2734, 481.0600589612535
8, 480.3365284458002
2817, 479.9259878458151
496, 479.0257992419945
94, 478.6781742829227
2024, 478.52515562275113
2158, 478.47911287172366
1184, 478.269364480431
2083, 478.0907719938294
328, 478.06506144569704
2878, 476.6506178299655
488, 476.5986545098162
1770, 476.1163520952302
1077, 475.81183048043795
1806, 475.6401244163766
583, 475.4356522282297
2767, 475.3978004284768
1824, 475.1436990838819
3300, 473.5825308380296
147, 473.4572665028411
1459, 473.08253538378375
914, 473.039829485158
173, 472.8728370801041
1517, 472.74037202876315
2744, 472.51670318941086
2242, 472.28108686996103
2109, 471.4134088208805
3098, 471.40859521558895
75, 471.2362719273951
3208, 469.70571434262934
259, 468.70693765722217
1177, 468.53986041957626
1140, 467.93438424968355
100, 467.84321152828153
3226, 467.57200970661836
3057, 467.15004440530697
3110, 466.95083979285477
3244, 466.6996659963564
2193, 466.5806230301597
2032, 465.6710311202017
788, 465.6327890386774
1574, 464.6497189017675
1893, 463.7766549191436
1940, 463.38796168493843
1939, 463.2737989300654
401, 463.13578545048534
2352, 462.8998177649407
2027, 462.6935356883307
3215, 461.8948782640089
480, 461.7756165117241
2820, 461.57227065961325
335, 460.56922027522916
1029, 460.30808746822
435, 459.97499805607595
738, 459.93631096317495
3000, 459.5184723531302
1562, 459.4613159832457
3283, 459.28238356175615
3245, 459.2629324576948
3440, 459.14516506734714
415, 459.10469930817425
1256, 458.8723021950566
923, 458.4625626070498
2078, 457.8708972990073
2076, 457.5356299275235
1850, 456.64795069610744
3093, 456.31752197642965
485, 456.2797980740196
46, 455.66320546298846
3292, 455.57779623411415
193, 455.53638173745725
3042, 455.5293508369876
1443, 455.4740976676742
203, 455.26828891304194
3276, 454.9801235567535
2722, 454.9451342702525
1172, 454.9419055026235
2091, 454.8602703683765
2381, 454.2963486498764
3348, 454.1807869124004
2261, 453.8690466362601
1142, 453.379022357229
2859, 453.1332640133167
433, 452.91696436456573
2748, 452.7083006593162
1418, 452.5655067876359
2266, 451.67620582152057
470, 451.52153322994513
1587, 451.2921965269947
2776, 451.06643449574835
1105, 450.9298692592229
3159, 450.4956248598503
2224, 450.3924470423376
2013, 450.22748730355585
906, 449.96425984625006
650, 449.81339156103155
2856, 449.7681631619889
479, 449.46804941265424
2965, 449.46179085516627
2354, 449.18113729195477
440, 447.738123637616
1604, 446.99546836748755
540, 446.25117681870137
548, 446.03528568581305
1870, 445.9544824091704
2278, 445.89272251059936
917, 445.47297918702276
2920, 445.46072753611065
2207, 445.2202920561858
2045, 445.2013214781476
2170, 444.7278963245411
1880, 444.6737835643337
2825, 444.3934220977596
1572, 443.9545937545145
913, 443.7604986308395
372, 443.6964921986655
2751, 443.15031841193144
1269, 443.1337464705701
682, 442.9638766986336
1951, 442.33842956852703
2507, 441.91999301432884
588, 441.4482358797462
608, 440.4765591390682
1058, 439.6762614583558
1434, 439.21865330532864
1433, 439.21865330532864
1853, 439.20088451274995
786, 438.7294268793561
126, 438.50160268989043
2806, 438.4973114319811
3025, 438.07413553548673
2773, 437.1588448881904
1100, 437.11940909084
2223, 437.07459515666375
1003, 436.3027200593595
3293, 436.137077255545
425, 435.5293732803382
1675, 434.64044457383096
3297, 434.6085777209346
861, 434.39248097335275
1576, 433.994518750076
48, 433.73983300332577
1910, 433.64803321826
1611, 433.26130368860174
288, 433.21389408592717
495, 432.2732932372917
2180, 432.07586358253644
29, 431.8858872764255
2124, 431.6258412135382
676, 431.4210050755599
1087, 431.23984225057245
52, 431.0517906559231
2311, 430.75678264564164
468, 430.5048049564812
2135, 430.4889918397469
1907, 429.6612094154135
2020, 429.6132452893553
2205, 429.56385921337255
1640, 429.10777511517864
191, 428.81606781340906
189, 428.56430568716036
217, 428.39387371265457
2276, 428.11135832370104
544, 428.0562418717543
1210, 428.015665917616
1502, 427.3191290899956
1235, 427.12277024342103
34, 427.0536675078636
3209, 426.88246746081177
1780, 425.8024029607817
1884, 425.52568570182746
2988, 424.6368153565962
353, 424.6046260943256
3176, 424.55843279964364
2622, 424.4093737492664
862, 423.6440058887239
206, 423.6204252101979
857, 423.20113343454585
1573, 422.8084105389525
148, 422.5540627617079
803, 422.5424279330958
51, 422.19987474947055
1063, 421.5344869124951
2723, 421.3684236352754
2291, 421.2982703347414
1204, 421.2732352202534
615, 421.2245919340234
3435, 421.0130579019422
1521, 420.8694404997235
1513, 420.77244399057014
744, 420.6368754627986
3079, 420.15553892214166
1221, 419.8842465468199
1914, 419.5706268691201
2768, 419.33003329452384
816, 419.24779790265586
3083, 418.97004265478796
274, 418.88918405847767
727, 418.49571421075814
234, 418.4018661186351
791, 417.90641647652114
1810, 417.8881745859909
2435, 417.5788084107489
2428, 417.5788084107489
3071, 417.39044649125276
1159, 417.2604041182452
1993, 417.2487387158263
2236, 417.144628334422
3213, 416.96678198706263
452, 416.58106694594704
56, 416.26095613670327
3287, 416.0630987892579
562, 415.86953245907057
2981, 415.7471784258865
2019, 415.20844938213037
3269, 414.10514476309504
526, 414.0874201597804
3018, 413.89029253305796
222, 413.0643096741134
1859, 412.9338155759323
1776, 412.5346210775336
1039, 412.3605622321084
3029, 410.7266170414451
2802, 410.4693972481097
607, 410.43554529438063
2429, 410.43455548950647
3151, 410.0365677589022
1543, 409.7504662684701
2272, 409.5307839270299
1680, 408.87170578727313
1913, 408.0389669655812
1686, 407.5269178515125
3016, 407.5137633708232
3259, 407.4998717616999
1237, 407.2655909844485
2991, 407.05800459295153
746, 406.32058644577177
2025, 405.6068577685516
1567, 405.52634056461557
881, 405.3801354807045
3084, 405.18457676765223
406, 404.5334251575349
2285, 404.1835817931508
579, 404.1185921605882
2157, 402.91448299188943
2194, 402.66223065239154
1525, 402.2113331599438
1381, 402.05500650951683
44, 401.61198799095934
1306, 401.12964261445217
1102, 400.9173306028113
2936, 400.3736719580695
3050, 400.3121146101415
685, 400.0837157182701
424, 400.0433206966422
389, 399.7532562847279
3006, 399.6223349103494
1807, 399.57153222374603
670, 399.4827214597504
2262, 399.2188798432721
1758, 399.2160898276549
421, 399.2076682973851
2810, 399.09071152964174
1732, 398.8788061668799
686, 398.8461087494488
1885, 398.0962379735869
1033, 397.9709725785702
3051, 397.747103898906
945, 397.5969465004234
3199, 397.27347822320826
2318, 397.0191677835476
2243, 396.9799080036293
447, 396.978797538403
1356, 396.53451040929673
194, 396.52177120069535
1707, 396.1323457500971
611, 395.7531400341203
198, 395.71126408521286
140, 395.2921215745354
2195, 395.26264816874027
1666, 395.22029449974326
1249, 394.54345411387834
515, 394.2465074215639
2196, 394.1550216767061
1244, 394.11624411425197
1243, 393.63803982630986
2005, 393.41857832912996
2419, 392.9803581877192
407, 392.66498271907335
1822, 392.64884653409973
3315, 392.59452420111944
2391, 392.181414832686
716, 392.089997456824
2343, 391.8778433610783
381, 391.4134135244438
3246, 391.4016370286249
3274, 391.21799899483636
2741, 390.98738810455075
2257, 390.9622101649233
3192, 390.3247071559523
3439, 390.26987915879994
2546, 389.8916643117146
266, 389.4639699838474
2811, 389.4074219921752
165, 389.15190580607106
321, 388.9775923095641
2795, 388.97363118104397
1617, 388.8384586816858
575, 388.7408256721168
2238, 388.48228038381603
2187, 388.4532671298009
781, 387.9464441298599
555, 387.89827285936093
1515, 387.78656028578126
1336, 387.54756356425395
2307, 387.2592989582632
2997, 387.2584539897843
74, 387.25284655504487
3171, 386.8471475006566
82, 386.7091175760185
143, 386.68158367056185
2438, 386.6805050305747
275, 386.40539578241237
2188, 386.2808979874402
1002, 386.0082328713042
2041, 385.886177923812
2108, 385.7490520391028
249, 385.36224397029844
2549, 385.29141931104675
981, 385.2624431762499
1999, 385.1017382489183
2953, 384.6792324746951
248, 384.64944470524745
3413, 384.52526679661463
376, 384.4828759800975
1461, 384.44059034897805
1943, 384.44000704565315
228, 383.9761619904915
3178, 383.7608472578362
521, 383.57883232653796
2415, 382.7461715293382
895, 382.4642246628355
980, 381.41347894680376
762, 380.71958881618093
2160, 380.6251207951394
3336, 379.7306900458344
1854, 379.6312993906066
844, 379.4316845807443
3133, 379.0803907331005
2106, 379.04726595427866
3241, 378.79814497060386
3278, 378.3441972660702
612, 378.2940174399693
1571, 378.2404072728049
778, 377.8344078757798
3233, 377.81735516699405
2736, 377.8071013454435
1575, 377.68171668452396
2189, 377.3584449414935
920, 377.2280415683813
47, 376.9876937828112
1023, 376.92238692302016
1084, 376.9160802384882
85, 376.89838198827994
698, 376.85852400516893
651, 376.212679052901
1615, 376.120940308191
2034, 376.05429954145717
3432, 376.0524501083653
936, 376.0242957957367
1985, 375.9003374136314
3092, 375.8547027439879
1742, 375.7721033546508
581, 375.5971775539746
1082, 375.0716508516797
2993, 374.9820884613357
134, 374.32229400607724
379, 374.12932257764453
654, 373.87408884925094
817, 373.7539628390528
1653, 373.7522737217072
2808, 373.5394196333781
1024, 373.25435141378847
3319, 373.20049606955394
580, 372.9727969173253
678, 372.91623844102105
1720, 372.73386554235526
445, 372.7175232848653
1738, 372.4899575567625
2951, 372.4766788980383
2749, 372.43428385868964
3204, 372.4282149844094
527, 372.350684944699
2294, 372.29343060359133
3170, 372.1485378803442
3384, 372.00761054041146
1677, 371.5811357803673
2145, 371.47687853727354
23, 371.43007722777105
294, 370.9678387665384
717, 370.9474338746865
3144, 370.9307816208942
1279, 370.59436036684815
1623, 370.41154119401125
825, 370.15610422572234
961, 370.12416424203576
3059, 370.0498266790659
1122, 369.9900680446041
1081, 369.8691007847969
2286, 369.81649032315494
563, 369.76195568395735
2218, 369.73728746963195
1205, 369.55645385237017
2630, 369.20715858937973
57, 369.1682153877486
743, 369.1364971445078
27, 368.91291868687046
1687, 368.0148628198507
1037, 368.00423417950367
2142, 367.9166070641313
2360, 367.7442502960584
2949, 367.59273105025665
3433, 367.33822723380996
2365, 367.2635765838809
885, 367.0541888197954
3062, 367.0493091686038
3194, 367.0243918859612
3101, 366.8118113731041
1877, 366.8023910078723
1121, 366.7560862597486
3305, 366.5543248929714
3211, 366.2909757317641
3143, 366.1329377538994
1803, 365.78793648302445
3095, 365.19110673035516
2362, 365.0656422823154
680, 365.04672580572645
326, 364.8427566540898
955, 364.5718766558732
402, 364.4973820966053
1771, 364.3752980890672
2210, 364.19676636768565
2220, 364.1618796467155
2483, 363.9867245063077
3163, 363.9627065136671
2793, 363.8740116112919
2095, 363.58157804083936
319, 363.1136634539353
3380, 362.94707655243263
24, 362.9448216738497
1439, 362.81926643073894
300, 362.8093102574524
1162, 362.78344749769127
77, 362.7510324458375
815, 362.0486183733941
613, 361.9684649037687
2789, 361.67064374473387
3206, 361.58435657069253
1725, 361.2835766166367
2259, 361.1885178656665
35, 361.0883144697023
600, 360.85023248398574
960, 360.84059948410436
141, 360.7253976659117
2431, 360.72181424436627
2003, 360.4805750288377
2214, 360.38597056208835
237, 360.3573645162548
427, 360.3320369498732
243, 360.0581640814363
1331, 360.0019065651645
3304, 359.6944223665193
3039, 359.52578376454113
2416, 359.3773026357281
3186, 359.3521627863438
2879, 359.0572861489731
969, 358.7684175837375
247, 358.55221648971957
2651, 358.31809393868065
3197, 358.30973335024316
2434, 357.9486650183519
2666, 357.84892014084653
1238, 357.45946814527827
2845, 357.2995696001881
3312, 357.26009730206994
1412, 357.09289771520406
2513, 356.33844695053165
649, 356.3306183220545
3320, 356.3073999605267
3350, 356.1413659873897
2093, 356.1314577701002
2048, 356.0964834997332
298, 355.8089682221601
408, 355.7865863478224
1627, 355.5903972147113
2454, 355.4002290640633
655, 355.30358785149843
473, 355.0021866963441
1516, 354.95356691941987
2122, 354.71327592858023
3327, 354.6923835348893
2181, 354.522250109699
1722, 354.36733450624274
3289, 354.3304087263866
922, 354.161478292248
560, 354.1154599455736
1038, 353.9216471605391
787, 353.2518401707878
2314, 353.1695282009351
2240, 353.04490570431193
3294, 352.41725889447343
808, 352.37950125036355
748, 352.3221165827816
3284, 352.2314844835303
528, 351.8466558543147
2219, 351.76815440635244
1473, 351.5620528646773
3443, 351.42720830183106
2505, 351.31100058604255
1729, 351.22080214134746
1840, 351.1690925361614
1879, 350.9262856774333
2829, 350.6319798630956
709, 350.60282549496884
2104, 350.3811025090143
956, 350.33809120214426
1685, 350.2712851845978
2002, 350.11148509128174
1371, 350.09588171273623
1669, 350.01425571740157
1889, 349.82762283384835
3040, 349.8243442590004
1874, 349.82050767361886
370, 349.6898797288059
663, 349.54757630709923
1646, 349.5058775365541
1718, 349.4146206334984
2203, 349.1903204210753
2288, 349.11402395773155
1490, 349.072797186305
999, 349.0479586272532
1266, 348.7248899346302
1523, 348.67409636428965
2907, 348.50128365485176
3200, 347.99875881458104
280, 347.9192365680754
1746, 347.7835712288415
2828, 347.2943902113098
2280, 346.8679238049692
964, 346.59719140284676
2846, 346.564649717479
3243, 346.4707269537404
3147, 346.3031290041315
585, 346.1594027475378
3134, 345.80115542853434
1308, 345.7227553560253
2404, 345.7140001869876
509, 345.6211702353402
1970, 345.3049316869854
1599, 345.27740246062314
691, 345.07481379896103
1314, 344.8223638133852
2385, 344.80591982019394
281, 344.79320232096444
42, 344.0979040736285
282, 344.09686412587
1231, 344.05929025921034
2508, 344.0104976144959
417, 343.7409671449919
2491, 343.34746629301486
856, 343.34292200278804
1695, 342.91158496099314
643, 342.89805500658343
1408, 342.73369988198084
2422, 342.63985672889726
2948, 342.5855080628123
804, 342.5785748137119
1625, 342.468912218566
679, 342.42653879739
73, 342.3893468666147
601, 342.2399714403256
3354, 341.8419492610648
2231, 341.5719283801391
2427, 341.5595243281269
416, 341.508806017012
594, 341.47262979659007
2992, 340.97686648678985
2173, 340.9452950011128
574, 340.927216720289
1495, 340.7336852677773
903, 340.63506920958696
1875, 340.19728861637356
3120, 340.0258939651932
2209, 339.99833805259493
439, 339.84204489683685
242, 339.67391329334913
491, 339.51263741307605
1708, 339.3357331306622
966, 338.8933744911841
2742, 338.7217202406538
2583, 338.5300920259706
2721, 338.50858217135163
1747, 338.084739663698
2858, 337.6436236242102
84, 337.6263896098938
1487, 337.48826895900584
2824, 337.4415367657211
1577, 337.41463380779294
1942, 337.3241791481069
1790, 337.2346017973908
3026, 337.19370943557607
313, 337.06636484180814
1232, 336.80072426976614
2168, 336.77957737701877
1839, 336.6799091941222
2228, 336.60636364643767
1594, 336.2492544164921
1579, 336.1226682922764
2442, 335.99014815459645
2200, 335.98214844210185
1315, 335.8140675051554
2206, 335.7391589014679
907, 335.5677572878422
2171, 335.5103538565006
2905, 335.17380460217936
1424, 334.8906025363215
2008, 334.8533697822798
1887, 334.75193604562634
733, 334.66338449327833
2258, 334.44691338939106
1258, 333.7205569976116
2566, 333.56848967219884
3228, 333.5118446666816
529, 333.40817401353746
2996, 333.4019828948439
3314, 333.21886571930406
3229, 333.1790051086766
1104, 333.1113747820105
455, 332.85055011289006
2165, 332.7446744713833
1977, 332.62717081698764
789, 332.55848450229166
1321, 332.535956353146
732, 332.4508501757011
859, 332.44318803593205
2671, 332.436556069563
2379, 332.10487372353646
972, 331.9564929146666
1823, 331.6944253159466
1505, 331.1914185991517
88, 331.1639598876529
586, 331.1202444248762
3184, 331.0474082358186
1756, 331.0086860977439
838, 330.96105655554584
2877, 330.92614245056484
634, 330.59777683083036
1641, 330.5477735789289
1289, 330.3538248052913
219, 330.33957650404255
2688, 330.1962618256136
1971, 330.0689007195635
2021, 330.0008074165784
1508, 329.9592486292511
3082, 329.7634746256182
2190, 329.1486248099729
302, 329.01043246701255
2780, 328.7442079692183
1984, 328.65247946746376
1404, 328.6517220169131
150, 328.65100328428474
1868, 328.49463334245627
2823, 328.466367670402
1369, 328.33919611851354
2393, 328.2963970281019
1348, 328.24998767020867
2113, 328.24104492277405
1698, 328.1561372055004
2917, 328.10026123854647
1846, 327.6517144526139
593, 327.56683676386564
1566, 327.5120659876415
837, 327.38420493305813
1423, 327.26423330377423
1510, 326.87586717100766
58, 326.85914919553403
2784, 326.6744069442743
513, 326.67376465001513
872, 326.59238403839987
512, 326.40599013826443
1890, 326.4027388274704
780, 326.1724483443206
460, 326.1561047240696
1894, 326.1324446242279
2039, 326.0866048240458
863, 325.65054460186786
699, 325.5522819434155
2816, 325.49660163111514
1501, 325.46568367458445
265, 325.1986908274288
2837, 325.12866076363713
2645, 324.9504192795842
846, 324.74940263230735
1527, 324.74165265690056
1478, 324.70931001689576
845, 324.48539663608915
2338, 324.19860208839066
696, 324.0000581526546
3146, 323.98880902839466
2587, 323.79941366176524
2353, 323.7657424994278
1717, 323.76362131798385
2788, 323.7087742198694
2804, 323.70836459750524
2164, 323.5379014022025
558, 323.28017173799617
2755, 323.21152463740225
2256, 322.96043033779245
683, 322.9413424005226
3031, 322.9260919422349
1494, 322.58976042498597
1106, 322.5885624728624
3150, 322.42003756669726
2150, 322.1782870977845
1740, 322.1059161646166
1647, 321.92593735421025
1968, 321.7875377487291
1488, 321.7480477888157
2524, 321.73790994812975
2782, 321.65751834698614
1171, 321.6357910859072
2850, 321.5894495614519
2696, 321.50002328253083
2864, 321.19470190761604
3264, 321.16246622510465
2553, 321.15298887150834
1644, 321.1517338978622
2098, 321.1470880123113
225, 321.07663300753995
3352, 321.07578265358086
1957, 321.0720598965385
371, 321.006769586347
1858, 320.56348939863375
1580, 320.47252755651886
638, 320.3297218620316
2705, 320.3123294585489
2115, 320.2354100619429
1871, 320.1519327346745
145, 320.0742022549494
734, 320.06021762398933
1211, 320.00803957841015
3270, 319.74949589657217
2334, 319.67081203025305
518, 319.4790810584135
307, 319.46154829481355
1390, 319.42053708352836
3187, 319.2281665109013
420, 319.15029055316603
2758, 319.07477788579826
757, 318.76165009999625
839, 318.6041812077454
551, 318.5699571367672
2562, 318.4798478115774
919, 318.3866932441799
398, 318.35181658034674
3162, 318.34701359431585
1512, 318.2805457365822
1322, 318.2278138223317
1185, 318.2189060267885
3239, 318.0343228380524
821, 318.0133770884505
3183, 317.9773973392143
1682, 317.9464054942292
3444, 317.93084353742603
1828, 317.6018430514476
2812, 317.4635836351934
1380, 317.3871412314998
1361, 317.31278902295367
886, 317.25535000370945
1739, 317.194172912017
2559, 317.16197052049114
1481, 317.1483796424934
2287, 317.0512323331104
87, 317.04222870910615
3248, 317.03796065923154
2610, 316.9646335210592
657, 316.8097565440493
1983, 316.62282014822665
1001, 316.58520305774556
987, 316.536342575818
1714, 316.4190488582537
1731, 316.36487711063415
2841, 316.2482511269204
3168, 316.19472474504056
1792, 315.5898656890994
1421, 315.5872065870726
2852, 315.5817726071392
3123, 315.4982439706128
2998, 315.37266660549227
412, 315.3567513997729
3324, 315.2835293711293
902, 314.9435178622612
2558, 314.88909437963054
928, 314.7088437281098
661, 314.61064259712975
1389, 314.51383949376725
1642, 314.43329170967337
3105, 314.3803476765354
3267, 314.16397719230105
1057, 313.7579290671583
2839, 313.56799633832384
1726, 313.5303093242973
599, 313.51337373905193
1268, 313.4439114061093
26, 313.41792464167287
2229, 313.3948470128876
1895, 313.2529793258431
2125, 312.9114251104332
784, 312.69394796662795
2004, 312.68005820293814
993, 312.47354144612297
2101, 312.3476778666111
2324, 312.3380761558831
2607, 312.2499684108102
2321, 311.98121644409224
2244, 311.8865682422049
3290, 311.71817749449406
1425, 311.6471822490788
2117, 311.55028613661847
1626, 311.4009516971438
2120, 311.2620632733002
1986, 311.06749991771954
1643, 310.96231099236655
602, 310.8947899049432
1396, 310.89171043207074
659, 310.8817215230829
291, 310.86742761507406
3063, 310.86152229421987
708, 310.84508211194884
1820, 310.81703087279493
2514, 310.78477702883526
1549, 310.62496780827706
2372, 310.3942519194198
2230, 310.3794812172366
2217, 310.3228981556134
639, 310.2271525488789
3014, 310.0207159289089
2017, 309.85681272399324
584, 309.7834492355968
3255, 309.6891716405746
2694, 309.3488362776467
214, 309.10396973753956
2439, 308.963736196144
718, 308.93248030239397
255, 308.7480784406625
957, 308.70110729258215
156, 308.6879828957112
3090, 308.6718572171321
3041, 308.34604227062994
3225, 308.31762090321564
3415, 308.23420356498497
3129, 308.1881085822527
561, 307.99005179580723
2359, 307.7355938237186
965, 307.7214143772834
1614, 307.56916127410835
3002, 307.45387474845523
1705, 307.45211468219196
2831, 307.3121679228242
1493, 307.28597062605627
2640, 307.25601987135843
1339, 307.22179213912545
1345, 307.15815146013955
1908, 307.1351942973164
2994, 307.0174615603204
3321, 306.979216936055
2781, 306.9260048548216
409, 306.8813404762657
1703, 306.8183544093522
1715, 306.599159299349
278, 306.51470027498584
1271, 306.3556803567912
2237, 306.3483535058247
606, 306.3340416008838
1455, 306.3192490537161
690, 306.29489573453685
2536, 306.21142823704776
2305, 306.05662354761967
938, 306.03111761626633
2677, 305.929818570058
250, 305.6757092924149
626, 305.62783987821564
1377, 305.5484077263311
730, 305.49176277883754
2030, 305.39808667525915
2710, 305.33876412618605
1883, 305.1941021426874
1886, 305.0641056378813
798, 304.9592450209774
777, 304.9121113473466
2750, 304.81481157271253
2690, 304.77459386614896
927, 304.6025877878061
399, 304.56565450527637
855, 304.54465867868055
1892, 304.52970756847145
853, 304.5092844505094
790, 304.3955685732827
775, 304.2698215396457
2620, 304.2036232566471
2473, 304.1207785682655
665, 304.1190670474671
849, 303.8760184503418
1622, 303.47356473775903
1601, 303.40811130196937
3279, 303.36575695694637
2162, 303.3222636384532
2255, 303.19211738092696
1869, 303.1868502188078
1752, 303.1810201829113
235, 302.87003177648296
840, 302.86610948708744
1398, 302.8406557006135
1630, 302.7830915233564
3318, 302.56963085263516
1330, 302.47277746381894
1312, 302.3552721332218
3299, 302.1875518562302
867, 302.13709238628337
2116, 302.13543489037767
2844, 302.10952650682503
3268, 301.8997221366414
385, 301.8928149313711
3066, 301.89104276704563
1755, 301.8222882462968
970, 301.64375149071316
256, 301.6379888102414
1721, 301.42704882735865
3080, 301.4019869918018
1343, 301.3584346982504
2152, 301.1376888077247
2779, 301.1298925083921
418, 301.0959950857082
559, 300.97139243107114
315, 300.8528517651923
306, 300.8528517651923
199, 300.8402619432869
1550, 300.81032075490015
2102, 300.8029245290183
2686, 300.79801491337537
216, 300.7148671949078
276, 300.51267398474965
711, 300.505202109021
1511, 300.4809328911016
752, 300.36722479126774
525, 300.28494244821314
3130, 300.06804003459644
971, 300.04548813371105
1014, 300.0215972316503
1295, 299.88904902801346
2390, 299.42187615075744
664, 299.3990481354455
882, 299.31979563830015
2703, 299.25332395518706
2571, 299.1724880356087
2814, 299.03941743101416
989, 298.94848340475
723, 298.9231694246519
2851, 298.7040324281294
1555, 298.6705958542324
2574, 298.56099465483317
681, 298.5581166186302
1474, 298.52864858191737
776, 298.4464036497302
411, 298.4443354674379
1413, 298.37823909315676
1712, 298.1219855773612
230, 297.9755360871118
1692, 297.8431091376443
2657, 297.7846173658487
1273, 297.666599251067
564, 297.4977162446023
2653, 297.3430683203179
892, 297.30093030322746
395, 297.29596873967415
2908, 297.175259013308
3207, 297.175020017821
419, 297.1640813289807
572, 297.1261035527262
2213, 296.98067548377475
54, 296.742457427372
1561, 296.4993042092723
1902, 296.41266902858086
577, 296.3682046853357
404, 296.2828061350981
19, 296.24573380497293
1829, 296.18851662123905
3347, 296.1146016356929
2756, 295.8964062360121
1544, 295.8144464294327
2376, 295.79747968817185
1368, 295.7284238238533
2785, 295.6789505705539
1578, 295.5251610929725
1733, 295.24441826793105
2650, 295.12369216354836
2361, 295.0541092413092
1966, 295.0525954664031
2497, 295.0267734426119
3306, 294.7899749061223
569, 294.7642135250525
2888, 294.3832237856956
3111, 294.13883127056084
1006, 294.1170995514482
2624, 294.1054251689844
1378, 294.0534905628171
1701, 293.8999232648176
689, 293.79273558669195
3045, 293.71519327989614
847, 293.6175075587019
1815, 293.3481682374468
1710, 293.34171358217986
850, 293.2864916100697
1285, 293.2574326568331
254, 293.2117018684259
1539, 293.1197459544524
1804, 293.1092151719569
1278, 293.0866138642575
1920, 293.01356304467487
2366, 292.99131324957625
1825, 292.93365521848233
1393, 292.918319822027
797, 292.79536506658167
400, 292.5425931846344
3272, 292.4369664380734
770, 292.43630640457053
573, 292.28053993228457
785, 292.228822312638
2245, 292.11121128682174
2254, 291.93534951435066
2141, 291.69341061585413
918, 291.48044812930647
822, 291.42848891437956
2111, 291.4020669205779
2096, 291.4020669205779
2745, 291.3540671619522
713, 291.2669870630851
1028, 291.2168722009114
3099, 290.915617273765
1926, 290.90979745636247
992, 290.8465890684289
1500, 290.82611245009247
1422, 290.7794508700674
1352, 290.02762639312255
21, 290.0265067949628
2903, 290.01193704351004
1400, 289.93640276460724
3020, 289.8606141315126
2131, 289.8312318793254
1631, 289.58592537612486
647, 289.5692552401062
2898, 289.5663741745668
1628, 289.5579931800644
1480, 289.4904724426446
2561, 289.48424009875254
1420, 289.47990111466197
1427, 289.45609601731167
2227, 289.35059635231966
231, 289.323137232341
1744, 289.2479300056437
774, 289.2366084523046
1392, 289.0590193857769
1735, 289.01730604169353
2649, 288.95784350611933
2166, 288.93842960359365
386, 288.84701008888425
2720, 288.7908125377715
1417, 288.68327966817316
779, 288.6586082056113
635, 288.46584931929453
876, 288.44269921760895
2121, 288.12388665616766
871, 287.85839756340886
2830, 287.77188257944215
2525, 287.6895071848435
2712, 287.5906303747491
879, 287.4219082201215
1293, 287.4102676867515
1716, 287.34398460720774
673, 287.30858432887595
2899, 287.2857489242972
1280, 287.1627746866179
636, 287.1344324821149
1873, 287.0920580762984
3044, 286.96396697662624
983, 286.8868579620741
240, 286.87071233457857
1959, 286.8016231318215
2621, 286.7446182749912
1748, 286.72017082802626
1891, 286.71303869150046
2198, 286.6826400432287
3316, 286.6479736617977
2881, 286.6367553316786
2652, 286.5561965641172
2683, 286.51561765714536
2369, 286.46606318794886
364, 286.4080817541113
1463, 286.3795561427414
2520, 286.34025178543874
694, 286.32210792781785
2641, 286.0014569887814
2572, 285.99896605644955
3383, 285.63923692203093
1909, 285.3663300311389
1830, 285.18765669616187
2154, 285.183925980286
1475, 285.13156244364205
868, 284.969883341946
1976, 284.81392293669614
3030, 284.69268766314656
3265, 284.62324540095955
2199, 284.60762528388045
1659, 284.3232343923581
50, 284.1643893926357
2738, 284.0769848135841
1989, 283.9260191655773
948, 283.8751447920495
2527, 283.85836750056717
2293, 283.663530276272
3097, 283.65588800298997
1370, 283.63948327541414
1684, 283.46466341695907
1409, 283.3236856950162
2163, 283.2486023948201
854, 283.20737484567246
20, 283.10193063785306
896, 283.02846083509235
937, 282.9723901395535
1670, 282.9344143977248
1491, 282.65837627776875
2601, 282.60524632010583
3323, 282.59233015388895
1817, 282.49523930021945
2884, 282.4379471212472
3112, 282.343825907145
2668, 282.33934813736124
3201, 282.3152138493737
1672, 282.2893377697882
127, 282.2025237322034
1411, 282.1220941979366
759, 282.04965809468695
2547, 281.9383759661854
2656, 281.82943263940473
900, 281.70846103518886
2289, 281.44545985213654
672, 281.3534483669825
1047, 281.2195495646969
137, 281.1647908208592
2853, 281.14728975977005
1367, 281.0366857065482
3271, 281.0302296845052
1403, 280.9781448717581
1426, 280.8808874682113
597, 280.6805189372044
741, 280.60316614835597
1835, 280.48116288935745
924, 280.3444516709747
2568, 280.3302586235343
935, 280.28012957689543
2148, 280.0740955360801
3362, 280.0356927722237
2114, 280.02462821029764
257, 279.99318127771335
693, 279.98701456712416
763, 279.97719327470656
1730, 279.9081198951905
2246, 279.8891099010222
614, 279.88626937864655
2959, 279.8804387752391
946, 279.8256813892087
755, 279.643538681757
287, 279.59174744950315
1633, 279.5575518014999
396, 279.5320553113235
2681, 279.51356612351907
2608, 279.4340838362872
1741, 279.289867183888
1841, 279.2470839876725
1372, 279.114316547339
1645, 279.11334157216044
2646, 279.0828380277271
3295, 278.934706390152
2897, 278.804800295572
1700, 278.78309289895424
3442, 278.73443416314876
1743, 278.71869993512445
1668, 278.60705608793614
323, 278.5933359827407
311, 278.5933359827407
725, 278.54472213238654
887, 278.4782936128639
656, 278.43085780334343
3136, 278.4033409931146
963, 278.29250804296595
2340, 278.2426184609804
764, 278.23335485002303
1498, 278.1516921205932
1419, 277.94844114507737
2423, 277.9210713012615
253, 277.8000439471454
1904, 277.75786543729885
1831, 277.7536191759771
3288, 277.7268211809353
1915, 277.63811916158943
1906, 277.5619697053854
1346, 277.2950634525102
1699, 277.18380273580686
2319, 276.8846249581659
2123, 276.77175660251953
675, 276.6799237515957
870, 276.58135362539144
714, 276.45918994790475
2580, 276.3683218362161
565, 276.3491029344017
645, 276.3308955561207
2216, 276.2885062334829
1671, 276.15725894259816
2138, 276.1566060458278
1657, 276.10019798447746
1618, 275.97108669421834
2875, 275.6220602708062
1801, 275.61133085083554
1724, 275.4462860500123
567, 275.4256976447822
218, 275.40022758825256
2212, 275.29403362600027
1036, 275.23231883310547
985, 275.22537903785815
2882, 275.19776767503015
883, 275.1018373830517
1277, 275.0889579397707
375, 275.0258557437654
351, 275.0163753370156
646, 274.9547471332827
766, 274.8963593990865
312, 274.66467160843024
1328, 274.6464419642826
2635, 274.57866705542585
1941, 274.5638721735674
1981, 274.55385879011794
36, 274.34675504685714
2563, 274.2107782473357
1754, 274.1115423191704
1665, 274.0273286694918
1382, 273.9956001255981
942, 273.96341808545213
2146, 273.8084270357965
782, 273.6066482937348
1458, 273.4504991771188
2383, 273.41942554043885
2842, 273.416147305295
236, 273.3924106821192
2726, 273.239446643377
933, 273.1979220769894
1595, 273.0999389806122
1888, 273.0099131478963
3311, 272.91655578375156
728, 272.8901597274785
1772, 272.88532100480967
1791, 272.8828595879792
742, 272.84933701132576
2331, 272.7659697509602
2485, 272.58300796354484
1288, 272.5449482510543
2432, 272.5244069102197
2323, 272.27975926132757
674, 272.23917145351004
1387, 272.23247186501305
603, 272.1249445154284
704, 272.11019935001036
2854, 272.025426928095
1327, 271.99244109917976
1353, 271.8384773597907
3043, 271.80710397829955
984, 271.80566644903627
1706, 271.7984976582895
932, 271.732156322895
346, 271.6936885892398
347, 271.5298128388687
508, 271.47276786801916
2891, 271.4528257582868
1745, 271.3784213463763
31, 271.29155570840555
1292, 271.2712025938141
1967, 271.2611516032316
3068, 271.24531145242565
2202, 271.23814376842785
697, 271.1485897865264
1405, 271.1325050690053
800, 271.06115591880734
3037, 271.0016891060491
2169, 270.9644688546218
2451, 270.77810136457157
836, 270.7629297567229
3027, 270.65669584739317
1374, 270.6035008147423
761, 270.46573877668294
568, 270.349533906893
2533, 270.2231152980803
783, 270.151209184788
1944, 270.1499855923266
2283, 270.0198690353187
1323, 269.988607253628
1357, 269.98720364917403
1018, 269.8881925783127
43, 269.86095164693586
2592, 269.69491876763595
2430, 269.6905807963281
1650, 269.63564590030524
813, 269.60036260044774
1992, 269.5737276781803
1275, 269.5249174415164
959, 269.5130145756301
1415, 269.3653740765293
1388, 269.3441595413367
1728, 269.33293839117783
897, 269.1125484071858
2493, 269.086094786673
1563, 268.9974782067332
1391, 268.9768405811569
324, 268.8626639828691
2179, 268.8551369876
1629, 268.8007007384598
1291, 268.752627470466
1637, 268.66664786057805
388, 268.66037294042513
2697, 268.588499517422
1499, 268.4527373672217
720, 268.4219681600664
2597, 268.31918776502846
2449, 268.3058793287739
2119, 268.2834038998591
2833, 268.2001509698064
3254, 268.1764004398758
1554, 267.82860356901034
3005, 267.82389211282356
3038, 267.75324880806807
1934, 267.7171483289099
701, 267.6872317727447
1734, 267.6658903744616
2466, 267.66381416838885
2397, 267.61308420672253
1982, 267.5206413195628
2611, 267.3770971295941
3232, 267.3384591738734
1021, 267.3192146902404
2840, 267.3185988395096
1524, 267.2612731512
2233, 267.24019428275017
925, 267.20936939259815
2658, 267.1687379069349
740, 267.14355909827935
623, 267.11811470006654
1340, 267.1172178580147
2130, 267.08313060649874
1486, 267.0138359849626
705, 266.98650702621444
1272, 266.9041063261288
2486, 266.66434945414034
1789, 266.64171983094553
2183, 266.6309159474588
1649, 266.5216243569779
1905, 266.4781920885365
986, 266.478158016636
2136, 266.4110684900307
3094, 266.4073376707504
1782, 266.2893672071585
1297, 266.2716774466383
843, 266.26518665301126
1114, 266.1158704233392
2849, 266.0430028600588
1681, 265.97857815633137
660, 265.715848346481
2456, 265.580285217726
640, 265.5141119884211
1270, 265.30797896408797
1639, 265.2712938629555
828, 265.1831896058029
1679, 265.1019727129748
1704, 265.0842536608387
2175, 264.914234428893
1548, 264.8093485630461
2410, 264.8039751210167
2204, 264.7937999651281
1727, 264.7266930236218
792, 264.61027935660354
616, 264.587506800107
796, 264.19986959391366
2946, 264.1486989117903
827, 264.0824455991346
1697, 264.0478240361868
1506, 264.045062492259
934, 263.94248324162186
2129, 263.9278368661145
1648, 263.9256357837934
908, 263.91314015205745
246, 263.8761910299409
2847, 263.8260046170899
1927, 263.7596589549339
962, 263.7442174273235
258, 263.7012983184584
1294, 263.6492144048182
1265, 263.59525473826324
149, 263.54707718136547
799, 263.32558464358794
1020, 263.194782700902
195, 263.0923910695552
750, 262.9887308612396
1318, 262.84028133912506
2575, 262.7319800478468
930, 262.6011549441762
1598, 262.2593019435232
692, 262.21895818772384
2339, 262.1407242612282
1691, 262.1318647360095
80, 262.0803299572125
212, 262.0336708686104
2140, 261.8365554176984
497, 261.806388207969
801, 261.78903129812153
2232, 261.76945540344707
422, 261.363593968093
363, 261.2124399879594
350, 261.18371073694055
3448, 260.90231986761205
2947, 260.89351167385075
252, 260.4784136762874
374, 260.4096953199996
474, 260.1349044720952
707, 260.12657119312945
1809, 260.08058896612175
2239, 259.99630049548944
2375, 259.73684705352036
1354, 259.64018730006546
1453, 259.63442671327465
1779, 259.4992218110962
722, 259.42169471158957
1329, 259.38252756644226
1749, 259.3087104924267
2528, 259.26049459706536
566, 259.1442233567005
2176, 259.0825349402269
3231, 259.0099811474566
1009, 259.00632414809075
905, 258.79426085865344
710, 258.76089867174096
1469, 258.71708388570175
967, 258.4477467668114
2604, 258.3628057839966
2373, 258.1169901353065
2377, 258.08922565687556
1836, 258.0878179344399
1786, 258.0429489220867
2235, 257.9045225677286
1673, 257.5676808062977
1819, 257.5611852237793
1365, 257.55274824398873
926, 257.44545197679827
2475, 257.3288870557012
2222, 257.32729041381316
754, 257.2268942392101
2336, 257.2129262261375
977, 257.0766917540754
904, 257.03403792415355
893, 257.0110227152493
1492, 256.8893491930148
3007, 256.8359375077518
1921, 256.5833324133802
834, 256.53932626789
1479, 256.42066132800886
2133, 256.36042865797833
238, 256.1654919775217
2167, 255.9992316457616
2655, 255.9939191629476
576, 255.9882658898799
1949, 255.92413569697163
2461, 255.92357910720418
3034, 255.83692226342876
2185, 255.79721971167663
1930, 255.59717542268638
2453, 255.3646681393768
2589, 255.35636458995998
241, 255.09030616861006
1022, 255.09016369131052
2087, 255.0096460320631
1620, 254.997552736279
824, 254.98738737265919
1702, 254.96266519661313
973, 254.89343584213435
3230, 254.87939952868274
952, 254.70786914850015
2648, 254.69216992017098
352, 254.56045571067136
1808, 254.36015033601902
405, 254.3177517434473
314, 254.3162675000466
2403, 254.2571123874872
2980, 254.24722785214504
2778, 254.2261624128576
2282, 253.9495300518871
1751, 253.92130693647638
138, 253.91897889184807
658, 253.81946379572796
1504, 253.58787675804192
1674, 253.48226415002748
2543, 253.3484963541802
1759, 253.2315652825759
2950, 253.16725861641333
1799, 252.83600419925375
596, 252.60222715124524
2826, 252.43955293670143
3195, 252.35174355564865
1935, 252.29294648752477
1696, 252.2457972990748
2612, 252.04495206405886
929, 251.95410131941006
2247, 251.89082578035655
1636, 251.77744374871466
1320, 251.62114152945787
2693, 251.51956523543905
1928, 251.44663802499352
810, 251.40507623942335
1898, 251.32819290236472
1582, 251.30749020594922
1954, 251.17802164340438
2139, 250.99896458285158
342, 250.93263880553502
3258, 250.91562572081807
2809, 250.87063557293266
931, 250.86797901864438
1777, 250.8177386563902
320, 250.8126503086243
2226, 250.78949377201903
2876, 250.7815610416764
2144, 250.7454634100327
196, 250.7385008129602
2184, 250.7175113883515
1900, 250.714304406938
1837, 250.70204606816785
898, 250.55430017985898
1950, 250.1523275522082
976, 250.10196301611487
1282, 250.04238906362292
1635, 249.96374919943102
2616, 249.94463372747816
618, 249.93767540910798
706, 249.68950037957282
2673, 249.6624597501372
1007, 249.58140431920518
2484, 249.48560674404257
2623, 249.30686482238434
910, 249.2885493616869
2327, 249.21593370928946
1010, 249.13804610976598
1319, 249.12898184474534
765, 249.10696176581246
994, 249.09503671194864
1591, 249.09089378453373
337, 248.8933805419895
1017, 248.86890690252665
1414, 248.73568764538751
911, 248.54379795500896
2902, 248.43947366690492
831, 248.3318144941538
729, 248.32635935047944
2325, 248.24452595114585
1778, 248.1982050643804
865, 248.13708830250945
880, 248.06441840005468
2605, 247.98775569198943
1326, 247.94228129296084
2322, 247.81886226422642
873, 247.76008088964718
1470, 247.72094774961582
2564, 247.453314905045
2299, 247.38510263033757
830, 247.2643489801244
3313, 247.26420249396716
1332, 247.25593436577626
644, 247.23701696683395
979, 247.11274596204575
2367, 247.11185292323225
1750, 246.92837810946602
1953, 246.89802795814495
325, 246.8686321343881
899, 246.7076132006205
1737, 246.66406276062847
703, 246.6047539162474
3296, 246.5962179724341
239, 246.59464474880954
1540, 246.58004556340012
2177, 246.57463148410145
724, 246.57399412735919
2679, 246.55428330439457
667, 246.47329624615486
2249, 246.42299357385735
2531, 246.40055046166393
2713, 246.3895608139542
1351, 246.32801279258976
1394, 246.26500202215036
944, 246.2039402911543
472, 246.1776252122626
354, 246.11996674394553
270, 246.01873793049722
702, 245.95231231603225
394, 245.86608249612635
2264, 245.7842775493263
1832, 245.76501081817986
2426, 245.62594716374602
2126, 245.62079680294778
2821, 245.37075347576257
55, 245.27378094486943
3160, 245.236366257631
633, 245.14638243859602
943, 245.0272050451895
2498, 245.0019739479164
15, 244.95007571158533
269, 244.87731061321116
2880, 244.85719163629852
632, 244.65220987076384
609, 244.54254697192525
875, 244.47223176121136
2425, 244.44887079055135
1476, 244.42161060989912
631, 244.326595923565
1362, 244.32115676809389
866, 244.3103558925304
1385, 244.21183438537446
1402, 243.97073826394472
2370, 243.9705147245625
1311, 243.94950302343995
1304, 243.88935180958748
1569, 243.8504677563119
2626, 243.68457947366505
982, 243.4272685299027
1827, 243.3515664632313
1551, 243.34000406227787
1416, 243.04566730424062
996, 242.97813782541297
2186, 242.92880438317724
3021, 242.8573547709867
2330, 242.856214280256
2586, 242.8461806658155
604, 242.81193978932382
990, 242.79203615810417
958, 242.76537600794208
1366, 242.7593662828807
1286, 242.7580764368237
1080, 242.74611224867107
2345, 242.71495163980939
1359, 242.45630717344628
807, 242.43806131260894
858, 242.3920670875989
2251, 242.36047600346956
891, 242.3534685305264
712, 242.3215194211277
684, 242.2188671816837
624, 242.2188671816837
1568, 242.20001457623727
2436, 242.10689154913655
2462, 242.08980101561053
1401, 241.9038070359209
2094, 241.8640661694135
2156, 241.7239984866303
1834, 241.6629880020281
2687, 241.65899601998032
2346, 241.6567912289566
2349, 241.6348864345559
38, 241.633540361732
2492, 241.53993492931457
3024, 241.45573766957713
3262, 241.4151632207984
3012, 241.4017127451532
1483, 241.38746456811708
2570, 241.28602904475312
3091, 241.16425857360858
1325, 241.0793154804014
1489, 240.99438636863212
1335, 240.98568787008358
1769, 240.95455893273277
653, 240.8882163387088
1303, 240.8811528027822
2695, 240.84291588258233
2490, 240.79727784199926
949, 240.61661214233075
954, 240.5554057370558
2874, 240.5199076629314
2342, 240.50298814958845
2341, 240.49699455230433
78, 240.48163901767083
668, 240.46526217791128
2317, 240.36415969167376
974, 240.33534595194078
2172, 240.23221386487927
3113, 240.19235418303347
2606, 240.1497036234423
687, 240.14446844671605
1045, 240.14240093280003
1652, 240.02750316462107
1932, 240.0032943334237
2000, 239.93933138257339
2496, 239.92525192574905
1485, 239.84247796283907
1383, 239.7854994523373
2654, 239.72473547901305
1530, 239.6363501119866
1307, 239.56369628365974
2603, 239.49604342662533
1619, 239.46898509810472
666, 239.3670299491574
2455, 239.34114759832474
2629, 239.2861483761684
2519, 239.24023209797753
2822, 239.18620270628765
2464, 239.13085032982065
2201, 239.10726130846228
2534, 239.09719059148705
3015, 239.07988500655551
1016, 238.7601881087719
1529, 238.74994172818444
2149, 238.73209467467106
2538, 238.7314674298769
3261, 238.679559268756
2692, 238.64548225040176
2704, 238.53057352207617
3193, 238.41351131102738
1008, 238.29029219210972
1011, 238.05054797080973
3022, 237.9798573661795
595, 237.96139738600695
598, 237.9370180593437
2197, 237.9065708168876
2511, 237.79208515897895
721, 237.71219668212092
1342, 237.67768929200005
2707, 237.61526627514647
1281, 237.47581256880844
2132, 237.38352155391865
620, 237.30256434819776
1528, 237.3003668019538
2869, 237.23100061120235
998, 237.1621131494115
648, 237.1621131494115
3180, 237.15912024131654
1276, 236.96275167161113
1960, 236.95842891118943
1606, 236.73498303512747
1522, 236.64898113390592
229, 236.4612128455444
2127, 236.41235096406882
2675, 236.33035749156318
2313, 236.31423512529702
1774, 236.20704311041072
1305, 236.11206592101266
3344, 236.02574621557716
1507, 235.9774685806407
1015, 235.83569574942808
819, 235.590719975593
829, 235.58458371447938
688, 235.3948902185669
1557, 235.37969133617426
2522, 235.36101140298442
1341, 235.3559614482757
2151, 235.34535272792596
1055, 235.26023046189093
1192, 235.25683286478028
2700, 235.2301572884202
3251, 235.11368111714424
1918, 234.8966454255268
753, 234.82832791089223
3035, 234.80748356557336
2159, 234.42976459888493
2284, 234.3106273847853
2332, 234.21270570052735
2600, 234.0409192196879
805, 234.02673476632228
2506, 233.87659277714118
1948, 233.6791168394996
16, 233.6371084760959
3329, 233.6032818630423
888, 233.51907680329532
245, 233.48570989011864
975, 233.47254191196947
1787, 233.4631066977567
2638, 233.3947569049168
2581, 233.35963745475908
818, 233.34711407267665
2499, 233.29862048513172
1317, 233.2775136887887
2147, 233.16057919667406
271, 233.15542056518115
1496, 233.1340033545059
2326, 233.12047969529445
1284, 233.10015693441554
1946, 232.81985095204172
1655, 232.7782289554685
1916, 232.57197568150386
1903, 232.5373923872302
2509, 232.22618798131472
1344, 231.95884635110036
3260, 231.93976773811343
1376, 231.91691424453833
361, 231.90229994827362
2906, 231.8681525898148
2834, 231.7903767074912
2727, 231.76510852033462
726, 231.7580684438251
1956, 231.66264930521973
3361, 231.6404518262652
327, 231.5355980832606
339, 231.48207517977366
662, 231.48146677198716
2225, 231.44740337363146
1497, 231.44210850478885
1503, 231.37032347829845
2281, 231.30606393056567
2452, 231.20432748922195
756, 231.09983427559862
1990, 230.97206302776831
2437, 230.8771999340513
1833, 230.71964954599886
1654, 230.58915127946014
3450, 230.35605563630435
3019, 230.2653252021335
2665, 230.24166702844852
2644, 230.22399610164143
3364, 230.18289306061087
1296, 230.13656756899874
1333, 230.13034963396012
2495, 230.12437290541527
2662, 230.1023862821782
3165, 230.07973523083234
806, 229.97989594918684
1937, 229.88062900254914
1621, 229.87422236616632
1399, 229.71323715588647
2760, 229.65921604702032
1952, 229.6397770033093
2895, 229.60767124489814
700, 229.56401614239152
1783, 229.47591966375148
2460, 229.47176874479467
340, 229.39006954092073
2479, 229.37861510397374
1922, 229.2619864738762
2488, 229.2526759881963
1407, 229.19787825403048
2632, 228.9733702796522
2044, 228.91727562798494
1896, 228.85898942882886
2079, 228.3095810427856
367, 228.26657925779392
1897, 228.20113831503696
1482, 228.14866945483368
751, 228.1198977601141
1386, 227.8770836372032
771, 227.86823276913964
2328, 227.62431297380317
3100, 227.60995879418155
1570, 227.5607790320747
1559, 227.54095071385785
2835, 227.4083382231142
83, 227.34493077444375
3273, 227.16705375032936
997, 226.85252412570875
621, 226.83392852855602
2037, 226.82060286982525
1472, 226.80211016131057
2161, 226.78835519068008
2440, 226.77148088606356
605, 226.7263093117216
2221, 226.70106438493087
571, 226.6527026336243
715, 226.62162462449248
747, 226.60405102368995
2215, 226.4680191032033
2698, 226.385966681279
349, 225.96242797673673
1793, 225.8725822840102
1556, 225.85720171618843
2112, 225.8456749446418
968, 225.6956713274067
842, 225.59894914260968
719, 225.588447326669
1766, 225.3281735643254
1767, 225.18761025072843
2178, 225.18258608024846
1019, 224.99162432339043
1044, 224.964179915945
2714, 224.9328165406071
1565, 224.90232856403662
1553, 224.8763266978608
2530, 224.65035781591212
2250, 224.6492753766257
894, 224.2506591177747
1056, 224.16394346037814
812, 224.14869953337845
3301, 224.1195778518835
878, 223.61714284290184
769, 223.6089254682575
2418, 223.55423825706197
2743, 223.46695282173943
1847, 223.46178237964818
317, 223.44201564339374
309, 223.44201564339374
2401, 223.33049469808833
695, 223.1780496620989
357, 223.1631330596046
2092, 223.082212349679
1538, 222.85798563852995
2241, 222.79720899872902
890, 222.75678738841654
2477, 222.46951259922267
413, 222.468911836817
767, 222.4077412800957
1471, 222.32159986686992
2374, 222.11411162458904
318, 222.1022661987744
1013, 222.03396472237057
1929, 221.81806121961927
1796, 221.80314823193135
2329, 221.77274169276632
1375, 221.6950490884841
2970, 221.61007438826235
1349, 221.6028515667867
1757, 221.56635218047896
2535, 221.44036897329892
947, 221.325292571665
2565, 221.10780347602926
3001, 220.98040545719695
3266, 220.82872241539283
2625, 220.72817883319655
1936, 220.65191060868
1899, 220.4084789563679
2174, 220.00350477847743
366, 219.97938115866006
1664, 219.938081216144
2670, 219.82804521528263
940, 219.64959056583203
2128, 219.56802373067453
2932, 219.54423599025273
760, 219.47069215498453
360, 219.36402126453248
739, 219.21848068995826
2684, 219.10106678917398
2537, 219.04164585241085
2893, 219.02286487420147
2444, 218.85114786578814
1395, 218.65306213551136
627, 218.56341012663782
1360, 218.34926658900167
2843, 218.2959391898406
345, 218.18582649406832
1938, 218.05139263726429
2591, 217.61067785104854
2598, 217.58625737341046
1805, 217.54717065794048
2061, 217.39316008680748
570, 217.3631101672242
3357, 217.05912812893095
877, 217.04846506828096
811, 216.75037637577788
2420, 216.6351741606676
1363, 216.56215859322572
244, 216.36638195346183
2901, 216.331149132288
3224, 216.31298813889347
978, 216.12980828182774
809, 216.11182381382235
2664, 216.0571683289167
1313, 215.82952840144557
869, 215.71251829131765
2253, 215.60324152274353
2363, 215.58996937111218
2886, 215.3436729301212
2634, 215.30829774351673
2155, 215.14485103098917
835, 215.1346088332988
1797, 215.11190451478902
2883, 215.05189990800983
2335, 215.04721242563875
2552, 214.8917419165439
2667, 214.7328789366576
2472, 214.6813028522722
1917, 214.65476744545973
2660, 214.62835658305463
2234, 214.113928780601
2118, 214.01671130602406
1283, 213.98748238668415
2699, 213.78618616123111
2659, 213.6640052378889
1988, 213.373935849468
2669, 213.3529474674448
2576, 213.1878422484777
1334, 213.11084298404126
587, 213.0644406602024
308, 212.98976662570885
348, 212.95447179613822
3013, 212.94768529865738
1338, 212.68802802724184
1923, 212.66502021319113
995, 212.65906385257807
3008, 212.6392184042311
1592, 212.62011785875868
2661, 212.59662466465673
2474, 212.44955365954513
359, 212.4424631109382
2137, 212.43592409714938
3023, 212.31217982475943
2691, 212.30554903248418
2494, 212.2871354429777
2631, 212.26033348881253
2457, 212.21963921490192
2502, 211.96839195325805
2501, 211.96839195325805
3033, 211.90575489716656
2674, 211.8923141427579
322, 211.4977406812896
310, 211.4977406812896
438, 211.48056866717312
2182, 211.46693088281484
2405, 211.4324186355659
2469, 211.42574101266496
3451, 211.3811173775535
2617, 211.26746284843142
1924, 211.19916550900223
1955, 211.15607634524378
2510, 211.08082493013612
1546, 211.01088781287905
915, 210.99677722518868
1609, 210.9343032423904
2371, 210.9196520871142
2887, 210.8310470953385
592, 210.81545554947732
3449, 210.77807235061184
1337, 210.65378188086927
2885, 210.55495522909408
950, 210.5029260395134
2614, 210.47717366314845
2729, 210.4213362385835
2541, 210.336810799545
921, 210.31823888687973
749, 210.3015115609504
652, 210.2517290891102
2892, 210.20546894388943
2609, 210.14798081946932
758, 210.06492575684405
610, 209.99947943395108
3249, 209.9540158909746
1945, 209.90214332843823
3011, 209.83410006098998
1552, 209.8022167491117
355, 209.65023547903746
833, 209.45760458743146
2848, 209.15180382100638
1816, 208.99640850927048
2627, 208.9258305653495
3253, 208.8844799381816
2542, 208.86288910503208
1901, 208.82812379063145
2521, 208.4374381870108
2838, 208.29798015256114
2476, 208.2716049661816
1812, 208.24116136146745
1933, 208.2347644214408
625, 208.06600751680264
2448, 208.05192128117866
2637, 207.99605072402932
1545, 207.90506152869648
2368, 207.64450483281658
1987, 207.62463340016822
2504, 207.1890320991331
1802, 207.16582633688026
1109, 206.8955493615589
2702, 206.77275540921832
2724, 206.6175924427692
589, 206.55862940226578
622, 206.46268037193934
2956, 206.14962340339264
2089, 206.14436599567273
3325, 205.84502529846543
2944, 205.71990401940113
81, 205.71632574224074
1300, 205.6251796008751
3263, 205.59775736177795
1798, 205.56839582184665
2678, 205.50437215438885
941, 205.39750369419798
991, 205.22279283086667
889, 205.11313960334385
2567, 204.97476686781113
1947, 204.8873622894348
578, 204.88318659759915
2827, 204.8672560810792
1843, 204.85580823171122
3218, 204.77662120603904
2836, 204.7249767060756
1845, 204.72300493807705
630, 204.71555622987677
2619, 204.64249690699486
233, 204.48186126469622
2478, 204.20336092750955
2995, 204.15132333391466
1290, 204.14334044000947
1602, 204.08658900640458
874, 203.963829715943
2001, 203.94427832737108
2557, 203.7775086183887
2316, 203.61184643623037
2676, 203.53752989669192
1000, 203.4918400523144
2866, 203.4429581475777
2074, 203.21836947616933
2706, 203.18335032776417
1350, 203.17560499724124
1763, 203.0151251724797
2585, 202.6062234327886
2529, 202.6047263291206
343, 202.59484004567022
951, 202.52470787794212
1844, 202.22014755904198
17, 202.16693678924378
2467, 202.13178284468648
362, 201.91590622917235
2459, 201.86969651588174
988, 201.86292567653175
2082, 201.53217496080782
2560, 201.52024164898685
617, 201.43581835804048
1005, 201.36067439417033
2554, 201.2698042402373
2357, 201.17266889631145
2896, 201.10182448444166
1310, 200.8106153708708
25, 200.80560386493838
277, 200.8016941196394
2544, 200.7856520563262
2577, 200.23148788883182
1547, 200.15693845790122
2663, 200.05789871218215
2633, 200.00415461433
3250, 199.94241612487076
1379, 199.93763214842252
1560, 199.86120002410394
909, 199.81868960674856
1384, 199.7945424853165
2595, 199.6111424777011
2628, 199.36192464633032
1826, 199.21531133091892
2685, 199.13030546993923
2642, 198.88381036421433
1775, 198.72414509602413
2482, 198.5501461216233
802, 198.3999990231153
3326, 198.31199128331218
2945, 198.07770874542106
2855, 198.0635617970232
1795, 198.04511082071176
841, 198.0385414191143
2573, 197.92222670321314
1541, 197.88416323931
2523, 197.59204962404743
1821, 197.04667552669304
1969, 197.01984681284196
2689, 196.80509517195156
1052, 196.73962452001092
3365, 196.66010298353356
2618, 196.61304041592888
2545, 196.33595102861037
341, 196.28120532939994
2894, 196.2689309390521
3358, 196.10929556197212
356, 196.04221182082355
290, 195.80824443484823
2680, 195.69582255273562
2480, 195.6919672685341
2443, 195.650377343349
2701, 195.50044799526782
2909, 195.42568869456923
591, 195.3215544950361
2890, 195.18329587038053
2481, 194.84362863967297
1526, 194.83984223890832
1842, 194.69057238569042
2445, 194.6841547644785
2447, 194.6208768633925
14, 194.62079688000782
2588, 194.60678161950267
2047, 194.21868249545983
2402, 194.0891526966105
1012, 193.91920956233284
772, 193.84020721009188
1762, 193.75924110873567
2463, 193.74850128243887
2458, 193.63194566106029
2465, 193.6075009819578
2613, 193.55320392672218
3307, 193.53809910720403
1347, 193.33462182707234
1965, 193.22423713891519
2602, 193.15038829487403
2248, 193.02567243146825
794, 192.85615617889616
1373, 192.84966919836734
1784, 192.83942681926627
2358, 192.50026301508547
1355, 192.4636960924473
2489, 192.35163822405102
3345, 192.27146145764326
2333, 192.24271050074066
2643, 192.17951176481162
3360, 191.49185805378943
2599, 191.474258646665
2487, 191.4323073618822
1046, 191.11030553563657
2512, 190.85293956495002
436, 190.47360192710184
1931, 190.42171040004314
1613, 190.3912866289993
1520, 190.35391486526754
939, 190.31002438225025
2935, 190.2141372412035
2728, 190.17842986520083
2584, 190.16416585504246
2364, 189.93244580673502
2516, 189.64274903703114
2081, 189.45818229050772
1616, 189.43409133104439
2708, 189.08042493039582
2593, 189.01196701605744
2446, 188.98309443090236
1542, 188.67189753164226
2540, 188.34881046303929
1764, 188.28907036168877
2904, 188.26496086431138
3252, 188.19620881491113
2636, 188.01015628379622
2639, 187.9887913486349
629, 187.67050705682536
628, 187.5959061937137
3391, 187.51524701214885
1532, 187.39346506608678
884, 187.3851182477989
2143, 187.24286345243414
3220, 186.815349235254
3308, 186.79268856171655
1919, 186.69688260856861
1781, 186.5423245198549
2052, 186.4000452640977
3036, 186.3804378083858
1274, 186.37995320594737
2077, 186.31988304809667
1768, 186.18379885660653
2057, 186.1712195596248
2555, 186.13196666644575
2582, 186.1023193729136
344, 186.03886731037284
2590, 185.88848925685758
1190, 185.40238356280693
18, 185.21040715380315
2031, 185.0818235075509
1765, 184.98788688829046
2090, 184.59080393312863
2526, 183.6250395470109
3177, 183.42564663577596
2468, 182.72100675937347
793, 182.3916163222907
2441, 181.86825153844842
2450, 181.7971352640883
2914, 181.6971705474042
1537, 181.63870512360114
1519, 181.25358749064523
1103, 180.7754406374776
1053, 180.7019159940342
3446, 180.49218938988645
2539, 180.242380260622
1118, 179.89886499961506
316, 178.97065034899396
517, 178.4143185470204
2596, 178.3166382195525
2709, 178.07628143440436
901, 177.33934508468346
2647, 176.322739575099
3343, 176.13968259065663
1287, 176.1270705718593
2615, 175.52632604350154
2066, 175.083736491339
1564, 174.97304543624725
3238, 174.37972500002292
2060, 174.3788964900309
2579, 174.2195434959946
1267, 173.8706441325707
1558, 173.02551310077214
22, 172.98127101479514
2038, 172.94699691026352
2471, 172.87780410153644
2517, 171.79560752738982
3219, 171.7748282914967
1364, 171.5726669794049
3359, 170.9777164672276
2594, 170.7981095342298
3216, 170.605679620484
2500, 170.2905477860826
3438, 169.15476949917652
465, 168.90242240062153
3223, 168.73827866173437
2040, 168.44910530567245
2916, 168.37879862209033
500, 167.77371769646692
86, 167.50668393576169
3085, 167.37921948043578
3237, 166.75765652860207
2503, 166.59295990494695
3221, 166.11503619401634
1878, 165.7809963503231
2064, 165.7319484367583
3222, 165.51077729522834
2046, 164.611291873335
2515, 164.30239328311907
2732, 163.84107568149446
3217, 163.64410386643468
59, 163.59430494850395
2058, 163.4221793054117
3346, 163.20467100765572
2036, 162.7063415763324
2682, 162.49788972957518
1164, 161.82158134144467
2470, 160.4617036423822
2578, 159.06949472864014
3363, 158.96299296631744
2043, 158.85394909221006
1358, 158.71071415566712
507, 158.48524363108353
3240, 156.3827817444064
2725, 156.14442845482154
2063, 156.14157665080458
461, 156.09729453605496
459, 155.63167616634885
3242, 155.2657574139537
2085, 155.26042771863501
2569, 153.6184574810703
2718, 153.53848412045238
63, 153.49037079582976
3256, 152.58286033510956
484, 152.2631856593012
2672, 151.27426171784077
2910, 149.94494510472848
111, 149.29910510294184
477, 148.96274671498915
2518, 147.6692352280805
273, 147.35116316522118
3257, 146.64108662343517
292, 146.10067386459298
184, 146.0336736609597
2532, 143.78104453788293
1535, 143.1759273086183
2556, 141.23267014809332
1051, 140.55382487677525
2868, 139.9452247455227
33, 139.20934261529626
1165, 138.78950654631288
387, 138.71788927895534
442, 138.68336330871819
185, 138.4413347214429
1093, 137.5237767845927
490, 136.635110287387
60, 135.88556524671395
2054, 135.8520830302306
3282, 135.39897394489736
305, 135.18196020466397
1092, 134.3966324667173
590, 133.26866686797786
1972, 132.38767006158554
2035, 131.95857820787285
1054, 131.12647950837498
223, 129.42500550080686
2049, 127.9381436311928
187, 127.90318615028752
2924, 127.2192011529944
2711, 126.97345787294945
3309, 126.92607540155673
49, 125.74556560317265
2062, 124.78938193737697
2042, 123.9066764271821
224, 123.868288087686
286, 123.40895522004345
1861, 123.15733741433681
489, 122.18117192317739
2051, 121.48637368408039
2107, 121.1060280898954
2912, 121.08159301606021
2067, 120.77240868298125
226, 120.71085573299044
1536, 117.39524863288665
2925, 117.13715740690252
2923, 116.72533190546514
1048, 115.69042242209787
301, 113.80071985446305
2072, 112.94396077454135
1049, 111.51976556747158
285, 111.39164556107598
2931, 111.29800474369226
1925, 110.12733344071391
393, 109.86905503402812
2871, 109.54124778935658
2084, 108.37697147571943
2940, 107.25351823880973
1863, 107.2526446658314
1050, 106.79739683375053
2929, 106.79458396659895
2922, 106.471108322172
2928, 106.35789299626123
795, 104.8183231774885
1158, 104.51813422598836
2926, 103.83131040083923
2937, 103.04525003752937
2952, 102.67586959586464
2872, 102.37501259303876
2921, 102.24697043139156
2927, 102.02390958073904
2911, 101.89737157912295
2938, 100.86558815196179
2933, 99.76244388728952
2939, 98.59482217790288
2941, 96.8263552116232
2934, 96.31973825973323
390, 95.7219978812584
384, 95.71413795703369
2954, 95.4142433257304
2957, 94.11168321552202
1534, 94.04780266903693
2073, 93.04202074258838
3412, 91.52367534815103
2943, 91.08663228249667
2955, 90.93624097645257
486, 89.51788898922828
2930, 89.29245050898098
2870, 89.19815272445767
391, 88.87206002053249
2873, 88.33017527989128
403, 87.83284620644453
2942, 86.33157774280753
2865, 86.14804479795276
1064, 84.4161791114068
516, 83.9381477298189
1468, 83.82617857878289
3145, 81.61541542190335
2867, 80.74619209415648
3411, 80.60449864599099
1862, 80.3339464740875
1264, 80.11015669604608
2012, 79.78420248898084
2739, 79.38732071594347
519, 75.7373575739717
1157, 75.71290469156885
493, 75.27109937718811
3121, 73.58370897572902
183, 70.72744948142409
3161, 69.17663247366633
1612, 66.27267412275337
