539, 4273.697547433125
152, 3626.716939816374
1239, 3584.5229863686627
2103, 3512.548464443815
3247, 3453.336256636951
3210, 3372.291068350021
211, 3331.3048760340794
2059, 3301.739933195795
2989, 3266.04295161269
2022, 3258.402488651863
3118, 3251.7225427150242
2764, 3071.6876165877875
1173, 3041.8006411784627
1585, 2966.1695106361544
2075, 2962.3563966612896
2963, 2893.895223050246
1086, 2870.3345380945084
535, 2867.4263714793688
202, 2811.322327402044
368, 2744.6157632082036
3317, 2740.4492094439975
557, 2729.7870865837167
1026, 2693.6598540041223
1090, 2669.260479262435
1851, 2659.905486044213
3385, 2651.929144209189
546, 2617.574492692173
2986, 2614.4590905710284
1997, 2596.307449749849
329, 2573.910960146994
207, 2570.131213807028
180, 2564.99371561873
2791, 2553.135073180585
37, 2547.8688078443424
169, 2541.6531018043092
378, 2522.962493267181
1995, 2517.715581236262
1964, 2504.4427518678317
1075, 2502.4937205626466
3191, 2479.8167532388047
1450, 2477.5956674951144
3072, 2466.443173928384
3114, 2463.965417307591
1228, 2438.257071638391
2015, 2436.653255714477
2053, 2404.0632779326
2070, 2395.041203789023
3379, 2389.320955272743
170, 2385.038669714173
483, 2379.476073745584
392, 2366.7573531859375
200, 2358.301339910211
532, 2346.8841013523966
188, 2339.3244228833064
1259, 2327.9771465406143
289, 2306.377268833071
3382, 2299.196693371131
3107, 2294.2961373766866
2777, 2287.6161896753765
2964, 2281.848664302568
1432, 2276.62968834343
456, 2264.460243633808
3202, 2264.230228942799
3303, 2258.1953041519946
1994, 2257.8766604351385
157, 2249.3520949758126
820, 2243.986234939793
1040, 2242.402096747615
380, 2221.32185317738
2016, 2220.4085779285
3169, 2218.572321701891
303, 2217.376400015129
3341, 2213.6605209063987
2746, 2210.68652587329
3203, 2206.0798094439924
2757, 2203.560391924785
852, 2185.2610845519043
642, 2177.439556585211
2790, 2169.7536791125704
334, 2151.97203972615
1215, 2151.8301559137117
2786, 2150.964624620334
204, 2146.456266895874
208, 2145.1943582780486
2737, 2138.704135919815
3403, 2138.0976868927755
3167, 2130.640940946929
1252, 2124.993449908675
3401, 2122.1850929455422
1584, 2118.247809239541
437, 2111.434612921521
671, 2110.549268151999
175, 2106.4168887173237
1865, 2095.8125784391186
3070, 2089.963443552942
3032, 2080.805136583847
220, 2078.608873251793
1072, 2075.720214074202
1089, 2068.8512582820595
3179, 2043.3954659119743
3046, 2041.9239628932241
3054, 2030.735148060736
3189, 2025.3229327986562
1035, 2023.1185321606563
410, 2021.277611611962
3281, 2020.982748397925
3065, 2016.3850867827978
1248, 2012.4378478712983
3172, 2008.6393516343833
2069, 2008.4254718483485
736, 2001.1710348172417
1234, 1999.0850698081333
464, 1990.6273575374246
2265, 1990.6093422049346
1027, 1987.0755214046214
3142, 1985.4332773378894
3214, 1984.0529897040894
1111, 1973.5778688867229
3182, 1973.1142162378267
3077, 1968.6465195613512
554, 1966.4465049142318
124, 1966.4438539768503
1233, 1958.1635847001971
1060, 1957.8466281903004
1230, 1957.551338967458
1066, 1954.9529503797257
2754, 1939.5820453577476
130, 1929.7044187726092
1736, 1929.6338816836394
677, 1929.1352659744562
556, 1927.7005896106275
3069, 1919.8576859930195
2807, 1916.7855513897284
669, 1914.5547911742535
1448, 1908.82355010976
3434, 1901.9664091250454
3389, 1897.984293019847
3049, 1896.2382813859397
227, 1888.8146179118373
501, 1882.536117336861
2766, 1874.0344467247885
860, 1873.389224238816
174, 1872.0990445278587
171, 1871.2327569866522
221, 1870.4779126228525
2987, 1862.9193097711834
3148, 1858.7888144218168
467, 1857.346888126655
1912, 1852.8731291707074
3166, 1852.7817913514787
2029, 1842.0888415235415
142, 1841.487878871522
448, 1837.9401337160757
146, 1837.0632964043086
3227, 1836.994778398746
2099, 1836.611246821419
2792, 1834.2529188882834
3155, 1831.704175704987
3285, 1828.7759015225076
45, 1825.4769676243277
534, 1820.669677319749
1218, 1811.8047876388282
123, 1809.1984035373089
3275, 1799.8274676057583
1247, 1798.7344666039137
331, 1797.7273560782894
181, 1795.3574476481463
2100, 1778.1853131560897
295, 1776.7634888153223
1963, 1776.1180723718865
3226, 1772.6532189606635
163, 1767.2955640940083
2109, 1765.8046080523602
296, 1765.2039283662236
3445, 1765.0383227259038
3108, 1764.7078600674909
1583, 1758.4163224803328
2026, 1755.869691086646
3205, 1755.4737700899418
550, 1752.199696566806
494, 1740.323448841976
1444, 1734.1081669174341
3058, 1730.531313410373
401, 1730.0697354867802
2817, 1723.7349811479592
1076, 1717.7887482891272
3244, 1714.6906407946194
3404, 1704.1611057304433
458, 1703.0143147006297
3212, 1701.3810665835085
451, 1701.0162811324485
3174, 1700.2123370400454
1126, 1696.7439612507787
2388, 1695.8004276465224
478, 1695.5857885226578
582, 1690.1111993932705
912, 1687.2929184685709
176, 1687.0966064483325
1975, 1686.5788797370867
1032, 1683.1756901311564
1113, 1681.8863220848527
514, 1678.4679500324944
297, 1674.658054269509
1437, 1670.9133532776843
2979, 1659.842276695573
415, 1657.6723992874533
1117, 1653.9636659597463
2961, 1653.60121967125
2274, 1652.350027286865
2803, 1651.0478770200682
3378, 1649.8040997858982
1260, 1646.4203784037286
159, 1646.0560128418708
2050, 1645.4187809754112
2394, 1644.652280167404
2071, 1643.3195850226816
1533, 1639.8532878449303
3277, 1635.433361455164
1590, 1635.2104097574108
2969, 1629.1472337680948
3419, 1626.845882848223
2735, 1620.272068338019
3208, 1619.236298503385
2818, 1618.9501279869235
3302, 1617.2229985001618
139, 1613.0252489021339
1029, 1602.9205893551223
1030, 1602.8104617926322
3093, 1602.3924374492942
3424, 1600.8001402235989
1445, 1599.5332210528989
3135, 1597.397442336484
213, 1596.8096959924849
2820, 1592.9836654638711
193, 1591.9238091919003
3185, 1590.4181380494947
2011, 1585.925482112827
3010, 1582.8301588872337
40, 1582.6628119023223
2783, 1579.6486382044804
1443, 1575.3306365605947
3381, 1574.9267333038047
3056, 1566.220967093002
3173, 1565.978719873137
537, 1565.3618980699523
583, 1565.0710241985046
1849, 1562.742676823492
547, 1562.367867537937
864, 1560.3769877294194
471, 1558.6789656681017
53, 1555.8714943061486
1161, 1550.7903374453942
3073, 1550.3149852531715
283, 1549.419930391632
773, 1547.8536270631923
2076, 1541.3680355547913
153, 1540.4852509046896
75, 1538.9885377141181
3175, 1535.7413587978835
1256, 1534.502852428349
251, 1533.49043757039
2018, 1531.8969000273903
832, 1528.9492987279955
3436, 1528.7576618650858
173, 1528.167269125919
481, 1522.385707916478
3447, 1518.8431844234715
2027, 1515.4941792655861
3181, 1513.7667684761473
1624, 1513.4812274026651
441, 1512.6692557466085
1074, 1511.1196626483481
2958, 1510.763426572145
2013, 1508.8101820398906
505, 1508.3348865590333
650, 1507.642558327119
1978, 1506.0421988423775
3407, 1503.8981206174929
3064, 1502.0257216302118
432, 1500.141395552909
3370, 1498.7328768099069
3331, 1496.9292326779566
1848, 1495.9069828090671
3298, 1494.8344504309928
71, 1493.3464922365054
3437, 1493.0492801215687
469, 1492.7163690183913
1077, 1492.4762069461924
3110, 1491.0928192575707
3089, 1486.227676306606
41, 1485.9365682755122
3128, 1485.1357518396562
132, 1483.3159140944783
335, 1477.1648007682984
2033, 1475.165438612369
168, 1473.2981529447009
3353, 1472.2612694476911
284, 1471.2399461311911
428, 1470.4450738827813
2263, 1468.5744541348065
3440, 1466.7923485113804
2772, 1462.7366671688046
336, 1462.4049736404586
440, 1462.0332316499755
1587, 1460.8691154904511
2296, 1458.8028539226582
453, 1458.7759904650902
1811, 1457.8302100641856
373, 1448.1823599254728
3098, 1438.8220982190994
480, 1437.6688124798309
2740, 1437.1137221719157
2382, 1436.1004184123708
2776, 1435.7234834798437
1973, 1435.1391480242544
619, 1433.8379913414692
197, 1432.4987983320148
3196, 1432.3990922276785
293, 1431.7070432100186
1770, 1430.9746057198893
262, 1430.9600980812195
1110, 1430.5501502140862
128, 1427.700519839889
1870, 1425.8304814616608
1071, 1423.9866205451501
1991, 1423.9640105805888
2088, 1423.8908746303248
2773, 1423.519558736111
1245, 1422.6990563920224
3055, 1420.4444003326823
1676, 1418.749276182102
1893, 1409.4104048773809
3149, 1408.4174622803146
531, 1407.3266579995068
3061, 1407.166814610634
540, 1407.082592512413
1911, 1406.8064997232918
2024, 1406.8045348042026
429, 1406.0332116368
1098, 1405.4880498553453
1119, 1404.67974348388
3388, 1404.5667550951734
332, 1403.8461088603535
263, 1403.6943914447559
126, 1403.107677460915
496, 1401.1223107058186
288, 1400.3646957672397
1200, 1398.4936585700073
1140, 1397.9114714909606
1105, 1396.6197026681066
136, 1395.9799104952115
2759, 1395.537609931862
503, 1394.7940902365121
1091, 1393.3234390421617
164, 1390.5563195623704
1434, 1390.4521257775884
1433, 1390.4521257775884
79, 1388.0639228502916
203, 1387.8608396748975
2774, 1387.8087335119408
333, 1383.0356348326422
3386, 1380.5024620947318
457, 1380.2498299945462
1085, 1379.6844659903304
466, 1378.932034281185
423, 1378.468637171752
2825, 1376.6655570543137
158, 1373.5432817173034
2968, 1372.1338518783698
2056, 1370.4788380057964
2751, 1369.315439089981
1031, 1367.5387569196619
2863, 1366.6709346684524
1058, 1366.5064483432034
1651, 1362.3221831353276
504, 1361.1758001191183
2990, 1354.3572141067036
1880, 1353.2576130805771
3190, 1352.9681414815664
1100, 1352.9670408160075
1850, 1352.8193905682026
3408, 1351.714019497132
1094, 1344.8783542307997
443, 1344.4887639842623
272, 1343.8843933955432
530, 1343.6125648805264
3286, 1343.2134368811046
485, 1342.73509589213
2973, 1340.555552048095
542, 1339.9724325529974
2300, 1336.771990447624
3119, 1336.2640982658206
488, 1334.212092539012
449, 1334.202571245657
738, 1333.1662930315972
454, 1333.1573516394312
1603, 1332.9101861697952
906, 1330.2499328004908
2734, 1328.2805528831816
2965, 1325.5359190892877
1166, 1325.416426217303
328, 1324.4878113383807
1132, 1323.4804377712096
377, 1322.9695115476266
147, 1321.47270486977
2032, 1317.67236725476
1980, 1315.5476966649771
430, 1315.298390317822
129, 1308.1818918435026
1087, 1306.5036700272794
3300, 1306.326494298364
3057, 1304.757915991053
161, 1304.0365233326856
548, 1303.7232538156247
1241, 1302.418419548486
462, 1302.0050679239823
487, 1301.712058646206
2086, 1298.778365329242
3405, 1297.859197427346
731, 1296.3892588213978
382, 1295.6851780389268
2105, 1295.293224637524
2988, 1295.252472163548
737, 1293.239410868127
1690, 1291.3641267548064
475, 1291.1756652571619
538, 1290.9941036963742
414, 1288.4712859929234
3283, 1288.3354636752028
3245, 1287.0009674843604
206, 1286.9124720441198
2045, 1285.9307516427546
155, 1282.5511295635072
3297, 1278.7183800987839
2009, 1278.6112567177875
1128, 1277.8857989185524
2006, 1276.6028587849205
3293, 1275.6626435598976
1025, 1272.7021732072267
39, 1270.6303223121029
3373, 1266.9796807366936
1219, 1265.9437267350854
330, 1265.1789207048048
2920, 1264.9782506210934
3409, 1263.0086431148686
2078, 1262.4715005422413
3426, 1262.4516939913824
1979, 1262.2791506333715
365, 1260.1467354778322
1115, 1257.0553615473636
2424, 1256.03751237441
588, 1254.2005425439488
3292, 1249.4811408625367
1145, 1248.2141200137987
1041, 1242.193469970964
2722, 1241.33282918638
2224, 1241.048069286659
2753, 1240.9202863954195
446, 1239.4821710814124
608, 1236.8305016062218
1083, 1235.9367704524777
2110, 1235.351345558892
217, 1233.7456964646833
914, 1232.659163723392
52, 1231.263151353377
1212, 1229.2502147356277
1221, 1228.169298419295
2312, 1226.9339125227764
2767, 1221.1576160455631
2966, 1220.5623660409453
34, 1219.752702894758
2744, 1219.663287815641
1853, 1218.6038700712136
3287, 1217.1022509694176
3276, 1216.5804443903353
299, 1215.4430494632302
2348, 1214.9392676176385
264, 1210.1225107014652
479, 1207.432562364661
444, 1202.5309534175726
3291, 1198.4230346256368
1143, 1198.2608697813253
2083, 1198.0196230875447
1235, 1197.6977094145234
2297, 1197.1522132940315
2962, 1196.7196068668036
3176, 1194.7353939567606
3416, 1194.6805617328291
2301, 1192.6215851465531
1187, 1189.921477074775
372, 1188.8585132277622
189, 1188.1428776732848
2020, 1187.9726050463225
676, 1186.989669570499
3369, 1185.313835699668
2389, 1184.1464349370524
3280, 1184.062842849615
435, 1183.0245403734145
2398, 1181.2169087491748
3106, 1180.7599588534742
450, 1180.158095417235
1910, 1178.3006507687962
433, 1178.1084469911013
3339, 1176.313214034068
2025, 1176.3127187110044
3429, 1176.2064078950525
1442, 1175.8596678095716
1179, 1175.782573434407
2308, 1173.9555316370388
426, 1173.7082050924528
2763, 1172.5964292906935
862, 1172.1761914813287
3086, 1170.8113599884837
2748, 1169.5400498671095
3153, 1169.4518843139854
1214, 1167.6211405257025
1042, 1166.5061493131327
3159, 1166.2415614269087
3348, 1164.4458013562896
119, 1161.8846701332743
470, 1161.883872196745
3042, 1155.8702444087771
279, 1155.1485919248717
1914, 1154.1182178480922
1183, 1151.7871335315522
502, 1151.364946921695
3083, 1151.036314155307
3340, 1145.1728131504774
3079, 1144.8039379295228
2723, 1143.1976930938781
210, 1140.21824955957
2819, 1140.1384445802448
3423, 1139.544115648262
51, 1139.311672307645
3425, 1138.792528573722
3402, 1137.2548124676198
3048, 1136.6740225645322
1174, 1134.0420147288091
191, 1133.9826630573841
1172, 1133.8633237506237
1867, 1132.6256095876963
3259, 1132.1753901889485
1993, 1130.8372637211198
3125, 1130.8267206268051
476, 1129.320374260227
1169, 1125.9368069241734
3213, 1125.891386154574
468, 1125.5344494508092
2068, 1125.1486735406452
2302, 1124.3810748277065
1236, 1122.5835151468375
816, 1120.4090225593125
151, 1120.3074018729899
3071, 1118.7252218174438
1449, 1118.4903245675519
2507, 1117.5590463952717
1429, 1116.7649866522122
2055, 1116.3506542566456
56, 1115.69644259464
3418, 1114.5714301066241
1237, 1114.3846087807788
3435, 1108.048400210535
607, 1106.2629646352316
549, 1105.5036699211537
76, 1105.1198122687224
1876, 1104.4267707127444
506, 1103.5222631866488
148, 1102.6028911623334
383, 1100.8433404589637
3028, 1100.8106486796703
1043, 1100.3932229641985
201, 1099.4229865452742
861, 1099.4081673620215
1675, 1099.3357353700005
2277, 1097.0994444870446
3371, 1089.0395585722108
222, 1084.9153615674327
3047, 1084.8905289165998
397, 1083.8384081221704
194, 1083.72221588203
3334, 1083.40485147384
425, 1082.2907381639668
1913, 1082.2079380213167
447, 1081.1941415667998
523, 1081.1193639266871
1129, 1079.5736370535546
3051, 1076.3860484681225
3084, 1074.2986531511117
495, 1072.1318793626342
2548, 1070.7823358346257
48, 1070.0346659946765
2862, 1068.9983599094885
3315, 1066.1649242055303
1859, 1065.6924682373426
1102, 1064.724648823953
1124, 1062.850892201893
552, 1062.4710369907582
1177, 1061.5182844305764
3078, 1061.4111129308078
2298, 1060.2484579255422
3209, 1059.8330699886224
2306, 1058.3180124898604
3151, 1058.0994258865892
154, 1057.8567885432656
1689, 1057.633584902024
1159, 1057.3442293439393
1680, 1056.5328838694097
1531, 1056.0555128731157
515, 1054.9303187345693
1088, 1054.4697399871793
46, 1051.9698841489324
913, 1049.2597850808706
2381, 1047.9301267783517
1852, 1046.562656546014
2091, 1046.022040941943
1063, 1045.0559876185557
881, 1044.9776530713534
2272, 1041.3219579235636
406, 1035.3260887712854
3139, 1032.2718682850991
2309, 1028.515876029825
3410, 1026.0461968093819
2978, 1025.7711501517406
2741, 1020.4439564129407
562, 1018.3486796560913
3198, 1012.631079320927
670, 1010.7067088438629
178, 1009.3109289383685
543, 1008.9820751398515
1226, 1008.3045050988164
3274, 1008.1026180047936
2981, 1008.0865508424537
2813, 1007.9500488980206
1069, 1006.1715905179259
1096, 1005.7620240755807
452, 1005.4607788413949
2768, 1003.7769357935249
1099, 1003.4953082975144
44, 1001.896560588498
1856, 1001.2531281684986
1184, 998.9242955188621
274, 994.463863080799
131, 993.748952605833
1243, 992.0816735488414
3050, 991.795376200885
1589, 991.2561998368894
2019, 988.9453837808227
3132, 988.2094232161365
2622, 987.4406080127346
1872, 985.2831862093291
2005, 979.821782968354
2765, 979.4773366929115
1586, 979.1135088068423
2747, 978.8696169494815
611, 978.0226019750771
2310, 975.8500278673728
1142, 974.7998630437298
3003, 972.5078229523757
536, 968.0198441347084
2795, 967.7908634807702
1229, 967.4143516180936
424, 967.0422691219337
1112, 965.6738616982412
1974, 964.7714219994358
3333, 963.4040242392375
1299, 962.0452353354312
3178, 962.0229756600096
198, 958.5090279502041
1033, 958.0915505027864
1459, 956.6518543955501
3439, 956.0122541492802
2315, 955.8189557831809
1732, 955.5314283768503
3421, 955.2596105905229
1249, 954.4173116781948
463, 954.3693049958192
3246, 954.2884861905151
389, 952.9668463176935
3199, 952.2964130348746
1517, 950.9014798238184
1607, 950.863877751689
186, 949.9678712085641
2407, 949.4961781612477
1707, 949.3771809451389
2260, 945.74606869208
2975, 945.7415706648699
2974, 945.7415706648699
2291, 945.40922621782
3393, 944.3840923067011
2919, 944.1702604592338
1193, 943.5243570522939
3332, 942.4229003921561
407, 941.5670973435501
1666, 940.4644949795002
140, 940.0383506418258
1203, 939.48479157952
2267, 939.2081392985618
1084, 939.1594169509165
2238, 937.8899688008238
1961, 935.9235921698705
1144, 935.0843597194092
1244, 934.4499682174904
1753, 934.2325002521271
2769, 934.199097765163
2810, 932.6081745139594
2811, 932.007537621652
3395, 929.124389932407
172, 927.6718234887685
1263, 926.62506044691
1466, 924.8376560866191
1253, 924.3732820302646
2391, 924.0436078304227
2106, 923.4348921908976
215, 922.0117557479508
3192, 920.2660461029495
1854, 919.2715981461779
381, 916.7470248846888
1857, 916.1922741704713
165, 914.8912868449745
2736, 914.792947579067
1662, 914.6653329660264
3131, 914.4815002758316
1301, 912.9104403141995
3372, 911.0568168241415
1686, 910.5401801440235
2343, 910.0336945077846
3171, 909.3004308538391
1610, 908.5313104839388
1002, 908.0652657878958
379, 907.3928328853124
1611, 906.9202035016662
3336, 905.9197205466556
1067, 904.9797112335469
3278, 904.744047692336
2303, 903.730444918217
2985, 902.8683227005563
2630, 901.0448094885344
1447, 899.6552139565447
1101, 899.5863047519275
100, 899.4514229029802
3133, 899.0823927176206
2749, 899.065195769094
678, 898.8584199263978
2794, 898.1378793551297
1148, 897.7722631288788
2034, 897.7554080640988
275, 897.1717989953229
3396, 895.5224225157956
74, 894.9236492682292
431, 893.7770816311854
1381, 893.6271922708481
98, 893.2597706679211
143, 893.1418598920994
3441, 893.0884767606469
2752, 893.0325710636448
1456, 890.6125408296592
1095, 890.5696146289572
3432, 890.0706205525315
2798, 889.6395763574579
1139, 889.1102494651388
376, 887.5518138959923
1254, 886.9980471926056
134, 886.4015606712286
294, 884.5214194125143
2, 882.0408990710002
1855, 880.9334893852321
2808, 880.5033987917467
1121, 879.5853963769518
895, 878.8923588948077
2918, 876.5384425588824
47, 876.2973496305153
2951, 875.3365105820275
555, 875.2982693479233
3092, 868.5793135492229
1202, 867.7601293241696
228, 866.1784769156727
3241, 865.7086435901823
2292, 865.283192551153
82, 864.5181569860843
3194, 863.5436596935112
2261, 863.5375728139327
2271, 863.1477456519796
2014, 862.5368683054169
651, 862.4868999364119
3204, 862.4640360430349
2417, 861.7328749368145
1687, 860.9969982374529
1761, 859.5115097005886
1024, 858.9485616827398
1604, 857.7611707047539
2392, 857.6345649303388
162, 857.3650600904009
1866, 857.036109496813
685, 855.8948444959436
3420, 855.1323727872497
3413, 854.433871639546
3342, 853.2365460259889
2793, 852.7513250625744
3384, 852.6856894935172
851, 852.4561804662015
580, 852.2889100413777
654, 851.8844423363726
1677, 851.8378217951552
2108, 851.54581071045
1742, 850.5273168323475
1738, 849.6033875958555
1439, 848.942582430046
2003, 847.0875308423188
3305, 845.3476192458694
3039, 844.3850596092402
57, 843.9707116181823
563, 842.5111976100068
1688, 842.4417449558659
300, 842.0400918178245
85, 842.0122917287393
3170, 841.2364516770854
3115, 841.0549865071807
125, 840.7948092159203
3211, 839.4570655500313
2337, 838.1156516761494
1438, 835.8467179799047
3380, 834.4005859632679
3144, 833.304014213719
1125, 831.6600364862104
2278, 831.0915431243722
1238, 829.6508339113877
3101, 828.3335915897273
1204, 828.0547622743549
1217, 827.9897601558757
1147, 827.5503602073995
1122, 827.3907346836069
3375, 827.0568172073802
2065, 825.8144490116096
35, 825.7227434905642
885, 825.4789529967674
2789, 825.2388895238527
2048, 824.6704094016602
1581, 824.2248614607387
1141, 822.414290826904
2960, 821.4747090894543
1720, 821.444962323557
2080, 821.292110913403
1082, 821.0796985473883
3304, 819.7113853452403
2513, 819.4305210255332
2041, 819.070404075764
2396, 818.7798518707777
1205, 818.0487920352555
2715, 817.7655277577285
680, 817.7176719084574
1877, 815.2658369838592
3197, 815.1484490731535
613, 814.7541419064612
3206, 814.5665432235145
3367, 814.0204016671448
408, 811.017475575989
2733, 811.0072050082937
3433, 810.5530185042882
3351, 810.4510341984391
3289, 810.4049507861555
1436, 809.7370944257972
445, 809.0359713718154
266, 808.2012791453665
3059, 806.2548172531592
3312, 805.1831218174824
2104, 804.5953418430288
298, 803.91160783728
473, 802.5767585164788
2419, 801.817687383449
2285, 800.854269350319
1683, 800.7535017095672
1773, 800.326084617377
61, 799.638125642254
2454, 798.0007223237199
3062, 797.0119549081705
3186, 796.2471644930445
3141, 795.7554533722516
3095, 795.5359492393552
545, 794.8887943847733
3143, 794.7931162128975
499, 794.7436995965177
1678, 794.0739579072513
1725, 794.0431862365587
1860, 792.8017971316381
141, 792.6849397144109
1760, 792.0572015075109
1070, 792.0330720686559
3366, 791.8663649647289
3154, 790.3259314307011
3284, 789.945624592734
521, 788.3567237318305
1137, 787.5113639642242
2288, 787.3064224552728
2421, 786.986694486406
2983, 785.7476643714123
1199, 785.5612782510598
3163, 785.3425884936645
2730, 784.2929542352514
1130, 783.1517026901212
1608, 782.596464290254
3294, 781.9060640924538
3243, 780.8421352054308
655, 779.4084002474491
3117, 779.1818973580655
1874, 778.9728821323222
2387, 777.6790030304632
3414, 775.0675556246803
649, 774.3903671127675
280, 773.6564606367332
2354, 773.0734469251328
1242, 772.1819891636485
2651, 771.8981418770348
2386, 771.4881139801621
3040, 771.240109371953
2279, 770.0226533793302
77, 770.0000288806602
3200, 769.6255357743667
3102, 769.5040743914562
533, 768.1970566508796
553, 768.1929864549957
544, 767.5606834116315
1722, 766.7551256986943
2294, 766.7137173881765
2290, 766.5316197617711
209, 766.484980108244
2240, 766.0169765691815
1729, 765.0630311616682
1059, 763.1972408696145
1879, 762.4006683494387
2717, 761.684098611813
2408, 761.4226667490276
2257, 760.1688168999523
1097, 759.6446521383925
2666, 759.5875436522987
2549, 759.4836231857848
2002, 758.1816112475585
2483, 757.5781092131881
135, 757.064123544349
663, 757.0570672584837
177, 756.5974002905591
3134, 755.7549143369919
1718, 755.6993208079535
3158, 754.4072777323144
91, 754.1800484045331
1446, 753.1415732187471
2269, 752.6583427241478
2286, 752.2847510837169
1669, 751.5503668391111
3350, 750.7396181111995
2028, 750.2079263260752
427, 750.1605732735252
402, 749.9811288367788
2307, 749.4116245022859
1160, 748.895542400815
2802, 748.7944527239754
1262, 748.7376252155595
3443, 747.9795369525818
1627, 747.4423727178965
1667, 747.005593293004
2252, 746.5139594613353
1771, 745.3923838607316
3103, 744.0551111391098
3147, 742.835772012296
2404, 742.4627644060507
1881, 741.2237864969741
1227, 740.596641346893
281, 740.010388935967
2352, 739.7017101754789
439, 739.3388448936531
1213, 739.3353198659682
1257, 739.265193712231
2491, 738.4115045370941
2505, 737.1589781578084
748, 736.7743919818007
1685, 735.1884265385426
326, 735.0106920458883
2976, 734.0077939273604
2380, 733.4620850053052
3354, 732.4911275504402
1430, 732.4267552365178
1232, 732.362273278578
1188, 730.5305850936008
3335, 730.5162306477399
1298, 730.4110938008622
3399, 730.2133929019795
2508, 728.8267290447717
1452, 728.8246832619903
1431, 728.756074384717
1646, 727.8941632528375
679, 726.5114740639194
2093, 725.0502354921016
2314, 724.65088296048
1695, 724.2643962524296
2721, 723.0931138780838
956, 723.069378624951
3327, 722.2561121071424
509, 721.9289519458858
2771, 719.6176051758857
1175, 719.3408427565898
643, 718.9581660023997
1970, 718.6696867451
2742, 718.6161677511551
1231, 718.3256497655943
192, 717.806892197121
282, 717.76244161197
1251, 716.6035518506221
3053, 716.4801347219108
3322, 715.90880643697
2815, 715.4638996082612
2797, 714.0879078955666
2948, 710.7354788611485
1209, 710.031228080667
1162, 709.9394880525514
1758, 709.4396472612073
261, 709.3373268086317
1246, 709.2486888600882
3430, 708.3647266058359
2218, 708.3415844930742
2442, 707.6784116287855
1465, 707.4655778137062
1154, 707.2629762732396
99, 706.1382290382395
3081, 705.4726587206302
2566, 705.4499381286996
237, 705.3026071081242
2304, 704.457947182473
1258, 704.2385513527678
2688, 703.8386943565839
1875, 703.3651183375912
219, 702.4987693889569
1998, 702.3785507922339
1746, 702.3487743618293
42, 700.9518831569012
1660, 700.0377955080951
2021, 699.7876915190383
733, 699.7707579380037
205, 699.4246406873942
1201, 699.0832481742375
3314, 698.423324519155
1513, 696.262842757955
1625, 695.9717869881148
2823, 694.0769688473415
859, 693.922395173772
1182, 693.9215682106319
302, 693.8878621559821
512, 693.1393224113623
498, 692.3907287640739
92, 692.1773944756122
3377, 692.1536388451476
2008, 691.741825736574
3076, 690.6243253976992
2546, 690.5476132065887
2203, 690.2440835475904
1971, 690.2105577638538
541, 690.1829625552751
966, 690.0555062072946
1756, 689.912699936899
1464, 689.5994880630684
1116, 688.6517369639631
2280, 688.070092003129
2413, 687.660038875372
492, 687.5436254827603
1208, 686.9410297178723
3006, 686.7768626465634
2023, 685.4947740624843
838, 685.0996254939786
3330, 684.328164930462
3152, 684.1273778999522
2671, 683.2171855352921
455, 682.6921256768313
1435, 681.431627698647
2967, 680.9108580122295
3052, 680.6511478924385
2784, 680.1021884757299
2412, 679.7331852087493
3109, 679.5998720716663
1197, 679.5489866576701
1176, 679.4914627079655
1502, 678.9573806719889
1250, 678.7784373040193
2719, 677.9612400491881
520, 677.11666858187
2824, 676.9875619368277
84, 676.8205486155001
3074, 676.0880253632029
491, 676.0550938798765
732, 676.0108039881842
1708, 675.8914640543313
1461, 674.0663626715693
3390, 674.013256071004
2385, 673.6071051081519
73, 673.5174040995356
2788, 673.3819370694705
513, 672.4622805603283
3397, 672.42325928516
1107, 671.8628125930161
1894, 671.431429496796
3338, 670.7104822661821
150, 670.4850070822562
3120, 670.1441374964105
2007, 669.8665136024194
120, 669.1748992541673
3157, 668.9614372834573
3067, 668.6338737061986
3124, 668.598949756411
58, 666.624149521129
1149, 665.888999518509
2762, 665.8486910360552
1127, 665.7537647334105
3184, 665.6964770348249
2816, 665.296583956962
1462, 665.0616780152724
634, 664.8011928692433
3156, 664.3957672439391
3082, 664.3547747753863
1078, 664.2999420000192
2755, 664.219681284472
2705, 664.1670809283669
2796, 663.8120870064151
1106, 662.8751953935995
88, 662.1514937422709
3087, 661.9521511881926
369, 661.6451947233055
2761, 661.5500071395498
1223, 661.4599156787594
699, 660.7211908181647
1698, 659.9811834701453
2353, 657.9001087608817
265, 657.675241610097
1167, 657.6164675366598
2917, 657.4960556614934
1600, 656.8008349355415
3096, 656.5876877895463
1858, 656.3140068421326
2583, 655.9643787120784
1596, 655.8385143146662
1261, 655.7757129288419
89, 655.6441340125488
338, 654.7616678265633
3398, 654.5643418233332
2039, 654.0405181394641
3104, 653.8862324155751
105, 653.8442970814367
133, 653.4909084919109
2977, 651.888269442714
551, 651.6995759917293
2587, 651.1784762757499
1868, 650.880998080693
2645, 650.8307650637773
460, 650.1907135657078
1968, 649.9245990411298
1104, 649.3370085476482
1593, 649.2989673429767
2393, 649.2935502510102
863, 648.4784101718063
2780, 648.3424537008988
1521, 647.6940915769717
1181, 646.863516978316
1195, 646.7926412752488
3075, 645.4238426810502
3088, 645.2728287652818
160, 644.3306156438745
1196, 644.3110984832
2758, 644.1344131693699
3127, 643.2650340631945
398, 643.1497272364088
2276, 643.1467808769171
1515, 643.116453151018
2268, 643.0029881366482
2098, 642.7997633891118
518, 642.6975492906095
2782, 642.0266909840366
734, 640.7000092895918
2982, 640.4075182949215
2864, 640.1949291510152
1871, 639.9440139830159
2559, 638.964734086503
1222, 636.697031981808
3116, 636.5629452816534
3060, 634.8766658447101
145, 634.6161920595547
3400, 633.776027063386
3150, 632.6451564838894
2347, 632.2464583833637
3138, 631.7060679075836
2696, 631.5422525648353
3352, 630.7398021635422
2770, 629.7268936755829
2259, 629.7162029261532
1644, 629.1713497352199
2338, 628.6876318432577
2984, 628.4087205752585
1225, 628.1452092385658
2524, 628.0518410155074
3248, 627.3095942337098
2558, 627.2184182511444
3394, 626.4561449317499
2004, 626.1587242525261
3239, 625.535515956309
1136, 624.9163126543125
412, 624.7662026380673
522, 624.5246636542684
2266, 624.4716253319548
1647, 624.0028312720602
3264, 623.923433118668
1740, 623.8814527030561
3187, 623.7701341188498
2716, 623.6943595432007
1514, 623.490441397457
1717, 622.9156695479679
511, 622.8637060691418
2344, 622.7380091894239
1739, 622.4830829632424
103, 622.0052677964555
3183, 621.6779585582273
2607, 621.5403795512143
3123, 620.6898727896813
1682, 620.2112467531533
2562, 620.1560534950945
3168, 620.1469341550129
66, 619.3267948431716
2210, 616.2171057961991
2553, 616.0436349716741
87, 615.9186622820511
3328, 615.8093196115793
3337, 615.660641652778
3355, 614.7886367452045
2101, 614.7367275402197
190, 614.1127838622428
304, 613.9973196052729
3290, 612.4526947366072
2514, 612.292203844341
2610, 612.1956677022215
757, 611.6082190135102
62, 611.5849046968243
2812, 611.4838755716172
1711, 611.4700111381766
3146, 611.2122555819047
1714, 610.9017745578396
1138, 610.0871219934173
2258, 609.5729584532862
1185, 609.2170833618753
291, 608.1936801132572
1108, 606.9356906496292
1155, 606.0280329114893
3444, 605.4535456641744
409, 604.9194278349846
2017, 604.5999541605496
3324, 603.919702727258
2800, 603.8223101600654
3105, 603.4941528889096
2781, 603.1278494380023
1747, 602.6089178947025
434, 602.6065142655543
1656, 601.7985059935668
561, 601.7341058712868
3427, 601.5702982251983
3162, 600.9350552106346
3137, 599.7818986400657
1120, 599.4711670900457
3041, 599.0345725048187
2694, 598.6775572231335
1123, 598.3720822993829
3063, 598.2099118621982
1641, 597.837759962913
1726, 597.5736693361448
1642, 597.3991541062929
3406, 597.3739027815609
1206, 597.2988645664927
3004, 596.8640164095473
1441, 596.6651520417332
1451, 596.419774236121
3090, 593.8383130770728
1703, 593.5929086600908
1131, 593.3554896456766
110, 593.0229555411256
2690, 592.3580234267041
965, 592.0845422454202
214, 591.9724192106279
957, 591.392497891884
1224, 591.1088562532275
399, 591.1042587074285
1626, 591.083866041829
1133, 591.0363084651378
3255, 590.9200098810772
1207, 590.3670768033809
156, 590.3651135886918
1731, 588.5727063027722
3129, 587.8196176644497
2287, 587.1943298922113
1715, 587.1615826012473
1057, 585.8385693395657
2030, 585.4562182678795
3126, 584.3037259490815
3225, 583.8084188303725
179, 583.7220008696925
385, 583.0698233903962
250, 582.5263084234867
1171, 582.2223350209018
2244, 582.1266202229285
1240, 580.5632793107861
1892, 579.9319275725305
2710, 579.5959620279865
2775, 579.0766262171143
216, 578.7451562670914
3122, 578.4980008135823
626, 578.4688540452246
2409, 577.2989232859819
3279, 576.2453779558458
106, 576.1527142169917
199, 575.9126373185868
1194, 575.1099721501406
3140, 574.7803992649626
2223, 574.3210849074509
2473, 574.2150972995462
1713, 573.6091758524846
2779, 573.4204518322447
1597, 573.3332483434301
3415, 572.9536435352411
2640, 572.9113979175511
1081, 572.8219850048876
2536, 572.4352289474307
1705, 570.3083757145275
3066, 570.1760733292973
3349, 569.8577970798297
3318, 569.0696686025394
2653, 568.1670316117744
3130, 566.7727464499278
1168, 566.7269442084374
2102, 566.3930214924586
1755, 563.9345729678718
1643, 563.5974657210511
2756, 563.0102971723186
1869, 562.7808214842678
681, 562.3181301179218
1630, 562.196167344527
2785, 561.3853060037742
3299, 560.7253398064918
2379, 559.9530392052594
3080, 559.937248118721
1721, 559.9366230571865
278, 559.8587317780019
2305, 559.0831615232435
1752, 558.7745800145335
1163, 558.7424378354774
1516, 558.344077689481
276, 557.1532262139426
2620, 556.6000840797489
2657, 556.3321161168313
113, 556.2765573547282
2497, 554.9726092502897
2677, 554.9397213480507
3207, 554.5532181201675
2650, 554.5049823163207
2415, 554.2577882849304
2787, 553.9825772752672
2686, 553.8097063938341
2384, 553.7809226378922
2571, 553.2746418152818
1966, 553.183672305237
3368, 551.8594032327429
1692, 551.7618757228792
1712, 551.509756185932
395, 551.370400270863
1061, 551.3201867259677
2814, 551.1871229288613
404, 550.5760039004055
2411, 549.0822341767664
2399, 549.0535404335257
2390, 548.6454031737577
400, 548.3911700169782
1170, 548.2082300580362
114, 547.876248736984
2311, 546.4147693832082
1186, 546.3264512754635
1996, 546.0886875926767
2152, 546.0515149020646
2574, 545.9901238329657
3347, 545.9388839199821
1733, 545.8569810253681
2972, 544.6448034857173
2273, 544.1821577932702
54, 543.9564453376253
3374, 543.4723072714299
1135, 542.9887673922435
2624, 542.6387358400995
1028, 542.5889343437251
1146, 541.114959747078
3356, 541.1083169253958
21, 540.656063743551
3306, 540.471825069362
1428, 540.4026200896398
2561, 540.1525965076709
2356, 540.0444827109055
3111, 540.0344757035198
1220, 539.3659330821068
2745, 538.3476013666523
1658, 537.7626801965388
2913, 537.7555474025813
1068, 536.7527159962059
1710, 535.6982871307495
411, 535.168177639981
2799, 532.3441057627219
267, 531.4125466516418
1701, 531.2459735637219
2720, 530.7667620833037
2416, 530.4017637139466
2414, 530.3629757164928
510, 530.3200872874074
104, 529.9560197727459
2217, 529.5032134664749
2703, 529.3701112763177
386, 529.0455605948727
3099, 525.7754390466239
3020, 525.4318959824438
254, 525.3260092023604
2550, 525.2734134639588
2111, 525.1218241030411
2096, 525.1218241030411
1198, 524.6314984924816
1463, 524.5306619694205
19, 524.4420294345925
3383, 524.2128532324
1744, 523.974512650176
95, 523.9360103895491
121, 523.8126384105697
647, 523.4243390990641
3316, 523.3135004202529
3422, 523.1671162970018
2652, 519.9550057091768
1891, 518.5850069299911
2572, 518.5133990050838
2649, 518.3104384582355
1748, 517.6239268218129
1631, 517.3907387093407
50, 517.0512960852208
2525, 516.6146349012952
1735, 516.49671883146
2520, 514.9664682078269
2641, 514.4997092479083
1716, 514.2646122712192
2551, 513.9998775065054
1873, 513.9540251859048
1659, 513.8912663320317
3097, 512.8590778920405
102, 512.3920442655559
1460, 511.42203695869097
2668, 510.994075270813
3428, 510.64155522180044
3323, 509.5205310001588
2738, 509.3037260982715
2712, 507.3824145368268
2378, 507.27508611106697
225, 506.33220370647615
3376, 505.32845209553875
20, 504.9497755729183
166, 504.5920888373098
1684, 503.58094704582743
137, 503.4071895312396
101, 503.151667018281
90, 503.0765081469683
2527, 502.5955875362414
3265, 501.89999812883855
127, 501.77101731572355
2601, 501.4777331637572
1670, 501.25039076436724
2406, 500.50487337530757
1672, 500.1395104902145
3201, 500.1273819021807
3112, 500.08876547388405
287, 499.8624635021295
2646, 499.75594013802265
2959, 499.6172570364749
1633, 498.1559599716347
2295, 497.05947056126524
2621, 495.996528547224
2608, 495.3352542586338
1730, 495.280496612758
2683, 494.74983408624047
3442, 494.6781113970642
396, 494.580413495154
2097, 494.2847223032446
1743, 493.9144571217577
2656, 493.2841546839456
2568, 493.2432901651967
3362, 493.21112032178354
1668, 492.0172480068868
1047, 491.91284361860517
1700, 491.8090070924406
2289, 491.1820847470528
3295, 490.8476410371623
1477, 490.48536221803505
3417, 490.4275885332349
2915, 489.92284134477296
65, 489.13052807666054
1699, 488.86853579026644
3136, 488.5210699556681
3288, 488.44250919005725
1588, 488.3447754970883
218, 488.08931698664003
2293, 488.02354893891857
1034, 485.973154568161
36, 485.9478059477728
67, 485.5587247048032
1065, 485.4142937851725
1724, 485.1509459472739
1741, 484.0433349952349
2350, 483.4485226687452
2395, 482.7750329949794
1645, 482.6077301418677
2635, 482.15322335996615
255, 482.06364086486815
2580, 481.8635149963137
1628, 481.8407837382771
1657, 481.5420470201854
1663, 481.09495180575846
72, 481.08523956919817
2681, 480.3376663767978
2451, 479.3572649717088
3387, 478.9904225853695
2340, 478.3702170320111
1671, 478.17650999816397
1941, 477.88517417877125
2485, 477.17830243252405
1719, 476.40966723350306
144, 475.59294854377106
3311, 475.25211399068326
2853, 475.03637698006196
167, 474.97962334405446
1754, 474.85818039861954
2563, 474.2187393149156
2212, 473.29360563938576
1967, 473.2317333454501
64, 473.156302650006
2726, 472.6302131579094
358, 471.28954929295554
1665, 471.03557890389726
1150, 470.5803573302984
2592, 470.5278753793389
1728, 469.60214758644946
2533, 469.5246229476332
2400, 469.1267140400167
1706, 468.45521288573644
3392, 468.18477825378085
508, 467.3419300706527
1745, 467.2097221162156
2383, 466.7832111724173
1134, 465.3645111130196
43, 465.092453003206
1650, 464.6429416891813
70, 464.43094986623294
69, 464.43094986623294
2597, 464.40692731842483
1962, 461.9632725480495
2397, 460.3931620476111
3254, 460.0130489310415
1629, 459.86051783085924
2697, 459.55884440722184
388, 459.50667372060457
1440, 459.2788793383669
1114, 459.1893814230252
2493, 458.0427459892481
93, 457.8334331693676
1073, 457.75976612079694
2456, 457.70373746226585
260, 457.60659917116277
2283, 457.41747166368924
2466, 456.4151240880666
1637, 456.30847578673195
1734, 455.897065221868
1679, 455.88718607922664
2611, 455.07166798418433
1649, 453.9898620801555
1180, 453.8433838468831
2486, 452.48976507903444
2449, 452.18908791080855
1813, 451.7542448954472
195, 450.9947535504261
1216, 450.7156422078262
3005, 450.42602442667965
1727, 450.2222753096202
1704, 449.7769414200691
1406, 449.6772423917739
2575, 449.0953715725656
375, 448.7193650389649
1639, 448.63470331007545
3094, 447.589539676668
212, 447.1397337169307
1681, 446.7199308800189
122, 446.1841932102022
1864, 446.14565550270163
2658, 445.88075616167197
497, 444.7904720539822
1648, 444.75346111535265
1691, 444.528382989663
1152, 443.8226063050769
2179, 443.7666926885258
149, 443.09511039175464
268, 442.7438918611498
1697, 441.9939745018437
115, 441.8992915543205
108, 441.69438033206944
3232, 441.41522634359956
2604, 441.3796741479167
80, 440.93184777137765
252, 440.4549625498925
474, 440.09132229874604
1178, 437.10601169918664
2528, 437.03786078308934
2339, 436.1050044765672
2204, 435.57529291978466
1693, 433.1856641805282
1079, 432.7575929711507
232, 431.15975832819066
2239, 430.74900572410354
1749, 430.3776585552385
2971, 428.37391972280915
2461, 428.2232436943825
3007, 427.87791335712376
2778, 427.18534133770714
97, 426.90774134016016
2087, 426.783788252616
2475, 426.74743823638033
2655, 425.4478649844965
2589, 425.37763261995144
138, 425.04656627317473
3231, 424.7333200569366
12, 423.94438373542073
2355, 423.1139729000239
1702, 422.8240557000676
2235, 422.0311564918651
2453, 421.39321327866264
2543, 420.4858178105155
1156, 420.485376937458
1751, 419.2006014496791
2648, 418.80455201129826
1189, 418.5347881045816
3195, 418.3714767681406
1151, 418.04974119523274
1674, 417.9742134835558
2167, 417.92093527192606
2185, 417.73875015012226
2282, 417.41135424995366
68, 416.7622605747933
2612, 416.6825901722402
2616, 416.6058010722228
32, 416.06010800578207
2980, 414.72633817808867
405, 414.0147483156289
1302, 413.5543503724412
1397, 413.356508525275
1636, 412.8917783324384
2564, 412.2954634211165
196, 412.27169029827513
1605, 411.8975017473386
3258, 411.7415745468791
1696, 410.47153017524295
337, 409.7091231041864
3164, 409.70797622930223
2809, 409.63507912057526
2673, 409.6216936016411
1635, 409.4198267657119
2623, 409.1814284174251
3188, 408.6866820646463
2484, 408.34504090193224
96, 408.12144115185635
2010, 407.74382544605
1632, 407.26252630907686
2139, 406.94938311164384
2693, 405.8360697579371
2184, 404.9468517030758
1467, 404.93758572681526
2605, 404.6757528089022
2226, 404.5792103016107
3313, 404.46239514527724
1634, 402.7097984505689
2626, 401.99189437994085
1750, 401.7414796192007
3296, 401.7205372620638
1759, 401.5944208615909
2821, 400.84211657624957
2299, 399.2804651968969
472, 398.4478311469296
1737, 397.84945268232735
2679, 397.75060613726157
394, 397.52981628087036
2531, 397.49526229726035
55, 397.12249174411056
2177, 395.8989202224
2586, 395.6899409145371
2249, 395.66307883442283
2713, 395.591937348554
15, 395.30549035749146
13, 394.69054837998465
2264, 393.3883216460068
1958, 393.34278663386436
38, 392.81685498818973
3160, 392.09989686087965
2094, 392.0882978615924
1694, 391.9599826118284
2270, 391.62316060993436
2492, 391.5625860324719
2498, 390.39842881348625
2606, 389.5609453047164
1191, 389.5086036980849
2695, 389.343500557833
2345, 389.2360889140718
2687, 388.74419019975244
2490, 388.21114401163874
2351, 387.8054380451751
1530, 387.14677433425084
2570, 387.0135213122258
3021, 386.78260818907467
2346, 386.5864746233251
2654, 386.2438073234073
2462, 386.02280058302506
3091, 385.88150198634065
2538, 385.7329221256688
2496, 385.70006534074497
3262, 385.68151724916663
2692, 385.5393954107825
2900, 385.52772354760543
3113, 384.9716742054284
2534, 384.8896209525711
2603, 384.7296763669225
109, 384.2960102208844
1518, 384.1973529406515
1652, 384.15304310756386
2519, 384.0424797895768
2464, 383.4401338454969
1045, 383.1462576612473
2349, 383.1389420458009
2822, 382.92944206946527
2861, 382.9003502368152
2342, 382.5394412349712
2455, 382.2706878266769
78, 381.9387652853665
2341, 381.8394769916894
2707, 381.1158748513348
2704, 381.1120259962381
1153, 380.90331830182816
1838, 380.4888923122646
3261, 380.0451753278759
2629, 379.77430155868075
3193, 379.1355491536317
2511, 378.67153833868156
637, 377.9163192469624
2869, 376.6658478208421
3180, 376.07337326310915
1960, 376.04442230859513
916, 375.9071625421908
2522, 375.4918761780271
1457, 375.01176826596793
1709, 374.620497009489
3251, 373.6568294517673
3344, 373.5836207212448
2313, 372.5715449974303
2675, 372.4110135921794
2801, 372.33886762141105
1557, 372.2095043975679
2581, 371.55151988638346
2600, 370.3397139504313
3431, 369.318355443374
2700, 368.93465596888274
16, 368.50288453981483
2506, 368.4295251749317
1655, 367.539935626287
1316, 367.2476349742726
2284, 366.83881437857093
2638, 366.6138205098555
2452, 365.7282100675749
3329, 365.0573262384144
2275, 365.0345921291639
2727, 363.33115415990534
2662, 363.055897078341
2495, 362.975537946958
3361, 362.833933453859
3260, 362.8140995792229
2499, 362.29990940032025
2632, 362.2192432522897
2760, 361.48608058686256
2488, 360.1739069563459
2644, 360.04310450168254
2479, 359.06390847716943
2460, 358.5981582553559
3165, 358.5800824141317
2044, 358.3218740338717
3364, 357.93168168856073
2079, 357.599899699111
1559, 357.3996269046734
1800, 356.5672751783882
3019, 356.02258642943127
2509, 355.04156515883005
2665, 354.5097280333512
1, 353.13584725035474
2860, 352.232486072262
2037, 351.9152777026177
2440, 351.69570619873593
1638, 351.5523771673762
3100, 351.14398564684495
2433, 350.78196807773594
768, 350.01179872040433
2714, 349.7033721910234
83, 349.33696203924256
1661, 347.6267325466751
2530, 346.5565213191702
2698, 345.9240497701571
2743, 345.7320038148526
3301, 344.6277569414891
182, 344.4361955927431
10, 344.1724824541962
4, 343.3980827527825
2092, 343.07840141671085
1847, 342.535664669822
2477, 341.75459934769117
3310, 341.1592786547516
3234, 341.11717424445857
413, 339.9969324468988
2401, 339.4087844069378
2192, 339.19570485821384
2535, 338.7757714196825
2970, 337.5325021918728
3266, 337.51377534143813
117, 337.1860462673023
3236, 336.1672236526051
2565, 336.1006971835835
2670, 336.0755688454895
2625, 335.8607836162716
1664, 335.660943106281
2537, 334.8221550408623
2684, 332.70793300102804
1255, 332.3633926830698
2444, 331.931664418795
2598, 331.49700060752923
2061, 330.45061841205893
2591, 329.7772201441055
1062, 329.7638075737184
3357, 328.76493955350196
2634, 327.2774329290897
2699, 324.5377369648063
2731, 324.3807484261709
2472, 324.2284859325109
2660, 323.9602885290835
2667, 323.6405490654241
2664, 322.9916106526294
2552, 321.98082748444114
1785, 321.87635878333464
2659, 321.8636056462717
2857, 321.4439858757292
2669, 320.61802927941596
2576, 320.2387672567994
2631, 319.7535558474311
2691, 319.5720821997894
7, 319.2559082806407
1574, 319.2237302629097
2661, 319.1407284825785
2502, 318.86092147901206
2501, 318.86092147901206
2469, 318.1802862841498
2474, 317.92247410090795
2614, 317.0251781105765
2405, 316.1550145639445
2494, 315.9031892066631
2617, 315.81892561793666
3008, 315.7147007513957
2457, 315.51396491748665
2674, 315.43230343676913
2609, 314.8198540020877
1454, 314.79703229296337
438, 314.44315858743886
2541, 314.2338007204514
1814, 313.96255281783203
2510, 313.917623497746
2627, 313.617436516619
3249, 313.5939521810323
3033, 312.88671178084684
116, 312.0616519225897
1788, 311.21392400168384
2521, 310.31183137644007
2476, 309.73889083715795
3253, 309.71748164622335
2542, 309.54376827155346
2637, 308.84688154925254
2320, 307.7531813965232
2724, 307.0827999207805
1109, 306.997626433376
2448, 306.9533454811248
953, 306.81671298424936
641, 306.7531807149736
2504, 306.74999217948096
2805, 306.7265020226254
1300, 306.40180890676453
2832, 306.1550167863742
1324, 306.1389787783904
2089, 305.26136587619436
2567, 304.9838354577389
2678, 304.7987726036423
3325, 304.7319757331141
2702, 304.56252809344033
112, 304.3535602027657
2956, 303.9036153799727
3263, 303.16317104538064
107, 303.0717340718326
0, 302.79258642112933
81, 302.693663147364
826, 302.65759500644583
3009, 302.6095280502586
28, 302.35337969212713
1794, 301.68983786399326
2478, 301.5568203221943
2676, 301.4144862527467
6, 300.6382404668579
3235, 300.52041334681024
1562, 300.34445682428435
2619, 300.27276759767
1572, 299.99224760361363
2706, 299.2079149143435
2074, 298.9003894525277
2557, 298.3436245225092
2866, 298.11665057915855
2191, 297.19793472185546
2585, 297.15685032642995
3, 296.7574474932116
1723, 296.5733046471426
2459, 296.0469947256291
17, 295.7949386084291
823, 295.775738784507
2082, 295.74908479184086
2529, 295.3739645487063
2467, 295.37292806239634
11, 294.55095783673266
814, 294.3699590394804
2554, 294.217256873286
118, 294.1447233724451
2560, 293.92909768167266
1818, 293.61866256616923
2999, 293.41386167452885
9, 293.23499823442694
1309, 292.76728605009816
2577, 292.7068121480944
277, 292.27037939822753
2544, 291.6862334361842
2633, 291.59978046033444
2642, 291.4926361060182
1576, 291.4070290365894
2595, 291.37627860510395
1560, 291.1431629389161
3250, 290.9404404233316
2663, 290.7294957508046
2628, 290.6335955930342
2685, 290.56678162805883
2482, 290.40833706374764
30, 289.85359498824135
2523, 288.4516668011515
524, 288.4100015583659
1484, 288.32522838557713
1509, 286.3349619333705
2573, 285.95283061260267
1969, 285.5673081665081
1052, 284.52936022485665
2153, 284.4321800386078
3017, 284.4195825777564
1573, 284.36604918033197
3365, 284.25669384795543
3326, 283.7639494847353
2689, 283.605362785482
2618, 283.3660649942572
2545, 283.27129276755943
1410, 283.2194161566659
1543, 283.1398829158077
2909, 283.0486335688899
2443, 282.97255785417855
3358, 282.9620759441485
2480, 282.8937759095135
2680, 282.721441295464
2208, 282.71135937947025
2701, 282.5059345050395
290, 282.14980142201057
2481, 281.4254222630732
2134, 280.4344350580495
735, 280.06398408957665
2047, 279.9225899073357
1004, 279.797090460576
745, 279.70687106284566
2588, 279.5866918073017
848, 279.4140550630887
14, 279.39147124816014
2211, 279.262911151596
2445, 279.04812384921644
1882, 278.5940651353147
2458, 278.2687061968878
2602, 277.9936195116145
3215, 277.9404792761994
2465, 277.8769652176847
2613, 277.82400082446907
5, 277.78832544689743
3307, 277.6917544501396
2447, 277.48118708271414
2489, 277.2984677713556
1965, 276.9538544835526
2463, 276.8060949164066
2889, 276.65161216551644
1824, 276.5915037626985
8, 275.8554573810239
2643, 275.8153419630376
1806, 275.19551273923065
3345, 275.0541527400768
2599, 274.21538655926855
259, 274.04003864550594
94, 273.88839744728114
2158, 273.63133024116865
3360, 273.38623221361354
2584, 273.30853853502686
2487, 272.9466409485147
2512, 272.739619983284
1046, 272.73421607097345
436, 272.3507415448346
2878, 272.3391985954822
1567, 271.9508240056855
1940, 271.07241228575765
1939, 271.0030986332319
2728, 270.83929466761293
2242, 270.65201924807195
2446, 270.4358125581017
2081, 269.95390702760625
2193, 269.36074917635744
788, 269.17026181668314
2708, 269.1365930215306
2516, 269.01564070267716
2593, 268.51187665292355
2540, 268.44857475010315
1418, 268.2935798799595
2639, 268.11821222605744
3000, 267.6813268010452
2636, 267.3117754442091
421, 267.16972239816823
3252, 266.7978713849572
923, 266.6247151961135
2856, 266.56573243838085
3391, 264.79659649292915
1520, 264.7266594846616
2555, 264.36330194594603
3308, 264.21664038670013
2057, 264.03027633331214
2052, 263.9102344119807
2077, 263.75949540867924
682, 263.4740933439342
2590, 263.4364884953086
917, 263.3713758657833
2170, 263.12041614396634
2859, 262.8672596820361
1951, 262.86078293709176
2582, 262.44505677245763
2806, 262.0992868490763
18, 261.79587842398576
1269, 261.3681371232079
2031, 261.3151110559218
3025, 260.8157863658763
2207, 260.75289335343416
1003, 260.6195317961765
1575, 260.53533524098424
2090, 260.0006528542263
786, 259.70005374338666
2526, 259.24725474135397
1571, 259.23793950889456
2180, 258.1577790690053
1907, 257.95124639810734
3177, 257.76170750645923
2429, 257.58022651176077
526, 257.514352917773
2135, 256.87552188641394
2468, 256.7362396975369
2441, 256.25575308641555
2450, 255.91925897120888
2124, 255.37101470326516
1884, 254.98708123379708
615, 254.84794480442565
803, 254.81618499643162
2205, 254.81491804458406
29, 254.6289183241661
1537, 254.54478125224492
1810, 254.31539084708356
2914, 254.1811663366255
744, 253.91344685903294
353, 253.84777196521355
1210, 253.57757448559596
1780, 252.82074671724936
2539, 252.7959712753728
1103, 252.78189370453208
791, 252.717913977411
857, 252.64752005955478
1640, 252.6346416760749
1776, 252.23704028906013
234, 252.18626631551
1053, 252.1056886301281
1118, 252.03959852675857
2435, 251.50194186470114
2428, 251.50194186470114
3446, 250.96381223103674
2991, 250.42243824867091
727, 250.27423053354238
3269, 249.93967909930433
3029, 249.92202425322043
746, 249.80449033981589
2236, 249.5184971161113
3018, 249.48500874050913
1039, 248.96134616110245
2195, 248.78889857950386
517, 248.68312996157647
1889, 248.22686793581923
248, 248.17075441155959
2596, 248.022675014189
3016, 247.92554018553082
1519, 247.00174182565377
2194, 246.90597363658992
2709, 246.52081158139075
1306, 246.32710145986064
686, 246.32706173735056
2262, 246.28941432215447
2157, 245.621276197283
1525, 245.40484433359018
2243, 245.27379378757925
2318, 245.1851179744599
2647, 245.155742523375
2936, 245.11510277919146
936, 244.90978781653146
945, 244.3910835919542
1885, 244.25342743562982
579, 243.8944281315084
1356, 243.49917317024583
1822, 243.45989197978895
3343, 243.36399518535484
1807, 243.35046760921836
2196, 242.74119582553473
1424, 242.58492737923584
2615, 242.3424784191879
781, 242.04758958563085
2579, 241.63420554250553
716, 241.57292801275332
417, 241.55834881548316
2997, 241.35225867659918
2953, 241.29678453321748
249, 241.2683769516874
2188, 241.2600356902112
527, 241.22893983175248
2066, 241.1947006773011
1653, 241.08210279973932
1943, 241.0726611668961
1617, 241.00045219181922
3238, 240.70159674090945
2187, 240.28494593243477
2060, 240.20071927740523
575, 239.9303719907936
1336, 239.56394313904258
980, 239.49261951000622
3228, 239.48720132938593
321, 239.31749520106732
2438, 239.1513521528598
981, 239.1415272176006
844, 239.07797603179543
778, 239.03999903802037
1623, 238.97495050627907
1023, 238.72007891839448
612, 238.45431877438438
920, 238.132765542786
2038, 237.6663107604986
762, 237.5994767876244
1999, 237.5399225435957
22, 237.48443458558515
2471, 237.43573693631205
3233, 237.0818055270812
1558, 236.94055942091956
2160, 236.5743030626607
581, 236.4666696403002
3319, 236.29308664285836
2993, 236.04985265884545
1566, 235.92642455137926
416, 235.80234123000724
2189, 235.7334993273705
2365, 235.689659247838
1615, 235.6334063288802
1423, 235.4051185408297
825, 235.39360545371818
1487, 235.37708388029432
1985, 235.33558516983015
23, 235.22662178366164
698, 235.2200601557428
2517, 234.91083691465735
717, 234.5733563027448
1279, 234.57246925623483
961, 234.51137086611348
2594, 234.3556646470193
1037, 233.971233658618
243, 233.79061885814593
2142, 233.7578196456017
2145, 233.72812939319152
1803, 233.5909723070775
27, 233.50336176250863
817, 233.40671353403744
2949, 233.19566092595596
1895, 233.19141275790545
3359, 232.99146819077444
1577, 232.83616703879454
2500, 232.61790863840582
743, 232.40132795856613
24, 232.3798215293515
2360, 232.2068556872082
955, 232.16068875059926
1977, 232.13315499473634
3320, 231.90721455392068
2434, 231.7862329549933
2431, 231.48581080427746
600, 231.02473445474723
2362, 231.0006954012836
2095, 230.87637083830083
319, 230.77881318636506
3438, 230.69919712035573
815, 230.3475535708772
2220, 230.32726630868999
465, 229.9724147935212
922, 229.67534045120948
2879, 229.50320335416077
247, 229.49209655761734
2040, 229.42577105275635
960, 229.0923460397567
1331, 229.02833268438278
2214, 228.89756891946357
1580, 228.83882695335626
2916, 228.8176541762449
1579, 228.58594324442586
808, 228.202446952536
969, 228.154336733365
2845, 228.06310537465617
787, 227.87376762278092
2181, 227.84353522462786
500, 227.73193839470844
709, 227.35806683547344
528, 227.09465874368234
420, 227.07222161109297
2829, 227.02310738968143
3085, 227.01511376190314
1038, 226.95895399741593
560, 226.94612074126002
86, 226.4780769820988
1412, 226.46825155999184
2503, 226.37326328058526
3237, 226.18295525499386
2219, 225.91351983163673
1890, 225.90369668595307
999, 225.77875431680968
1473, 225.68220526463256
1425, 225.67151463749198
2122, 225.5985279600028
370, 225.43648577952155
1490, 225.35721325088946
2828, 225.35273914941837
2907, 225.33548146198638
1840, 225.3008828108456
1308, 224.97038447912917
1878, 224.86788253077407
1523, 224.74706070300965
2064, 224.297630172882
2846, 224.25732035787834
1371, 224.05577231483653
419, 224.044994630814
1599, 224.03950155463784
1266, 223.65738719775726
691, 223.4686483441338
574, 223.23837464172516
601, 222.95706533882404
585, 222.89821401876958
964, 222.56249982535425
594, 222.45570722759928
1314, 222.33884861804472
2046, 222.3104162341326
2427, 222.22606436534613
242, 222.08926030664963
804, 222.03715276096506
856, 221.96086907106525
1408, 221.7880822848808
1976, 221.5956047528298
2515, 221.57627300364524
2422, 221.5272895072006
1495, 221.50560554192452
2992, 221.37357393848944
3026, 221.23591976131127
2231, 221.08410112626356
2858, 221.0810633617939
2209, 220.84665409713358
1839, 220.8305645529607
1404, 220.68101429796897
1321, 220.55413068305805
903, 220.5059937983389
2173, 220.39538429396896
1315, 220.27353529263826
313, 220.17820095204502
2171, 220.1704874996446
3346, 220.05723809891245
2058, 220.05560065201288
2732, 219.8404895134353
2228, 219.83652174519742
1211, 219.83588321115937
529, 219.83170436758047
1790, 219.81926739556502
907, 219.7723784201232
2905, 219.73573266370778
1594, 219.47750015656092
59, 219.46183257800865
1289, 219.41593786297804
2206, 218.96016720859578
1823, 218.91717181968295
1887, 218.88621170348134
2877, 218.70205949991788
2168, 218.56487089753693
1510, 218.54601247388172
2036, 218.5055418897122
789, 218.45448074550083
1942, 218.3749380567569
3229, 218.26616194042728
2200, 218.23433433431592
2804, 217.95633688670304
2165, 217.9429323669536
972, 217.751722079245
2996, 217.56107469148327
1508, 217.46784431434745
2682, 217.27964068481072
780, 217.094013209826
872, 217.0746851548376
1505, 216.70685656148436
418, 216.53918534111824
1984, 216.5230369190046
1369, 216.43423791858052
586, 216.4002008404897
2837, 216.22969798739737
837, 216.15693308279526
1501, 216.05761350282208
1164, 215.98513073198606
1478, 215.9655768077461
2190, 215.76283621858656
1527, 215.72051003898827
846, 215.69063600141467
845, 215.6510829446437
1348, 215.23599645225906
1957, 215.11851688562436
558, 215.08229391656576
2470, 215.08011423424034
1846, 215.0535952573406
3031, 215.01444143037529
683, 214.98928756833246
2113, 214.88039164434272
2164, 214.7618010950378
2850, 214.74158248235418
593, 214.709420963678
696, 214.22725382335378
2256, 214.12704494484447
3270, 213.4410185379674
919, 213.31267661804893
2150, 213.2744885509502
371, 213.25876448534095
1427, 213.11876129753355
1421, 212.8156490772813
2334, 212.7770184262699
1883, 212.56464811520263
1512, 212.52235378543446
3363, 212.4685582062618
2841, 212.41257883778562
638, 212.36177686469395
1488, 212.24739265806903
839, 212.19310997476052
928, 212.1185633731547
1001, 212.08912122654507
657, 212.05841327005476
2115, 211.99530545817504
1983, 211.93773698260657
1361, 211.89336366105468
2043, 211.80121466040694
1390, 211.68364751671052
2998, 211.63125857507865
1494, 211.5843932684831
1380, 211.5603266661891
3267, 211.51572053118318
2372, 211.35834092949713
821, 211.10536055037667
2578, 211.02015775383708
1792, 210.99556023035856
1828, 210.96545734238924
507, 210.93890348602642
886, 210.87056186991234
2324, 210.68153974824043
1986, 210.65470936506327
2839, 210.63681152236458
307, 210.59715130412982
1481, 210.5685794032346
2852, 210.47087776708142
2321, 210.45055922679956
661, 210.37435272685815
987, 210.24664077355575
2117, 210.03998784586364
993, 209.87726842604167
1268, 209.81971776774265
1322, 209.77745517849158
902, 209.76587679257287
602, 209.76016125372294
2125, 209.72904036326366
26, 209.7096635432828
2229, 209.70562690842223
599, 209.65403282338642
708, 209.6415576548164
1389, 209.5697881473628
1578, 209.24741780316094
784, 208.88146955155273
2439, 208.70273520009587
775, 208.63132776884714
1549, 208.63037654356353
3321, 208.61051106987398
718, 208.50533841556663
659, 208.406775838037
2230, 208.28966456690299
1820, 208.17898667756285
3014, 208.04669540523025
639, 207.90589004047382
2120, 207.84554173572946
1396, 207.6569145111346
938, 207.6410633744637
584, 207.46687213245556
2359, 207.3503761144859
3240, 207.27754473248268
2255, 207.13340224405306
2831, 207.11325400470793
1455, 206.97358848997152
2063, 206.92503453509332
461, 206.73323278286256
1908, 206.69397006898592
2725, 206.60196664250202
3002, 206.5661296192262
711, 206.54198551066688
1886, 206.52699329110334
606, 206.46266074393085
2750, 206.25448691428812
690, 206.2328245117176
1426, 206.2071392969277
1271, 206.16669573172894
230, 206.12873175494454
2162, 206.0537094761114
3268, 205.99155919829212
730, 205.9603814826753
2851, 205.93012045457027
1345, 205.8760509543236
1493, 205.80062147439685
790, 205.76659615295117
664, 205.72391626135786
777, 205.68602942636483
459, 205.65301025342674
256, 205.63082791208615
2994, 205.62280788097388
1614, 205.61120771071268
798, 205.58830360298901
1339, 205.5361674739398
989, 205.41759438429918
1377, 205.41707709137955
927, 205.30788674309161
849, 205.3013909446106
855, 205.28491623955162
3242, 205.25580499316843
665, 205.2458492133218
853, 205.16295979766588
2085, 205.11555850462278
840, 205.10044018358556
235, 205.06022788189804
2237, 204.97337067927074
2844, 204.7715234014647
882, 204.6892511373657
752, 204.5903001894211
867, 204.48071100677404
1601, 204.36697305410553
1014, 204.33275944486724
2116, 204.30579727894346
1622, 204.19340769544525
1295, 204.13413566691818
1474, 203.98557193261115
1413, 203.75463158619849
1312, 203.71895890631689
1550, 203.71640239343455
970, 203.67703697156043
1829, 203.51963671290397
1330, 203.51409036490153
525, 203.5002078852182
971, 203.41663896722505
559, 203.3798407156517
892, 203.3782669982919
776, 203.09396893474354
1511, 203.084949325654
1343, 202.8905610417305
315, 202.79697367468322
306, 202.79697367468322
2908, 202.76159239014478
1398, 202.73481923052645
564, 202.5770224000274
2569, 202.41186246348207
1555, 202.40614295427022
572, 202.30541051314043
774, 202.1808421304318
2718, 202.15592337419525
797, 201.85613677464036
2898, 201.8165752494437
1804, 201.80365144875836
1273, 201.75212764489166
785, 201.69946869287259
723, 201.57183207885288
3272, 201.57070923750172
1902, 201.47700783090667
2888, 201.4208329079577
713, 201.36328538198077
2213, 201.35041613494792
2141, 201.3455805002601
1920, 201.27367591694926
2366, 201.2728535891829
63, 201.20089070390367
847, 201.15033231969085
770, 201.123914552107
577, 201.1120871114094
1278, 200.9922059357658
1825, 200.87552393536043
3045, 200.7525832888908
1926, 200.7127898048088
2361, 200.69129835666143
2254, 200.55989411424355
850, 200.53516127580806
1006, 200.51049542305128
1368, 200.48522828953847
1561, 200.43075593077546
1544, 200.41490081149448
573, 200.37445776489795
2376, 200.33845751587427
569, 200.23855580999847
3256, 200.1115212496408
1815, 200.03390082735163
992, 199.9395203210878
2830, 199.83871421566596
689, 199.82611926739705
1393, 199.78569842667616
822, 199.75615201260044
231, 199.69902591179022
1422, 199.6380507928329
1378, 199.60004931326367
2245, 199.57015606040054
1959, 199.44963057222208
484, 199.4112561156157
2227, 199.40036646936198
2131, 199.11317755806806
1417, 199.0838465345471
3030, 199.0575136379155
1539, 198.97659388681254
2903, 198.96574770362747
1352, 198.95276604608134
1420, 198.93119429953785
918, 198.92393786579612
1392, 198.82007550279997
871, 198.7995944751459
1500, 198.7977875876607
1400, 198.74661989655013
779, 198.68318503661365
1480, 198.67100473948935
1285, 198.6224485380374
636, 198.59376800523765
635, 198.5435847796244
1989, 198.4851335443372
2672, 198.45062198867166
2899, 198.34144568412975
2369, 198.28901012361501
673, 198.08279105213157
879, 198.0466968699326
2166, 197.89981408339287
694, 197.84263824025842
240, 197.68574244763198
1475, 197.5880326508057
2884, 197.4993465822208
1370, 197.49920639247608
983, 197.48117202441915
2121, 197.1769017906024
3044, 197.14557829721988
2198, 197.00270485833371
1293, 196.9194271207128
1909, 196.79698520763557
876, 196.67450593137391
1830, 196.60463634616934
1280, 196.57320557650232
2881, 196.50296904980135
868, 196.43352158274672
2910, 196.3484542422516
364, 196.34380750617936
3043, 195.95804897950356
1409, 195.9210921882307
2154, 195.83382035841092
900, 195.79153686958944
3271, 195.64695544991804
937, 195.6337261856652
2432, 195.6026755722826
854, 195.43730321578997
693, 195.2446100696811
741, 195.14580312693403
948, 195.11158120520622
1411, 195.0400383178607
1915, 195.03385042290097
2199, 194.97027014363837
2163, 194.95917229826384
1817, 194.8180001202356
896, 194.70534584716157
1835, 194.6943254602175
759, 194.66760182192962
111, 194.64270194471405
477, 194.5319366629146
1491, 194.47080519796256
672, 194.37487065798965
725, 194.24781053464642
1419, 194.1881627404489
2547, 194.1232769504641
656, 194.10374877494945
933, 194.04989826242988
257, 194.00970754814014
614, 193.97571527958254
755, 193.9131890360234
2897, 193.9064509990152
2882, 193.80506082356285
1791, 193.67739746324165
924, 193.60432644002282
935, 193.53341503185595
675, 193.51792319723702
1367, 193.46575408339598
887, 193.4051126189131
1904, 193.3841194325588
567, 193.36432713388533
2246, 193.28013791941348
714, 193.27806635474244
597, 193.24589398417208
1888, 193.2354276860229
763, 193.2318774097557
1403, 193.22681566424475
1831, 193.1543303695455
2875, 193.14156274364444
1906, 193.1351271655078
2148, 193.08154459853156
946, 193.0758561034843
1346, 193.01577497042746
2114, 192.98186854466448
883, 192.9782931759703
963, 192.94596725613223
1841, 192.94352434584908
2138, 192.8155155451229
2319, 192.8102645004429
1036, 192.8099069975991
323, 192.70727800003795
311, 192.70727800003795
1498, 192.672464393776
728, 192.62777907035118
2518, 192.6093822256403
1382, 192.53126805153448
236, 192.5094714077481
645, 192.50654298731226
1372, 192.49819935526273
565, 192.42291184528023
1486, 192.34605218334
764, 192.34476370050098
766, 192.2427033268843
2123, 192.23642202442244
312, 192.22400071646894
985, 192.2143905645689
273, 192.20443799595145
1981, 192.14972931734212
2423, 192.12413239041024
646, 192.0537906888773
253, 191.93025977082928
2842, 191.81974125233003
1277, 191.75304150841453
782, 191.7326033642103
1801, 191.66374311117414
2216, 191.56311950037016
1618, 191.54586356571
942, 191.45691275551823
2323, 191.43578546651085
346, 191.3500439020686
351, 191.27293129806012
870, 191.18084305982075
1288, 191.17540678190176
3068, 191.0838735018188
1458, 191.04744870394296
324, 190.95397849842269
2854, 190.89034801057178
2146, 190.7677580537246
932, 190.73804603515865
704, 190.70029556561335
1387, 190.6643931874436
697, 190.6416368118471
800, 190.467733185892
3257, 190.44428573124003
1944, 190.399230934709
1328, 190.368549957335
1595, 190.34434534475827
3027, 190.33620490589266
374, 190.29655527509837
1772, 190.25582396971146
2331, 190.20684572653698
742, 190.18671676494753
984, 190.13642485296876
1292, 190.10797715644145
603, 190.02189695087847
1291, 190.01361043773034
292, 190.00953461407255
674, 189.98359965110603
2891, 189.9770918719989
1782, 189.91747843607678
3037, 189.7802690699956
836, 189.76636894555432
1353, 189.7412256810304
1415, 189.6973928760573
31, 189.49970960963168
2430, 189.35594962160917
720, 189.27937238777298
2169, 189.2537634771525
701, 189.21258435929798
783, 189.19916328936674
1374, 189.08288387224954
2202, 189.07658585462994
184, 189.02998940725752
897, 189.00768190648253
1018, 188.95218083444263
1934, 188.93932669076753
568, 188.93651871813216
761, 188.9149763035581
1327, 188.90367734198347
2840, 188.81026269454242
2136, 188.74574671546634
1563, 188.62512305098852
347, 188.59916907720387
959, 188.5362487835816
1388, 188.5229915698671
1927, 188.4892701050253
1405, 188.43180591206988
640, 188.4156800583955
1357, 188.38114445742576
1982, 188.28690683957524
3038, 188.28155077723014
1992, 188.22973461312435
1905, 188.22520778216798
2833, 188.22310824285438
925, 188.14272454944683
813, 188.1212875427164
1021, 188.11928976528665
660, 187.9842278333839
1323, 187.90656422003804
705, 187.85054094430197
986, 187.84183365593805
2119, 187.78161219945036
1554, 187.75976511821992
2233, 187.68713060173573
1789, 187.6858879524998
2183, 187.6528275882349
1275, 187.5667565268353
828, 187.5524677444219
616, 187.52037179362998
1272, 187.47718470732045
1391, 187.41759744267654
843, 187.40778715448312
1340, 187.34762721950858
796, 187.31377109952777
258, 187.24203710655652
750, 187.18850342013988
1499, 187.09947879645787
2410, 187.08660224177348
1297, 187.0789229807007
246, 187.01692679018004
2849, 187.01131308034306
1020, 186.9966401810472
1548, 186.96872177409716
623, 186.90086539802434
740, 186.8914789091997
1270, 186.85513499848884
799, 186.79678750586538
2130, 186.76122603613442
1524, 186.7470264139737
792, 186.7060041051816
827, 186.46352771128275
908, 186.44275005217878
962, 186.3691566587931
1809, 186.20415320526962
2847, 186.1800643808579
3448, 186.06393571447643
2175, 186.04118663861104
1506, 186.02081024570313
2140, 186.0165583447597
934, 186.0008498519078
2532, 185.92681617270628
1294, 185.89479635482058
2946, 185.60109313124346
2129, 185.58935225582007
1265, 185.4397891881639
930, 185.20546878411224
1535, 185.15122060295454
1453, 184.85720856820518
1009, 184.84566992764724
692, 184.8186302409599
707, 184.77846059705752
801, 184.73075424116843
350, 184.6642424757149
2232, 184.595701227114
1786, 184.52088919888982
2375, 184.41313329233236
1318, 184.31661676827602
710, 184.21561582560437
422, 184.20663103816148
2947, 184.1583773063575
2373, 184.11708393517313
363, 184.0492730990662
1598, 184.01497004287393
905, 184.0105171843594
2377, 183.93680857141018
722, 183.89250671183268
1479, 183.8695282849283
1469, 183.86639765260037
904, 183.80046078743408
834, 183.51905728975186
1779, 183.509279292862
566, 183.36526084361864
1354, 183.30714946523625
1673, 183.24345910419964
2176, 183.14565426436124
1921, 183.1079869595257
893, 183.0034292917338
1836, 182.92690086231744
967, 182.8852242073056
2336, 182.84771143971585
1329, 182.76339335511759
352, 182.74868433208178
238, 182.644346957421
977, 182.6316394036798
754, 182.610556990211
926, 182.58844784256053
1819, 182.5441975011479
2222, 182.42048257114536
241, 182.40194311414768
1485, 182.33986779364832
1022, 182.29618374341817
973, 182.17176684665165
1365, 182.0707375034245
3230, 181.9976079789344
2826, 181.9939672833819
658, 181.88991228982903
1930, 181.8631153163549
3034, 181.8528622470258
952, 181.84291656788042
1949, 181.75675347610752
576, 181.7298863286365
824, 181.69910234040304
596, 181.6487659172051
2556, 181.64800307606055
1808, 181.57252731554468
314, 181.55070091777853
1492, 181.5182705154776
1620, 181.43773842130327
2133, 181.22794996758336
1928, 180.83533090466634
2950, 180.82715504391942
2403, 180.82031832341326
1935, 180.81336346955518
911, 180.7689976077129
2247, 180.5137967497398
1051, 180.4609563985446
2876, 180.44523055910383
1504, 180.3443402078264
1954, 180.26584955687096
765, 180.1385366805376
1799, 180.05263407022608
976, 179.8920374454854
1900, 179.58206652153342
342, 179.55265774915566
1950, 179.54152803398648
898, 179.5000251399979
873, 179.4909525818043
931, 179.39914802469565
1777, 179.36898475119642
1320, 179.34841995410608
2868, 179.28801951868303
1007, 179.24499910909924
2325, 179.23891968986356
618, 179.2299953552866
929, 179.22450452006032
1837, 179.14848977891063
994, 179.1137589451936
810, 179.10305278284062
729, 179.0312109699228
2144, 179.01530219368874
1898, 178.96421284916534
1778, 178.93067244396468
1582, 178.91676046719618
1282, 178.8836015544266
667, 178.8741322244235
706, 178.85989363147914
831, 178.76636078172822
320, 178.7509444798523
2327, 178.70949057182656
910, 178.69576726749466
2322, 178.575861646981
1010, 178.44279182820685
724, 178.42608925856766
1414, 178.34828573301547
1319, 178.00544040608105
880, 178.0046369319787
899, 177.9926934438348
2902, 177.95864301376977
1017, 177.92127786259445
33, 177.8673125649636
979, 177.83626761436813
702, 177.67655985200798
703, 177.65603752688304
644, 177.6012658520144
1470, 177.57124836730932
2426, 177.54979288298108
865, 177.54692976090863
1591, 177.54229636883218
239, 177.44690263055296
1953, 177.43847625330045
442, 177.40819526017256
1832, 177.39782476046085
609, 177.37126306490546
354, 177.3393382962871
830, 177.19276783702836
387, 177.12501470871362
1165, 177.09217416143363
185, 177.0749630268342
1326, 177.07088447678393
2126, 177.0318199752822
633, 176.95084410718223
943, 176.94688259509428
325, 176.93054095550625
2367, 176.90541493300762
632, 176.90416510794662
1394, 176.8005390202471
712, 176.777166342828
2370, 176.73381047614575
944, 176.70678731389467
1351, 176.6068100161875
270, 176.60022237143622
1332, 176.5905190254868
631, 176.5861774618903
269, 176.53387262810682
1569, 176.5271261952671
1476, 176.491539707475
866, 176.42684884013454
1827, 176.2240551638708
1540, 176.18743497932837
1385, 176.1591670325407
875, 176.15804276813435
807, 176.02431729065708
2425, 176.0001780458833
891, 175.9666954180333
1834, 175.8804788305422
990, 175.7591266814769
604, 175.6379133962939
1932, 175.60948506440243
1402, 175.60126066040064
1080, 175.60078579109324
958, 175.54180053225076
982, 175.51610571547394
1311, 175.50137623643303
2880, 175.49975585460174
1093, 175.37323082381508
858, 175.34290850575684
949, 175.34106836611838
1551, 175.28943967636025
2874, 175.25924100463584
2330, 175.22266706293337
2436, 175.13405577986893
1416, 175.00161368689925
687, 174.9698225526626
2186, 174.96616826027406
684, 174.91205070363137
624, 174.91205070363137
1483, 174.90634357077192
1286, 174.8703703008316
3015, 174.86341377048973
1362, 174.8519267743133
2156, 174.84367680743173
996, 174.76617067134418
974, 174.74682655244112
1366, 174.70304310606278
666, 174.62353114422058
1568, 174.6020672152219
1304, 174.5532983671367
653, 174.47757648367417
3024, 174.46125712971883
2251, 174.44095614734596
1335, 174.43645663977847
954, 174.38075069392747
1011, 174.3649981127689
1401, 174.33129745127792
2172, 174.28652060095118
3012, 174.2353517619177
1359, 174.17558612236215
2000, 173.82681097537687
2317, 173.79732439534223
490, 173.7836450073289
1489, 173.73024110983124
1769, 173.58804792220002
668, 173.5789938711992
1529, 173.57067212344242
1619, 173.35404464178384
1307, 173.31228598777076
1008, 173.29514100364602
1303, 173.1115926398379
1325, 173.10795434040745
2149, 173.1009693244115
1016, 173.07135704429706
1383, 173.02103030191685
598, 172.96158155645097
595, 172.90419066178137
2201, 172.87232774753016
1606, 172.6890764750974
1946, 172.61512810381765
2054, 172.57346814396607
1281, 172.5607616322204
60, 172.5424888297903
829, 172.44822430456685
3022, 172.41095208380696
1342, 172.3359620770461
998, 172.24155063319506
648, 172.24155063319506
1276, 172.1918544106128
1918, 172.11398951428603
819, 172.08942736727656
721, 172.04618248882355
2281, 171.98598710635807
2326, 171.94941531820234
305, 171.9462488920463
2197, 171.88887791392364
3282, 171.87966543257355
1774, 171.87676137476018
1015, 171.86176888623226
620, 171.71060148075733
2132, 171.68432584738835
1305, 171.3966031182248
1528, 171.37300907136105
1341, 171.3684155067206
1507, 171.22432163471424
2127, 171.19971359940894
2151, 171.19816645743873
3035, 171.16170218788022
1956, 171.1259462611346
753, 171.12048383107654
1787, 171.08860807042956
1522, 171.0880311438792
2834, 171.08123470924292
975, 171.00063054889029
229, 170.9909433833701
1903, 170.98494578616084
688, 170.98203321467722
1192, 170.9619762950439
245, 170.93049799271535
1482, 170.8727665950275
1654, 170.7847075514034
805, 170.7840185817436
818, 170.70845768232147
888, 170.6929924604831
1055, 170.6348712519074
2332, 170.60644559200713
2159, 170.57215079391548
1937, 170.54362907526533
726, 170.39907366409767
1317, 170.28774830221363
1092, 170.23708348011846
1916, 170.1940782295327
1948, 170.16607977068512
271, 170.11768923097281
2906, 170.11462842490036
1833, 170.10373225406553
339, 170.0851934798934
327, 170.03825104225868
2437, 169.83845114838658
1783, 169.83162523464318
756, 169.79458619013388
1376, 169.6264437657913
2147, 169.6109645067668
361, 169.5647551627006
1284, 169.44471497331315
340, 169.28191027313324
1344, 169.22705213505833
1496, 169.1602964971814
1296, 169.13206603147225
2225, 169.08281775019324
662, 169.052955383324
700, 169.0353421013595
1503, 168.98287312309185
1497, 168.89279134637462
367, 168.8156856190149
590, 168.7977423477354
3450, 168.7465601535777
2895, 168.63430560927264
1990, 168.52782158696562
1896, 168.30273252376892
1952, 168.30145650781765
1922, 168.1545600287826
1333, 168.14521029829643
806, 168.11278271501607
2835, 168.10958393254057
571, 168.00493967335987
751, 167.94905208284285
1621, 167.8938855203015
1399, 167.78568353153014
1897, 167.63121738664736
621, 167.60735869153015
1407, 167.60166443631465
771, 167.58817904578626
842, 167.44808084997462
3273, 167.23541600998655
968, 167.1903673142399
1972, 167.1166550252412
747, 167.1021636552522
2161, 167.04769780708807
2221, 167.00330839065793
1386, 166.97775143625213
2328, 166.959286424999
715, 166.81310106253466
1793, 166.7390366248759
1044, 166.69682756524028
605, 166.6821889990707
1556, 166.64891516256523
2418, 166.64772412990064
349, 166.63386091734012
2035, 166.60632888017528
997, 166.48919610332953
719, 166.475100532567
1570, 166.44820646964936
1472, 166.3352217963271
1766, 166.1566440811474
2215, 166.14315193520983
2112, 165.68976067224995
812, 165.6737353072616
1019, 165.59353813889757
1767, 165.55504074558
769, 165.53201181704284
1553, 165.4606097693825
2374, 165.42353282260666
1565, 165.41257149199896
2178, 165.331482594137
357, 165.24889836685293
1013, 165.21055446212887
2250, 165.20811518096238
767, 165.0927378345732
1471, 165.0597029209834
1929, 165.04392478481523
695, 164.96675236027323
894, 164.93634158995619
1054, 164.93094153148155
317, 164.87894972910377
309, 164.87894972910377
1056, 164.84579498875203
878, 164.68638557548044
890, 164.3941794046241
318, 164.27280266865816
1349, 164.24643463327365
2241, 164.077657982816
1538, 164.02783588206142
1375, 163.97365350541907
2329, 163.8481215404079
1757, 163.81551032367014
760, 163.7761509730491
2932, 163.71150159360636
947, 163.68918332741208
1936, 163.64440996336762
1796, 163.57884506872946
3001, 163.3241699053007
940, 163.20929175341703
2843, 163.200210269629
1899, 163.1509568658209
366, 162.92561024181768
739, 162.90127137810322
360, 162.88820141546478
2174, 162.7249464872063
2893, 162.6142015663198
627, 162.60131966684082
2420, 162.3415555464569
1938, 162.2352474714889
1360, 162.1509601006042
345, 162.00439950057995
2128, 161.97192432959568
570, 161.81999893372432
2901, 161.62499686231425
3224, 161.5399202400723
1805, 161.53688949815688
1395, 161.5104344814078
223, 161.43302839189772
877, 161.38629884630615
3013, 161.30673955382755
811, 161.23774322904822
2886, 161.08060058432383
809, 161.0487076215014
2883, 160.99246043518946
869, 160.88030459279096
244, 160.86603739734727
978, 160.49397155080487
1313, 160.46202330794466
1797, 160.45418374373975
835, 160.29448561102367
2363, 160.2796161899146
1917, 160.25047102163845
1363, 160.24745425387562
2335, 160.22017220257504
3011, 160.14486601783028
2155, 160.1170272088252
3451, 160.03925211772395
2049, 160.01561847295577
2118, 159.92118935106987
2253, 159.91852154088963
1923, 159.88427207009906
1283, 159.86035667438074
2137, 159.82855825174988
187, 159.80591026316208
2234, 159.78675690552637
950, 159.64843704722787
348, 159.59664459054164
587, 159.3194772650898
1988, 159.26057543487565
995, 159.15447934280598
308, 159.0332645935899
2924, 158.93013095141885
1592, 158.8887063049705
1955, 158.88676104676009
1338, 158.72428639250228
359, 158.61517550208086
1334, 158.6074152008136
2885, 158.597078131571
1924, 158.56821640907162
915, 158.54909611729434
921, 158.54003205526107
3309, 158.53456591619207
758, 158.51070763479547
2711, 158.46621910770145
2729, 158.45699450324577
2182, 158.32583877738026
322, 158.26241462246145
310, 158.26241462246145
3023, 158.21079380795368
2371, 158.14585747434938
1945, 158.05160285401215
3449, 157.97750086654776
652, 157.9528302268023
2887, 157.8592265053157
592, 157.8590266379486
1609, 157.70034011529097
1546, 157.69872741849727
610, 157.69602617356057
1337, 157.48325434598468
2892, 157.4744805380285
2848, 157.4703633669148
749, 157.46013499034072
1552, 157.45881003790768
355, 157.45067228475463
833, 157.10275259504508
2838, 156.92479398866828
1901, 156.874841989385
622, 156.68327311297233
625, 156.66583394289268
2368, 156.6314903134042
1933, 156.5719473960464
1987, 156.54001249383555
1816, 156.50234284518552
1802, 156.48760158533955
49, 156.43381099724763
1812, 156.15457720617562
589, 155.8132545461737
1545, 155.66787206453375
2836, 155.58505686397706
2827, 155.54252230098797
941, 155.38514136882068
578, 155.26536219785189
3218, 155.24657859161357
2062, 155.179680130507
889, 155.1597123117421
991, 154.95111945285984
2001, 154.83986221535082
1947, 154.69643011131953
2944, 154.67438718553498
630, 154.61688508880357
1000, 154.47827448846292
1798, 154.40593478469108
874, 154.39224702559795
1843, 154.1790569686576
951, 154.17259016448477
1602, 154.13577188065102
1290, 154.11445534954626
1845, 154.07284978376322
2042, 154.02879767722064
233, 153.96895989618548
343, 153.9688258012422
224, 153.69338207216188
1350, 153.66525378144993
2316, 153.64082575963974
1763, 153.62768221548717
2995, 153.52674160315632
286, 153.14836754897388
25, 153.01865318873328
988, 153.00906584885223
362, 152.9504885134942
2896, 152.90342477819465
1005, 152.829610027064
1861, 152.71591266496122
2357, 152.5765641997781
1844, 152.44534355283938
617, 152.3726070016197
1310, 152.22421524104524
909, 152.13581185178595
1826, 151.7976832283037
1379, 151.74450709320462
1547, 151.48281726448167
1384, 151.38385769098468
489, 151.20503133865944
1775, 151.1892342681548
1795, 151.03659739357306
802, 150.99174692978318
841, 150.75917142203335
2855, 150.7076616639598
2945, 150.5178796990461
2051, 150.16174213055567
2894, 150.12265237063713
341, 149.94674424588615
2890, 149.88130536829524
1541, 149.82842176908088
356, 149.70835951401568
1821, 149.65415670436914
2912, 149.50106457718363
2107, 149.37939188304847
591, 149.26985135124616
2067, 149.1736812671127
1526, 149.13953550931524
226, 148.88933274029
1842, 148.53969951701222
2402, 148.5294458272571
794, 148.35034927131395
772, 148.34829651383689
1012, 148.2885464393652
1762, 148.17936171466954
1347, 148.14697452277247
2358, 147.69932489826647
1373, 147.67045586090777
2248, 147.4695814620424
1784, 147.44307024401613
1931, 147.37578361177452
1355, 147.304713187995
2333, 147.21705571365678
939, 146.29088387483569
1613, 146.13423065238442
2935, 146.0251975941403
2364, 145.66146339081794
1616, 145.33875987000607
2904, 145.2411640979138
628, 145.13701166341983
1532, 145.13491602188353
884, 144.89326733043043
629, 144.85333449502758
2143, 144.8222598468902
1542, 144.78980910136943
1764, 144.73867435745723
3220, 144.5528739240137
3036, 144.33854870990504
1781, 144.178309489777
1919, 143.97852521297207
1274, 143.95698392415457
1536, 143.80344421832254
344, 143.7498976085661
2925, 143.6811200565272
1768, 143.62561531768915
2923, 142.88579688454462
1190, 142.76105796817458
1765, 142.65642964377017
793, 141.45615418531622
1048, 141.18626268283955
316, 138.71860029540827
301, 138.42545245749935
901, 138.23321634267066
1287, 137.58505298805045
2072, 137.24958961134175
1564, 136.34337828283518
1267, 136.25057064481905
3219, 135.56219926282367
1049, 135.21715301208795
285, 135.13180795797834
1364, 135.036869428718
2931, 134.94938614363124
3216, 134.32329978391127
3223, 133.630410022167
1925, 133.11925512851005
393, 132.62112203745633
2871, 132.44060954083162
3221, 131.72843936897624
3222, 131.61324164592722
2084, 130.37206002509978
3217, 130.1007099806507
1863, 128.99868710906387
2940, 128.983267377456
2929, 128.37243302716794
1050, 128.2396899933915
2922, 127.86152271739826
2928, 127.80585628243458
1358, 126.77729433563263
795, 125.37922312045079
1158, 125.05984192539175
2926, 124.05753670069299
2937, 122.90640324499984
2952, 122.42812108962141
2872, 122.06641215625926
2921, 121.82493781671783
2927, 121.5441050440014
2911, 121.20734991635166
2938, 119.82453802336072
2933, 118.3289400539973
2939, 116.66014896764621
2941, 114.20747366348522
2934, 113.50468460881865
390, 112.61339909372613
384, 112.55240276796766
2954, 112.23019997072603
2957, 110.48044302264107
1534, 110.29821977594882
2073, 108.93868373154895
3412, 106.83936950778478
2943, 106.37626538538836
2955, 106.04821845274768
486, 104.17526037599413
2930, 103.97799221256753
2870, 103.76102794516768
391, 103.30376759035418
2873, 102.48292336867229
403, 101.92258792739958
2942, 99.82986373684997
2865, 99.59073692201169
1064, 97.32603040656598
516, 96.71894507915677
1468, 96.60919759481386
3145, 93.57435963157234
2867, 92.48838618044208
3411, 92.22165874133444
1862, 91.94295935811635
1264, 91.56469114787213
2012, 91.20883665996419
2739, 90.69044718930752
519, 85.91919139629411
1157, 85.88036744785626
493, 85.31394885481852
3121, 83.20306105630392
183, 79.51352068206269
3161, 77.60408484851665
1612, 73.95216661229237
