1245, 3378.8817896341616
1031, 2980.2379905500075
1849, 2941.2637790582426
523, 2771.191389854275
2979, 2718.114092815517
139, 2647.7813061208553
547, 2608.358288626959
1226, 2500.392799894674
397, 2381.9018492978553
210, 2366.5476861928764
163, 2324.4368884285304
197, 2217.542723863602
1035, 2190.68423936698
1212, 2136.581970402338
1069, 2095.1441499287544
2803, 2073.579962480346
377, 2071.178901879499
1067, 2015.4392497835586
1214, 2012.7393211511608
1183, 2006.78346267129
1179, 2001.821949262561
176, 1993.1429581949642
3198, 1987.570728889236
1978, 1971.9489726349516
1066, 1966.7444038928415
2069, 1961.0264813648444
1041, 1930.6017431173766
531, 1914.678098156945
426, 1904.9025975742425
1085, 1881.6638005439597
1867, 1876.6480866971247
283, 1862.2636785448299
3317, 1815.2166363445128
171, 1770.4077396951832
382, 1749.5979580841329
211, 1746.870713297449
1248, 1739.369889107096
1113, 1733.491055798239
556, 1712.3775634506976
1089, 1709.87944986059
1141, 1698.1969171982169
1025, 1690.6178242878561
1043, 1685.517555744403
1096, 1683.7626245922208
550, 1661.352982596866
1200, 1658.0627524316508
1174, 1650.6216957100085
1144, 1645.0126589745776
2794, 1637.6924830032274
1865, 1628.9675717066716
2388, 1627.9623715984671
2966, 1621.804667094507
3073, 1611.1961114590285
532, 1602.952259982815
1083, 1600.3042433017486
2958, 1599.9734253286133
1139, 1597.2640663486854
368, 1595.2613375195115
1112, 1576.725645783466
3378, 1573.694627832968
535, 1560.156604791114
178, 1548.2679754699489
619, 1545.934797349932
2754, 1543.6108696970803
1450, 1543.1195331789718
3166, 1541.9791364521395
1145, 1521.3314422616525
1254, 1521.0824093163008
1099, 1518.3125856849988
820, 1513.8951374754224
188, 1509.598270383646
1444, 1504.1820851881816
537, 1503.6941237412511
279, 1502.3792416767458
1979, 1499.092637375874
1445, 1493.705609392931
1148, 1488.0025917905664
1042, 1482.4057789669382
157, 1476.7131953619519
3425, 1466.4794512707165
1137, 1454.2388648563376
1169, 1452.8132372704506
539, 1448.4629187692192
506, 1448.1173380066723
2747, 1438.8574274026325
3072, 1438.5277330609747
912, 1438.394095673766
1860, 1436.9378900016886
1187, 1432.5173223509128
3061, 1424.4370517079444
3179, 1422.704608685219
131, 1420.2464597363978
1166, 1418.0304289443711
169, 1413.1178230905082
1173, 1389.7350585034865
3196, 1384.4647392346312
1161, 1384.3013974833482
215, 1383.1772286466066
514, 1379.655219103216
2986, 1377.2461136531906
1447, 1372.610507599946
181, 1369.6654969480714
1449, 1369.4738054089719
1060, 1366.3149066245533
1124, 1364.9695793184787
1147, 1362.2631121511
53, 1362.065045562481
128, 1358.306373990452
2961, 1349.4581433759538
1239, 1343.402067010585
3382, 1341.5362314537995
251, 1341.408300371776
671, 1340.7444032954843
3227, 1339.273294721838
1242, 1337.7345012195742
76, 1328.9489906271285
2297, 1325.0303643424818
423, 1312.9967493100346
1086, 1310.243059028456
2009, 1308.9516561055716
582, 1305.2244154891914
1088, 1303.283287082556
1866, 1303.0146467724517
2065, 1302.7718551547
1218, 1300.1385465621138
3396, 1299.586957906285
1201, 1294.4454610529417
482, 1290.9941036963742
3418, 1288.7564328313488
3410, 1278.790518545338
2100, 1277.8190832244109
3441, 1276.7067741218361
736, 1273.044443177813
1115, 1270.066432504897
549, 1269.3440858406539
3407, 1262.3434014792272
2753, 1262.220798101988
3395, 1260.795524713821
3303, 1256.8934193234236
1247, 1255.8106073956722
3280, 1255.5143347675753
542, 1249.1561274939943
3118, 1248.7822821500192
1143, 1247.366042864243
1301, 1246.7599574427752
3078, 1246.2248383888123
2962, 1246.1783951680518
1208, 1243.25258749605
124, 1242.7673668948346
3402, 1242.2285430717207
201, 1236.9510993881258
1974, 1233.8635321126148
1437, 1229.755688681471
3436, 1229.0649694653753
1160, 1228.1889869800034
1811, 1224.058753948364
1129, 1221.764940357092
2989, 1221.4403911224563
2983, 1221.4319398993875
3125, 1220.4579561414162
3139, 1219.26736238499
1229, 1215.424953406884
2978, 1213.0581807794474
1197, 1210.6352380878423
3247, 1209.9274749636384
289, 1209.1902396414591
1199, 1205.5042863396257
3339, 1204.810537055187
2312, 1204.5668792050253
3286, 1204.130028984208
227, 1203.0688893206577
3334, 1202.6151162467586
123, 1201.8223470120738
2382, 1199.519098355601
1585, 1196.2529748120103
2303, 1193.8903689087042
3153, 1191.2640168206747
3393, 1190.607632331949
2818, 1190.337957623367
1027, 1188.021936243203
3049, 1187.790299984773
2969, 1184.488571688552
1228, 1183.056686786242
533, 1181.5870367077762
1736, 1178.873751924659
3047, 1178.6150721645608
2053, 1177.6365576560422
3333, 1175.056144498
2022, 1173.7351433933893
476, 1172.8746092603903
1430, 1171.7027508820422
1438, 1168.588612877136
3277, 1166.0594652212392
1130, 1163.6472095244292
2014, 1161.7288655088678
3385, 1160.817910520162
448, 1159.476259435781
1175, 1158.248264685225
3373, 1157.5824909201308
1202, 1155.5406380109328
155, 1153.7055445658166
552, 1152.5302035352067
207, 1151.7702180334716
174, 1151.2313911806111
2023, 1150.3466193220231
520, 1148.8945875175923
1961, 1148.737126642489
1182, 1147.6882401382954
1964, 1146.8119298342417
3058, 1145.3472170551572
3028, 1144.2663421285586
737, 1140.4882935938392
1260, 1135.4938625409186
45, 1134.5353860711114
541, 1133.6203527530915
1176, 1132.0798014872776
1193, 1131.9262354540542
3332, 1127.1767140496638
3114, 1126.740173438269
1252, 1126.1983507834861
860, 1125.8114456132596
3419, 1124.4813387537477
2408, 1124.4043572717123
164, 1123.3731376042056
1188, 1122.2972069648529
2746, 1121.2550935531892
557, 1120.1094904134302
3291, 1119.1991150300173
1026, 1116.9562159923187
3381, 1116.2737521481467
170, 1115.8236557650418
1213, 1115.7896619973333
1432, 1114.4592582564414
192, 1111.99450559014
2764, 1111.5986036131349
186, 1111.522123824137
1154, 1111.2397076949055
1262, 1108.195694432029
3420, 1107.9434525792867
1246, 1103.1691514056038
2982, 1102.3235771257048
3102, 1101.378079150185
2315, 1098.7701275864742
1127, 1098.5859039156805
202, 1097.4644940950266
1263, 1097.204171630658
3003, 1095.74822556179
1973, 1094.4677514823452
1584, 1094.4412739976833
450, 1092.3148061055197
3366, 1091.524429767058
1223, 1089.3940076154424
469, 1089.1957137716377
1590, 1088.8136099088458
1040, 1087.7665812572916
3405, 1087.6080495641768
1250, 1086.021857954514
2963, 1086.0033838546321
1167, 1085.4663532024688
3372, 1085.3219785716835
1074, 1084.2722813187481
554, 1082.3511376285092
180, 1081.9279640340042
3070, 1081.5298018546753
1209, 1081.352168602369
1132, 1081.2021936904582
2819, 1080.8764958269019
3077, 1080.573530260733
1230, 1079.9914117546753
99, 1077.5356918134462
1030, 1076.9068129543762
1241, 1072.544654740231
3421, 1072.5270282994863
2301, 1072.1325087073565
3191, 1071.9015398367476
3155, 1069.1964719350797
2071, 1067.0472041947692
3351, 1066.8486447457885
2984, 1066.5388889947028
1090, 1063.7577335556803
1091, 1063.6413105596293
3048, 1058.4841138485858
3403, 1057.8105635260724
3330, 1056.8002306034844
3132, 1056.5172649118601
200, 1056.4660670475666
1075, 1056.3891822355413
1107, 1054.2952361579657
3086, 1053.6910158373032
3331, 1053.191247600845
2290, 1053.1685146877371
2813, 1050.031076472148
3115, 1049.314611109622
1586, 1048.6460824645842
3322, 1048.6070264448608
3107, 1048.335099996329
3341, 1048.1202222463394
3202, 1048.0862553232512
2862, 1046.5403958981653
545, 1046.2426052883889
1097, 1045.8396849755522
1117, 1045.7677685170718
3064, 1045.3066911915155
3131, 1044.9306871056615
3429, 1041.4427799267778
3423, 1036.2165541569243
125, 1035.513416974073
1251, 1035.0030473531456
2265, 1034.3173590791948
3148, 1032.8825496807817
3370, 1032.796757542277
3353, 1031.3814258124303
487, 1031.3697769207272
3210, 1030.0978693449717
3367, 1029.5259379217118
146, 1027.130615385824
431, 1026.6992221846635
2070, 1026.4795529688286
3046, 1026.3525575286544
1448, 1025.6665913832103
1651, 1025.5606516843814
2059, 1025.5466684093626
1196, 1024.8350996426095
383, 1024.7598031694654
3053, 1024.6969716853819
2015, 1024.1967938110447
3371, 1023.9746239144534
2791, 1023.3830199309796
1181, 1022.7320748748617
3108, 1021.6992759153741
152, 1019.0632808086816
2769, 1018.5719085503163
2973, 1017.2941779049429
2103, 1015.4544576576404
536, 1015.3694907920344
502, 1014.7252405174108
3369, 1014.2809667971304
2990, 1014.0664749405703
410, 1013.54292980055
2777, 1013.2964046459208
1128, 1012.5937476693853
2783, 1012.3217064897367
2919, 1011.4626017938577
37, 1010.1608201479231
3342, 1006.3501238451214
851, 1005.0153082262486
414, 1004.2022278972565
2985, 1004.1807585129533
3401, 1003.7563814126485
1217, 1003.4861760824581
1994, 1003.3751687799412
378, 1001.8662130607765
2792, 1001.7486309426804
2016, 1001.5183060719338
1995, 1001.1352586376712
504, 1000.9747588067389
3375, 1000.3752075267646
2075, 999.9344250968708
1589, 996.5898440239932
642, 996.3609753060667
456, 996.0326514649145
208, 995.4000441719235
1203, 992.7827841894353
1963, 992.6651649675991
852, 991.959283447789
3119, 990.9132653310091
3069, 990.0050067340733
1094, 989.9968429218267
553, 988.2321896920355
2310, 983.4801338896469
1852, 983.4254878488839
159, 982.278123663719
2407, 981.3247712661611
3154, 980.4981291858393
2028, 980.2379206772762
1236, 979.0372077838224
3089, 978.4523620939239
2987, 977.2905544386418
462, 977.2468352889534
2056, 976.8815209829593
1072, 976.6830509173267
2099, 976.6387762049671
205, 974.7757240213704
1149, 974.1571035850026
1126, 971.9858861220621
132, 971.2287001531438
3106, 971.1547683655281
336, 970.6922160615276
1851, 969.5155069115349
264, 969.2794958396025
172, 968.7213704744887
3169, 967.818769465196
3103, 967.5892386789967
334, 967.2603597751117
209, 967.1371444705354
543, 966.2582706216828
1206, 965.1120824346336
3054, 963.9077635425936
296, 963.4678131671596
669, 962.5747030066108
3141, 961.339024271064
2737, 959.3837621240204
499, 959.2722661042615
3399, 958.6177591801961
3379, 958.4915049073373
432, 958.1306208291423
1436, 958.0571479457236
1195, 957.5128219440456
2975, 957.2537784064051
2974, 957.2537784064051
1997, 956.8461255268738
71, 955.6216035078365
1234, 955.3737631666232
2277, 954.7937210915715
329, 954.3552317613113
430, 953.5194390842929
1095, 953.371007899447
2271, 952.8212638458684
1136, 950.8674745352798
162, 950.3038468306202
3416, 948.416458716573
2024, 946.4524407473939
546, 945.8884076775482
2260, 945.8802716514898
446, 945.4440296035775
2, 943.4505161990248
3142, 943.1461913422648
1219, 942.9829910680043
463, 941.8128397276475
1998, 941.554353181049
1688, 940.1355942510604
3167, 939.9238748330797
2424, 938.4557256239243
3158, 938.140456149284
2033, 937.9654831598534
2309, 937.6886981321231
3181, 936.9150464896227
2786, 936.6378189816659
262, 936.6303363551064
303, 935.5954410217746
1101, 935.4397101125886
221, 933.974786302945
2110, 933.8497364499812
481, 932.0201297754696
2964, 930.2347732259658
437, 929.9765706879307
175, 929.8680256544246
3338, 928.8518932172873
3414, 928.8389017419872
3189, 927.9735817065397
3335, 927.7899171559891
2347, 927.7130171113175
2757, 926.651268617832
530, 926.4275383269146
1131, 926.108648745741
1299, 924.8481860204473
1227, 923.9127015073226
1253, 922.9955165300887
2348, 921.8650332872769
505, 921.2291045563375
373, 920.5128143704123
177, 918.5262839077603
154, 918.1537764849222
153, 917.2261376080585
2968, 916.1849004876484
40, 915.563099757361
3117, 914.4804365355152
1215, 912.8279063520296
1431, 911.9828436767447
1446, 911.8925170332262
2752, 910.7223118883213
3203, 909.9656797425613
392, 909.942655460083
1194, 908.6581724960756
161, 908.0874340973597
1662, 908.012448344264
2421, 905.9732889696941
1761, 905.4003560789324
2392, 904.8222860480879
483, 904.0930127502188
380, 903.8785301592926
1233, 902.1955136800071
1078, 899.934901785167
1298, 898.8796436919848
1138, 898.2609025872198
1429, 897.9592181865368
220, 897.5922377865984
1583, 895.7221669391557
501, 893.4258356686782
1773, 893.2790200078781
204, 892.9762260733668
3135, 892.7354531243712
1177, 892.3180284271289
2765, 892.0953202822343
1856, 891.5742958900217
458, 890.7684993914336
443, 889.6658819997921
1125, 889.5518641934235
3408, 889.5014288347562
2398, 889.2298540071947
3172, 886.785607635655
3174, 886.4939940342603
61, 886.4665049138356
1059, 886.4070353293929
41, 886.2458789167935
3340, 885.943889700389
120, 883.37545333543
3389, 883.3159045787279
1168, 880.9241951901516
3214, 879.8599554516827
3275, 879.6811117187488
832, 879.3553097350841
1140, 876.8295040036068
1146, 876.4829861195188
2807, 876.0524006071711
3109, 876.0146430409411
2007, 875.860346171646
1259, 875.1668131415632
1667, 874.5862001281301
3074, 874.5564060756102
429, 874.2604141272604
2302, 873.2502051713251
3390, 872.9428109836559
151, 872.3896675725988
2387, 871.8797769812415
1881, 871.5820014476504
1533, 869.9953524904996
1133, 869.4941845310491
1155, 868.9297983234873
1676, 868.8496412611124
3081, 867.3911125090798
130, 867.2565728675102
2976, 866.3872592949625
3052, 866.270519943714
454, 864.8991306932292
534, 863.8799740063928
3437, 863.7483217279251
1070, 862.9221070526563
1855, 862.2605205451672
46, 862.2224045625052
2109, 861.9614910497866
1119, 861.9039594094061
2960, 861.5455164542057
1624, 860.9047212733763
2790, 860.5961300712996
3430, 860.3740897205045
1257, 860.2980438831639
3397, 858.2477533287124
2394, 856.6958681891027
3152, 856.27882214364
864, 855.5640576188953
1876, 855.5089236246654
2029, 852.7881817989003
3377, 852.3769775023421
92, 851.9047727414792
1442, 851.9028566171318
677, 851.1648391490373
135, 851.1201355159436
3175, 851.0517027355863
2018, 850.9187382412671
142, 850.5447059395448
295, 849.7097231514127
3055, 849.5000925981969
494, 849.1849056398984
3065, 847.6771011641374
2274, 847.5115693371413
2766, 847.3703768040714
1029, 847.3360982098256
1603, 847.1262767799791
3205, 847.1207451471787
1911, 846.9059602464122
1111, 845.4969784749394
3285, 844.8786925379096
440, 844.2216711591425
213, 843.4861915670805
3302, 842.9153924843282
3400, 842.523578816443
1872, 842.3930322837587
773, 841.6857849534359
3434, 841.6533947526649
3445, 841.559102420154
2735, 840.9403152835586
3076, 840.7574962120879
119, 840.3725797582954
2820, 840.14258200144
1240, 839.75196674616
2105, 839.7182318089885
263, 839.7146812613914
2292, 838.8780493683804
2965, 838.5939099621037
2967, 837.6311834789957
1678, 837.1459416524477
548, 836.5912038999494
2761, 836.3659088820682
467, 835.7365888723547
3426, 835.2180655749316
1110, 834.4733973573778
1135, 834.2464052297396
3226, 833.2441629868778
3281, 832.9967419169991
100, 832.5277624096827
2817, 831.9644250964061
3404, 831.3751023812986
2050, 830.289673331791
2268, 829.3832998345598
293, 828.3811546637949
1975, 825.7672958930174
503, 825.7620354659996
3032, 825.7591735573343
1857, 824.8053415640262
2762, 824.585678342051
1184, 824.1464933950209
1123, 823.6446690818228
2088, 823.4755790041098
2026, 822.6492662701634
1256, 822.4303584206422
1912, 822.121314295248
1120, 822.0522768905416
2763, 820.4296776026831
464, 820.0766342385044
2719, 819.2058638865813
3124, 819.0761293215548
1186, 818.9203196916307
3127, 818.7732068603478
2825, 818.2886491989384
1531, 818.0524470668579
3182, 817.8443898629633
3096, 817.3200215888482
583, 816.7215260716548
401, 816.4914405229238
2730, 815.7096468662957
2733, 813.5425412720143
2080, 813.0475649405129
1032, 812.7879148536689
1760, 812.6124426238073
3212, 812.5047012502796
2068, 812.004832718949
284, 811.5392099455611
3067, 810.1287801956138
2300, 808.9860919010821
2798, 808.4736690886544
1172, 807.9969847921896
1435, 807.3530499169897
2776, 806.4032919413388
3244, 806.2380811145426
428, 804.9875772979779
1058, 804.8961453173804
2304, 803.374565582984
136, 801.9466308388011
1076, 801.7469452793764
914, 800.3891734804123
193, 800.0038294644477
1071, 799.9406754081707
1063, 799.2456086810613
2815, 799.2074118733589
457, 798.9777729542652
2267, 797.6868370694152
3087, 797.4484222751314
1434, 797.3289062508476
1433, 797.3289062508476
133, 796.7693736682072
338, 796.4688800939105
492, 796.4090614033012
3388, 796.1953736290448
2396, 796.1271690636255
2977, 795.8919720017143
1207, 795.6113421153268
91, 795.386713639143
2011, 795.3773575943027
3424, 795.2309359886889
3394, 795.1543152589159
331, 794.9680441766359
1163, 794.816609486001
3157, 793.6800505970962
2771, 793.3709181263723
3110, 792.5408857616775
1443, 791.6555787177228
3447, 791.3325723512139
1225, 791.0333047260887
75, 790.9789776481996
478, 790.0977826501543
3298, 786.7796382700656
3060, 786.3527505422404
297, 785.181940142817
160, 784.6481741410004
39, 783.761795325598
3104, 783.6148558843814
415, 783.5492418539633
1848, 783.0588706004069
1991, 782.6081367337337
2772, 782.1384219346132
3208, 781.1978617246901
2740, 780.6742489300227
1587, 779.70219185719
3355, 779.4913380748429
3138, 778.1062428911786
522, 777.8916770067297
3156, 777.8085396049679
3088, 777.2848654980837
1170, 776.7233146468589
1261, 776.1605444886807
2773, 774.9739917886326
453, 774.1524164811461
3337, 773.9602612748705
498, 773.4990630460621
158, 773.015129985883
2013, 772.8605618838693
1607, 772.2083608747499
3427, 772.1978594843446
3093, 772.121604279695
3075, 771.8267746089784
1116, 771.3868985514667
2263, 771.3286297992369
2381, 770.7124633056179
1142, 770.4234195289478
261, 769.9170288587553
2548, 769.6707519291145
1689, 769.3688241124131
2076, 769.3495325868608
2019, 769.2742204395503
2298, 767.2108217661246
1690, 766.736229566035
1222, 765.9215607838803
434, 765.8646494376245
2796, 765.7250054765831
471, 763.5352822947658
3185, 762.7521528315888
103, 762.55207269725
3398, 759.9394841897312
540, 759.6403037493558
1753, 759.3978445741576
3010, 758.6634951377288
2086, 758.4422082455277
51, 757.7359798768025
1198, 757.4992991564396
1514, 757.0510011512135
168, 756.6122218854262
332, 754.9910249214848
451, 753.9201738427129
126, 753.6719094091588
173, 751.9512026608813
2417, 751.6299349084472
2988, 751.5349491147431
3056, 749.7455004546922
3440, 749.1643096954687
2306, 748.5917520253204
79, 748.0246794876715
1221, 746.7696082419792
2224, 746.1599371425539
335, 746.1545414900165
650, 744.5964920879951
3116, 742.1158160572735
3128, 742.0683746662734
1108, 741.8688365286224
288, 741.310855749675
2027, 741.086737499403
2770, 740.8639228395776
206, 740.4404508046604
1068, 738.5608436282196
906, 737.1272155331042
2308, 736.6560021441071
304, 735.8952756777117
2337, 735.1918957303058
333, 734.9713353166856
3149, 734.429646357878
3173, 734.3991559665667
3328, 732.7994472695786
731, 732.2823134383466
3374, 732.0077528456756
3406, 731.1091599638017
1077, 730.6839007921989
1980, 730.3882087398172
738, 729.3563246171877
3122, 729.3208787044101
2918, 729.1531971842335
369, 728.8086741709059
444, 726.470005480631
441, 726.2740467850696
1061, 725.5026005410862
3409, 724.9363262747439
1711, 723.8285034907609
2386, 723.3764870454553
3098, 720.7479689090536
190, 720.0688672246401
862, 719.5869606822193
1893, 718.8492936071297
105, 718.503679601626
129, 716.2091289476318
2296, 715.2812008640046
2055, 715.2371335332365
1237, 714.457705282631
272, 713.8971322577303
1683, 713.3011622379067
3190, 712.9218785186159
1105, 712.5694413109986
1770, 711.8992716178402
2006, 711.6779632218723
3137, 710.8572865711557
3126, 710.8012519345586
330, 710.306311215067
2920, 710.1451117962184
2269, 709.8467438874983
3140, 708.9622767533484
2295, 708.70264502243
676, 708.6650513260365
179, 708.3031814515709
2759, 708.2259583127308
89, 708.1986418960117
407, 708.0725414267142
1224, 707.9679553983813
2751, 706.6557352019614
2774, 706.5307754580663
3368, 706.5276591246322
588, 706.2926151763909
3300, 705.7309549914678
1100, 705.1124131562063
1098, 704.8806440135512
511, 704.0686976630366
1870, 703.7685950497499
3386, 703.0066385088342
449, 701.3144035206216
3245, 700.7910543856132
2775, 699.9291292667285
2715, 699.8358434914373
52, 699.2598066027532
496, 698.3413641201357
2032, 697.8161155218446
475, 697.6485621179228
466, 697.4107589265419
2507, 697.0463589922633
1608, 696.9331435201508
3422, 695.4369630079331
2261, 694.9406483332604
203, 693.3121940226887
1880, 693.0580520611254
485, 692.8324039457494
2025, 692.8136644789453
425, 692.0498646914147
2863, 692.0265932924669
2413, 691.9028691236797
147, 691.4840030843034
328, 690.8347178208537
480, 690.0770229336372
488, 689.3853162343707
1159, 688.5189375482425
1593, 686.6741533217462
1441, 686.4759831116727
1850, 685.9883396492789
1859, 685.6191580492019
166, 685.361457884282
1656, 685.3394241967445
1150, 685.210938417089
2734, 684.2016705034519
2384, 683.9464127416446
3297, 683.0528211534119
3292, 682.6839621409989
1087, 681.079044371521
3283, 680.9871253676181
3057, 680.1196304075455
2045, 679.0206841605095
2972, 678.506007752835
608, 677.9274323639552
1065, 677.0905502965043
2252, 677.0235029401676
3042, 676.7691156035556
365, 676.4209248660408
2083, 673.4695069207206
2913, 673.4389820342755
2272, 673.1499085965555
2412, 672.5560033382106
3293, 672.2629931098235
2389, 671.2937569278847
3159, 669.9279714112687
3349, 669.8811433223193
3356, 669.4091529967086
2787, 669.1933869574905
607, 669.1148543883693
2273, 668.8913834392887
2078, 668.3234396781421
189, 668.0255422080286
217, 667.9389754141604
2352, 667.8269580391034
106, 667.6711515058436
435, 667.6322608974812
34, 667.4014821339254
1914, 665.8330329231976
861, 665.7772882502917
3348, 665.6177901016441
2399, 664.5239094842956
2767, 663.452440568709
2344, 663.2907885908155
1596, 662.0336451979106
1996, 661.0125618565
1713, 660.6766572145569
299, 659.8918637493352
2717, 659.0476591107449
2266, 658.9464090455808
3259, 658.5764754860081
3176, 658.0139067771149
3276, 657.1159157590671
3287, 657.083800841187
2744, 656.8030526979499
1204, 655.7390212083546
433, 655.7265670156556
2291, 655.6984487530533
267, 655.5698474995918
1102, 653.2103846532574
1853, 652.8647219040413
1220, 652.5715293363796
2020, 652.1207708444539
2285, 651.9009621945584
2278, 650.5760104718809
479, 650.1900106057221
3051, 650.1680968825076
2722, 649.7944981390182
1854, 648.6430774163674
167, 648.3935360268504
1993, 648.2771330875071
1235, 647.0424200089359
3315, 645.154737920805
1428, 643.5551429205804
3213, 643.4230029855485
1597, 643.23861431619
816, 641.5645017808986
1134, 640.7911667494373
2380, 640.2423069291737
2748, 639.6533246220577
98, 639.1838175529095
447, 637.6284927352001
521, 637.5524335774205
144, 637.092316674311
3083, 636.4760466273324
470, 636.408609535205
515, 635.7302759880683
1910, 635.6618843182814
3435, 635.2711531842352
372, 635.1250690604522
3376, 634.1438317759814
1243, 633.999921258116
1660, 633.9072985361421
1732, 632.4952843465626
1600, 632.4020330126888
1680, 631.7589952129624
2091, 631.3395256682035
194, 631.1054993039719
3079, 631.1017473339604
2723, 630.5551617863248
468, 629.7111792151545
3071, 628.7739896690588
62, 628.2406231000172
510, 628.0127420153357
113, 627.4776307824314
1610, 627.3090584267079
1517, 626.3942455049641
881, 626.3680816095803
2276, 626.207343218373
2716, 626.1531502959853
191, 625.0297440640038
3151, 624.2518859035314
1611, 624.0372860328636
2915, 623.9542661690551
2279, 622.871487914197
3004, 622.6173033387416
2350, 621.1412989318658
3428, 620.8263192184742
1465, 620.726217228215
148, 620.309370442032
1675, 620.3051066234694
1249, 619.3088200798038
56, 618.7124270830509
110, 618.515974615221
1152, 618.4896274444073
222, 617.7754656084909
2400, 617.519679516058
2419, 617.4252376662752
74, 617.2811938338848
913, 617.1187871916205
121, 616.8828906636121
1381, 616.7964934700427
1082, 616.2631529010104
670, 616.1876167951416
2800, 615.5321771143451
1707, 614.2693921474732
3209, 614.2170140417708
3274, 613.5610137569338
2414, 612.7946415976376
3084, 611.7323213321904
2797, 608.7616154870731
3417, 608.3979077477334
1913, 606.5059842976066
48, 606.391386885612
424, 605.8010431532192
66, 605.2966154150364
495, 605.1147812387147
47, 604.0889514730476
2741, 603.8487835121285
2311, 603.8023605560436
1180, 603.515830932332
143, 602.7964422106786
1205, 601.8076037618157
406, 601.416165735342
562, 601.2437292510881
1666, 599.7626455738784
2238, 598.24811809366
1084, 598.0256971125966
2550, 597.6804403561467
2343, 597.476228562212
2749, 597.0707151851287
1178, 596.9410037994242
1686, 596.4150547895999
611, 594.8211644102557
1581, 594.540628252593
1604, 593.7589269529713
402, 593.5978016869043
3178, 593.431288509981
1466, 592.52145709539
101, 591.3227849358938
3387, 590.6419005183133
1456, 589.4278779912992
3199, 587.2248568480403
1459, 586.3939359568402
2622, 586.3595646178625
376, 585.6419900591511
2257, 585.1207833739867
2768, 583.8885606064439
2294, 583.8473512739698
452, 582.3476700923126
2630, 581.9245243137025
82, 581.4568244052357
2981, 581.2948170830216
3171, 579.8457172693847
2795, 579.7905860082761
1771, 579.3977899954299
3050, 579.3409401577834
1121, 578.9628413221819
3246, 577.7546118296984
2034, 577.5281395431119
44, 576.5877201465998
2799, 574.9895617319806
274, 574.9064271154866
3336, 574.8399959165887
2097, 574.7995061944376
2005, 574.5736694733279
95, 574.3739179592644
1033, 574.1153396496156
358, 573.9009444936243
1034, 573.767526495876
2223, 573.7490531091538
685, 572.1702631621773
198, 571.1954189269193
1658, 570.8984145722025
1002, 570.5448944768536
389, 570.4299076649988
1440, 570.2703683195911
885, 570.1408111241378
3439, 569.88919275033
680, 567.4802465001841
2395, 567.23679593978
678, 567.0093013920435
1024, 566.7543071553171
2391, 566.6213267636984
2411, 564.5629214395515
1073, 563.5400431408083
294, 563.2698776323787
3006, 562.8801392224983
3278, 562.3362765766658
1687, 561.7320760762938
140, 561.6210920682881
114, 561.2773626760649
2736, 561.0376903560153
1742, 560.2863254870803
300, 560.1459815545439
1244, 559.6394363411
1962, 559.1910400908228
65, 558.6259748536372
1720, 558.5620914080881
3432, 558.4317050934026
3039, 558.3814867858011
381, 558.3369406698389
651, 558.2242044729223
379, 557.8326008958375
1738, 557.5640250668795
1677, 557.2271935329824
104, 556.9953323073705
2810, 556.966500938089
1588, 556.1875288996648
895, 555.4884091598727
2951, 555.4343911139929
165, 555.3899364224168
2286, 555.226131916706
3194, 554.8143085567909
35, 553.7856539858143
2106, 553.5350517796705
3192, 553.4526669118469
2003, 553.4403515349273
77, 552.621401629792
2811, 552.5807275309703
3204, 551.8947296864027
67, 551.540307658484
654, 551.1788581392701
134, 550.6409996485505
1864, 550.4098148703375
1151, 550.2536795662467
1156, 549.8589969620629
2307, 549.5043539701517
64, 549.3732089791041
3305, 547.831254541979
2048, 547.3239436820354
580, 547.063965203676
2808, 546.9676139738945
555, 546.8571665418525
3241, 546.6167323753583
2793, 545.4076881674146
268, 545.3690426061145
2513, 545.0179451783106
102, 544.6636721866469
3380, 544.2775732239713
1162, 544.2624445952656
2288, 544.2180768573082
275, 544.1222099186366
2218, 543.7612441704398
1669, 543.6224498590527
1521, 543.2363966039383
3133, 543.0807113906399
2104, 542.3384407970118
2789, 542.309288214386
1663, 542.2617410824726
72, 542.2446912532802
563, 542.189028693735
544, 542.0794787416216
1462, 541.9904931970011
260, 541.6491439872248
3433, 541.2855277376262
3197, 540.7397138894169
1238, 540.2623089656759
3092, 540.0676320794065
3392, 540.0079953552008
12, 539.8426756164956
1439, 539.8370424305219
3350, 539.8078894031802
85, 538.7431819778951
3304, 538.4153687917836
326, 537.1277602303643
3211, 536.9211960251822
3040, 536.8964855186621
1464, 536.4588790729238
509, 535.8561031547821
3243, 535.3113427780113
3384, 535.110184795671
57, 534.7477338055133
2454, 534.576094387924
613, 534.2370577337548
228, 534.219442695875
1718, 534.0050840692751
408, 533.2432393811919
1725, 532.3235022355555
90, 532.1927642836021
1216, 530.9842917121105
956, 530.3736279653502
1452, 530.2324662009692
2314, 529.9672247344014
3101, 529.5965977166027
3170, 529.3596488410013
1970, 528.245183490883
3200, 528.1343181926479
3144, 528.0144551112769
115, 527.5863277527978
1451, 527.5391435225313
3413, 526.3373426261038
3312, 526.1446439003627
2108, 526.128133403949
3289, 526.0890039229746
2551, 526.0557432897066
1722, 525.2198975449712
1813, 525.0010647484947
1122, 524.1242519940514
2378, 522.1438768344354
3206, 521.9033594340033
1302, 521.7794353033618
1685, 521.1423221012373
3186, 520.8251476402567
3062, 520.7247082897978
93, 520.6696986597273
108, 520.6161497353838
3095, 520.5723949318535
122, 520.4686410632969
2483, 520.1838327475863
2404, 519.5601179969557
2971, 518.9230242856017
1646, 518.7704763479003
655, 518.7607395289932
1513, 518.1306134149211
1877, 517.8477495993255
280, 517.3664806101483
473, 517.3578503592
298, 517.2427682332685
282, 517.2251538879129
679, 516.6064534414535
2041, 516.4766963377609
3059, 516.4729491071315
141, 515.9206862827842
1874, 515.0935320617325
2651, 514.507947992186
3284, 513.9316924580364
1460, 513.0427901214281
2354, 512.4798246588516
649, 511.7849016135012
1746, 511.0979290381252
445, 510.9498411626511
1879, 510.6950217526939
2385, 510.2429680298202
266, 509.5980084600204
2409, 509.5915581456577
1232, 509.4283102525469
2666, 509.2311720571439
1258, 508.73574208530744
439, 508.6300755928755
1081, 508.6215021890617
2259, 508.3508540460422
2549, 508.3490017065024
1627, 507.91474932784314
663, 507.7725633340916
97, 507.4709124465982
1758, 506.9168959509598
2002, 506.432969730437
1729, 505.772897601492
3294, 504.99554937258137
1958, 504.7391018030057
2491, 504.494448872639
3164, 503.49742080477813
2505, 503.2901396543666
3163, 503.0355329226745
70, 502.8541348256619
69, 502.8541348256619
3143, 502.774180496261
1695, 502.53047828601547
2802, 501.4905248311767
1477, 500.21165236856723
3134, 499.45982485831576
1625, 498.7262168743558
2280, 498.4014990148938
2508, 498.1626898812021
281, 497.3504909949056
2742, 497.1855285624541
2721, 497.05382195311904
859, 496.24156669681634
2566, 495.3862722815837
748, 494.4318029914346
2010, 494.06433474208933
2240, 493.82639850283533
1719, 493.3378115131182
3147, 492.9430636792751
427, 492.5484300585923
3443, 492.4871883564056
3354, 490.7837250935169
1708, 490.7080534863555
637, 490.70754024431295
3188, 490.2725816154426
2823, 489.95122874965995
219, 489.86539100734944
838, 489.5915951256873
2688, 489.27055819710296
512, 488.626860399666
2948, 488.46952817050834
643, 488.3052486100877
2021, 488.2975076509935
1756, 487.8068350277374
2210, 487.7689686309127
2356, 487.56587190387717
1153, 487.52521646051724
733, 487.3383296456848
2203, 487.07093912119336
13, 486.64832439757123
2442, 484.5047864772623
2351, 483.6617327266272
3314, 483.5268255951741
1971, 483.4849550936937
1231, 483.44383591170634
302, 482.34934738632245
2784, 482.3011702456955
1106, 482.14730813206955
2093, 480.641644418869
2406, 477.67069914378914
3327, 475.9317514054221
2864, 475.0058761481643
2039, 474.08892388009474
966, 473.980139545915
1406, 471.6859369016258
237, 471.6098476246139
32, 471.5070548735615
1515, 471.36644259195
916, 470.76718393388234
1875, 470.6163937085075
2788, 470.38969562219177
2008, 469.57014427817853
1698, 469.55446719040805
2338, 468.70237587836397
2755, 468.46870406346994
2705, 468.37170337261085
551, 467.7919912383972
1502, 467.6836913594804
1894, 467.15611292873183
2645, 467.10488716870947
513, 466.98436473773086
42, 466.69895258226717
2917, 466.52325756182995
732, 466.34888319378837
2816, 465.95483314242875
1858, 465.87489144395005
2900, 465.5909586694325
699, 465.174491423711
84, 464.84989637849293
2546, 464.7600201369417
265, 464.3495564419656
2671, 463.9361213354678
1647, 463.7650057988517
96, 462.92560332435215
3184, 462.14334292243285
455, 461.9073453544675
68, 461.2277770465711
2353, 460.46315225402145
2758, 460.458742845978
734, 460.3996515130721
1740, 459.7550939817067
518, 459.1760566690019
634, 458.71319375982887
3120, 457.86323177458377
1968, 457.5637928746378
1717, 457.1555483736968
150, 457.0592504359058
1461, 456.1866162293579
109, 455.67107410609316
58, 455.6709877612022
2824, 455.50809852710233
73, 455.31731423574024
1838, 455.2472734438503
863, 455.0843916391918
1171, 454.4699020007396
2587, 453.87690338801457
88, 453.7464736746795
491, 453.5607564434635
3352, 453.2122978670933
1693, 453.081690977223
3082, 453.02502907128934
2861, 452.8323386774005
398, 452.5540794125741
2524, 452.4213870103071
2559, 452.3929585134357
1185, 452.2166849439854
2287, 451.2722543896311
3162, 450.6915836657616
2258, 450.53107877430045
1682, 450.47266029190826
1632, 450.4299241414026
2275, 450.39334976381735
2610, 450.30385384063493
145, 449.6879102829779
757, 449.2987436069764
87, 449.1345183403376
2696, 449.0267949595111
460, 448.8840800337188
2004, 448.72840387849345
2098, 448.2120807659809
2583, 448.114693875974
1457, 447.7995954586941
2780, 447.5497383005551
2393, 447.5321227231742
1714, 446.5565094423023
1871, 446.2366217724577
2782, 445.7764931115277
1644, 445.13690005112875
1739, 444.8438066168261
1642, 444.30632750041946
2607, 444.2787541416632
1868, 443.631196034873
1104, 443.53143351555735
412, 443.362394984391
3239, 443.33454303801636
3041, 442.67848080643535
2562, 442.3448999927766
2558, 442.2230599768438
3168, 441.69794936303646
1397, 441.57820654655694
3150, 441.57744749806756
1467, 441.3117939095614
2030, 440.83933667380836
3431, 440.74474214068385
1726, 440.39834940356025
1057, 440.3824128826015
1516, 440.3194737712677
3248, 440.10454476132895
2801, 440.1031177263492
399, 439.40104634039056
2553, 439.3957172077666
561, 438.7626454688076
2244, 438.7416630507894
3290, 438.62097435355486
3187, 438.1554712551361
3264, 437.73984152880644
409, 437.54773232759504
1709, 436.32980835411047
232, 436.27032691754135
2101, 436.25520432563553
214, 436.12371552835697
1605, 435.92863714892246
2781, 435.87455775287816
2017, 435.43321475411585
3123, 434.7294877141036
2514, 434.50735912193943
1634, 433.66964292988666
291, 433.54977718531734
2270, 433.4057052092607
3183, 433.0027314461166
1703, 432.39517532924486
1715, 431.810339043673
965, 431.30126584563857
3324, 431.235491140293
1705, 430.52927899891597
3146, 430.4871602674968
3444, 429.56204449117934
2690, 429.51204420169154
1626, 429.3619710682404
385, 429.1892421736769
2305, 428.7047662356758
3063, 428.4679563383868
1, 428.46419977400177
216, 428.31635738277515
2812, 428.13296088176276
2433, 427.72600832621305
1189, 427.56057636880223
1641, 427.495469645658
1079, 426.38378280842795
1731, 426.10063381309334
3105, 425.0365445061229
957, 425.0095374636916
1630, 424.3502834900447
2779, 424.20816750325844
2473, 423.99264192327405
2694, 423.9722259689008
1755, 423.9401438916401
3090, 423.80193045354247
2217, 423.48259302249215
3255, 423.1175425364881
2653, 422.97462796494517
2152, 421.99297759411263
1694, 421.78192410812704
156, 421.18080032063756
626, 420.96076246782525
1747, 420.8877117351636
199, 420.80258082935995
250, 420.1231726837217
3279, 420.0928481760814
3129, 419.76816116956627
2785, 419.72963621860515
404, 419.1974357658397
3225, 418.7618126894735
1892, 418.08134751473307
1692, 417.51252788008946
2710, 417.45635295380123
1966, 417.31088856629015
2379, 417.1473610147659
1752, 417.0533566719114
3066, 416.9343882720087
2756, 416.4048734828246
2497, 416.2680494657285
681, 415.2900004637019
2102, 415.2848057069793
1721, 415.10561756629113
2415, 413.50531253895446
2650, 413.0377545735212
2355, 412.69728467570684
1800, 412.1201182915978
2536, 411.36554123919365
3130, 409.83995925952837
2860, 409.7907915606944
400, 409.5837612206048
2571, 409.50128961578133
10, 409.2633837401178
3415, 408.9964102109207
768, 408.7307482151273
1710, 408.48705549952217
3080, 408.3404669441398
1712, 408.1860368554435
1643, 407.408566572164
2640, 407.2974062929045
3318, 407.18721290726506
2624, 406.698531633769
182, 406.6782088927439
2745, 406.33383855923427
3207, 405.53030449480275
2720, 404.86191949343976
3306, 404.4441945160927
1028, 403.8849397557467
1869, 403.6358709180448
2657, 403.6280267737168
4, 403.45746621355414
3347, 402.8500056465254
3299, 402.68471547416004
21, 402.68276729672715
2561, 402.252745419532
395, 402.20218625543714
1661, 401.83824908406814
276, 401.7926296132182
1744, 401.7470027620396
1733, 401.5950182929097
278, 401.0357172971103
2652, 400.89216577195623
2620, 400.62199823471
3234, 400.35448320752425
1316, 399.7270169621603
3111, 399.47887713020333
2574, 399.1594339709675
2814, 398.2796571522825
2686, 398.2214219459862
2677, 398.2116614209809
3383, 398.03040145528144
254, 397.49604915328115
50, 396.98078782679903
2641, 396.7412734959543
2390, 396.6577432869398
2192, 396.13838692218525
1716, 395.5453798626902
1748, 395.2629603578025
1191, 395.1251915920331
2416, 395.05930052362504
386, 394.52975525653045
54, 393.78659403451815
1735, 393.3838320942813
1255, 393.11879515580046
1631, 392.8579675351589
1463, 392.51623491336693
1659, 392.45649765348816
2525, 392.2871912796058
1701, 391.7899478368774
647, 391.33118579999916
2712, 391.0491227359822
3316, 390.6401368870831
3099, 390.29260723703203
2572, 389.8016411908237
255, 389.18503344533525
117, 388.4196612587334
3310, 388.3827791963788
2649, 388.0596605011178
2853, 387.8124717796491
1672, 387.76252632684
2668, 387.6019313618585
3020, 387.373924632032
2520, 387.1093912580644
411, 387.034958114104
2646, 386.99222248390043
1518, 386.1976344689171
1684, 385.72009451778564
2731, 385.3758463333718
2289, 385.1558393594179
2703, 385.03904903676687
1891, 384.7167497108532
137, 384.436712245799
1743, 384.2683650948034
2111, 384.18261368680965
2096, 384.18261368680965
127, 383.0519482865688
3323, 382.981467923957
1670, 382.9759529099945
3097, 382.9642876374721
2656, 382.74806162352854
2601, 382.31409807744325
1730, 382.2986882432912
7, 382.25372927257376
19, 381.65490911743575
1700, 381.57313107596974
36, 380.97936951443285
2293, 380.78216921323207
1873, 380.5382714075918
1785, 380.3935814133219
1633, 379.8564578311017
2738, 379.744203788311
1668, 379.47663816021657
2340, 378.6617327872665
287, 378.233558584585
1699, 377.76633332536363
3362, 377.27279753739026
2527, 376.88151294543263
225, 376.69903522009
2608, 376.4971314601014
3201, 376.00087930843307
2959, 375.8897897517652
1638, 375.681360871549
1724, 375.2219660932938
20, 374.8318724123759
1741, 373.5737947941654
3442, 373.2988385577472
2212, 373.2477188954851
3112, 372.9683882437487
1754, 372.60873589713987
2683, 372.4672263127436
396, 372.2870241023415
3265, 372.26872474897806
1665, 372.128519333939
218, 371.57657454005664
1062, 371.19179201895724
1671, 370.9367893835092
2383, 370.66187784234853
2621, 370.3523854652883
3136, 370.3488885907452
375, 370.19128971441705
2568, 369.99152122685575
1788, 369.9618189388146
2451, 369.3288485534813
3295, 368.7257495178619
1645, 368.4987108407799
3288, 368.3060576454125
1629, 368.09031875806545
1047, 366.9479812529183
2580, 366.88684107276987
1657, 366.0053682945945
2635, 365.8271299048369
1967, 365.5278265528428
2485, 365.2565368977637
1706, 364.6925058498188
2592, 364.1472140626484
1650, 364.0251562368078
1745, 363.8795679767785
826, 363.526719847449
43, 363.4616458733325
0, 363.2355992597686
1941, 363.0721305530637
1814, 363.0498179651557
1728, 363.0470118744873
2283, 363.0083755525673
1628, 361.5825148969064
2697, 361.50129308636815
2533, 361.3364871265081
3311, 360.83752561363247
6, 360.7909819246101
2563, 360.6176161543977
2681, 360.2525826698211
2805, 360.1240594781522
2726, 359.58889190212784
1637, 358.8362367656411
1734, 358.8196363090615
2179, 357.96643438467197
2857, 357.5910795824327
2832, 357.5205635451789
1679, 357.1696495819844
1114, 356.7071152366502
508, 355.37601164204955
2397, 354.8749807289411
2597, 354.6063806167284
2575, 354.18338868504065
2466, 354.1615757292438
1681, 353.985817407372
2658, 353.91724974149156
1649, 353.752274828115
1727, 353.39043717114856
107, 353.36350875625055
3232, 353.23711482972516
3254, 352.9873562206689
3236, 352.81099814327195
1639, 352.5330426275518
212, 352.4303170985068
3, 352.1518806909714
28, 352.07110822537607
2456, 352.01735045978535
2493, 351.7508683832331
1794, 351.2587234620508
1704, 351.07125997704077
388, 350.70132740032835
1691, 350.58522645466593
2486, 349.96283524770706
195, 349.4303756710497
1454, 349.393371383288
1697, 349.29441599279545
116, 349.1619257204606
2604, 349.09398939849893
1648, 347.94020177629096
11, 347.64975755311644
2449, 347.48196825982336
2611, 347.46098854786595
3005, 347.31415803208233
2339, 347.15252125047203
1324, 346.07246246008833
2204, 345.87739525420125
2589, 345.7245398959056
497, 345.6775053752983
2239, 345.47859683053525
112, 344.98521080658526
953, 344.5316353756524
80, 344.4653023637874
474, 343.9924317153394
9, 343.82409044619686
2191, 343.0240265610327
3094, 342.8926135981881
1749, 342.0277285003217
252, 341.91727278446416
1723, 341.8000475613304
3231, 341.75777990723554
2087, 341.58841590490334
2461, 341.4955978768051
149, 341.17030558270204
2528, 340.0877041324651
2778, 339.56873687002644
524, 338.34985771944605
2235, 338.1922746257998
2320, 337.12081558371113
1674, 336.733755718661
138, 336.66608431231185
2167, 336.5470291739253
814, 336.3389533836323
2185, 335.8820749830847
30, 335.36296298463355
823, 335.2981648708684
2999, 334.9217671328702
2655, 334.7571976074977
1574, 334.6612435198591
1818, 334.4224791448303
1702, 334.39522247486906
3215, 334.31425533905946
641, 334.15222056175503
2475, 334.0669743681207
2282, 333.7873943620487
3009, 333.14111540878366
1751, 333.03487446540305
2648, 332.82984924900455
3007, 332.588282214634
735, 332.00183130651294
1309, 331.63447008918735
2453, 331.6032319086967
2564, 331.59351165459964
3017, 331.5732211037851
2139, 331.4757468707317
2616, 331.08765764495945
1636, 330.67794855760576
1696, 330.50161751893745
3195, 330.37999317900824
2184, 330.0614957567783
2543, 328.9717326952661
2612, 328.8031992149805
1635, 328.47251107172247
2226, 327.8580277099681
118, 327.74018228642205
3235, 327.65543673893814
337, 326.29248598330435
1750, 325.4484009271186
2177, 324.92449668206035
2249, 324.8195115198841
2484, 324.74846988377465
3258, 324.70627691545786
2299, 324.50655107492605
196, 324.0566309126818
2208, 324.03794120665697
2889, 323.9897101681174
2623, 323.29813123755713
405, 322.9936437565805
2980, 322.775071137003
2673, 321.9352538098933
2605, 321.67547456730216
3313, 321.2259914489666
2626, 321.0694130836062
8, 320.99907052429666
2809, 320.94260936082543
2821, 320.3787085459465
1737, 320.319337905195
2211, 319.8102012834738
5, 319.66612483477024
2586, 319.41849576939717
2264, 319.2710544410937
3296, 318.8379442707248
2345, 318.68744014737047
1562, 318.3109097775298
1572, 318.28443963692786
259, 317.8705015224251
1759, 317.72454634208475
1509, 317.63753781464294
2693, 317.43858045517504
1824, 317.27862508806083
2492, 317.27284215422793
1806, 317.04572626254196
38, 316.9953954188479
1484, 316.9446798637004
2094, 316.4114762625376
1940, 316.35795094989635
1939, 316.2719026728384
2346, 316.202092803794
1004, 316.16673628705297
2679, 315.8033485395101
472, 315.69317905998713
2606, 315.4936526307466
1410, 315.3502163930285
2531, 314.95568544424185
848, 314.8890670275132
55, 314.82487428522035
2153, 314.45858758534496
2342, 314.172983845229
3021, 313.993250111618
2603, 313.84081998533014
2713, 313.75164011906105
2695, 313.26324098195823
394, 313.070348511513
2570, 312.8101845997282
2341, 312.44612012958527
2134, 312.35196645186596
745, 312.2363942178667
1576, 312.11396146130267
3160, 312.0515106491734
2490, 311.8512975442455
15, 311.8471636837329
2349, 311.73842568552334
2692, 311.4903565352101
2654, 311.1288723123094
2498, 310.9340539819295
2878, 310.7884037927262
1882, 310.65428683818004
1530, 310.5165346030689
2687, 310.01866279845115
2193, 309.4004340336382
1652, 309.30850587446713
2462, 309.29577270123025
2534, 309.1204187858441
2496, 308.93283931813164
2538, 308.647478463781
3113, 308.56958319263947
2158, 308.2204353070874
2519, 307.62419783603946
2464, 307.5103590213365
3262, 307.44764065884
3000, 307.3555307054221
2822, 307.30788938480845
788, 307.2708978612548
94, 307.2580263132343
2455, 307.15667287213864
3091, 306.89165076278255
2704, 306.6292385870047
2313, 305.6126563053373
2242, 305.6110080529773
1045, 305.2549395109183
2707, 305.004622472047
78, 304.7387219510631
917, 304.5682218738601
2629, 304.1366467744302
2429, 303.8356884242063
3180, 303.5056116752854
3193, 303.48652634332353
3261, 303.2873775805326
2284, 303.2090280794222
2522, 303.0248121198787
1960, 302.8299154236743
2806, 302.5595305541579
2511, 302.3093258316564
3344, 301.8396128890382
2869, 301.599180012962
2452, 301.5944570452306
2581, 301.4991496249967
2600, 301.19786637370436
3251, 300.79972729215405
1655, 300.59328279529194
682, 300.54599229218366
1951, 300.27127085574006
2638, 299.60285995261364
2506, 299.4340432734716
923, 299.265579772561
2180, 298.98153729003405
1573, 298.87286261340074
1543, 298.3675417544401
1907, 298.15665238396605
1557, 297.85461104013024
2856, 297.69992410229924
3025, 297.67080292018113
2675, 297.302347887115
1003, 297.1884056482335
2207, 296.9173441936224
2632, 296.62151255855997
2495, 296.58381958525285
2859, 296.4017608853588
16, 296.1432861284972
2700, 295.93940350284134
2662, 295.60239527814116
1418, 295.293240953766
2644, 295.17584652004973
2479, 295.06498919462825
2760, 294.84291422309866
3361, 294.7893009171367
3260, 294.66960334716293
2170, 294.57705430010435
2079, 293.6605688220679
3329, 293.58480116084473
2460, 293.31475268670914
2205, 293.2785002807004
2727, 293.21892476801435
2499, 292.5438855477702
2488, 292.2119276838824
2044, 291.9668608766318
1559, 291.9156530324561
3019, 291.56176109517094
2135, 291.30580225837355
421, 291.1366477780529
1567, 291.0920346698453
786, 290.9809703110163
526, 290.95795166454644
1269, 290.8517901467476
3364, 290.4252115114404
2124, 290.2325497224979
3165, 289.66356550086357
2440, 289.5438077749446
29, 289.4375043929153
1884, 289.37023230850355
353, 289.23085624718476
1810, 288.59599256140024
2665, 288.32319452418295
2037, 288.1836341428328
234, 287.4764498404091
2714, 287.39075001821647
1210, 287.0657817357168
744, 286.6994976459772
1780, 286.28888333813074
615, 285.9950950609939
2195, 285.74828364072573
857, 285.67257983763653
2698, 285.43162083068097
791, 285.0458831773408
2509, 284.8507215664528
2530, 284.8268472696678
3018, 284.40708514341134
3100, 284.3997194612165
2236, 284.3001692670473
803, 284.29145646953964
2262, 284.17595898407603
2743, 283.962710299736
1776, 283.7542424661867
1640, 283.71743695443814
2092, 283.2385375788055
1847, 283.1389106758692
2477, 282.80264879956974
2991, 282.7403965898961
3029, 282.61053124974507
727, 282.5385892530962
83, 282.4844488083182
3301, 281.8810733997562
746, 281.797813406119
3016, 280.94589966831415
936, 280.6095009521017
2435, 280.16501237783376
2428, 280.16501237783376
1653, 279.95187684134055
686, 279.8430843160326
2670, 279.61763121031214
2535, 279.28576874714616
3269, 279.1748923089189
1039, 279.1070687405725
1664, 277.9937023826073
2936, 277.94544841365325
1943, 277.9181099639713
413, 277.7519544252857
1571, 277.56273908810965
2625, 277.302423263742
3266, 277.23262725705246
1885, 277.20114447821516
2634, 277.13133667726055
1575, 277.0618409197166
2537, 276.4215898323104
2684, 276.19786326072426
2187, 276.0779740736049
2194, 276.0313626078526
2970, 275.84900771474605
579, 275.6896959533338
2401, 275.58721980122255
2188, 275.3152587845666
2598, 275.2031387244837
2565, 274.95893693112123
1822, 274.92650129038964
2318, 274.34973871362604
1807, 274.23245861772193
2157, 274.05934170149703
2243, 273.90756419735936
2061, 273.69827946737513
2196, 273.3067925848895
2444, 272.98919293937854
248, 272.916012056898
945, 272.80593207023213
527, 272.67926030537967
1306, 271.9024388241721
1023, 271.54943628116496
1356, 271.36261857981833
781, 271.34753999644215
3357, 271.34722630885335
981, 271.0790379716657
1889, 270.99947916600445
2591, 270.8002552787626
2953, 270.5167086525576
1525, 270.3097728839268
716, 270.0442467813589
2699, 269.67652098242075
2660, 269.4516197899083
2669, 269.3329217735762
1617, 269.1358034779602
2552, 268.90823184778975
2472, 268.7422793318035
575, 268.6852804347027
1985, 268.544395249066
2502, 268.4880502469846
2501, 268.4880502469846
980, 268.36590548702003
2659, 268.26657561820366
249, 268.0018426587267
778, 267.9297915150005
2667, 267.9277124613549
2438, 267.84875294653136
844, 267.78014472178535
2142, 267.6917291629593
2576, 267.2596325463282
2997, 267.1108237623071
1803, 266.69032343650343
2631, 266.38625810407035
2614, 266.3532779037224
1336, 266.2100501053214
762, 266.1532841093062
2691, 266.1474117477458
2189, 266.1152804133771
1615, 266.03603966588577
612, 265.6867150285929
2365, 265.546256898828
2664, 265.40097786228563
2661, 265.0912531513502
321, 265.0368574562535
581, 265.02263143590744
2405, 264.9725107573826
27, 264.7327271271461
2469, 264.6492046941212
417, 264.45202272713044
2160, 264.34492533323817
698, 264.2157795182979
1424, 264.2020279906179
1999, 264.0846490940408
920, 264.0229587767161
3233, 263.97992379299103
2474, 263.94174119309895
717, 263.45239874311943
2494, 263.3781743364265
3319, 263.3728885539986
2609, 263.2869056876216
2617, 263.1950080456583
2993, 263.18577158652914
2360, 262.63798370977577
2949, 262.61097037847645
825, 262.34878932362193
2627, 262.2063772275739
961, 262.11125552291713
23, 262.09239580786783
1623, 261.7769664948638
2145, 261.59972909878456
743, 261.3653750177315
2879, 261.1552580482465
3249, 260.8967403604052
2541, 260.86684374311733
3008, 260.50686993039824
24, 260.1610511413757
2674, 260.05728373038426
2362, 260.04869186302506
438, 259.93022382052186
2510, 259.9153763237449
2457, 259.8429815475688
817, 259.69723265555115
787, 259.5104514686678
2521, 259.454784329206
243, 259.28814246654605
3033, 258.8883066296083
2476, 258.80476736377835
2220, 258.72444696196357
1300, 258.7001606357716
815, 258.6128311469421
2678, 258.3354240796356
3253, 258.1407383869009
2214, 257.817879476048
2567, 257.79320542182535
2542, 257.77337489527014
2095, 257.59119363612126
2637, 257.44909072785646
2724, 257.41005026533395
1977, 257.27896481956157
600, 257.06879856365595
2845, 256.9844623955039
1279, 256.9761383335482
2829, 256.782948095151
1037, 256.7571823784889
370, 256.72530758339633
2828, 256.7020839185111
81, 256.6766775868035
1331, 256.6278147839493
960, 256.5235273840054
1211, 256.4063581096208
2089, 256.24535158744436
969, 256.03749191920383
1109, 255.98220805552958
2448, 255.84694670071403
2504, 255.84124597406543
955, 255.78436665953268
3325, 255.71870267911677
247, 255.64423075931762
319, 255.44930145769786
2676, 255.3795589874752
1566, 255.04467879660075
1423, 254.9787615041377
922, 254.7303723489628
2181, 254.65928119699507
416, 254.64619341323194
2907, 254.54338607131945
2619, 254.35887077992422
2956, 254.29858961284734
808, 254.29430379875447
560, 254.21502216174093
709, 253.9757366414778
3320, 253.94592978595492
419, 253.8723484743377
2431, 253.84081979931148
3228, 253.78428195440696
3263, 253.76750297193374
2478, 253.7307413799458
2702, 253.6298411617369
528, 253.369764658096
2122, 252.98951467783107
1840, 252.8522583990474
2219, 252.48127987760643
2074, 252.424251223667
2706, 251.88292501379337
2557, 251.81282667782992
3026, 251.59357934203177
594, 251.25415428724267
964, 251.02991828660112
1412, 251.00618816650785
1890, 250.9923656187527
1473, 250.892467250282
1599, 250.80773806853367
1490, 250.67389761480302
2434, 250.6379125473958
1487, 250.4671659827577
999, 250.1617703132412
2082, 250.05307452187526
601, 249.8912531875337
2866, 249.79586137457866
691, 249.52308279791475
2585, 249.32693863195456
2846, 249.3089272164371
2467, 249.2593940246465
1577, 249.21797913049687
907, 248.8571870851624
585, 248.60572970184617
2642, 248.56547003187626
1038, 248.52063041083173
242, 248.43813373762302
1314, 248.41130904234106
2427, 248.40570345669903
1839, 248.35556550106296
2459, 248.3394258422208
1790, 248.22423678325492
1579, 248.18398636555668
1266, 248.14900133548102
2231, 248.12995654018115
1895, 248.07290400439445
804, 248.03606885721769
2804, 247.89274174194477
17, 247.85098127562767
1308, 247.8240696807089
2209, 247.82367064874904
1523, 247.81404024017212
2554, 247.78413656576367
2560, 247.73529749781406
2905, 247.62836442191855
2877, 247.61828603079138
2228, 247.30582473446302
1371, 247.28261362464264
2529, 247.1807636089031
2595, 247.109323481152
2577, 247.00748406855706
856, 246.90986677866604
574, 246.74370027006225
2544, 246.71028221182706
1315, 246.67273234034488
1887, 246.25428396725925
313, 246.19256580506104
2837, 246.127906300257
2858, 246.05425911287847
2200, 245.8439848999468
1560, 245.8149292581489
2628, 245.64272714192288
277, 245.63839333999584
2482, 245.60741666367178
2206, 245.5126237468166
2633, 245.46988464843514
2992, 245.38350731214408
3250, 245.33697706096768
2685, 245.29880245655232
420, 245.09752696603616
903, 245.04159421973944
2422, 244.98636345799304
1957, 244.86219342448422
2173, 244.65233445539533
1408, 244.62375055165717
2663, 244.6191775955978
789, 244.55349821384306
2168, 244.40610552481294
3326, 244.1211503066678
3229, 243.98817273071543
1321, 243.92915676579793
1942, 243.84484388392718
2171, 243.77297589952886
2523, 243.76596665869076
2165, 243.61719528943198
1594, 243.06902432256467
972, 242.99017792337006
1495, 242.85743983346038
1984, 242.76431641673622
371, 242.37915333851032
2190, 242.2251117854623
2996, 241.98640478616113
1969, 241.9437255268397
2573, 241.93340059218198
1580, 241.75478598587887
529, 241.7404206419017
2618, 241.72475110761602
872, 241.64628790473537
780, 241.63137559067007
586, 241.0770849718719
2480, 240.98751992890107
1052, 240.93237657218754
1289, 240.8774877079313
2256, 240.78260644963123
3365, 240.75805755726728
2545, 240.67661621777157
1425, 240.6734390777021
1369, 240.57775306836987
837, 240.57575977400256
1505, 240.52544668129644
683, 240.51077203320133
1983, 240.50652364968136
558, 240.49320720658315
2334, 240.44969836869626
1986, 240.40861594487444
2689, 240.37313613736794
2909, 240.2874350909966
3270, 240.2663709045508
845, 240.1810101397605
846, 240.06614108725626
2701, 239.9447284603548
593, 239.93748198810997
2680, 239.83666700243927
3358, 239.521027264474
696, 239.50590647989833
2164, 239.43342449563713
2443, 239.2155642146535
1846, 239.02314333726198
290, 239.00154126633572
2481, 238.97475690926373
1823, 238.94152309776317
2113, 238.91886455268855
2047, 238.60010579555805
2850, 238.59585330948406
1883, 238.55592350421955
2372, 238.33627274820182
1348, 238.0945798885084
1508, 238.00356270876748
928, 237.97635004980606
1828, 237.80987636118763
1001, 237.74379688287303
638, 237.7389884763104
2839, 237.52774344876158
2841, 237.33081004032576
2445, 237.22255984534195
1510, 237.02406013550825
919, 236.92380692700854
14, 236.89223041751364
1792, 236.85478232071546
821, 236.77440484029358
2463, 236.77284266210458
902, 236.7302557318262
2602, 236.6173187170976
3031, 236.60623850038422
657, 236.51347320529825
2458, 236.47966916965163
2150, 236.3816196093306
2489, 236.37136338022574
2588, 236.13602441218606
1404, 236.13312802964816
1478, 236.12833911455942
784, 236.02745836220868
3267, 235.84632632460477
1501, 235.83863419896502
3307, 235.62870831618358
711, 235.60630827928654
1965, 235.57873958309114
2447, 235.54345797978814
2229, 235.39810484336127
2465, 235.22852951674278
839, 235.17517337953404
2115, 235.15734538799873
1488, 235.11645716778744
2584, 234.9458354214781
1494, 234.87069384360615
2613, 234.81214734574215
2998, 234.76639830006056
2324, 234.6711560642812
886, 234.6378607080965
602, 234.62220411121865
2439, 234.59665326118227
2117, 234.48348813488516
3345, 234.3076701306178
1527, 234.2739624621055
1390, 234.22689659027165
2643, 234.17283446965067
2599, 234.0073661930496
661, 233.9248226233393
2487, 233.83689798563398
2230, 233.7772781338874
599, 233.6207268149712
307, 233.52127990355598
775, 233.41064148432557
418, 233.36173685185244
2125, 233.32528375136621
3360, 233.18325310264788
659, 233.14369866381423
708, 233.0748000118367
1421, 233.02319018053373
1481, 232.772216733021
1908, 232.76595517482968
987, 232.75867956056067
1512, 232.73993185408312
718, 232.7205504702303
256, 232.65653159166098
777, 232.50220799972303
2321, 232.36469585354277
1046, 232.2814471570979
26, 232.13725196909596
1322, 232.13232666473752
436, 232.11999908525848
1361, 232.0467258657753
2831, 232.01537775788609
1886, 232.00854698178748
639, 231.99933190350959
1380, 231.8412506485801
1396, 231.73913568206743
993, 231.73423635219322
853, 231.67691741915343
2512, 231.64666153764796
1268, 231.62411179582625
2255, 231.54686969415948
2852, 231.50571204945155
2446, 231.48182327142126
2359, 231.46642010078588
2728, 231.31963354665356
1549, 231.30432015729278
3321, 231.14378712100842
3014, 231.0927807362273
2851, 231.08740218996567
606, 231.05583993386983
2081, 230.99892842887104
938, 230.95281988647986
1820, 230.94598638925427
2516, 230.8871733182024
1976, 230.84044779504924
584, 230.71189387397993
2639, 230.64285307575665
2540, 230.62066314057526
855, 230.45542577957863
2750, 230.00523252868516
2593, 229.84560004536758
2120, 229.3191760743783
798, 229.2665142945343
664, 229.2107183731196
1271, 229.16419763838357
2708, 229.13021016931117
1389, 228.93533740206087
790, 228.79840008430338
3002, 228.73823479958912
690, 228.73575701693508
1614, 228.7046281538646
730, 228.68778517295368
1829, 228.4516335020945
2636, 228.3843200767685
2237, 228.37606124309426
525, 228.32308129439724
1455, 228.3168578904606
230, 228.2354826627907
2994, 228.13676624010245
2844, 228.03710309560105
1578, 228.0078139025815
3252, 227.82369385244772
989, 227.80599187310034
927, 227.79715657100294
849, 227.69210999980558
665, 227.6315489633962
2898, 227.58040922638028
1339, 227.56970311833066
2141, 227.54386528331815
2162, 227.39419079121785
1345, 227.2548173989166
1804, 227.25141276318334
2057, 227.17641321668768
867, 227.1751379168262
2555, 226.96110184613298
752, 226.88297305121736
1427, 226.87207239852262
3391, 226.8552189972029
235, 226.819431823278
2908, 226.68846757514402
2590, 226.61052113241357
1920, 226.57461921208994
559, 226.53820729199603
2077, 226.49359943878724
2052, 226.35360135950873
970, 226.33609329088824
1926, 226.23795689304262
892, 226.1087638478456
1014, 226.08400859514552
1377, 226.02387429479677
3308, 225.96468506308594
1550, 225.96119119447965
1902, 225.85658165649036
1601, 225.7741412326395
776, 225.73984126123923
1493, 225.69688418023586
1622, 225.67400343367615
3268, 225.54870075275988
882, 225.49158146919993
971, 225.45261725188496
1511, 225.32081131108623
1825, 225.2972076140057
3272, 225.17431980865044
840, 225.17272139140476
2888, 225.13544527211667
1520, 225.07009140908994
1312, 225.03444836227118
2227, 225.0145660433419
723, 224.979237967524
1959, 224.91505118780194
2830, 224.89094796742785
18, 224.8007165293008
2031, 224.78452822944405
569, 224.7647054071757
564, 224.75031505709973
1330, 224.72342689920157
1398, 224.70537272135218
774, 224.63265154332657
1989, 224.51771228078854
1555, 224.50705493523483
797, 224.48390545417416
1343, 224.35167989664717
577, 224.322980781054
2213, 224.25139895592912
2582, 224.13929037395684
1273, 224.08846728426303
1544, 224.08740154226794
2116, 223.99674729490872
785, 223.96401489652115
2254, 223.94513623794597
2526, 223.9248814686233
2366, 223.80892573312994
1474, 223.7315772680692
2090, 223.51028605415152
2361, 223.50152748693387
673, 223.3736527445454
713, 223.35664447894172
1006, 223.17417021051065
770, 223.15718440443717
572, 223.14323772023548
1413, 222.98411791624056
2131, 222.97448452772892
231, 222.9129380284151
2245, 222.91277812201315
1295, 222.84486416933208
850, 222.8121036418541
689, 222.7258824644517
2884, 222.6560795010563
2376, 222.64662408941993
315, 222.48169688794366
306, 222.48169688794366
573, 222.3230539359955
822, 222.12400831270537
3045, 221.9586869866642
2441, 221.89258045857514
1815, 221.81351004908217
3177, 221.7923251860608
847, 221.78574178720496
2450, 221.66101854296198
2369, 221.63440300523828
1426, 221.5143589784732
2432, 221.32512875958358
2903, 221.31891959091183
992, 221.31795139666548
2899, 221.27154631214992
1368, 221.01137194950726
2468, 220.97647016106367
1539, 220.91112574787664
635, 220.79971931286312
1561, 220.61955604069172
1909, 220.4699119524736
871, 220.39883879044515
1378, 220.34805461899964
3043, 220.25380169910093
3030, 220.12403573367754
779, 220.11918344123902
1830, 220.090918656508
1285, 220.06558257312415
900, 220.05735062439607
983, 220.00713419735857
3271, 219.63242395816985
694, 219.59256816978615
3044, 219.56285610227025
1537, 219.30245410539203
636, 219.27739988714632
1393, 219.24684649597893
879, 219.21827116768233
918, 219.21589302683086
876, 219.16740168727137
2914, 219.003924772195
1103, 218.89772682655152
2198, 218.89491760364865
2166, 218.78796392491216
1915, 218.61368062155435
1400, 218.53998377088317
1278, 218.49318373566678
2539, 218.45447551863649
1118, 218.44708192660607
1422, 218.34121862149726
896, 218.15322125892322
1480, 218.11238675263596
1475, 217.83222068766065
2882, 217.7991020937502
948, 217.72872468958832
1835, 217.69124077734477
1370, 217.60882005200517
2881, 217.58333154524482
1500, 217.57066617141948
759, 217.52006778591746
1791, 217.35640227818004
240, 217.2248294563124
1053, 217.10541832454444
656, 216.9483779967686
2199, 216.92309057976337
854, 216.8438262898388
1888, 216.67524024631896
741, 216.40965475588467
1906, 216.34389361758357
868, 216.31722529986268
1420, 216.2437796101189
1417, 216.1923892551118
933, 216.16315641048044
937, 216.1494297175671
3446, 216.14730142516214
2875, 216.12794616178059
1904, 216.1214133318261
2163, 216.00805777007236
2121, 215.91654724899098
1392, 215.75502442496014
517, 215.72321817628233
946, 215.71676592671454
1352, 215.69208832833502
1831, 215.60549028189638
1280, 215.6010401178774
766, 215.54857573505507
2138, 215.47940183395102
924, 215.4272959258163
2154, 215.4270528822905
675, 215.40264042695387
2596, 215.32405929248546
728, 215.3211416497343
1817, 215.2837708891441
2897, 215.1899452332001
963, 215.1571083995565
672, 215.08660110581792
693, 215.08609098446294
763, 215.03910268261075
935, 215.00085482977698
1801, 214.8138988720831
755, 214.63820970954677
312, 214.56417134501456
2246, 214.55014894744602
364, 214.52799668693115
2123, 214.44591694504064
597, 214.2956814183888
1293, 214.17751305212283
567, 214.17249852302388
714, 214.0639445144372
1409, 214.03598003439205
1036, 213.99124798559868
1841, 213.9725899668286
887, 213.8451253734454
646, 213.80399495412155
725, 213.69980020049715
985, 213.69444754119195
565, 213.68710928025484
2842, 213.65622842641972
764, 213.47970081796106
3027, 213.40516653385848
1981, 213.39026947440576
257, 213.36919226422708
1782, 213.31724689222267
2709, 213.31553491047987
1491, 213.0346492100658
870, 212.99895972262257
697, 212.9922218158096
2216, 212.97815218348694
1944, 212.9745667660128
323, 212.92269208380648
311, 212.92269208380648
614, 212.84332275405887
351, 212.7729814223101
2423, 212.73373171406377
1367, 212.59629109791592
742, 212.58807595146519
2148, 212.52739127426298
324, 212.4957915561416
1403, 212.48469343756997
2331, 212.4212548359471
1382, 212.35538452533862
2319, 212.27951746014654
2647, 212.25302322150043
2547, 212.20870726791418
374, 212.19780232775244
883, 212.15218503839282
1411, 212.07262801289565
1927, 211.96998594281118
1519, 211.9385065552828
2854, 211.9380918358047
645, 211.80968943658175
925, 211.70947894340455
1372, 211.5843450124616
2891, 211.52893586372196
1288, 211.45911302157438
932, 211.27932032839516
1772, 211.13887542241076
836, 211.13316678847005
2615, 211.11902626436822
1934, 211.10238742843148
1486, 211.02624718002048
2114, 210.9752006762645
1346, 210.9500904798973
942, 210.94706525297772
2136, 210.90968828721552
3343, 210.89601837686646
346, 210.88620948320553
2323, 210.8770912457602
3068, 210.81481506081602
782, 210.7669369404849
2579, 210.7643989417227
1419, 210.73028524921043
674, 210.72248489709
783, 210.69503567964276
603, 210.67895691358544
31, 210.59804857668163
2146, 210.54642252887416
984, 210.52616891619127
1618, 210.50203244130233
1905, 210.4768275911178
253, 210.36779355310645
2169, 210.28258456177446
800, 210.2766341509975
701, 210.19473025387518
236, 210.10985662351564
1328, 209.71643573523633
1563, 209.68293468065315
2430, 209.63593946089912
2202, 209.57531737202913
761, 209.5623747881335
1498, 209.55183964713456
1458, 209.46959224470604
640, 209.4576884985908
258, 209.32429233944728
2066, 209.30739648660463
2840, 209.2133845244011
1277, 209.16513371697917
704, 209.16267277023425
660, 209.15726243544995
843, 209.1510661464389
1291, 209.14146605207424
897, 209.13978236097
3037, 209.0434794769269
2233, 209.04074031670044
3238, 209.01345175747105
1992, 208.89446648541306
568, 208.86161517980065
1789, 208.86131913467415
986, 208.852042144194
720, 208.79410796644274
959, 208.7600483926991
2060, 208.71606936593824
347, 208.68854030826546
2833, 208.6490112723271
1809, 208.52084315042308
1353, 208.4485919437331
1595, 208.4430801555633
1982, 208.35989481194565
1018, 208.26093758605663
2183, 208.07196061232372
1323, 208.01046291964582
3038, 207.9421310832723
813, 207.59023457183378
1327, 207.56808700489646
705, 207.5377981976191
1297, 207.5355312361407
2140, 207.48698490042355
1387, 207.47363450123302
828, 207.46182271042818
2849, 207.44197472635142
2119, 207.38934670686774
1021, 207.09909958445422
2038, 207.08170412954215
908, 207.0070897422306
796, 206.76152377676226
1292, 206.70589048552
2471, 206.66142448899208
1020, 206.591069855243
1554, 206.56309140170995
246, 206.55450923648579
1357, 206.5423873089468
799, 206.49747994137928
22, 206.49135303828226
1415, 206.44943139151323
792, 206.33305535167398
2130, 206.32134760065952
1374, 206.30503527213264
1388, 206.29137168001668
750, 206.22435583473847
1275, 206.1311504534034
616, 206.01018201427505
623, 205.99718839748823
827, 205.8767584799651
1558, 205.82395557575268
1453, 205.6479934549181
3448, 205.64353137942786
1499, 205.50150540434345
740, 205.48557378396913
2847, 205.42132752789772
2946, 205.33300823204027
2375, 205.25488241909983
2594, 205.2332251304453
1405, 205.22970662646398
2175, 205.21168437545694
1391, 205.1317884833185
934, 205.10407880470768
2517, 205.09359794141764
1270, 204.89627167530008
2129, 204.71296654774144
962, 204.64399256138583
2410, 204.62690495831148
1786, 204.5811317010343
350, 204.43935649222095
722, 204.31629047060366
2377, 204.21815726012613
2232, 204.1487492258488
1469, 204.07710262675374
2373, 203.9518261558822
1921, 203.92417591846888
801, 203.71974267844755
1524, 203.70611320188868
2336, 203.6616692729946
1272, 203.65771585753703
566, 203.61617921676898
930, 203.58566828814435
1548, 203.55879784452708
1779, 203.4963972935581
1265, 203.3737236167502
710, 203.35888927320204
1340, 203.33364225954665
692, 203.32117842035737
2947, 203.29664584227558
1506, 203.2478165618232
2826, 203.14292747208745
1294, 203.11980525155494
926, 203.09973148084325
707, 203.06676434168406
352, 203.0196912376072
363, 202.9206758761244
422, 202.90823787491044
2500, 202.8314673807055
3359, 202.74473869170592
1598, 202.73333170041124
911, 202.51748222796274
834, 202.2149242986056
1318, 202.1490417775927
1836, 202.0569517660825
2176, 201.86606698643865
3438, 201.815376443969
905, 201.76456870876913
1949, 201.7396797856891
1930, 201.72744368862197
2222, 201.69342440350744
893, 201.6071693608501
904, 201.56252623030903
1022, 201.53153166052454
1928, 201.523574592617
1009, 201.44869737239077
754, 201.42042122601993
977, 201.34326410481236
2876, 201.3303267122176
967, 201.20332943585834
238, 201.184008488421
1673, 201.07825435051564
241, 201.05749546043077
1354, 201.04846441649497
465, 200.9419318395711
3230, 200.92005869100404
2040, 200.84582062536808
2916, 200.755862970738
576, 200.70010315494775
2133, 200.69264580427998
1935, 200.68928287178494
1365, 200.5957461937608
658, 200.42017068608416
2950, 200.39086806444107
973, 200.3007039729272
1620, 200.28353853414075
1479, 200.21822354537852
1954, 200.1415660269024
1808, 199.84356254110293
1329, 199.81210712849813
1900, 199.19785375158207
1799, 199.18677558799502
500, 199.14139135382476
314, 199.10370943828764
1819, 199.0834741221496
952, 199.0179745480893
596, 199.0132135562052
899, 198.90969789320627
994, 198.90950435157376
824, 198.86551220141195
1950, 198.86345545363568
3034, 198.6265696779296
3085, 198.6005458034476
2403, 198.595382015307
910, 198.58840445383868
2503, 198.49682772173347
2247, 198.47123296377958
810, 198.43337373155714
1492, 198.41408815697383
1504, 198.35664475954107
1778, 198.29403807355882
342, 198.29284598381483
3237, 198.1920561253564
873, 198.01406399096254
86, 198.0052505166386
2144, 197.97684263335233
765, 197.9274327325032
976, 197.85553602580293
1777, 197.78482980921282
898, 197.69097992183902
929, 197.55903434311531
2327, 197.47675922194875
931, 197.35224034512242
2902, 197.21971795716794
1878, 197.1009488193524
706, 197.095350421709
1898, 196.99818948839845
1007, 196.93910387132942
618, 196.9122721247538
2064, 196.8946053423375
979, 196.8129197948758
729, 196.80056847801336
865, 196.62696201895687
667, 196.56142583983245
2322, 196.44556759115025
1953, 196.40550111977564
831, 196.39538716847176
1320, 196.32116564671787
1010, 196.31313862782562
2325, 196.29822421518497
724, 196.26390125953955
1837, 196.2261055752496
1832, 196.146381034571
609, 196.1115650509336
1282, 196.01251260525729
807, 195.99495891373212
644, 195.91315813398836
703, 195.8602346052579
320, 195.7814496500788
2370, 195.75043158102903
702, 195.67040346336145
239, 195.57110664495747
1485, 195.55173557059499
1017, 195.5434344760762
325, 195.52675336166953
830, 195.45853462792175
631, 195.43791210854485
1834, 195.34226597802888
2046, 195.30284661562746
1932, 195.26608492986526
354, 195.25149598802486
1827, 195.13703846857828
1582, 195.0771413156197
2367, 195.02924215490063
2874, 194.97851466680297
880, 194.92192245056393
684, 194.79553825934448
624, 194.79553825934448
1476, 194.7596004553294
2515, 194.60317295035983
1591, 194.60077541843935
875, 194.52340174596839
1385, 194.48108960112793
632, 194.43787923045065
633, 194.42519516264318
1569, 194.31168175006536
1319, 194.1096690984524
2426, 194.09599019275075
1470, 194.078596212885
712, 193.9831891528241
2330, 193.89353493634314
1394, 193.8925580186998
3346, 193.8677190609491
990, 193.84899953018203
1540, 193.63262192195782
1414, 193.61287823123396
954, 193.59736082093514
1311, 193.5897396009962
943, 193.5655933954945
2732, 193.55719834865528
3015, 193.51256409507613
944, 193.4889148659693
2425, 193.39224170894232
2058, 193.33213424916073
687, 193.18770423270772
3024, 193.08682250549248
1326, 192.9299016573187
866, 192.8642158645102
996, 192.8419315998051
2126, 192.82918512417834
949, 192.81955998621922
891, 192.76848373627672
1332, 192.70883305787734
270, 192.6485341877753
1606, 192.5362005858799
2186, 192.53253947532085
2251, 192.4649922252937
269, 192.41529663808535
1080, 192.376684479039
1351, 192.33982384631156
1551, 192.2942998593051
858, 192.26775505942587
604, 192.21954770809754
2036, 192.19621740695726
59, 192.18285201591755
1946, 192.12242228913448
1366, 192.06427550842236
974, 192.024959971863
958, 191.96048528889798
2880, 191.92834249951147
653, 191.7604783282365
1286, 191.63501800523238
1362, 191.61001671281738
982, 191.59170061598158
1401, 191.51198518462704
598, 191.34507163296774
1568, 191.32817475821253
2317, 191.14761779804653
2000, 191.12971851502914
666, 191.11835975132286
1008, 191.05468270285834
2201, 190.9869300357015
1416, 190.89960924643842
1918, 190.86107395515592
1164, 190.61082312915138
2682, 190.55337037622607
1402, 190.4088878198824
2834, 190.33758300926024
2156, 190.3319993938898
1359, 190.2959354615167
1304, 190.2598534653643
2436, 190.2573923662541
1529, 190.1990445245527
3012, 190.19784448689092
668, 190.18067978060725
819, 190.1772461051077
1016, 190.13175940683757
721, 190.05726225653657
1956, 190.03804124564513
2470, 190.03670519113402
1619, 189.8531742987216
595, 189.78225846233505
1903, 189.7760126470712
1774, 189.77315491578346
1654, 189.7487767624912
2172, 189.7216605484183
1937, 189.583414375858
2281, 189.5244078262979
1307, 189.4550228309501
1303, 189.45470148753515
998, 189.4217166176476
648, 189.4217166176476
1383, 189.39933252332236
3022, 189.39118062233018
1483, 189.38878963210263
829, 189.38500812319214
1015, 189.38421793445173
1325, 189.252971709198
2149, 189.1247134046341
2326, 189.06602606751153
1011, 188.95051284950367
1276, 188.863955514234
1787, 188.85143709453936
1335, 188.82116360826603
1342, 188.81645892025224
1783, 188.66649646234367
1769, 188.63097531848322
2332, 188.54235808154652
818, 188.4818100287095
1833, 188.42848964236657
688, 188.40638082314146
1489, 188.3749454274126
753, 188.34378713636698
888, 188.21700001547168
2132, 188.07850476998695
3363, 187.98755559790538
229, 187.7824690775397
339, 187.7650517982138
1281, 187.63005071181578
1916, 187.5826626942285
1948, 187.5178944197007
2197, 187.34971717906004
2906, 187.34812383835816
1507, 187.2633156427922
2127, 187.24084159027723
1528, 187.18576154204058
3035, 187.17361088934342
2043, 187.14577991057777
756, 187.0637341162977
1305, 187.0455452619259
2159, 187.03090285585725
327, 187.02837030764394
2151, 187.00970811538582
367, 186.9437000743983
975, 186.94256264613878
805, 186.9238567265758
1192, 186.81606559006488
340, 186.78116388449817
1317, 186.77985001337086
620, 186.54378834983802
2437, 186.3731945562521
361, 186.3288316994822
2147, 186.28309421006935
1296, 186.2789325752696
245, 186.2374437387346
507, 186.13595392779408
1341, 186.06027398855608
726, 186.06021532223505
1896, 186.04277372563968
2578, 186.02996825726936
2835, 186.01788886733564
2895, 185.9962525419628
1055, 185.78308488210564
1284, 185.65090076739344
806, 185.61513816913956
2225, 185.6089400884308
1497, 185.36157132181555
1990, 185.26890589334138
1922, 185.2108463297829
1952, 185.17187739132092
271, 185.09000987978766
3450, 185.06759946897606
700, 185.01358317096708
1503, 184.98247692842008
662, 184.87445745393742
1482, 184.70115162491948
1522, 184.5871431240546
1793, 184.51623213660676
3273, 184.4935396837492
621, 184.28337840524284
1496, 184.27562063362998
771, 184.03366890459105
1897, 184.028128227622
2725, 184.00523513889297
1621, 183.9557162866745
2221, 183.89753142808442
2328, 183.7734314222099
571, 183.77124486326989
751, 183.5862484942885
1344, 183.5696800808676
968, 183.53821354661898
1399, 183.53703602744653
715, 183.49901482238684
3240, 183.27967767211751
2418, 183.2790747871353
2063, 183.18048076491007
605, 183.13935983795776
1386, 183.10262355638113
1376, 183.09600850154231
1333, 182.8855972229518
842, 182.65916813715958
461, 182.58836498737915
997, 182.56946021011345
747, 182.5483844947385
2374, 182.5350357352774
2215, 182.4794729581891
1570, 182.4734778055051
719, 182.389925572066
2161, 181.95194033783164
1766, 181.91236032079595
1556, 181.8514595407101
459, 181.8044353895745
3242, 181.76013784897387
1044, 181.74671663049767
894, 181.71230316378183
2085, 181.65340677431928
349, 181.61506719340994
1565, 181.56830944224598
1407, 181.5444645473255
1472, 181.37137259299135
767, 181.34295576938487
769, 181.1475141474578
1929, 181.11293935262063
760, 180.99090063417614
812, 180.9284510985198
2178, 180.83199632555133
1019, 180.6605969743539
357, 180.6444824601122
695, 180.56638991875272
318, 180.51560109648776
1936, 180.3704665096158
1553, 180.34219561548827
2329, 180.2630479822449
1471, 180.21002801711072
2112, 180.1796875411158
890, 180.1487038514479
878, 180.02550231245428
947, 179.9742085630871
1056, 179.70750179853184
2569, 179.69772019749635
1757, 179.62282370875803
2250, 179.56499597838834
1538, 179.44429831583668
1767, 179.34262836343953
1013, 179.3398233498622
2718, 179.3209266710787
2843, 178.9633803017494
1349, 178.95050592781809
360, 178.51100491273587
940, 178.36436870111916
1899, 178.34757661315894
1938, 178.30046198217244
2893, 178.2730904985685
2241, 178.18978022902232
317, 178.0437513422429
309, 178.0437513422429
2886, 178.03404321798635
2420, 177.98770200789298
1796, 177.97626464422035
1375, 177.82623914133785
3256, 177.58046769190526
63, 177.57029406340087
3011, 177.56856187752837
3224, 177.55653783849104
570, 177.54938897805124
627, 177.50218653740404
739, 177.47859677265163
2883, 177.38453082033652
345, 177.37322883777395
2901, 177.01526876581264
3013, 176.91533121346262
3001, 176.82090165412487
869, 176.72266487128047
1805, 176.6639163192888
2128, 176.65539650042425
1923, 176.6503981627147
2672, 176.5757448133405
484, 176.54185985367758
2174, 176.2497810525084
2335, 176.09603691709353
809, 175.94944056842343
2137, 175.92944160625046
1797, 175.876355362392
366, 175.80240602367655
811, 175.80177623109677
1360, 175.7203422462021
244, 175.46230475729857
2932, 175.43366482318584
3451, 175.41354316256866
877, 175.32225980515946
978, 175.17065171868853
1917, 175.15682953644995
950, 175.14232621742804
2910, 174.98817581152628
1313, 174.8827066364112
835, 174.84545842642078
1395, 174.83778935481243
2885, 174.77691450433602
1955, 174.63817162965933
1363, 174.51577754378744
2363, 174.50615023369278
1924, 174.49423031807035
2234, 174.3889482397021
1988, 174.292648187407
111, 174.27917491467844
1945, 173.9462625164788
587, 173.888521431987
2253, 173.83779376239514
348, 173.72124454633743
3449, 173.58257480663568
308, 173.43458493630953
2118, 173.37024944651503
1592, 173.29830558644835
2371, 173.27853764127028
477, 173.25238352993605
995, 173.1291146565702
921, 173.02556606388367
652, 172.99629043010455
2729, 172.9461689209342
359, 172.92962905742672
2182, 172.8055075133873
1283, 172.73879871575147
1338, 172.7323937963817
2887, 172.71478533380764
2155, 172.6993982437404
1334, 172.54413646447495
322, 172.53371295403727
310, 172.53371295403727
592, 172.4474239920776
758, 172.39839099434198
2848, 171.99675203099363
2518, 171.99361942627692
1546, 171.91570241958647
1901, 171.86791692845986
355, 171.8047025742605
3023, 171.65332050924653
1933, 171.6052107803166
2892, 171.55798975967133
1552, 171.4979390328695
915, 171.4562457643587
833, 171.45167722711503
749, 171.36486000207339
1609, 171.30528985721241
273, 171.23374294745526
622, 171.02689325078296
1802, 171.00433167172022
610, 171.00254128828925
2827, 170.99121738335504
2838, 170.81617629742496
1987, 170.7975597353076
2836, 170.7676990363337
1816, 170.67490474370382
1337, 170.53772179769507
3218, 170.33710488396096
625, 170.22310706593964
292, 170.11565672552675
3257, 170.0701984193263
1545, 169.74151930460224
1947, 169.72875852658737
1812, 169.63564988383425
889, 169.37597123256356
874, 169.30778350644312
941, 169.28857319222558
184, 168.75275427714925
578, 168.64933679213058
2368, 168.63077951895588
951, 168.57559768604906
2944, 168.51287622206524
2001, 168.49080563602587
589, 168.4678090503683
991, 168.4594255735198
1843, 168.29036468301058
1000, 168.21912424777193
1845, 168.0476925825527
630, 168.01625696932027
1798, 167.79480168908543
1763, 167.59267357106523
362, 167.48144084159676
2316, 167.28985171497746
2896, 167.1314925847042
25, 167.12185784471984
1350, 167.11220916498826
909, 167.05306277597936
233, 166.97825381194116
1290, 166.9516978100021
617, 166.92415469036956
2995, 166.72064664706386
343, 166.6084219148995
2532, 166.60099869736277
1826, 166.5965102428842
1602, 166.4665493665366
2357, 166.4251712138955
988, 166.29384550438522
1535, 166.22363724250073
1844, 166.21272271452364
1005, 166.14386913428078
1775, 164.95556658067557
1547, 164.80783656379685
1795, 164.200289800891
1310, 164.19357095097718
2890, 164.1373747961151
1384, 164.02749609263657
802, 163.99718780509014
2894, 163.67163296953115
2945, 163.55891700214954
1379, 163.38106396735304
2556, 163.36557799649347
1541, 162.9777068205807
2855, 162.54579393780747
356, 162.52397979615668
841, 162.33680959863852
1051, 162.25947238352884
341, 162.1541522992074
1842, 161.7670124701352
1931, 161.5655817060519
1821, 161.36281879137442
2868, 161.11898717572888
591, 161.08466759618716
1012, 160.90762525688132
2358, 160.90277967379814
1762, 160.88361848006113
772, 160.85373107148965
794, 160.63233240319443
2333, 160.44616430899893
33, 160.38143686521713
1526, 160.35489227123028
1347, 160.28177890791522
2402, 160.05803936577638
1373, 159.98188528196513
442, 159.865052960574
1165, 159.7618303240932
1784, 159.67739522693122
185, 159.6300750555036
387, 159.45481080461346
2935, 159.15514658365257
1355, 158.99604901124502
2248, 158.92214832610287
939, 158.56498031254532
1613, 158.16656886709643
1093, 158.009961194671
1616, 157.941886476443
3220, 157.92258921083612
2143, 157.881410716427
2364, 157.8529281793974
1532, 157.8185117712078
2904, 157.66293491980676
628, 157.46170045325826
1542, 157.05150691254514
3036, 157.04520002754114
1764, 156.75340685509167
1781, 156.53746254948203
884, 156.4737524050889
490, 156.4426518410908
629, 156.37167575165535
1274, 156.18894600775695
1919, 156.1215299535075
2054, 155.61639023716822
60, 155.6106734050317
305, 155.55117497527596
344, 155.3643868970929
1768, 155.20602458086566
3282, 155.12549986724815
1190, 154.2796742264669
1765, 153.88176388722673
1092, 153.74164081846718
793, 153.23408147223012
590, 152.99002809955132
1972, 151.29302546966142
2035, 151.01788925173946
316, 149.51266687840524
1054, 149.4230157137508
901, 148.823141691312
1287, 148.20811341829523
3219, 147.1218413331315
1564, 146.92741029445233
1267, 146.78392743487854
1364, 146.23992110326634
223, 145.8791738488906
2049, 145.42223298607448
187, 145.33590088053398
3216, 145.02615363142286
3223, 144.87464173977276
2924, 144.39105858363985
3309, 144.26919313428934
2711, 143.99924492252032
49, 143.01451849808305
3222, 142.55571358888818
3221, 142.28838091065816
2062, 141.5063708741769
2042, 140.67638695678403
3217, 140.20101918598277
224, 140.12795665558343
286, 139.9396430614798
1861, 139.5246326619806
489, 138.06573639532678
2051, 137.32708759441394
2912, 136.7830808794957
2067, 136.7406694696543
2107, 136.5958593129424
226, 136.50070097835138
1358, 135.21468956660993
1536, 131.985611893856
2925, 131.9366881793142
2923, 131.22253151400253
1048, 129.68798952473344
301, 127.41164136450853
2072, 126.5828572080724
285, 124.8156588084822
1049, 124.74982764557399
2931, 124.49083632721941
1925, 122.95600855053509
2871, 122.45402890852793
393, 122.42569711435561
2084, 120.66315394484518
1863, 119.45229827075588
2940, 119.42250690129839
2929, 118.9665994538587
1050, 118.72370962929637
2928, 118.51328904706165
2922, 118.47027842551805
795, 116.29639170193484
1158, 116.06988028758013
2926, 115.18640093084723
2937, 114.18040582376192
2952, 113.8377344945879
2872, 113.57163156435716
2921, 113.28619267845872
2927, 113.0824921226398
2911, 112.7034448265056
2938, 111.54890543340892
2933, 110.2828859959662
2939, 108.79722949737702
2941, 106.68065624638557
2934, 106.0701383150556
384, 105.28373734156938
390, 105.25996892089583
2954, 105.11174486402383
2957, 103.4619258207063
1534, 103.21943409539686
2073, 102.06481070259588
3412, 100.2353801191634
2943, 99.90692945032237
2955, 99.52770707022894
486, 97.8922878269521
2930, 97.85886190602776
2870, 97.54380356870473
391, 97.12201846405094
2873, 96.35841693815446
403, 95.92486072815886
2942, 94.02775636374254
2865, 93.80735257623954
1064, 91.82379768049738
516, 91.44348219035838
1468, 91.26165286795197
3145, 88.44832342822394
2867, 87.51696689879344
3411, 87.21981033625194
1862, 87.02477606570557
1264, 86.63332278566979
2012, 86.35642322770575
2739, 85.89182469852194
519, 81.57243347411016
1157, 81.53447719919176
493, 81.0240933626527
3121, 79.15571836163149
183, 75.78283065817543
3161, 74.0537498286665
1612, 70.73076418339372
