1865, 5163.95548529064
1444, 4522.0154932061405
3166, 4404.7206624425535
169, 4170.405036427702
1248, 4118.968059007359
582, 3993.6181425262453
3072, 3982.961233176137
3227, 3783.2824251628067
3382, 3618.347490830222
532, 3580.103568779876
171, 3531.4661882035693
736, 3505.897071751447
2803, 3462.1764993654583
820, 3294.6801243418063
3277, 2924.9844632174877
368, 2920.8657462945125
139, 2916.7099524269115
3378, 2913.4135715018647
176, 2887.7472536863384
423, 2851.326792080315
163, 2819.8095753877074
3049, 2802.0153839713284
3196, 2774.405775986085
1239, 2726.270500279093
1450, 2696.7114003657734
157, 2685.6609479700323
3114, 2648.919761765676
2069, 2646.5726057493657
170, 2642.126952137932
1035, 2610.179516382171
1060, 2592.3871227276613
1089, 2573.236327394129
3118, 2572.7494204342183
1978, 2564.847344928417
1811, 2528.664070140833
2388, 2520.485628418071
1031, 2515.59884876207
550, 2505.440255120084
2754, 2488.9998557551667
3303, 2484.1832696791553
557, 2483.759587999893
1218, 2479.368420466601
3317, 2470.439262159569
3155, 2449.5825983785508
912, 2447.10771358876
3373, 2445.1583707643695
211, 2445.08198908489
1736, 2443.1593844902195
3407, 2429.3732171077813
53, 2421.350390666533
737, 2417.1217093250657
3077, 2406.3925486973253
207, 2393.8260169775763
2100, 2381.6835564603653
3058, 2380.882534584316
3331, 2368.6343734436064
3385, 2365.346801698291
3381, 2336.7039311656135
539, 2335.066197760927
1964, 2327.9616748919957
1245, 2312.226319097083
1113, 2305.5926201780594
1585, 2290.4259083839947
3436, 2282.364270097474
181, 2281.0486718255115
3419, 2280.0732114183966
227, 2247.4333967546313
1979, 2246.3006175686155
2022, 2242.7591904802357
3370, 2240.9391591080534
1066, 2220.198564397014
619, 2214.9261119719577
283, 2211.8081003009406
377, 2210.2067996321107
1973, 2145.401408103173
3353, 2139.48782879834
1849, 2134.1268489105573
554, 2128.441833105101
3070, 2123.515436655582
1247, 2122.8610956512657
1086, 2122.845954726144
2818, 2119.050564207324
3148, 2117.3266900467515
1027, 2095.9310963998337
547, 2092.1711780947926
200, 2090.0367870784025
382, 2085.5386840981128
1173, 2081.2797113331203
535, 2068.738503958392
3405, 2068.5917679574745
3339, 2066.976069801834
1584, 2065.7693677965162
2979, 2059.8766255947894
3061, 2054.211067212129
1437, 2051.8341736994385
3107, 2047.0344948026807
2265, 2042.3072886741074
3341, 2039.0752507275681
3069, 2037.9017064194584
1083, 2030.4526428608467
174, 2027.6693785229804
3191, 2008.2542246735277
3423, 1998.8271080913923
3403, 1997.7903609993862
2958, 1993.8599704197065
514, 1987.1589524919887
3402, 1982.986240498813
476, 1973.2678909342978
180, 1971.7179104449986
2963, 1971.2133257170535
1041, 1969.6096399705557
197, 1969.2302606362884
860, 1961.5315820533424
1117, 1950.7536620473054
3334, 1946.3318488568607
2764, 1945.346471541148
3418, 1940.3337265981068
3089, 1938.4743994220487
188, 1936.886829281536
482, 1927.7005896106275
1030, 1927.1961519099684
202, 1920.5992354638158
448, 1918.4813224527215
128, 1916.720781556281
3425, 1903.8545864713378
1230, 1898.664539833786
251, 1892.8392612065422
1085, 1888.7569131170487
3073, 1887.6816451418765
146, 1885.9101698783163
3401, 1882.8048147543695
669, 1881.8452654790096
1042, 1879.81466065581
2777, 1876.7845472221024
3179, 1875.1733595102398
430, 1874.7837537072578
289, 1874.7694797255174
671, 1859.5856312763528
2009, 1856.0413515301814
3125, 1854.2251754605638
3046, 1853.684205972651
1212, 1850.478723642952
642, 1849.424205047415
3086, 1843.9141715558483
1445, 1842.7417890738432
3064, 1837.4411905533302
2989, 1834.9575187697947
1040, 1825.9978882624227
537, 1825.778470157215
2961, 1823.5711515104745
1124, 1813.5402405491934
2986, 1813.4569511221332
3369, 1812.5146622056825
2791, 1810.717568547951
2792, 1804.8041096299494
3410, 1803.4238346322288
3247, 1797.5602799992569
3142, 1788.8707703754624
1241, 1783.3919248984423
1161, 1782.9154300354744
3280, 1782.7216348439426
1214, 1773.6839221135153
3167, 1767.5884041663044
124, 1763.8237579121617
1025, 1762.1459043099874
2746, 1760.6987650111816
1074, 1755.9236099233863
159, 1751.2232571161735
2015, 1747.9444906749645
2969, 1746.5603547663331
1166, 1744.7728599607685
1145, 1739.5933747324996
3210, 1736.0066023612817
1590, 1727.3848589786035
2297, 1725.968224182994
155, 1725.7172926877856
1228, 1725.6824413039465
538, 1712.3775634506976
2737, 1711.8162565414298
3371, 1704.9549537402497
1867, 1703.4021426059705
164, 1702.053160390301
1115, 1696.8378106962862
296, 1695.4264096163192
175, 1695.3863805215658
3108, 1692.4636678083366
2819, 1679.43179275778
45, 1679.3464122106816
1448, 1675.7162368767397
3054, 1671.4957868461834
1075, 1668.3541886805062
2783, 1661.1732232571183
1252, 1658.0976664423722
1994, 1656.73312080585
1174, 1655.6819815656254
3135, 1654.0858251800378
2753, 1652.750462357488
152, 1646.584640784771
2382, 1646.3779824291023
1072, 1645.1193214935347
1200, 1640.108336107954
2059, 1636.3309168237802
3286, 1634.9229617334586
3078, 1634.0653742262307
469, 1633.7364358536486
3340, 1627.7546479294979
2990, 1624.8128624771712
334, 1624.5821136134944
329, 1624.1724029223078
2099, 1620.1810354069603
481, 1618.060200028364
2973, 1612.75663821739
1090, 1611.8147854862852
2424, 1610.677952884149
531, 1608.6357032913265
378, 1606.7830409073026
1091, 1606.7692170525995
1088, 1603.9617484124683
1997, 1600.424176174714
505, 1597.9281868005562
456, 1597.274832839543
832, 1594.0845291431833
487, 1592.0194841452997
3203, 1589.4933478676064
279, 1587.3025066951975
3291, 1586.0420104927841
1583, 1582.2981284669934
3169, 1582.2683643835446
1219, 1579.44888578768
506, 1578.0917697986595
3181, 1577.8153911651882
542, 1577.4216338896963
3429, 1575.4470268127602
1043, 1572.209594427015
3379, 1572.1233379627306
1234, 1571.7498936248485
1851, 1568.6450825592085
3395, 1566.918416211278
3189, 1564.6013143030025
1995, 1563.4195118622706
1026, 1561.888669893605
1260, 1559.2276194610047
3389, 1557.700073813836
132, 1557.538482766985
2053, 1556.2649977993724
3139, 1550.9548272598195
303, 1549.5634040666587
1096, 1549.5087005064138
37, 1549.4548075041619
3198, 1546.3007844062372
3153, 1546.1382139200975
1432, 1544.600811400299
3393, 1544.1074724182622
3396, 1543.3915567902538
76, 1542.561372458205
1215, 1539.9954541616407
1128, 1539.879417623217
2862, 1536.124222881706
1094, 1530.3850584347776
552, 1528.2272232487169
3047, 1527.6380250033085
2075, 1526.6374739301712
1183, 1524.804603206237
437, 1521.9835014436037
3333, 1519.7864947211049
380, 1517.9012644652755
523, 1515.949210462096
3421, 1514.5299800850764
2964, 1514.4448882329127
1449, 1513.8402907978
546, 1504.9634558955117
201, 1501.832818387593
1179, 1497.2459671177437
3172, 1496.612423821795
210, 1496.3225507845648
221, 1494.7410500012402
1651, 1488.9787977585293
3202, 1487.2463889683374
432, 1485.2855850416538
2016, 1483.3506219471635
220, 1482.670480677861
208, 1479.6388221872273
450, 1479.088316427776
1069, 1476.2913331637283
773, 1470.5067484213412
2071, 1470.3639589012248
3174, 1470.0705001324272
153, 1465.4744926647068
1099, 1465.2662727796728
426, 1464.7792923520203
549, 1463.6132574037617
3205, 1462.0352910049987
2919, 1460.9446845661148
864, 1460.0065321200777
373, 1459.5974001918687
2968, 1453.4423657619495
3275, 1453.0287318028375
3445, 1451.8769475363688
1233, 1450.7260763191532
3408, 1448.612596675415
2807, 1445.9424968852995
213, 1444.259284334429
501, 1442.2270347025183
2110, 1440.7145114557925
3332, 1440.5810212342308
1126, 1439.6691877164576
2348, 1435.4147998564335
1112, 1434.8496440171148
336, 1434.4214427142401
1132, 1433.0344593572056
504, 1432.2344840193944
462, 1427.4655187268197
264, 1427.0851831681277
3372, 1423.9121081882006
458, 1423.6624484989893
2103, 1423.6308786946765
2394, 1422.8019949202849
2966, 1422.0125901207575
3404, 1418.5820459802508
502, 1418.4803603428809
41, 1415.8804093347956
2985, 1414.6014960967445
178, 1413.0648701951413
262, 1410.7483657020334
3426, 1409.729322691439
1961, 1407.3992136637687
40, 1405.2984766611316
2302, 1404.2611845157783
1974, 1399.6209471787838
446, 1398.3238790175983
142, 1397.9383713973032
1236, 1397.6635134805701
131, 1396.765145325265
1143, 1391.2533224902154
3285, 1390.9482667728707
483, 1388.8761396432258
161, 1381.8908201040908
71, 1372.5896029574649
1963, 1371.8770387111524
1911, 1371.708680012139
123, 1369.523090375358
3416, 1367.769616605578
2056, 1367.5128506760036
677, 1365.4222386562685
2978, 1363.6210896764237
3106, 1363.2246772716176
3302, 1362.4453656579972
1975, 1358.9917499651656
443, 1353.6998859598525
1586, 1350.5107357818304
2786, 1349.29449539899
383, 1348.516997176224
1144, 1348.0168033765858
3212, 1347.8938808002106
1119, 1342.813049749677
2735, 1336.6688571754712
1187, 1336.5600300341398
397, 1335.8606829197822
1852, 1332.7890607830964
1533, 1330.766576199926
3175, 1329.3450511140227
2303, 1329.0418658706888
1193, 1328.0045900835294
3441, 1326.255807067837
503, 1324.0739026404494
3214, 1323.683517251394
1226, 1318.4892816675394
2790, 1316.750347063579
494, 1316.3983954477849
1912, 1315.9804353372574
3065, 1314.872174592984
429, 1314.4775490053357
3048, 1313.9822049144695
284, 1313.0600786395942
1603, 1312.9317949395208
2033, 1311.8073443776632
2398, 1310.2035404044288
295, 1308.531635472176
3003, 1307.4545347749195
1148, 1306.5910637260147
530, 1305.6207419275538
1111, 1302.7901569860653
454, 1302.2271544799316
392, 1300.5655936836522
1032, 1297.8107396962089
3434, 1296.6789126667634
3028, 1289.7294509088767
3424, 1288.3432197638397
3055, 1287.9344653436574
3298, 1286.4471580613001
263, 1284.1758607116087
1624, 1284.1392677116467
3281, 1282.195228843889
3447, 1281.7563121320784
136, 1281.2056139722167
1429, 1279.887221538508
2011, 1278.489660965191
1531, 1274.932395147672
534, 1272.662525897266
2070, 1272.4640704104822
130, 1271.630176539569
2794, 1269.9703035334894
536, 1267.7440905399121
215, 1267.6372636049477
204, 1264.5191767658562
3420, 1261.4048750928814
1229, 1260.0878240416284
583, 1259.807989399933
1447, 1258.2392615859171
1848, 1258.0285793767368
3182, 1257.8811444556693
1876, 1257.5458620858328
154, 1257.4791650835377
2309, 1257.34896505512
2105, 1256.8749031044913
3388, 1255.078928160786
1067, 1252.1005132525218
428, 1248.297118356449
2029, 1246.8243791271384
2026, 1246.7513606528369
2813, 1245.726425646003
1991, 1244.8121611843899
1259, 1244.3424464769932
151, 1238.9342053764065
2757, 1238.3112485134022
3437, 1234.2142771791712
2747, 1231.1402747520651
119, 1229.4970249069893
852, 1229.2878267640508
2740, 1225.4608430271546
410, 1225.1811398188636
1076, 1225.1007372046693
2766, 1225.0337125027302
2769, 1224.702870169897
158, 1223.9469434242967
1589, 1223.8531749128524
1139, 1221.5821977595822
1110, 1219.153592835962
467, 1215.7860189619087
2817, 1214.733755890635
3119, 1211.5855913881296
2987, 1211.401147485658
543, 1211.2402028693245
1690, 1210.0020375944193
2763, 1205.8071885385405
457, 1204.6813761543017
39, 1203.4399310528154
3132, 1202.9168498083436
2975, 1198.7844483917097
2974, 1198.7844483917097
431, 1194.572054629672
1071, 1193.1886626511396
1253, 1192.8798537987366
172, 1192.2199459805856
3342, 1191.7639165258386
3131, 1190.8869179097767
2271, 1190.0488172313399
3110, 1188.8832127993257
464, 1188.3401744300108
2050, 1188.313317392464
331, 1187.873162715521
2, 1186.2903690180358
2315, 1179.9937993004442
1129, 1178.8999105844457
2277, 1178.5963352025638
463, 1177.6091578052417
453, 1176.0099588865894
1101, 1175.9839326048216
3367, 1174.8673639885837
1676, 1172.8536849644136
471, 1172.6409823574763
3185, 1171.011307576233
3032, 1170.064387696661
478, 1160.7487450023102
3244, 1159.6293715970105
731, 1159.5351785074718
3366, 1158.9090651683123
2024, 1158.7887514303275
3226, 1157.415998932158
3208, 1153.5862987829437
1130, 1153.1337840202336
1980, 1152.4861163390285
3056, 1151.726755501148
3128, 1149.7009334403444
2772, 1147.8196417797446
2018, 1144.6782046523304
1438, 1138.8257534273778
1256, 1138.2280464539413
332, 1135.5544348799613
1169, 1133.5569321402002
2962, 1133.4287470032923
2260, 1130.9333945717533
297, 1127.5993008099258
2109, 1125.5708735030523
3149, 1123.937392478658
1254, 1123.5891024937189
1202, 1122.3340893747732
2752, 1122.1627800190583
79, 1120.9357151622655
444, 1116.5759077659816
1856, 1114.0487163259268
2776, 1113.4659715750793
2274, 1113.45565836373
2068, 1108.5411463330897
333, 1107.3335739214378
3375, 1106.022304055696
3351, 1104.1247790060559
2820, 1102.71215156804
293, 1101.8712687175944
1872, 1101.3139922686453
440, 1100.3491865815997
738, 1099.663113175106
451, 1099.4849154310275
2263, 1098.7932135624676
2765, 1097.7861613427647
1029, 1096.4853206286402
3010, 1096.357382321473
1077, 1095.8233174331363
2918, 1095.2652748564956
401, 1088.3460350457156
3440, 1086.965511706369
2300, 1085.8657284193093
2733, 1085.5175716030521
1855, 1084.228372661324
2006, 1083.846454771603
2798, 1083.7579123809087
61, 1083.1177204510427
3173, 1082.2882601517892
540, 1082.125457239111
1141, 1081.9043599465647
1217, 1080.344688592564
1857, 1079.7187183521105
1443, 1078.9743503943932
2013, 1078.3555126011513
3098, 1078.2162132026517
906, 1077.9993973236733
2224, 1076.7365243978156
3300, 1076.2354112153955
3093, 1073.9995813767384
1587, 1073.5158950359748
414, 1071.8742741231936
3409, 1071.1366727967961
3115, 1070.2794130540124
1095, 1070.0397979543507
3190, 1069.6063384517029
1761, 1068.307655860883
2306, 1067.146562205684
1147, 1062.5574054696744
1607, 1062.391111081499
2312, 1062.068136357697
173, 1060.9999733604682
1058, 1058.5140948016854
2088, 1057.221326149655
193, 1056.5180081285164
2290, 1056.1651040790282
125, 1053.8481736529714
1760, 1048.9405880180957
441, 1048.254585233913
2392, 1047.0340276980023
186, 1045.9982938718354
2381, 1045.801974026577
914, 1045.7575282491277
3399, 1045.2599072847208
1866, 1044.554314215992
851, 1044.2359810937185
1301, 1043.5168101924583
1770, 1042.5508517340422
2730, 1042.2125529181224
3245, 1041.8490753588899
2065, 1041.0951321889665
650, 1039.8626475421054
3102, 1037.0717358853753
2267, 1036.913240127738
330, 1036.4729762536526
335, 1035.5996291053357
2076, 1033.5308398495208
548, 1032.207873402603
415, 1031.6647154812815
46, 1030.0568258168391
147, 1029.4207199676357
1203, 1029.1827192871742
2773, 1027.5470957283733
129, 1026.5062350798003
449, 1024.664859621174
2774, 1024.5257958923467
2548, 1022.9620055982089
3386, 1022.6829928846519
3042, 1022.3231132842124
3117, 1020.6203206229983
588, 1020.5981064000306
75, 1016.1714309347342
1098, 1015.929080246338
1160, 1015.682588799364
2296, 1015.5054160908181
2825, 1013.5885783940821
2920, 1013.5523089745814
1860, 1013.5311558318925
1688, 1013.0517308319742
2014, 1011.9061657441011
2983, 1010.3288409121449
3141, 1009.3203709474998
1442, 1007.3065230640285
3292, 1007.2426564778057
3322, 1007.0974735266344
2396, 1004.9211897258743
1893, 1003.9164086935484
3154, 1003.8127210070136
1242, 1001.0988857269568
676, 1000.5366920126826
2027, 999.3205517174357
2960, 998.3583458687774
1137, 998.1832815484873
272, 998.0390516644766
328, 998.0090169352843
1299, 995.9887796879489
425, 993.8935863599988
100, 992.5757420803459
496, 992.152278010196
2507, 991.5456997132184
2863, 991.1252076991567
466, 990.2918440928765
499, 990.1679252782358
3057, 989.803703199082
1070, 988.5031282462021
1125, 988.0262790185636
545, 987.2607799276244
209, 987.2477938263959
3348, 985.517125484244
1105, 984.7397247893256
3335, 981.3794684200317
3159, 980.3359398064201
475, 980.0516078395223
2337, 979.3505335886045
2298, 978.6626698460353
2759, 978.4261234612908
1436, 978.2082936437693
91, 976.7848487695107
1097, 976.506234768883
365, 975.9925825388068
862, 975.6662882766545
1213, 975.5984033002037
2028, 974.4870464057293
2389, 974.4036279411077
3158, 973.5013000086914
1059, 972.2534969098647
2965, 972.157812800477
168, 969.1416071842764
3414, 967.9160374860269
2767, 967.4750305437676
1434, 966.5900005754277
1433, 966.5900005754277
3283, 966.5016797112727
1880, 965.4755177429315
1263, 964.058868682148
488, 963.5515771670093
608, 963.3133246400176
99, 959.1285245740369
533, 957.618075195523
1100, 957.2001202632854
126, 956.3198994531931
1870, 955.7525516078725
2421, 953.1818364463722
1175, 952.2990345219205
1209, 949.6310998261503
203, 948.6037328327092
288, 948.0382207782006
1257, 947.7691980124731
2386, 946.329977811518
2751, 945.1923267829834
205, 945.0498337043919
2086, 944.5378115061432
553, 944.190739256661
480, 944.0933135426269
861, 943.7791485192597
2734, 943.5622486432081
3297, 943.1777351095261
1142, 943.0453003795759
1140, 942.1432242816186
3430, 942.0678441957392
1773, 941.800235041215
192, 940.9786485731412
1446, 938.3655320798183
3377, 936.5406934779302
120, 936.0115722579205
2744, 935.8657359322744
2045, 935.4113630337134
3103, 933.1421943364853
3053, 932.9530855397493
1850, 931.332512972651
2308, 930.6190423318192
1246, 930.6083693925946
1430, 930.2564767933065
1298, 930.2386320586573
1154, 929.446510659863
3293, 927.9135470672007
1199, 927.4096390148144
2252, 927.3592842983793
299, 924.257172236924
2083, 924.2292073762131
2032, 923.5250618025584
1753, 922.8918262526265
435, 922.8690522601997
177, 922.3337194409091
3276, 922.090412844176
2301, 921.9200510819621
485, 921.5358244144034
1227, 920.9714539943358
206, 919.3719718156209
1149, 917.958219291099
1262, 917.2543587349339
2976, 917.2007662191506
217, 916.9351217102129
1188, 916.679521196185
1678, 916.194015574237
2722, 914.4941241664181
2055, 912.5803661106607
1172, 911.8165743440725
2304, 911.1354043182569
52, 908.3297400914926
135, 906.7727009493026
1859, 906.4509839662848
479, 905.7975493901027
3081, 905.4936203001839
1431, 905.404874192023
1662, 904.1201674558772
1177, 903.5014297529726
1689, 903.0445171160673
3176, 902.597906006752
2988, 902.3568553137756
2261, 899.4720669898667
1159, 899.2478360477822
2387, 898.1660746653483
2715, 898.1221668715414
3397, 897.9678417172466
34, 897.4823080997887
2310, 897.3277700909707
541, 896.2938398626104
1610, 896.2284809189875
1063, 895.9969579159383
51, 894.019401943916
2080, 893.4470115908534
607, 893.1033647167753
913, 892.7168488638839
433, 891.4462640430618
1251, 889.3874738851401
1087, 889.3231632581894
1881, 887.9926501321747
3398, 886.0831067316591
3330, 885.9736488891767
2078, 885.947180774442
2417, 885.8554329739258
816, 883.4991991940743
1221, 882.8435898732309
1184, 881.1195151055825
1176, 879.3476857465545
1853, 878.5768038932789
1993, 876.915570850037
1250, 875.8253840432153
3213, 875.2481427597634
3338, 872.9850105685399
1201, 872.977834022931
2291, 870.4803106973417
1237, 869.2604662471933
1611, 869.1899253230721
2748, 867.3688781945012
3076, 866.173252408613
520, 864.7500339868043
3209, 864.4964534070541
3083, 864.2916347797474
3400, 864.2281077561504
1998, 863.6708042761501
3109, 862.2695643143045
1107, 861.5409612324065
2380, 860.9894361382445
2269, 860.0942298398755
1675, 859.681780708263
2025, 859.652882134092
1517, 858.5063080841027
3259, 858.4385653029315
3287, 858.0739904645062
3394, 857.8162298797038
3435, 857.1749415116126
2023, 856.1562884020652
2815, 854.904014964752
2272, 854.7556552479152
3124, 853.9400667310697
2007, 853.8747014331465
470, 853.5972126741009
3074, 853.5627509295206
1680, 852.4151466626327
2019, 852.0944824921047
2723, 851.6040659524637
2292, 851.5257190818875
191, 851.4951500389172
1910, 850.036774696966
3151, 849.5688558802462
372, 849.3261539476341
2762, 848.2760495871688
1204, 847.8974910500214
2771, 847.1919783516073
3079, 846.6190354204792
1182, 846.5729731204472
2967, 846.3670060260473
98, 845.9296955043363
881, 845.5458811587439
3390, 844.3282208842655
92, 842.8992247150709
1127, 842.8039069489944
148, 842.6430599966324
105, 841.7706250065866
189, 841.3203357926851
2020, 841.1975699776501
2717, 840.9241624410731
1167, 840.6278723853168
3052, 839.7539236118889
468, 839.5990369855643
1466, 839.596284044017
1102, 838.1771093241622
1732, 838.0753714063202
1208, 836.9271455864929
1235, 836.6985389078818
3071, 835.1118602449625
1435, 833.6866213581179
492, 833.1531435620445
1223, 832.530679306191
222, 832.3176084083083
3087, 832.0167444648037
1197, 831.9359481964151
2719, 830.7110962224644
562, 830.5921666612578
495, 829.7475551424503
1195, 827.9320910732848
498, 827.248885931855
2278, 827.0778663305454
1116, 825.6220178798773
3067, 824.5775753599514
3051, 824.2415654557567
670, 822.4669595383701
1686, 822.0299966619655
2352, 821.8949519450828
3152, 820.7647951202377
2091, 820.7449455220348
2407, 818.9048732997102
1914, 818.1555457635415
48, 816.7044348090822
3096, 816.6022064733996
1181, 816.4696580535742
1456, 814.738864114458
133, 813.8618798370769
1707, 813.7240182032475
56, 813.5284712046895
2796, 812.3895085764046
1381, 811.27544301067
3157, 810.2892910923608
3084, 808.9345485791824
1666, 808.7883947887882
424, 805.7172361954244
2408, 804.8535815151296
1465, 804.5384670403523
1196, 803.7164055044741
1243, 803.2246630077348
3315, 801.9545904673358
2982, 799.633798202
2977, 797.4797722788477
3355, 797.4738505670741
1078, 797.2929925095209
194, 797.2686970875428
3427, 797.2580663345269
369, 796.646475006115
3127, 796.172935752264
1581, 795.8616532570817
3088, 795.5087983071322
2761, 793.4890043487364
685, 792.642985397441
611, 792.4340330428223
1913, 791.464954715724
3156, 791.4077408328361
3199, 789.3403743940041
3104, 788.4201554043053
2413, 785.9257624351518
1131, 785.1858337882609
338, 783.9522384305178
3274, 783.400213383188
3075, 782.0141770699324
160, 781.6772134329328
261, 781.5956754863134
447, 780.7870839719141
89, 780.4033556064281
2279, 778.258710416535
2984, 777.5806930570941
2622, 774.1522387694228
1459, 773.4263991572419
2343, 773.2423032574104
3337, 772.4891523365245
406, 772.2583051757107
2768, 771.0963305534066
2238, 770.3746462238764
2412, 769.5064301529761
3116, 769.2713374816046
1683, 765.8919647499575
452, 765.6772268765181
1249, 765.0111574760571
1222, 764.9160747877983
162, 764.5381941262871
3171, 764.2487158334884
3050, 764.0074379666434
2268, 762.1929916288486
515, 762.1427566054334
2741, 762.1377422775254
2797, 761.6650109827444
3246, 761.2965594355479
376, 760.2442476253649
1225, 760.0327164532677
2347, 758.8284084308103
3060, 757.004771310527
1002, 755.8749847820249
2981, 754.5625695368168
198, 754.022259676551
2770, 753.8197349901335
1667, 752.5709926491725
521, 751.2921837243133
190, 750.9049902003989
3178, 750.5518937355685
82, 750.3794386757573
1854, 750.3360452126906
143, 750.2840353897552
274, 749.5152744041588
1261, 748.9956761036435
44, 747.7016051814113
1133, 747.4796447752421
103, 745.4223784718653
1593, 745.1839708211431
2391, 744.2756638933141
3138, 744.038052933209
1123, 743.5863871468168
522, 743.1098358407306
3328, 742.4720791845224
1033, 742.0924722964895
544, 741.4342054077895
1596, 741.2756426869893
407, 740.9905231619921
1108, 740.5737289012983
74, 737.9496930333444
1244, 737.5121416157729
1206, 736.8850622389565
389, 736.7608027158482
3336, 735.4660907047854
1084, 735.2772240074592
1660, 734.8329591954905
511, 733.9842106886285
1604, 733.8315746377159
106, 732.9357845718974
2810, 732.2354226408683
895, 731.2366957065299
3006, 730.8261871048337
2257, 729.7823999201746
3439, 729.6776913404967
381, 728.8703424389605
110, 728.8672607977118
2795, 728.3246776325836
1024, 727.7545070497061
1742, 727.3589394256694
2005, 727.1268981272198
555, 727.11893702222
651, 726.1689190881056
434, 726.1162572516766
1138, 724.5981390492726
2419, 723.42526989477
1120, 721.7093160981722
304, 721.4853103944764
1136, 720.3689129515684
2294, 720.2909318355789
1240, 719.5890859439505
1155, 719.2960815680373
47, 718.0579141633489
3278, 717.5443001806661
3192, 717.3415472809513
1738, 717.2808745932284
1711, 716.1069586239912
654, 716.0957432180048
165, 716.0799822144103
3241, 715.0767806053282
2266, 714.5995577691118
140, 714.4756309110435
1720, 714.1321960457562
678, 712.6248605631753
680, 712.5866585797587
2749, 711.8462925091484
1677, 710.6303009638959
2630, 709.8118131801689
885, 708.2809729692444
1441, 707.9097644109428
1194, 707.7907169005913
1608, 707.6179458619205
2951, 707.507498305086
580, 707.3011542808296
2716, 707.0931514174591
1121, 706.8858168500074
3406, 705.6069307649686
1514, 705.1899520820298
1082, 704.2051611395894
113, 703.3930397557389
3137, 703.0799648723329
3368, 702.0347427206103
1224, 699.8211138382133
1771, 699.7288332217987
3432, 699.504154223408
2811, 699.1653920302576
1687, 699.0874682204244
3204, 698.6569603217289
2736, 697.7700793742544
2307, 697.5893303613169
1163, 697.3833327392493
3140, 696.8680082604899
3092, 695.6797326608123
2285, 695.5667273162657
563, 695.4076039649292
2286, 695.1506868092767
1597, 695.1345877376548
379, 695.0197978749609
294, 694.997986623004
85, 694.7235115289535
2808, 694.6662586292406
1168, 694.2626274723027
3433, 694.2517996739616
134, 694.2289422683881
179, 691.7734316681161
2106, 688.8870492817605
1462, 687.5337304507184
3133, 685.6631953939612
228, 685.5440847408769
1600, 685.5315200676251
2108, 685.1971956941906
3126, 684.8654054406551
3194, 684.8017344533147
2775, 683.7810631124777
3305, 680.6890400251416
2003, 680.3246973739748
3380, 680.1574146246289
1656, 680.013145579735
326, 679.921496641057
2344, 679.6832488588343
402, 679.6787014594099
2276, 678.7440104889365
3413, 677.7041564281243
275, 677.4282913054491
3122, 676.6290221614762
613, 676.5549957576583
3144, 676.4699507151532
300, 676.1849682802315
2034, 676.0645651995276
2793, 675.912964261462
3039, 675.8181985594348
1725, 675.0142534120697
1207, 674.1021963131432
3384, 673.4724759689054
3197, 673.0281649296752
3211, 672.2263966264417
3062, 671.3324578066544
3170, 671.2089046381151
57, 671.0509575499033
2800, 670.9483322739501
66, 670.3885257365229
3095, 670.0048734527794
3349, 669.8747092586974
3374, 669.7990104264762
3350, 669.558356776712
2802, 669.5263517519273
2218, 669.2737802097838
2483, 667.7581306832299
1205, 667.0318237475179
3304, 666.7840167272408
3422, 665.242293007281
3101, 663.7149372130818
1061, 663.6740903006854
1135, 663.2268433859501
62, 661.7989132530371
3356, 661.1571421961221
1068, 660.2616139291109
1877, 659.6681796875478
3059, 659.4133547850553
3004, 659.2503525769929
2454, 659.086355735146
2513, 658.7848954022907
35, 658.7243133491077
266, 658.5195271240369
2314, 658.5066363639238
1722, 658.2948593618324
2787, 658.06998186263
3186, 657.8744519622472
121, 657.8695050673764
1439, 657.7867682216475
1238, 657.7724090534495
2789, 657.7479403976602
3206, 657.1020269361837
1146, 656.8397532442392
1122, 656.5711062540641
1669, 655.8656745360418
77, 655.7928629140371
1464, 655.1629882670777
2223, 654.3210366728237
2651, 653.8257219058853
956, 652.6723934712394
2399, 652.6614655842462
2273, 652.2548602209878
655, 651.4622751213153
1718, 649.7230592094501
1996, 649.5666643872615
1521, 649.5607646225624
3312, 649.1197216568077
2913, 648.4323295230711
1627, 647.3285861075026
2041, 646.7918351790105
2666, 646.6327484838546
1451, 646.4282682151227
2972, 646.0463574004631
2104, 645.7936349798277
445, 645.7670799085422
649, 644.8817696939624
2354, 644.6280912095056
1685, 643.5967150641372
1170, 642.9093545377555
2288, 641.9722302450122
1646, 641.9014400212708
3040, 640.370746011113
3200, 640.3651780879638
1198, 640.2302517067073
1513, 639.7125279210085
2048, 636.3663181172383
1452, 635.495280695797
2549, 635.3254131672635
3143, 634.1459175370356
298, 633.0335693942055
3243, 632.3681049372962
1162, 631.6098040551848
663, 631.4988488820907
1428, 631.199929761425
3289, 631.1453376145851
3284, 630.426085131798
679, 630.180306258027
1879, 630.1370636095699
2505, 629.3514839978167
1746, 629.3053122076979
1186, 629.1369538910136
1713, 629.1127389546895
141, 628.7930656237356
3428, 628.4479027521729
408, 627.8320661388343
748, 627.6350639188717
1220, 627.1286762456104
473, 626.7468803627999
2259, 626.1251214164614
1729, 624.6514686373507
3163, 623.3217046698254
1970, 621.6732265274356
2385, 621.5057614709938
1874, 620.9238163209831
510, 620.8908739129029
2411, 619.8723111503166
2384, 619.7243953390595
267, 619.0329363534455
2280, 618.7000755034155
2799, 618.5259359305596
1695, 617.8716656061954
509, 617.4728785319732
3294, 617.3237650086171
1625, 617.0328623494106
2491, 616.888790090278
3443, 615.8928794504649
2350, 613.7506395589644
427, 613.7424505343853
2203, 613.6311353468309
166, 612.4315930402753
2508, 611.7192163348411
2550, 610.9700044716963
2404, 609.9403174873661
280, 609.5661330676108
2002, 607.8375746276097
237, 607.600380118887
95, 607.4618162172867
643, 606.5085216257867
3147, 606.276106287251
2240, 605.3981150801413
1708, 605.0904875684379
282, 604.7039693691496
3134, 603.5202112952543
2915, 603.514344973158
1231, 602.7479842143576
3376, 602.0076659973126
2721, 601.2057215227021
2414, 601.1892316380092
1232, 600.9601144487339
2948, 600.1589662515763
1502, 597.3413445447392
1258, 597.0434899178048
1758, 596.593799870132
3354, 596.1731460359676
2742, 595.6242598422202
439, 594.3627444443748
859, 594.2088410733493
2566, 592.3544482718601
101, 591.9966523117546
733, 591.4478744862321
3327, 591.4209875785591
1515, 590.017528118237
114, 589.9688275612019
966, 589.2163377055987
281, 588.88354154715
2442, 586.798680006685
2546, 585.5411131510368
1756, 583.9751336936786
104, 583.4840015562716
102, 582.4498956618971
90, 581.5121279921343
838, 580.5782278610296
2295, 580.3331802525834
1461, 579.214443812013
1065, 578.7455053197726
2021, 578.5260101157934
42, 577.9820778148709
3417, 576.8262226541223
1134, 576.1493087078602
219, 575.8183956660006
3314, 575.4094676973448
1971, 575.1284995015694
3120, 573.9379410721897
84, 573.909295870395
2409, 573.3221398294899
2823, 572.2322528229629
2093, 571.3786979191535
732, 571.2290660430314
2784, 570.7016959447989
1658, 570.5580325913198
1034, 570.495597977912
1081, 570.2007471654221
1875, 569.7724684277975
2400, 569.6002127351285
1698, 567.6513914690602
3387, 567.6240296590064
302, 567.1456954264745
65, 565.5201194029814
67, 565.4185023505003
167, 565.28106343123
3184, 564.8805121326191
2917, 564.8755580846689
144, 564.685648510445
2311, 563.8170209271283
2097, 563.605664512601
1106, 562.4789626641285
634, 561.5008776325974
2395, 561.1679134301837
2008, 560.9175718499454
512, 560.6794093550424
699, 560.6600571580849
2338, 560.6462135326335
2671, 559.3766388219176
2551, 559.2934595082627
2258, 559.049706583555
2688, 557.100446928851
2378, 556.8996679013676
358, 556.4808959720172
1740, 556.4171024033815
455, 556.3667837489406
2039, 555.9316257475417
1894, 555.7488178020889
1460, 555.0364181912189
863, 554.8577492763723
73, 554.0881570569886
2755, 553.8865455290667
1588, 553.6978759867579
491, 553.37166690817
1647, 552.4812374765471
1717, 552.2660998634777
2824, 551.9991921125484
2864, 551.476535944174
2583, 551.0681453208267
3082, 550.5278188317596
2788, 549.4327458695083
734, 548.8992167613696
1150, 548.4235527750745
265, 547.9864518819054
72, 547.5563454357549
2816, 547.366835019495
2524, 547.3617883103962
1962, 546.4973294396787
108, 545.8281510877185
150, 545.5832196714501
1968, 545.345732097186
88, 545.2396289972284
2356, 544.8377499175747
58, 544.7348708090301
513, 544.698914353319
3352, 544.4202637975011
1180, 544.2166550386819
2353, 543.5450411252797
2393, 543.0648229902503
1104, 542.7482248629778
2696, 542.2704219095745
2406, 542.1840642428856
460, 542.0426051283408
551, 540.973792952274
2645, 540.7457376513585
2705, 540.7268543164366
93, 540.5850116747969
2587, 540.4850626879536
3162, 540.3620570115454
1682, 539.91295549589
64, 539.8963386952717
2780, 539.8413340871409
757, 539.7591799042091
2287, 539.1363240359913
2758, 538.8815597915694
1858, 537.1767275907829
3392, 536.8449880840446
518, 536.3505320518659
1714, 536.108752911331
1644, 536.0070501237643
1641, 535.1989641722458
1868, 534.8415216869516
2562, 534.2630875480843
2553, 534.198555198511
1440, 533.95787116436
3150, 533.9488547357378
122, 532.36076152085
3264, 530.733374190306
145, 530.6401290698396
3239, 530.3681860686125
1642, 529.9708563857527
2610, 529.6394861927417
2098, 529.371102549437
1477, 529.1037708463361
2782, 528.4127001306847
1813, 528.3488803338687
3146, 527.7018413853023
1073, 527.5879954290557
1171, 527.2331065213333
1871, 526.6945117457427
1726, 526.5754207925172
1057, 526.5754178232739
3168, 525.8141825043389
3187, 525.6184367316913
1747, 524.3106812818697
398, 523.9402596362896
87, 523.7642652486752
1739, 523.6812513284086
2210, 522.8682783498394
1864, 522.8156882941169
115, 522.2009798745654
3324, 522.1694302608839
2244, 521.8860165647885
260, 521.4044961935134
70, 521.1143795882037
69, 521.1143795882037
1731, 521.0405779110928
2558, 521.0240421942286
2559, 520.8426266396307
3444, 520.6412199531327
3248, 520.3025785526945
2004, 517.1737440658316
268, 516.6007943677025
2379, 516.5317031053728
1663, 516.1573804985994
3290, 516.0944843750043
1216, 516.0471045876909
1626, 515.9273472802058
214, 515.8295027436327
412, 515.010147206134
3041, 514.2954753368261
2812, 513.893139431307
1185, 513.0777628256884
2017, 512.2708984511416
3123, 511.94835055761547
561, 511.85414695113
1705, 511.85133772343437
2607, 511.5163083617186
1152, 511.3345337381661
3105, 509.57192845135256
3183, 508.7159422486005
965, 508.57351398830525
1715, 508.1313817394772
3063, 507.67189822013665
2305, 507.6147118543829
2217, 507.2310682930229
1703, 506.90206529152033
957, 506.8547369809477
2101, 505.4157173837147
1178, 504.72486115843384
2781, 504.7231613110579
2030, 504.4780223994531
97, 504.1892236939242
409, 503.98612766751444
12, 503.4077937776335
1516, 502.91518220122464
2514, 502.8868329521189
291, 502.7970078943263
626, 500.0977104651568
3090, 499.80412713466933
1755, 499.6198714554658
3255, 499.56518700051726
3225, 499.4262477052499
2152, 498.9559614431277
1630, 497.85483825682195
2473, 497.0349202231189
2694, 496.7832963696574
1643, 495.481552586895
3129, 495.42373983511413
399, 495.27807376547673
156, 494.74466858690045
1752, 494.4941623753984
3279, 494.14774415614653
2710, 493.8739784531156
2971, 493.7246968242573
1156, 492.76604876398665
2690, 492.64885022652385
1721, 492.4296751081361
3066, 491.1713304713253
1892, 490.4442474259204
1151, 489.97576887775216
2536, 489.6771831951639
3415, 488.1058379830394
1406, 487.9664789006129
199, 487.6930330961222
2779, 487.6671087780036
385, 486.95036500190463
1692, 486.62402579212176
681, 485.5615556895647
250, 485.4353605446978
2102, 485.42018299370494
2571, 484.9712607581371
216, 484.821339660014
2653, 483.5701347593079
3080, 482.77731839822803
1712, 480.3255857594124
2415, 480.01188634644933
3130, 479.25155897586785
2650, 478.5804486063164
1966, 476.53138030434087
404, 476.3295460365079
1710, 476.0022550572614
32, 475.36597273501604
2785, 475.2368206204446
3318, 475.04306286853847
3207, 474.935725660146
2620, 474.42808519059304
1869, 474.41327722891447
2640, 474.4084877170737
2574, 473.9734886341851
2497, 473.88398100662005
3306, 473.810401878727
2756, 473.7894894509857
278, 473.1681918426235
3299, 472.659901663862
3347, 472.39274397884304
2657, 472.38812750144643
3164, 472.13488520116397
276, 471.11133112984237
1733, 470.967522893225
1302, 470.614976468181
1079, 470.3822060145458
2686, 470.04426223558386
2624, 469.77838794757434
2390, 469.5444724803371
96, 469.48962257429645
3111, 469.1423420563528
1693, 469.0559592135179
395, 468.5574321240036
68, 468.2049530620619
1467, 468.14237276293636
1189, 467.31828846717235
2677, 466.7277478168143
254, 465.3871576990716
1744, 465.311438512988
2814, 464.9738395568917
1028, 464.6823093717584
3188, 464.41798809256244
2010, 463.8827310551054
2745, 463.3940693427891
21, 463.06239822375085
1701, 462.7739903206131
1719, 462.44790662317945
13, 462.3681210352702
400, 461.98188812170713
2416, 461.8873297115707
2652, 461.17980142756426
2561, 461.01288448245305
1631, 460.5400642476361
54, 459.87215546113447
1735, 459.8570367071689
1716, 459.8175937224147
2720, 458.81167206350693
3099, 458.57650739953345
647, 458.4359637236244
1958, 458.2740598337134
1748, 458.0874996566125
2525, 457.6189841773742
225, 455.90096169718385
19, 455.13135990142484
386, 454.88458997242475
2649, 454.5738183144272
109, 453.8851204889081
3383, 453.8820356596498
2572, 452.6440314430936
2641, 451.5870581413942
2712, 451.52747388149385
1659, 450.6902754112656
3316, 450.5313068679931
2520, 449.95612263291014
411, 449.07510630445586
1397, 448.9617491813322
255, 448.9329266334532
2111, 448.42948406355237
2096, 448.42948406355237
1672, 448.3773024799673
3020, 448.1362992896987
1684, 447.97909022471174
50, 447.88462643897105
1634, 447.67208579051993
1605, 447.38344480721173
2351, 446.2795560460018
1463, 446.16626164539053
2293, 446.0031817414319
2656, 444.6838486628737
1670, 444.55341062018783
2853, 444.29263651770265
232, 443.64237660214116
1632, 442.9724900583814
2289, 442.94230785189785
2601, 442.84626674032586
2683, 441.6247006433142
3323, 441.56525405471746
2646, 441.436946521704
2703, 441.18138678531164
1838, 441.01209796959336
127, 440.83484970399513
1891, 440.7852703328459
1873, 440.3813683030315
1730, 440.2090226846159
2900, 440.13421939430566
3097, 440.02659210877204
2527, 439.64194902685136
1700, 439.5042566112039
1743, 438.7111233794359
2738, 437.34898462614564
137, 436.6131795442197
3201, 436.2669678417104
1633, 435.9236298566349
3362, 435.8706083639668
2340, 435.8285333943993
1668, 435.7338895644879
2801, 435.4003872834619
1741, 434.91878990377677
1153, 434.02414200502227
2621, 433.9737457857669
3265, 433.8138004915236
1699, 433.0834943328694
1628, 432.7743816841013
287, 432.4046179292543
20, 432.365898260684
3112, 431.2708909752244
1645, 431.0451963617035
2212, 430.6945413341731
2668, 430.29047623276495
1671, 429.5863415026749
1191, 429.5597150774484
2959, 429.48166291548307
2568, 429.35258123806915
916, 429.05534181189233
2608, 428.96631442763385
3136, 428.73229199856604
1724, 428.4814714684243
1754, 428.2026233219532
3442, 427.8948787874455
36, 427.5545567951984
1047, 426.60062473804305
375, 425.7723746856932
2275, 425.69165435682845
2580, 425.50025854671975
3295, 424.8769225893532
3288, 424.87516981228185
1665, 424.70638305894
396, 424.66040012442403
2383, 424.5974838674857
2861, 424.26445206130643
1657, 422.4743089033363
218, 422.06338573304214
3431, 420.9106467485116
1457, 420.39531381814254
2635, 419.1378798713203
1941, 418.1560503463047
1745, 418.1302895436314
1706, 417.8634578629082
2485, 417.60467119605534
1629, 417.3785783096697
2355, 416.2746152017889
2283, 415.83805358700636
2681, 415.7705562674676
1967, 415.53645414256965
1650, 414.8737122838338
2726, 414.63548793437224
3311, 413.8302894945232
2451, 413.6293231554419
1694, 413.5854908066068
637, 413.2871218948988
2179, 412.32838985409666
1637, 412.2255281485746
2592, 411.8527176783543
1734, 410.9521626161552
2533, 410.93023830832516
1728, 410.75612923074596
2563, 410.48511107192667
43, 410.0509584312238
3232, 408.14209120691106
2270, 408.1159729441634
508, 407.53303877404943
2697, 407.47454079018314
1, 406.16077507216835
1681, 406.1305175283483
1709, 405.4386743170239
2466, 405.4251275065732
2493, 405.30373299546596
1649, 404.8433303224298
3254, 403.88837782682174
2597, 403.86389571037824
1639, 403.56754954226994
1114, 403.5615753104552
1679, 403.5262953900055
2397, 403.3277545913278
2449, 402.81934797618294
1727, 402.6277542700719
2433, 402.0685765225536
1704, 401.9116608482006
2658, 401.755313821869
1697, 399.9413830362372
2575, 399.6689885344324
3005, 399.6026415468084
2204, 399.51248393783186
2456, 399.3547690108633
2486, 398.67148510940586
1648, 398.0678232848262
1518, 398.0292634214215
1316, 397.6512292236688
1691, 396.1292368800516
2339, 396.0030500038657
768, 395.4707108131918
4, 395.15191662904584
3094, 394.1982343065022
388, 394.1644719780616
195, 394.1004408659722
212, 393.0426091813172
2239, 392.6902193421489
2860, 390.2532126486498
497, 390.1979366979854
1749, 390.14901171608295
2611, 389.84759179500384
80, 389.8240201261376
3231, 389.70010325758324
2604, 389.1438351841554
149, 388.16221716372394
252, 387.97613970520115
182, 387.24328466272476
10, 386.86041768661556
474, 386.8016776225312
2589, 386.721218101432
2235, 386.20295452406486
2461, 385.75220317227615
1800, 385.6444329935443
2528, 384.65619109852685
2167, 382.44711389107846
2087, 382.201251986708
1661, 382.1427602439055
2185, 381.4364773984199
2475, 381.2470481238393
2655, 380.8657554362575
1702, 379.87499013373775
1674, 379.68468328794967
2778, 378.5525645938336
3234, 378.4703434971726
2282, 378.455779688348
2453, 378.0748667350873
1751, 377.60945432219086
2648, 377.45928791795035
2192, 376.3857193765089
117, 375.93264038050796
138, 375.61622104341325
3007, 375.29869540719454
1696, 374.6232300680956
1636, 373.14360651242623
2139, 372.8383600239912
1255, 372.7727765627091
2184, 372.1423715962387
3310, 371.775090977961
3195, 371.4900779837671
2226, 370.97229289082713
1062, 370.8214717878054
2612, 370.6291974642981
1635, 370.5049969606719
2616, 369.20977000264764
405, 369.1033263398427
2543, 368.30562073705335
2484, 367.95893991915347
3258, 366.41648376433517
2564, 365.9995189617289
2299, 365.10233050915866
196, 364.98919416279085
1750, 364.7789360534426
2980, 364.50497584720017
2249, 364.4881224665864
2177, 363.8095337058651
2623, 363.6765958285619
337, 363.6278887791411
1638, 363.22842494744737
2731, 362.4188258208409
2673, 362.39702511218314
1737, 361.9762052632532
2809, 360.85133744726096
3313, 360.26714545906043
2605, 360.13113412249754
2264, 360.12114247417276
3236, 360.0760344909369
7, 359.58520051184144
3296, 357.6778120615355
2693, 356.9868618672421
2821, 356.6548975922139
1785, 356.6335814778813
2531, 355.8569891159049
1759, 355.7887196594134
472, 355.5333171949327
2679, 355.5143888031335
1454, 355.41298556690634
2345, 355.3374195773337
2498, 353.9536936753315
3160, 353.16483519018135
55, 353.15262957480974
2626, 353.063130384463
2346, 352.9822531235581
2713, 352.4927585954503
2586, 352.22876257700625
2094, 352.15050606673316
2492, 352.0798548900084
2857, 351.9269253390671
38, 351.5193179829778
3021, 350.98884882096036
2342, 350.8124917362598
1814, 350.59569903745427
2349, 350.51867550572257
15, 350.19716745395186
2341, 349.9030575742768
2462, 349.8378963254813
2570, 349.4399246008318
2490, 348.759658427337
394, 348.39313220257196
1788, 348.03812906331694
2687, 347.9738337253893
2603, 347.87821356077205
2695, 347.31213785144865
1652, 346.03955439574827
2692, 345.40435581636626
3262, 345.12694703810894
2654, 345.06663622947934
2496, 345.00382854154685
3113, 344.94016994978887
3091, 343.92062311519186
2519, 343.86734132560855
2455, 343.6844321625591
2464, 343.617316604541
1530, 343.5692010097424
2822, 343.1724226570857
2606, 343.07462348041554
1045, 342.9061352029579
2534, 342.236787049917
2704, 342.0791427102793
2538, 341.9045735242428
2629, 341.69392334811937
2313, 341.279997819568
2832, 340.20929256778487
3193, 339.6610569856171
953, 339.52187640506054
112, 339.4775062885617
116, 339.4297563373124
2805, 339.4161042709746
107, 339.0989110413695
78, 339.06435281075653
28, 338.94895829399746
3180, 338.84247466803754
3261, 338.8289972447125
2707, 338.6603894828063
826, 338.60937218732545
1960, 338.3320127911972
2284, 337.55983782743544
0, 337.3261810879088
2511, 336.92479590422386
1324, 336.891089343896
6, 336.88647978766886
641, 336.8073769717363
2869, 336.56276416135285
3344, 336.10902533773356
1794, 335.39974924625636
2522, 334.6337296505657
2600, 334.4653239385988
2638, 333.88896219453386
2506, 333.816658625166
3251, 333.55970520326025
1655, 333.1528969204109
3, 332.9226908477218
2581, 332.83722725686766
2675, 332.7463397450914
2452, 331.59918760702595
2700, 330.6393571263414
1557, 330.46678815959405
9, 329.1972097202486
16, 328.98970463104934
823, 328.89757206698135
3329, 328.69385436561817
2499, 328.1217351073728
2999, 327.89743062227467
3260, 327.8599164710968
1818, 327.10827874757786
3361, 327.0159592972537
2320, 326.96664911590295
2479, 326.86161929650837
2495, 326.4518634831781
2727, 326.438183284803
2644, 326.1314067055836
2662, 326.0063851226734
3009, 325.65612586059325
2460, 325.48291072694985
2191, 324.97733816301377
11, 324.9139584250511
2760, 324.6079444299113
3235, 324.3361424419938
1574, 324.2013363281423
3019, 324.1341258829485
814, 324.1153426597902
2079, 324.06250801965723
3364, 323.9131335699492
2632, 323.620355146597
2488, 322.6931470987787
2665, 322.6525005855929
2044, 322.3542367078631
30, 321.8443964494251
118, 321.22152283967415
3165, 320.95361747877763
524, 320.36850362705957
2440, 319.95771623555174
3017, 319.2253579734904
2037, 319.00515482590583
2698, 318.5893165095067
1559, 318.27805188626536
1723, 317.4015209419327
2509, 317.2971708951628
3100, 316.1117964388887
1309, 315.9227977877584
2530, 315.23793645270536
2714, 313.72534581319997
83, 313.0047038033901
1847, 312.9872470168341
2092, 312.29262230242887
3301, 311.91662400219474
1562, 311.4541081405643
2743, 311.12255044682587
2477, 310.9111374077983
735, 310.8444986654951
745, 308.3229464190133
2535, 308.308860383748
413, 308.1060126261506
1509, 308.0467192950932
2208, 308.00079557673735
1484, 307.1333685284239
2625, 307.0290380610693
1572, 306.65832691988277
848, 306.5910297948488
1664, 306.4901419607655
2153, 306.40662839888023
3215, 306.3630960632544
2670, 306.2146679715691
2889, 306.138905353032
1004, 306.1342494248081
5, 306.04529446646046
1410, 305.93980910935676
3266, 305.51239738596274
8, 305.3452339340646
2684, 305.3074264281842
2970, 305.07388051977273
2565, 304.1539991164548
259, 304.1052324586237
2537, 303.1811922004676
2598, 303.0553879174381
2211, 302.83007043428233
2134, 302.62653321341253
1576, 302.0117648112015
1824, 301.9928171633223
2401, 301.6510326217223
1940, 301.398343142108
1939, 301.3314635217906
2634, 301.16709053540876
2061, 300.73083345529005
2444, 300.59516147348654
2878, 299.8672431574555
1882, 298.5498506378164
3357, 298.3527271883984
94, 298.25745772614823
2552, 296.6646724104309
1806, 296.08206219187775
2591, 295.39538598398684
2472, 295.3935393572605
2660, 295.37476155014014
2158, 295.3268406591328
788, 294.9556627700238
2669, 294.3630863890976
2699, 293.74115858368293
2576, 293.6070677290861
1573, 293.4221055263863
2667, 293.2767436915321
2242, 293.1324823428367
2502, 292.88279621106307
2501, 292.88279621106307
2664, 292.7001317601267
2659, 292.34176293903937
2193, 291.74832028473554
1951, 291.49529928252616
3000, 291.37317553536997
2691, 291.02708681351703
2661, 290.3370164362562
2494, 290.3342751398278
2474, 290.19136081996396
2631, 289.2406263072087
2405, 289.1959389865683
2614, 289.09490304973525
2617, 288.9998996079377
682, 288.95586449576945
2469, 288.7686901835005
923, 288.345228823394
1543, 287.5179933262596
1418, 286.4603432931613
2510, 286.11062189502
3008, 285.9296448865556
438, 285.83831822791524
2609, 285.73969339714574
2856, 285.54747722755667
2457, 285.4909487198527
2674, 285.4882998851351
2627, 285.26405269882906
3033, 285.06136851254297
2429, 284.9741278915684
3249, 284.8411833029277
2859, 284.26120619862763
1003, 284.2383839409642
2521, 284.16724753317646
917, 283.749234207523
2806, 283.74592209362106
3253, 283.0670040712371
2542, 282.5729711933605
2541, 282.49428557745944
1907, 282.4647398551625
2476, 282.2948590711631
2207, 282.1083364929324
2637, 281.87065284336387
2170, 281.0356783313432
2180, 280.80332170802455
2678, 280.51433534242307
29, 280.4476315487331
2724, 280.4076833391792
2448, 280.3712408936318
1567, 280.2787340072507
3025, 280.1382355180566
2089, 279.75124350248524
421, 279.613596016116
1109, 279.5789512489904
2504, 279.2825661481052
1269, 279.24160815961153
1810, 278.76049595326117
3325, 278.7375946378261
786, 278.4236521018437
744, 278.36456527312737
81, 278.3509424141352
2956, 278.2874214933391
2567, 278.20378955565286
1300, 277.9907763355529
2205, 277.84387941799565
2619, 277.59788240800884
803, 277.2258489489067
2991, 277.1943475830607
2124, 277.08300944356307
3263, 277.0566391040141
2702, 277.0322730519328
2135, 276.85759151091384
1780, 276.6020909825657
2478, 276.40064442020844
353, 276.225616795233
526, 275.6434636197934
2676, 275.3916373047844
1210, 275.3900133061099
791, 275.2879096054448
2074, 274.77915106587346
1884, 274.6978517490297
2706, 274.614359272932
2557, 274.500801016434
1640, 273.72121377493136
234, 273.6892027641486
1776, 272.9015394280441
727, 272.79357332058777
857, 272.3660345481607
2866, 271.9606681898294
2467, 271.9369375153587
615, 271.903923610028
2585, 271.8991758063479
3269, 271.8794194976768
2560, 271.25962489420766
2082, 271.2151293408856
2262, 271.0973447274191
2435, 270.69705131266386
2428, 270.69705131266386
2236, 270.51036436947356
686, 270.22030383146887
2459, 270.2109185698988
2529, 270.1826526357773
17, 270.1740248756156
2554, 270.044876317518
3016, 270.02438767774436
3018, 269.2867730056686
746, 269.2067335228424
2544, 269.16781944970114
1039, 269.13904613371994
2595, 268.2499690301854
2642, 268.2249437512395
2577, 268.09554280383435
3029, 268.0566011869867
1575, 267.3336867141464
277, 267.21809470156927
3250, 267.0433736266093
1560, 266.9655903835028
2628, 266.7417392669202
248, 266.5911656837915
2663, 266.4047542516435
1571, 266.38182989779506
2633, 265.8980371876837
2482, 265.7180798962917
3326, 265.6790451118755
2685, 265.6157034474914
1885, 264.76445488841625
2318, 264.759963955981
1653, 264.6560662987873
579, 264.6511265402604
2936, 264.6011992547745
2573, 264.343666771582
2157, 263.9234031610905
1306, 263.72229973444024
2195, 263.69986593290787
2194, 263.3531497158568
1525, 263.2585741226795
781, 262.6948569800784
2523, 262.6705789059578
716, 262.61692747846496
1943, 262.4341088943773
945, 262.4034091074508
2618, 262.29903411169846
2689, 262.2803048503239
1969, 262.06197304867294
1807, 262.01701239497487
2243, 261.7675425768518
1356, 261.60075242494224
2953, 261.5116346091065
2187, 261.3474001238536
3365, 261.34571174404056
2480, 261.29100086211923
1052, 261.28807798788404
2196, 261.20934680870266
1617, 261.16993660034353
2545, 260.7629563393391
1822, 260.6697952416251
527, 260.3973260306187
3358, 260.17885738244007
2701, 260.12134343481785
290, 260.04564710563454
2680, 259.8274305817582
2997, 259.72333965055725
2443, 259.613931172541
249, 259.43111256161785
2188, 259.2340529775369
2909, 259.03586484535043
936, 258.96390322168315
980, 258.7310754889422
2481, 258.6576989580115
762, 258.64966859137184
2438, 258.2601918797142
1999, 258.25868611127396
981, 258.1486689295197
2047, 258.087248992827
575, 257.9524662353393
321, 257.9423243657781
612, 257.846720171929
2463, 257.59835407120397
14, 257.55318228394134
2445, 257.51758940591816
1336, 257.3174511883303
1023, 257.2443381733332
844, 257.08874535437974
1615, 257.0037904143125
2447, 256.70966832569684
1985, 256.60188645498084
778, 256.495200410397
2458, 256.2608791044175
2602, 255.94270062589635
2588, 255.81616053136096
3233, 255.69191072890703
717, 255.69159165707657
3307, 255.32600536174064
2465, 254.91596713874688
1889, 254.80871541680122
2489, 254.67281358062434
961, 254.58892941853952
825, 254.33297164791412
698, 254.24645049375457
920, 254.16346899014178
2160, 253.82814739730742
3345, 253.7285040688844
2993, 253.69665373304582
581, 253.62186656588673
2487, 253.61310364818883
2613, 253.5075953188038
27, 253.41063943159887
2142, 253.3716035394931
1965, 253.21244644900574
2189, 252.9763875122303
2643, 252.9440755306462
1424, 252.9002056857938
2599, 252.81357551928625
3319, 252.80968036753515
3360, 252.6315321145182
743, 252.58095695859728
23, 252.57034574065813
1803, 252.4742517988064
817, 252.2099542254053
2584, 251.84992430072077
24, 251.77544297818284
243, 251.76837774902341
1046, 251.6170801996221
2949, 251.60699476884275
417, 251.20663311177117
1623, 251.13206101487154
2360, 251.0101598003097
2728, 250.5649338694408
2512, 250.32033414687695
1279, 250.19850285444537
2516, 250.03211239120014
436, 249.9925452473122
600, 249.7152292501822
2145, 249.6307354383069
2081, 249.5951287418537
2365, 249.4769506086569
2879, 249.29970492217012
815, 249.25360226359703
2593, 249.25069205339332
2362, 248.96550483926552
2095, 248.8491239389014
955, 248.74942836357667
787, 248.7057988977801
2446, 248.5960871772907
969, 248.47426888022054
2540, 248.4512474798375
960, 248.2221665778607
2639, 247.94605721545796
1037, 247.80424768412794
247, 247.25952523753318
2708, 247.00301934158716
2220, 246.7555261001631
808, 246.49262147290227
2636, 246.48612563964036
2431, 246.18141126330676
370, 246.15686287728718
3252, 245.97625257199
3320, 245.92980202172254
922, 245.89245410199047
2214, 245.68384304258862
3228, 245.55847824467335
2845, 245.3606990915271
3391, 245.30803882355144
709, 245.1903710430287
560, 245.14167235252737
416, 245.14003938321537
319, 245.09201609722177
1331, 245.074587163559
2434, 244.85451642447222
2829, 244.5974908048196
2057, 244.33915424534507
1520, 244.0918090314387
2077, 244.07788650335104
2052, 243.98827753673064
1038, 243.90763022935604
2828, 243.88268767684255
2590, 243.84440864837984
2555, 243.79194122339166
1412, 243.74109944167327
3308, 243.6675771418764
528, 243.65494249146508
1487, 243.31523127671326
1423, 243.23097487941462
2181, 242.56821613777507
2122, 242.46637861470603
2907, 242.2721790995324
2031, 242.07644777611455
1473, 241.85344538919006
2582, 241.84144837911558
18, 241.68342942686797
1977, 241.58339810511598
1566, 241.14138329014904
1840, 241.00270407360009
964, 240.9931382333017
2090, 240.93126029899977
691, 240.90319653019804
594, 240.7931668495216
2219, 240.71917956579773
999, 240.71835007511382
601, 240.57377582244496
574, 240.45482654758646
1577, 240.40268775658873
242, 240.23014195533082
2427, 240.05161219451168
2846, 239.97712161046985
1599, 239.83898152454748
2526, 239.76330008808415
1266, 239.5990101232893
585, 239.45290940612824
1371, 239.2254180496771
804, 239.1903512849675
1308, 239.17688370689254
1523, 239.0041838812426
1490, 238.88544155109335
3177, 238.86304880501095
1314, 237.92709067874856
907, 237.91006333753617
2877, 237.86859324785894
1895, 237.82459874841985
2441, 237.77294591048533
1579, 237.699373101288
2858, 237.52057413391233
2468, 237.45246841894897
903, 237.43812373476914
2231, 237.37179970596029
2450, 237.25591324180024
789, 237.2555883029524
1839, 237.22769522018893
856, 237.01274811292842
313, 236.96303898580925
2422, 236.84369297990798
2905, 236.82071864154142
2209, 236.66489575009638
1790, 236.6150341927877
2996, 236.60638678405934
2992, 236.5671727254019
3026, 236.54661004597205
1211, 236.47937933126434
1887, 236.00916188129864
2228, 235.87238275110948
1495, 235.69192679376525
2168, 235.68649719691794
1580, 235.50607496859092
1408, 235.48686287525052
2173, 235.47376898162253
2914, 235.1075941591452
1890, 235.04335468244932
1537, 235.03445507524475
1315, 234.9937700820356
1942, 234.97550491423888
1103, 234.82047770397935
2200, 234.62444293490182
972, 234.47961653519667
2206, 234.3992601240393
1594, 234.38428016060703
2539, 234.2583250005435
1846, 234.13276983959628
3229, 234.0994133667138
420, 234.05514474897868
780, 233.95240031121025
2171, 233.67379581473955
1053, 233.55347319279676
837, 233.52276136026063
2165, 233.47451348906057
1823, 233.41648397952673
1957, 233.40560171874372
529, 233.2334668136682
1404, 233.2328526642515
1118, 233.20748740951407
3446, 233.13787729052882
586, 233.11477670871463
2804, 233.0819628990483
1984, 232.7575279178984
2837, 232.7534973409543
419, 232.40859345305307
1425, 232.27589352025498
1321, 232.1583528126355
593, 232.1053933344551
1369, 231.93059329687202
845, 231.76740977512543
2334, 231.52042513698822
872, 231.48919065153393
1505, 231.46679251432957
2190, 231.36544219193524
846, 231.33646317404856
2596, 231.2479370957866
371, 231.08694030987888
517, 231.01108234887573
3270, 230.9912671405692
558, 230.83320740239841
1508, 230.67863832696793
683, 230.51884310009513
1289, 230.1165195597068
1348, 229.99135660263372
1510, 229.69037292479337
1983, 229.53892853343527
3267, 229.3426461212254
2709, 229.23621287553672
2256, 229.2323169764607
1986, 229.07548127807442
696, 229.03205529009367
2113, 228.92279746384477
1501, 228.9182710669943
928, 228.75083252928744
1527, 228.73947251092747
3031, 228.5025347268953
1478, 228.32215380820261
638, 228.1508704559974
1001, 227.94996800247986
2164, 227.88131590041502
2998, 227.85458094670744
2150, 227.81486048690041
2850, 227.77297608685706
657, 227.6384135410774
1828, 227.46509961073107
2841, 227.3512264748333
784, 226.8029476140291
886, 226.66474014841356
1488, 226.66312006474118
2647, 226.6302861819158
1792, 226.3247150979612
821, 226.29453692963554
1494, 226.20805275142237
307, 226.01856916429614
1519, 226.01286628912953
3343, 225.98032759375752
2615, 225.95811545535622
919, 225.91313841395618
902, 225.83292446388216
1421, 225.4900850739969
1512, 225.45077703605645
1390, 225.41718205202935
2115, 225.3622296621123
839, 225.2480702814046
661, 225.17772306545115
2852, 225.12214670036943
1322, 225.11662354971165
2839, 225.0094937491704
1481, 224.87211295179281
1361, 224.85064062723197
2439, 224.81176026806136
2066, 224.70464123982046
1380, 224.70037437574658
2324, 224.61626906595467
2321, 224.5846386355392
418, 224.58284460570673
2229, 224.54840356675308
599, 224.497621752989
775, 224.3279347698628
26, 224.22315255128782
602, 224.00710312302687
2579, 223.93273095874275
639, 223.80178385668944
2060, 223.59321152575413
659, 223.5646466791987
2372, 223.38288936332523
987, 223.33625601775867
606, 223.30963680192917
1820, 223.30733710401518
1455, 223.15994860810207
1976, 223.13802282873664
3238, 223.11359786400322
777, 223.10307146159778
2117, 222.9349132737121
1883, 222.8267505656058
708, 222.74946276058913
2230, 222.73514064890392
1389, 222.68317434495665
1549, 222.63499583069589
2125, 222.560761692589
1268, 222.49949167201768
1396, 222.4856449158655
584, 222.37909560922802
718, 222.23581320528385
3321, 222.18881748713378
3002, 222.18238819996628
2831, 222.08096430797298
855, 222.0425305187434
993, 222.04148882443926
3014, 221.93676076158997
711, 221.91059956989452
2038, 221.62867000641026
1908, 221.6264528545167
2120, 221.58129885357835
1886, 221.47495479007563
853, 221.4429170332054
2359, 221.40994109992275
938, 221.18579504961733
1558, 221.04747213730857
22, 221.04187020069062
2471, 220.95727198363858
2851, 220.84121362011658
790, 220.8367306345433
1614, 220.66898222885268
730, 220.59433765364454
2255, 220.40382336881623
690, 220.33259796947132
798, 220.23399024830468
665, 220.21167095200886
2517, 219.8734322411305
664, 219.7454993847018
2994, 219.68246262557932
1345, 219.57132054142383
849, 219.35184153924848
776, 219.33132991919692
256, 219.32262154400772
1339, 219.25023116479312
1493, 219.1549907576873
2750, 219.11483498774473
989, 219.06394927108624
1271, 218.9780355871736
1427, 218.9223432149712
971, 218.85331507837756
1622, 218.82429822114173
2844, 218.7464882174554
2594, 218.60803156930788
970, 218.57262099707677
2237, 218.53604876616805
882, 218.36598760161777
235, 218.30080967708275
867, 218.22965212997175
230, 218.22421932098183
1312, 218.19539613463192
1377, 218.1479419301072
927, 218.12160336997567
892, 218.05163040772703
752, 217.94236936713074
2898, 217.93542308396937
840, 217.82518491296082
1601, 217.82340659852952
564, 217.80233339312835
1398, 217.70156152648616
525, 217.63804990606778
3268, 217.56089148499692
3359, 217.28807508656166
2162, 217.23585913652343
2908, 217.23075550185516
3272, 216.98703394694988
559, 216.941496174943
1343, 216.7461265300788
1330, 216.73975818318445
1014, 216.6662340527539
2141, 216.64403294387705
2888, 216.643412608558
1902, 216.62629633239743
723, 216.55280389862872
2500, 216.51855304264583
1550, 216.49590928445355
1920, 216.42793818760592
315, 216.4120310674021
306, 216.4120310674021
1578, 216.27955598254633
2116, 216.09880366090624
1926, 215.9229299979833
1555, 215.89603131938742
1544, 215.89005536289727
1295, 215.81995140099244
572, 215.77900731233933
1511, 215.7438176903134
1825, 215.57040555573084
1829, 215.43343527777682
569, 215.3405916145506
850, 215.31401393710212
1959, 215.26191779248205
3438, 215.23670908021208
1413, 215.2283976755627
689, 215.07203879625038
1273, 215.03780394636286
577, 215.02888137515586
1474, 214.99829276698566
2361, 214.94590005577516
785, 214.92389368662313
1815, 214.87690877948083
2376, 214.83274159580327
1989, 214.65695942801898
2227, 214.64038292275055
2213, 214.46912021872052
1804, 214.44747376205297
847, 214.41521659270802
1561, 214.14290061533927
2040, 214.07533015190077
1539, 214.02664321348337
797, 213.97238835829117
465, 213.89965955625635
1368, 213.8146411918827
2884, 213.60810904518323
573, 213.5470382480863
2916, 213.45696636967358
1006, 213.3968300854809
1378, 213.3752375564419
2366, 213.31902750095668
1426, 213.31521962095263
2254, 213.2212031731214
770, 213.12666797172474
713, 213.0285295716582
2899, 213.0105247769663
3045, 212.89781966159438
2830, 212.88375096170967
822, 212.86187734837404
3043, 212.70024784527038
500, 212.69350180311434
2369, 212.6767874581104
774, 212.64420830497713
2245, 212.63618067870377
2131, 212.57385119119533
2903, 212.38555847679112
673, 212.3668408980624
635, 212.33918341171926
636, 212.18783192268248
900, 212.14301086839734
1285, 212.13466483703627
779, 212.06120236511128
3085, 212.05334788351126
231, 211.99629396249395
694, 211.7823512110754
876, 211.59920611798995
879, 211.44249891718172
1393, 211.42792302474993
871, 211.33918612743705
983, 211.33907729261517
3237, 211.19741188755708
1278, 211.12489290439285
992, 210.92229251788345
1422, 210.85520067010938
2503, 210.81879163651575
918, 210.79711145287317
1500, 210.71208883419266
854, 210.6264958802543
3044, 210.4560602110201
2432, 210.24879297139552
1830, 210.22170230734264
1420, 210.17729334413164
1392, 210.1281392555073
240, 210.10648358320668
2166, 210.09226011921453
1909, 210.06685977446148
1352, 210.02527855164053
2881, 209.95532805630168
86, 209.9067042734163
2064, 209.88426292913738
1400, 209.7010866406643
1878, 209.56834595459458
896, 209.53577634676583
2882, 209.5337066217571
1480, 209.52126666475033
1417, 209.37980911337056
868, 209.36822716266838
933, 209.19709319244419
2198, 208.92612557825652
1817, 208.8789256254004
2121, 208.87661132688385
1293, 208.87192666453245
741, 208.77958780530912
1475, 208.67968921116164
3271, 208.66196900320017
1915, 208.64722370260304
364, 208.63013580289012
2199, 208.58912335812965
1370, 208.42329239404268
3030, 208.40162267873305
948, 208.23468193318038
1280, 208.19748552242746
2547, 208.07465643281654
1409, 207.9915816830536
2046, 207.9125294444247
946, 207.7767646531762
1791, 207.75346340173698
759, 207.690799277282
2875, 207.62828781910463
2154, 207.53665439202442
693, 207.463179455186
2515, 207.45144723211584
597, 207.39630235271247
1835, 207.37006195707184
656, 207.2932244777447
2163, 207.24211872160586
675, 207.13410241233106
1906, 207.12595259436495
672, 206.96047660989768
1904, 206.95474137334708
935, 206.815402530678
1831, 206.80121349201016
883, 206.71948790699992
755, 206.6764319685745
937, 206.63353878201275
764, 206.5051102364674
1841, 206.47565426239655
887, 206.46667637049268
2138, 206.41725051724998
763, 206.38021254572362
2246, 206.26554638020406
2732, 206.25576631552082
1411, 206.24586369565188
766, 206.18642663745254
1491, 206.18087180961993
2897, 206.17457477080512
985, 206.16615685906848
257, 206.10764109519315
1367, 206.0714809547912
323, 206.06246272859403
311, 206.06246272859403
2423, 206.01794152516916
1888, 206.0107511108531
2058, 205.86607584219038
3346, 205.8630585409017
924, 205.8324690509142
725, 205.41688323133428
963, 205.4059267097051
1036, 205.33504458641232
1403, 205.26555749161454
59, 205.2279033717748
870, 205.2174301350296
567, 205.0153909639688
1801, 204.96432180897665
2036, 204.93921039706217
1382, 204.91236012591608
614, 204.79792766403904
2842, 204.669668440067
1981, 204.56919260296635
1372, 204.44391053413563
742, 204.37138109388576
2148, 204.371219124995
565, 204.3363091220174
2114, 204.30212480778437
2123, 204.28164950517248
1419, 204.27121856668802
714, 204.20160111672865
312, 203.89233887832225
2319, 203.8871930328829
2216, 203.8189360565295
2682, 203.74460103582962
351, 203.73459676638362
932, 203.66841172572973
1944, 203.63900473041315
1328, 203.6026971042567
984, 203.57572814826145
3027, 203.57549238626294
674, 203.57499191434133
2891, 203.5654398298785
1346, 203.55000951332082
697, 203.5106097962402
782, 203.40228101365446
253, 203.38055388414304
346, 203.3285880645007
2331, 203.30128779127392
1618, 203.2845122440579
728, 203.23355749966245
2323, 203.11196077649444
645, 203.0956380062648
646, 202.97225687651343
1498, 202.96152062120467
1927, 202.91817063259407
3068, 202.89987370852876
1164, 202.88559928003414
1934, 202.85916477913258
603, 202.75146167079583
836, 202.68133157977118
1782, 202.63996403401143
704, 202.37733639419685
942, 202.30424887106489
761, 202.26542963104052
2146, 202.15482846482388
783, 202.05993525023885
800, 202.03348255590026
1288, 201.9774275751767
925, 201.9234984030217
31, 201.87748560357156
1563, 201.84931782224695
2854, 201.81783123213603
1458, 201.7821166888829
236, 201.74585466631328
1772, 201.6753899282886
2430, 201.65662249319467
701, 201.63881126142323
1595, 201.5911777914242
1905, 201.5199012700319
1277, 201.49858224605316
1992, 201.48894162156463
2470, 201.42721219233223
1018, 201.4036199900047
897, 201.31843127952666
568, 201.27733974702775
3037, 201.2658130549684
959, 201.21573155270235
640, 201.1946046600114
347, 201.03451258244726
986, 201.0244964613299
1327, 200.94498028296204
1292, 200.8417905885932
374, 200.83700903620968
1486, 200.7874673059635
2136, 200.7734611584436
2169, 200.75368532661494
1291, 200.74017796625904
1323, 200.68573305298747
1387, 200.64417920261198
813, 200.63431215542556
1405, 200.56610616113034
324, 200.52582121368468
2202, 200.45971058146586
1353, 200.43830204637146
1809, 200.38134438421594
1297, 200.34048314809888
660, 200.33167456865235
2833, 200.294219337428
1789, 200.2711174228149
2840, 200.25581552988638
1021, 200.22759512192133
1982, 200.09927249246326
720, 200.05180431300127
1357, 200.0404393817223
1554, 199.81692970065714
1388, 199.7555720013614
705, 199.75518477130947
3038, 199.64836643886437
1374, 199.64669600979545
2233, 199.54392299696622
2119, 199.41044379451571
1275, 199.35489213139505
2849, 199.28270866471422
1415, 199.24989339720946
258, 199.23520274641783
828, 199.19684953934274
843, 199.1956226963188
750, 199.15288211821954
796, 199.12958648274187
3363, 199.10133242102808
1391, 199.0357614570883
908, 199.0038807792722
792, 198.9476763842331
2578, 198.90342521736554
2140, 198.89866464757412
1499, 198.89556892725702
623, 198.88653113049526
2043, 198.81064363027312
246, 198.77098948427738
740, 198.76279190893854
827, 198.71793211288556
1453, 198.59072151554784
2183, 198.51469271515654
1020, 198.40567797918206
1270, 198.2781416758274
2130, 198.17821696856606
1272, 197.86551273794035
1548, 197.82310503220643
2847, 197.74094111266965
962, 197.7071396044213
2946, 197.6982487441819
507, 197.6682206693815
799, 197.64617815742142
1524, 197.59302635150777
934, 197.49104423618635
1340, 197.3783493628417
616, 197.37632449116282
2175, 197.24914267302802
2410, 196.8883241932461
692, 196.779124853599
3448, 196.64157352037662
1506, 196.6399844532229
2947, 196.5442467179613
1598, 196.53202262434627
2375, 196.52328303029344
2129, 196.41328265064948
350, 196.39648838427058
1469, 196.38659800019497
2377, 196.34951780710787
710, 196.30517423188442
422, 196.16666698864177
801, 196.075352146455
722, 196.06074207987604
2373, 196.05225900096065
926, 196.0373613017191
2336, 195.92477176430455
1265, 195.89009634040877
1294, 195.8620817878096
930, 195.75522488255504
707, 195.72264895413582
2232, 195.5370950757841
566, 195.45752369961158
1921, 195.36580428760772
1318, 195.35299762884515
363, 195.35189330070645
1009, 195.31185033371946
2725, 195.2997764664426
1779, 195.11151832091457
1786, 195.0080525020953
967, 194.7690436850855
3240, 194.5075323206348
977, 194.41654172681146
2063, 194.37275848964632
1819, 194.36610710707353
1836, 194.31165947175015
238, 194.25778368160977
893, 194.25188672258327
2826, 194.07804907657714
1354, 194.05900186754494
1329, 194.00594959070244
1949, 193.96851529561053
576, 193.9191167188036
2222, 193.82158260494958
834, 193.80922661202553
2176, 193.75864065934044
1365, 193.64300652679933
905, 193.62264751831268
1930, 193.60043605678376
461, 193.57679348401507
754, 193.53934713915646
1935, 193.51816458672906
1673, 193.4242911605829
1928, 193.37635308289995
352, 193.3441199181602
2133, 193.2655097646189
904, 193.15082294054886
973, 192.95288673098887
3230, 192.92520107211715
2085, 192.88195357976255
3242, 192.87324013605095
1022, 192.85167533913318
2876, 192.83921526437766
314, 192.77453287540888
824, 192.71908763699892
1808, 192.6426139591142
2950, 192.5425008547602
241, 192.5348342844127
952, 192.52708384554424
911, 192.39906964533017
459, 192.24736234901508
3034, 192.1912303421794
1479, 192.09532065369632
1954, 192.05523297726128
658, 191.95212866141534
1492, 191.80626973758547
2247, 191.7104682261782
1620, 191.6019448118268
1900, 191.51387878833316
2403, 191.4246776672417
1950, 191.35023387501835
810, 191.29007429243663
596, 191.15724123030793
899, 190.98497481398286
342, 190.95931773941825
931, 190.8231794032632
1504, 190.77998818246397
2144, 190.63074892168132
2569, 190.6032539824647
1799, 190.55476470126814
2902, 190.49657577115502
765, 190.49421501561883
1777, 190.46448268002956
976, 190.43300667579513
929, 190.38717342447143
2718, 190.2100217810925
910, 190.19232398725143
1898, 190.12980031042432
667, 189.91959492969488
320, 189.88751630771634
831, 189.8705031847543
1837, 189.82972351313765
706, 189.78032897663547
994, 189.69175813025842
1778, 189.68204268296924
729, 189.533508608547
898, 189.47968548457996
865, 189.44652120494422
1320, 189.29400295365542
979, 189.28675604282688
618, 189.27439696963287
1591, 189.2439476723445
873, 189.241845164237
1017, 189.23686263228421
1953, 189.18443308557454
880, 189.105862638782
2322, 189.09455825521377
1007, 189.07316788342078
1582, 189.07053799151564
702, 188.94762593956244
325, 188.8355176235409
609, 188.79111479167895
644, 188.74433803796796
3256, 188.69452717396177
1010, 188.6900381843486
2325, 188.67389121663635
1282, 188.64093979323516
2327, 188.60261065674894
703, 188.47119351967655
2367, 188.4051170168968
63, 188.36485097857113
807, 188.1258443031046
1414, 188.0819194864393
830, 188.06686451953686
1319, 188.01609685132826
2370, 188.0102981315829
354, 187.8547039308194
1827, 187.77670895119556
633, 187.70418774117024
484, 187.69301881864212
631, 187.62668375600717
632, 187.62052534143075
724, 187.58516588168547
2426, 187.54545122440913
239, 187.5323760912589
1932, 187.50319402497612
2425, 187.4500467706551
875, 187.39814295137003
1540, 187.35985890099275
1385, 187.35312830547096
2330, 187.33315475581955
1476, 187.23430297892529
2874, 187.2261430111857
270, 187.1521090677884
2672, 187.01590807763523
1832, 186.95287922066726
1326, 186.9186826091867
1332, 186.89946176249182
1569, 186.89378508277397
1470, 186.85584611878653
1485, 186.83872638986605
3015, 186.6900331531608
1394, 186.6398843026588
1834, 186.56631081196883
1351, 186.47710335441548
943, 186.44241000613945
684, 186.44172821372374
624, 186.44172821372374
944, 186.4002538620297
866, 186.33336571760543
712, 186.27303942108742
2880, 186.1063783861548
1311, 185.99620634669924
2000, 185.97090730044414
982, 185.87780056993904
3024, 185.87239673396047
1401, 185.7770876983505
269, 185.7437348072776
954, 185.63435371943947
1362, 185.55165347184447
1568, 185.47823422344314
604, 185.37408092038316
2126, 185.3387329835907
996, 185.30797836999935
858, 185.2935232103661
1551, 185.24267727257146
1080, 185.23295320215547
990, 185.16939752611955
2186, 185.13913094563756
2251, 185.1092553279296
2436, 185.06425649601283
891, 184.90618515512944
1366, 184.8682841769215
666, 184.84343104398778
1359, 184.82536483929476
2910, 184.80988215823083
949, 184.7580574981192
687, 184.73576128474627
1286, 184.73551741515533
1416, 184.72392355940286
668, 184.71424996207628
598, 184.60633138336746
2317, 184.55762542068567
1304, 184.49452461493865
958, 184.48533968398766
3012, 184.45449949874134
1402, 184.35219332928816
653, 184.31499361335588
974, 184.29449064166505
1946, 184.09160318451956
1483, 184.0774224530003
1769, 184.002678374678
2156, 183.98802037684837
111, 183.7905328667717
1325, 183.7162975727868
1303, 183.63332009073093
595, 183.5503297962914
819, 183.53355408179974
1335, 183.52227965726084
1008, 183.50396395582
2201, 183.45226472621755
1606, 183.41803696530894
998, 183.4079351788917
648, 183.4079351788917
1383, 183.34757798313368
1619, 183.29987183417452
1529, 183.24460201807182
721, 183.22516298635915
477, 183.06137130717443
1011, 182.9755552471554
1918, 182.971639211556
2149, 182.8484280983902
2172, 182.76853284844591
1774, 182.73707708012412
3022, 182.6877240569989
1016, 182.63898334806032
1489, 182.63548715841708
1307, 182.61558207786996
1956, 182.39511727870405
1903, 182.1393889318021
229, 181.9871648166033
818, 181.94945216565117
1015, 181.86761390080616
2834, 181.83541951041374
829, 181.82324596634615
1342, 181.81149751691805
753, 181.78370988051665
2332, 181.73808024578398
245, 181.63292245673176
1937, 181.63193382961833
688, 181.53344555741734
1281, 181.47580390528816
2518, 181.47132338920366
1276, 181.37814252321309
2326, 181.33590765055388
620, 181.3321525693014
1528, 181.1039716710741
327, 181.0534032088052
1192, 181.04921465937366
2132, 181.02495654907833
1055, 181.01648289934573
2151, 180.98805566191774
2127, 180.98561098587246
2197, 180.96830894152956
1507, 180.82081575688233
2159, 180.6825151410225
1833, 180.6302855498114
1305, 180.5867409020569
1787, 180.58243401158416
1948, 180.42886970697927
273, 180.36893894919683
975, 180.32799463420082
1783, 180.2910516312116
339, 180.29014572583543
2906, 180.25363511283604
1341, 180.18558823759759
1296, 180.1729657688385
3035, 180.1712963971496
1522, 180.14217129033082
1654, 179.98397581307572
1916, 179.88768086507582
805, 179.85653125454152
340, 179.80673678916352
756, 179.75820374334467
662, 179.74553164957393
3257, 179.70373529895303
271, 179.54634660461036
1317, 179.5224440741169
888, 179.4738288594169
292, 179.3941599766622
2281, 179.3683180739387
2147, 179.33900385504685
1284, 179.28979056675968
3450, 179.21808845345134
2437, 179.1873130737658
726, 179.17889603443302
367, 178.8661390484089
2895, 178.85945207645085
1896, 178.75334994078898
361, 178.73086061932722
1497, 178.72132978913257
1990, 178.62239625746844
2835, 178.52696322965116
700, 178.51828596113015
184, 178.42860735812118
1922, 178.39334148766076
1496, 178.31849758643276
1952, 178.28489634839863
1503, 178.26316966250252
1344, 178.22232257158004
806, 178.17065279264733
2225, 178.02239680966076
1376, 177.96517996243045
3273, 177.58103132954034
1621, 177.5294012615537
771, 177.37965276191667
751, 177.37074635896673
1482, 177.14493990741812
1399, 177.03863286880895
1793, 177.0214337725351
1897, 176.93980640835287
1570, 176.8552431768631
2328, 176.8306451633088
605, 176.79034103113256
1386, 176.6666564430115
1333, 176.66497618927556
715, 176.65315717688276
621, 176.6380984843626
747, 176.6070647918042
2221, 176.4625188559597
1565, 176.34183925447107
997, 176.21849942659375
1407, 176.17903897467343
571, 175.94426247386852
842, 175.63214537627567
968, 175.63172392553759
2532, 175.6142585083192
1044, 175.57592135889814
894, 175.35007724428928
1556, 175.3390514302459
349, 175.3251897264895
2215, 175.31842971487254
1766, 175.21509355523764
1553, 175.04160751487427
1019, 175.02867558323365
878, 175.0028471501462
719, 174.9872548268104
2161, 174.89469110562862
1472, 174.87902214253862
2418, 174.871349484565
1535, 174.82890945408974
1929, 174.79454420300672
1767, 174.736939917176
760, 174.70686098975932
2112, 174.59947981140562
2178, 174.46016510217117
2374, 174.45277405772134
1056, 174.35585855095766
812, 174.25588182463835
695, 174.02611805536577
2329, 174.0209260550658
1936, 173.94286564662642
357, 173.89680598105687
890, 173.85189292582854
318, 173.74924071902606
1538, 173.68023518806666
1471, 173.65869405204458
2250, 173.61453602321302
947, 173.486039547079
769, 173.4413860989351
1757, 173.30725393357665
1013, 173.17539673904687
767, 173.1537681479639
1349, 173.04605464124845
360, 172.90652662922358
317, 172.881393081167
309, 172.881393081167
1899, 172.8204655367639
2241, 172.7752794350586
2843, 172.42105229975488
1796, 172.37857015838156
1375, 172.3609666230357
1938, 172.2254988042843
2556, 171.99294100451138
940, 171.90330243339332
3001, 171.6879177038931
3013, 171.36920655591894
366, 171.298665049106
2893, 171.231187922013
345, 171.1488979292897
2420, 171.10727233195382
2128, 171.00994983471514
2883, 171.00948714599363
2932, 170.94706578643022
3224, 170.93460215031584
739, 170.76334679308926
1051, 170.71788146914562
627, 170.67346729880677
570, 170.6221421495124
2901, 170.46805970683747
877, 170.3930681434876
2174, 170.3546752242675
2886, 170.30282186833617
869, 170.20854875163548
3011, 170.07212560014713
1360, 170.03920924532466
1395, 170.02712134849986
2335, 169.99951827153563
244, 169.9977121936784
1805, 169.91091410118793
811, 169.89715521409786
809, 169.82471442197553
2137, 169.47805138658669
1363, 169.28250036064105
2868, 169.25195726166328
978, 169.1667899495342
835, 169.12736281693392
2363, 169.0116915199026
1313, 168.92121439073068
1923, 168.9090834716659
1797, 168.89656003009193
33, 168.80197827084052
2885, 168.36861045781612
1917, 168.3315256973356
1955, 168.31318981701693
1924, 168.058821008599
1165, 168.0333342075771
1283, 168.0178216781043
950, 167.99464684381542
442, 167.97432840386756
2253, 167.9526932226047
1988, 167.91010337018034
2155, 167.79849912486924
185, 167.79783688638474
587, 167.7559290398903
387, 167.71690818517942
1592, 167.69830420877256
2234, 167.67723318428855
1945, 167.6289420794449
308, 167.53810914636787
3451, 167.34309285491963
915, 167.09627371215356
2371, 167.07426138675902
348, 167.06929497720054
359, 166.89281658042424
3449, 166.8708281929742
1334, 166.869518995013
1338, 166.79163766495535
2118, 166.77750519847075
592, 166.6524488145695
995, 166.64952439696734
1546, 166.42096535447845
3023, 166.32368523078375
322, 166.31988502601448
310, 166.31988502601448
921, 166.18539022287584
2887, 166.17825442390566
652, 166.14109692561547
1093, 166.1234187927736
2892, 166.05855915587946
1609, 166.01848789945495
749, 165.93888970080292
758, 165.92560973312047
355, 165.88720737565066
2182, 165.84779184527187
833, 165.7651717483599
2729, 165.66988768858133
1552, 165.66071855499544
1337, 165.5327016707166
2848, 165.3445224664754
1933, 165.26769459941673
610, 165.0926228080451
1816, 165.0371622442596
1901, 165.03544744059764
625, 164.79289189614093
2838, 164.7790520278495
490, 164.54501310524222
1545, 164.49068660557054
2827, 164.36182873194986
1987, 164.29026052377307
622, 164.040107378225
1812, 164.01642140228728
3218, 164.0150048706425
2368, 163.8628585828063
1947, 163.73618121804193
2836, 163.7205902963518
1802, 163.6579199824367
874, 163.59569403114446
2054, 163.588592150765
589, 163.55573938500015
60, 163.45921683413957
941, 163.36355079534084
2944, 163.29342205685296
889, 163.17747487532887
3282, 163.03927355876064
305, 163.0003752389148
991, 162.9170633428601
578, 162.8908197390515
1845, 162.8710889608401
1843, 162.78079768647703
1798, 162.68746658556432
630, 162.519739126332
2995, 162.43075110398627
1000, 162.2510693746495
951, 162.17878865733127
233, 162.05123888133127
2316, 161.92536820382918
2001, 161.71122161439186
1763, 161.68768527351028
1092, 161.54547254130992
1290, 161.48472124528823
1350, 161.4567242232497
362, 161.28641035970836
909, 161.27962511054722
1602, 161.17753975921264
1844, 160.9630142683508
2357, 160.79032485451563
343, 160.75943449580896
617, 160.69687413715147
988, 160.69586776846177
1005, 160.5116828932168
2896, 160.47868925459454
25, 160.43029033573617
590, 160.32688392986896
1826, 159.76858876804542
1310, 159.56343384589803
1547, 159.49273581858523
802, 159.05730378436664
1775, 158.8630108426507
1384, 158.8061892204287
2945, 158.77355380228866
1972, 158.71137903874546
1379, 158.53842408442006
1541, 158.31296632710877
2035, 158.29508054631964
2894, 158.2390906496808
841, 158.19732374907284
1795, 157.85806255669664
1821, 157.6928653464412
356, 157.36158071077816
2855, 157.24115885798759
2890, 156.8476165030927
591, 156.84585495278796
1054, 156.63895243915644
341, 156.45102964749896
1842, 156.31655227319035
1012, 155.87676337835993
794, 155.61994085574602
2402, 155.60326851966133
1762, 155.56059931650532
772, 155.50756214073874
2358, 155.43113696205444
2333, 155.42547486603087
1526, 155.38716406962655
1347, 154.70411655074804
1373, 154.59149571543864
1931, 154.3695108094888
2248, 154.2157465133062
1784, 154.21388030934335
1355, 154.0338100149512
939, 153.45128916562186
2935, 153.44336050804455
1532, 153.4152595314315
223, 153.21872955369628
2364, 152.86146668804346
1542, 152.7228078296298
1616, 152.59985040522295
1613, 152.56003074655888
2143, 152.36848161879834
2049, 152.26858447557373
2904, 152.23798725725115
187, 152.2120080783372
3036, 152.2011605035072
3220, 151.7328938212594
628, 151.66257072367853
1764, 151.51991985558104
1919, 151.50759593110655
884, 151.48338211262205
629, 151.2658353532384
2924, 151.17906285699524
3309, 150.9405656947127
1768, 150.7484577154369
2711, 150.6702881834497
344, 150.58544906773452
1781, 150.42023920315086
1274, 150.38826320119134
1190, 149.6933801191713
1765, 149.47897046307742
49, 149.41571260072814
793, 148.38234637451632
2062, 147.95286812518432
2042, 146.80965082141833
224, 146.34976363194536
286, 146.05204760446043
1861, 145.53823010365207
316, 145.291002033016
901, 144.3561592309847
489, 144.0450897230003
1287, 143.59872679100292
2051, 143.33894148129608
1564, 142.88261249727003
2912, 142.72504271378673
2107, 142.70927231957035
2067, 142.6295384230007
226, 142.38233776627467
1267, 142.1739274905809
3219, 142.15024435845677
1364, 141.4177602413678
3216, 140.66819347083032
3223, 140.00800419575535
3221, 137.89737403309869
3222, 137.6569196622676
1536, 137.58849561266507
2925, 137.40658645714444
2923, 136.68589942370443
3217, 136.05754351338197
1048, 135.19139924552482
301, 132.62299248969714
2072, 131.64850802213937
1358, 131.54549580010033
285, 129.62929382298185
1049, 129.61776559548204
2931, 129.2053507352161
1925, 127.77956487661575
393, 127.22389405012393
2871, 126.85940101137159
2084, 125.45555948626652
1863, 123.88273575349281
2940, 123.88226374572453
2929, 123.31851360683119
1050, 123.23020767435985
2922, 122.82472457281932
2928, 122.81669393688418
795, 120.65628394769736
1158, 120.25101409766901
2926, 119.31196480366307
2937, 118.27596553676072
2952, 117.84413583264084
2872, 117.47231903514671
2921, 117.24621234526852
2927, 116.98974419947284
2911, 116.6641017324477
2938, 115.36669339042996
2933, 114.02240296982441
2939, 112.44532021855237
2941, 110.1634287340769
2934, 109.50876953060717
384, 108.72803916962172
390, 108.62397548347145
2954, 108.41782705482628
2957, 106.69529105903429
1534, 106.40295858804976
2073, 105.2009954645571
3412, 103.398638335083
2943, 102.82619064837226
2955, 102.53047123797931
486, 100.8060896241426
2930, 100.61875031834396
2870, 100.40245702245068
391, 99.97443978618367
2873, 99.18256172232023
403, 98.68371224017902
2942, 96.7105335216331
2865, 96.44341777133523
1064, 94.35055989751382
516, 93.86682484618282
1468, 93.68076340081704
3145, 90.80375324044186
2867, 89.79860549079392
3411, 89.57214316666919
1862, 89.28078576887208
1264, 88.8883445436881
2012, 88.5851817696327
2739, 88.09631482982432
519, 83.58473809680281
1157, 83.55928130860529
493, 83.00280711298579
3121, 81.02326868152832
183, 77.53159444452447
3161, 75.71316728663743
1612, 72.23631205625165
