1122, 5616.495031440594
3101, 5356.673117128181
2808, 4183.209159967706
3144, 3874.1803033727906
381, 3765.2461020388328
473, 3729.9541663565224
3192, 3663.98995231002
3384, 3575.3573748376343
379, 3518.63815341983
2793, 3509.7035680964063
2391, 3403.01129208846
2240, 3360.985327952889
2736, 3349.5708855569947
1877, 3331.7822588724325
3186, 3231.7110644494574
3050, 3195.8760011499858
3092, 3133.6751386074716
228, 3133.1927009261926
134, 3090.3335399617067
2789, 3034.7845694721746
198, 3004.095335476786
2106, 2932.193501922022
3143, 2870.717171606944
3246, 2854.397604673657
3380, 2825.3250249603925
3134, 2820.7929508867446
445, 2820.017500519918
3178, 2801.571503339133
3204, 2793.721348737183
563, 2788.118233321694
1439, 2732.7952789844708
3206, 2731.556354080889
2951, 2720.053010301416
1244, 2712.2991027573244
1033, 2708.7775779443873
2008, 2708.060979959697
2811, 2695.161427321851
2741, 2680.704278214286
298, 2672.0350379042957
3084, 2668.334520926123
141, 2661.264963071208
3133, 2653.688423327614
3147, 2645.7549528027266
42, 2625.9042421729923
3062, 2621.4153286395217
3354, 2582.559981362032
3284, 2565.892752101125
1993, 2549.54464276584
222, 2546.613850079518
2002, 2545.4124673802685
3312, 2530.0535200807117
1913, 2523.405459737377
3413, 2519.048375463536
389, 2511.2523515421535
3274, 2506.4056884767233
649, 2496.3971958239717
2005, 2487.099679341194
44, 2486.2765224108866
2795, 2486.127079789554
2810, 2480.2597238422695
3327, 2471.5991574645077
1729, 2470.754901111503
3199, 2457.5429423413643
643, 2454.861685190194
3170, 2448.567677885713
654, 2429.151788317223
281, 2425.9616737214537
1231, 2424.2761114407003
3095, 2422.2763048898937
2393, 2403.5172629880603
2505, 2403.150828728574
3443, 2399.814476823153
3059, 2398.334211878286
455, 2394.271332072526
1875, 2383.895856563314
3071, 2381.3983721495924
194, 2376.8224229547964
140, 2370.6668464816694
3432, 2366.159098524759
275, 2360.221126428155
613, 2345.726395034969
678, 2342.839216378399
1002, 2326.0847034701633
1874, 2306.738097667006
148, 2300.9984878964024
34, 2299.869564409786
580, 2292.0104321613094
3294, 2289.2144385078345
491, 2288.6772142637747
611, 2282.160780282019
3241, 2280.815157300391
3176, 2279.469766491351
3171, 2279.0468659736935
58, 2271.4477091182544
2003, 2269.262151060189
3304, 2268.7352071891073
3197, 2251.862123626271
2780, 2247.5939885184225
3278, 2230.718576249004
2824, 2228.734391557422
3289, 2216.778217162833
3336, 2212.035393101221
3079, 2198.9958273457446
663, 2192.085252946403
3082, 2191.1880905755625
966, 2182.2847704727583
2671, 2173.5448937156425
294, 2172.2396801462455
165, 2171.7987133703714
1104, 2164.9170286353515
73, 2155.3272574169882
460, 2151.445508077405
1677, 2137.8407219592605
1868, 2132.215323395459
452, 2121.5804025238413
3297, 2118.995848078835
2098, 2118.7403967227146
3435, 2104.375198514458
56, 2103.9049512418806
191, 2097.1847085311906
655, 2065.482940880427
895, 2062.4794896130984
3293, 2058.078329852416
670, 2057.4135203773153
1910, 2048.9443004068116
634, 2036.1005678714873
2723, 2029.8126886183443
3039, 2029.4993336355274
816, 2029.0576697137144
3083, 2022.9065686063793
3209, 2017.277471190093
1238, 2014.751579703195
150, 2011.6038468899749
1121, 1999.7446930778
2108, 1997.3426048885665
88, 1983.512761454581
881, 1982.7037814919079
468, 1970.7647427572763
439, 1970.7326460189065
3200, 1967.9191119363836
3248, 1964.118328080375
2782, 1963.099808416209
1695, 1962.5981019193418
1232, 1961.7174840123553
748, 1960.2647893769602
427, 1953.7336006048604
3163, 1951.9779221556507
651, 1949.1317406469327
3151, 1947.6412786822675
562, 1947.408733383648
1725, 1941.048005278379
2513, 1940.7878205685768
406, 1940.6826468013815
555, 1940.359956327003
863, 1936.230355804677
217, 1933.097913906226
2812, 1929.7259514723885
1894, 1925.372986551391
732, 1923.872040572613
2768, 1915.9887517435186
1880, 1909.1702309331524
2981, 1902.334789903241
2508, 1897.575366960265
1853, 1895.1286583234196
3051, 1894.137232225969
3287, 1885.983035525041
1687, 1884.6889619695078
2104, 1880.2985373921824
2583, 1877.585433578223
1087, 1876.8758891511347
2587, 1876.2741751858794
84, 1875.1240377685147
1100, 1865.6934009709296
2353, 1860.8721559915407
733, 1860.0983424991853
2021, 1856.977073788486
2442, 1852.371156582583
2816, 1852.0807429171855
1742, 1843.5618118698112
2651, 1839.0227007860922
2666, 1838.6779954928745
3211, 1834.9090385795373
1627, 1830.0555931525425
280, 1826.0150015299548
699, 1825.0081669599797
1738, 1815.6821732416295
1871, 1814.857724825129
1680, 1814.3029881051966
2696, 1812.4041722945044
3105, 1809.0780306531506
2566, 1808.2545921841522
3314, 1806.6868706340674
3150, 1806.3956686250924
1105, 1801.5892389768223
2041, 1798.6970630865562
3439, 1796.128566799015
495, 1791.193996061285
479, 1787.0897113484396
3213, 1784.5051307502392
2948, 1782.8704231897584
1666, 1782.3667342730796
3194, 1781.8858856712072
3305, 1778.6167073263268
1235, 1776.3445382441557
266, 1776.3232177387522
274, 1771.3138712298314
3315, 1770.1752387042422
1024, 1769.6040629657382
2048, 1761.9842042239368
408, 1758.0924534275698
1879, 1752.297478281125
3123, 1749.7823494967347
145, 1748.5516867597694
515, 1747.0701273921768
2630, 1744.1048217274067
2742, 1739.9051624782737
3433, 1738.0019990162198
2751, 1736.8754980553651
302, 1732.037216324683
1675, 1731.141352756997
2755, 1729.3140703614047
2017, 1725.9169180015735
513, 1724.0045213455498
203, 1720.1616911965093
1870, 1719.2952598722745
2562, 1718.5149005213163
2558, 1715.408989945792
2343, 1707.070916711017
1644, 1703.0320403379412
3120, 1697.477054711498
2784, 1694.527000395581
2721, 1687.3665106559035
1971, 1679.5012330746636
3259, 1672.447301826486
2454, 1669.9977498620524
35, 1669.2692900960367
447, 1660.1373266528108
3255, 1659.0846995663505
2025, 1657.8086975895499
48, 1656.800707230035
3283, 1655.3153419811274
3292, 1652.6584358633638
1084, 1649.8735411138505
1850, 1645.348230713591
3184, 1642.7492257784504
2491, 1639.9768475936296
2705, 1639.9389797104259
1722, 1638.8476526294576
3146, 1638.250344715682
2553, 1636.2599057584966
3183, 1636.0251592719032
3063, 1623.914243074022
2013, 1622.1228508226347
156, 1620.9354387045596
3187, 1615.607593869431
52, 1609.2914882048694
2622, 1605.5323399563902
1893, 1604.3586242568838
3225, 1600.1969206485574
2749, 1598.7033267008583
3324, 1597.894644552382
1707, 1594.6531964156247
2045, 1593.558855938277
2722, 1589.0885353079161
1892, 1587.144460519131
2514, 1586.889921304266
2788, 1583.7376231935568
2027, 1583.1254849213315
3264, 1580.329066429293
2020, 1574.410169080396
734, 1570.967752707501
3290, 1570.4626692507027
3415, 1566.5083527159122
398, 1566.313706848795
219, 1565.9528543752865
237, 1562.0653662894124
2536, 1562.04512565425
2758, 1560.8356909510921
3098, 1556.5428584006258
957, 1556.0812954851683
561, 1553.3768202735678
3159, 1553.3601165334087
607, 1550.9499688663163
3093, 1549.9759905218384
650, 1549.9460816086362
3239, 1549.6301380313487
480, 1546.4050777263956
2101, 1544.1296869137611
485, 1541.0838774116526
470, 1535.8413566323427
1443, 1535.4257982389352
859, 1534.2389862363666
335, 1533.687095623381
3090, 1531.922185396498
85, 1529.9383115946366
3276, 1526.990255656472
1968, 1525.3188501200957
3348, 1523.032464119748
679, 1521.4241962409922
3444, 1520.3681506406501
3057, 1519.23453347092
518, 1517.118832183259
2238, 1515.1877254120138
3243, 1509.8643072564282
1626, 1508.84261565493
2781, 1504.377783458819
2076, 1502.6996472752717
608, 1502.3587934573031
372, 1500.8777064261517
2773, 1498.9918379598662
412, 1498.267202644877
2748, 1497.2617489531988
3245, 1490.751150074935
1698, 1489.2976866094643
676, 1486.6427663765103
1869, 1482.0788611458393
3208, 1479.789488157776
2524, 1479.7496537878499
2686, 1477.8264190945251
2288, 1477.5274152658326
300, 1477.0555035951108
2694, 1476.1217424534616
1739, 1475.0440864789477
3244, 1474.7692563532444
3318, 1473.4884132471948
328, 1472.5995549605466
3129, 1472.2933639730252
424, 1471.1820419748535
512, 1470.5621112332483
206, 1464.8383383367986
1077, 1462.4803210162559
2620, 1459.9774914536997
433, 1459.503976376897
540, 1459.42293971417
1756, 1457.0577053288919
288, 1454.399432816008
3168, 1451.089426342086
3440, 1450.8706080591517
1102, 1443.9371806245538
913, 1440.8013781691382
588, 1435.894241350583
496, 1431.5800619013041
1718, 1426.895677573015
680, 1424.689282603788
291, 1422.8568452423574
278, 1421.9287462807506
376, 1421.6536090298698
738, 1419.6014581013117
3352, 1418.4773483711228
2574, 1417.9304691698007
276, 1417.6507385620716
2203, 1415.4316488472573
265, 1414.7326285686997
1643, 1410.0321028992134
2744, 1406.3411105574703
1646, 1405.411661362453
3130, 1401.61025922199
2034, 1397.2219839434279
3080, 1394.714015341306
2767, 1393.9001171962825
1703, 1387.779216037495
685, 1387.283968137513
3279, 1386.9588506922323
2390, 1383.77437012522
2917, 1376.111355479906
2657, 1375.725546701217
626, 1374.228492700101
2004, 1374.024945466935
2078, 1371.6472833507107
488, 1370.7825198391479
199, 1370.2694272696772
3185, 1369.0555484013455
906, 1367.4631949608934
2920, 1367.3678198111713
1770, 1366.3182315399063
965, 1364.7057084025723
1625, 1363.2481583292329
2688, 1362.8599487569115
401, 1361.3248790477628
449, 1359.8311640446227
2710, 1358.8241350391345
3042, 1358.190699637889
1732, 1357.3107502088098
3173, 1356.0233083096568
1237, 1355.76721944516
1682, 1354.7202804294375
2823, 1354.377139867793
1858, 1354.2897314322213
2483, 1352.379577651947
2814, 1350.5348058581512
173, 1348.8130575856676
2817, 1345.0342773296381
681, 1343.1075901590023
189, 1342.9636290153187
2863, 1342.1873739610407
2734, 1341.8738891676937
2759, 1339.5360693131774
3056, 1339.423794179127
1685, 1338.3076001007073
147, 1337.6981727227094
3110, 1337.6460020541488
395, 1335.5539418217659
3299, 1335.1373408455909
79, 1333.9084176543552
1249, 1332.1345994351657
862, 1326.3723031698373
1720, 1323.5618144356367
2640, 1322.970522971863
415, 1322.4001139432937
3066, 1322.3905276668602
551, 1320.2684746408427
838, 1318.578200344797
3386, 1313.8551859472211
1914, 1313.8106563965464
3207, 1310.0473878984167
466, 1309.4002083626897
1714, 1308.8225769750902
1258, 1307.5034631373428
2026, 1306.635422517441
2029, 1306.369219209779
1731, 1301.8165952251245
1434, 1300.73295666691
1433, 1300.73295666691
451, 1299.138145588777
130, 1297.3771980523743
1733, 1296.8243348627427
3347, 1295.3900981316572
409, 1294.2624197209332
1708, 1292.598237078008
54, 1290.5318507844402
1701, 1290.4989160040664
1243, 1289.2851939401407
464, 1289.1724899409926
299, 1285.3545239389532
534, 1284.946676235528
1111, 1284.3452313367236
2677, 1283.3238387211818
2296, 1283.0249887233795
2571, 1280.103632007245
126, 1274.3514534608655
1587, 1273.8032177027117
1106, 1270.7877694940832
250, 1269.8617697072573
3300, 1269.6908075809436
1740, 1267.1561576686752
3226, 1263.4022195364257
2776, 1259.6283110649053
1717, 1258.157508164875
2032, 1256.8576673889002
885, 1256.5129757668087
2607, 1255.5851462647208
1712, 1254.4399044750912
1721, 1253.027924112604
3281, 1251.8793898488373
3111, 1250.9816913502561
2093, 1250.857968936427
1686, 1250.2956470161166
297, 1249.6174839494308
1029, 1248.206994907415
214, 1248.0741265738814
331, 1247.5990332878948
2109, 1246.4363421220926
193, 1246.4152829215498
3040, 1243.2420505709595
583, 1243.1555443378988
3350, 1242.3903628907706
2756, 1239.431579436392
204, 1235.141693705425
385, 1234.6405299742792
3041, 1234.373134438706
2559, 1230.0042223069124
2102, 1228.451661265516
1256, 1225.5331044824993
1669, 1223.4730830560536
3285, 1223.0552885565014
2774, 1218.8460857063096
435, 1216.8329809494153
2507, 1216.5888843764574
19, 1216.1473608670728
2766, 1215.9156613459697
757, 1215.2559677968761
861, 1210.8529191734126
1715, 1209.928217809811
3020, 1209.2999547288882
3424, 1208.0522898254965
2820, 1206.7370014186693
2280, 1204.836703461667
2561, 1202.1757348702617
2757, 1200.077703519039
2111, 1197.8634452891029
2096, 1197.8634452891029
1159, 1197.4033614126424
3099, 1196.769607716609
3298, 1196.4228302225015
1098, 1194.797826910093
1641, 1194.3245332035076
2779, 1193.2709713579027
21, 1191.8443631657506
411, 1191.3180359185053
2520, 1191.1783731530911
1028, 1191.001485614029
2988, 1188.2071272381797
1726, 1187.3968183039815
1859, 1185.7385269938022
1747, 1184.7968802085386
471, 1182.4918118089365
2039, 1182.087356495727
731, 1181.8707115100704
1221, 1177.007594620067
2572, 1175.278666925133
2786, 1174.7950841495808
3214, 1174.7392843060725
2404, 1174.3307396616167
425, 1174.0393029706884
3190, 1173.3482734831798
1259, 1168.3199353617397
1058, 1168.187936120762
399, 1164.67738699774
2473, 1163.6044582776694
2650, 1163.5366534155885
2790, 1163.2925507813025
1057, 1162.6704988762729
467, 1161.5124308324444
365, 1161.340575414312
3434, 1161.2935002884483
2802, 1160.6137954855008
386, 1159.4414531793025
2690, 1158.4801832562985
677, 1157.798759002547
1611, 1156.98071289957
3316, 1156.2468234871342
2610, 1154.8920970456873
3128, 1154.674279686645
142, 1154.314749837113
478, 1153.8172241567502
441, 1153.666061634235
1873, 1153.6589831571418
3162, 1153.1135792656855
2224, 1149.6697119892547
2621, 1148.9483548647356
2272, 1147.2153265020152
3174, 1146.4106281175757
2083, 1146.170196833821
647, 1145.6856700590101
2785, 1144.3605736307131
3149, 1143.9368825031167
3447, 1143.6085176349902
2091, 1143.4460403908417
272, 1140.3404734604512
2011, 1138.6253029849847
3182, 1136.8684240889042
475, 1135.8508943598486
3212, 1133.5494772890474
546, 1131.3592356404156
1642, 1127.6427414038799
3097, 1123.1989815036159
3306, 1121.4818303585246
1692, 1119.6894629248263
2244, 1118.671245468255
380, 1118.628279933615
1690, 1116.0767418044982
440, 1116.0207945715758
1997, 1115.7940066129781
3112, 1113.3962855267798
3323, 1111.2485467744818
2649, 1105.9004976044675
216, 1103.752784559591
1891, 1103.0630864279465
82, 1100.8207830626477
1647, 1100.442438298149
287, 1100.1769060682316
326, 1099.5241148803616
2653, 1098.002601938949
1912, 1096.9231476261284
129, 1096.1318913288417
1980, 1092.7047700184326
956, 1091.3606813977196
143, 1090.182571813056
3172, 1090.0390070784565
3065, 1089.808966035404
20, 1089.4648661896722
2703, 1087.3585604960128
3404, 1086.848003758356
2338, 1084.9596220923738
3175, 1083.7164159048452
1047, 1082.7692809436949
1752, 1080.6759745641045
3201, 1079.9605252035662
1463, 1078.9464304875044
2314, 1077.5354474966375
3032, 1077.351712284056
3265, 1074.9615745027506
1755, 1074.3769886569585
75, 1073.3159241341734
2738, 1072.9136387871813
1381, 1071.5027428459546
1705, 1070.601818043515
392, 1070.4437209711637
2683, 1068.332299458576
2959, 1068.0644032737996
2645, 1067.991208284227
3203, 1065.887382646672
208, 1065.624861743217
400, 1064.6964162711904
87, 1064.6331834830446
2527, 1062.8288086410691
3295, 1062.4114484754662
282, 1062.188524097399
2568, 1061.269175811453
3445, 1058.176329834335
3202, 1057.3155073309151
2601, 1056.1036329731187
1710, 1054.7894148207558
2864, 1053.826494061151
1233, 1053.6946400933143
2016, 1052.606996493699
1630, 1052.3286457236916
3383, 1051.9394704418594
396, 1051.5451788968473
3288, 1051.5266772960774
2497, 1051.1772278046917
47, 1049.9400148174636
2525, 1049.8287152099897
2291, 1049.3474104636498
1746, 1046.457608608388
1991, 1045.4320603719507
74, 1043.8112595362677
1995, 1043.40885223874
2987, 1042.346637114825
2218, 1039.5687660056824
137, 1038.0181412823435
303, 1037.573801580958
2030, 1034.5798252708414
1854, 1033.3977789457706
332, 1032.8562968305253
3136, 1028.763420038217
1076, 1028.5613199624718
2258, 1028.2374347022358
1735, 1027.134548207619
3010, 1026.8252289900333
3442, 1026.042492741237
2681, 1024.5399371238095
2580, 1024.2336222058436
1851, 1022.0038618259464
2059, 1021.925484160416
2103, 1021.8993214458537
453, 1021.3882630471168
330, 1021.080562902053
3189, 1020.2154636237437
2624, 1017.0569933901454
2075, 1012.4084222281193
2305, 1010.5767844582463
1716, 1008.9539337803526
1684, 1006.6893660883206
2825, 1006.6085937119657
37, 1005.6262075373003
509, 1004.9100010923481
168, 1004.4293992249047
1633, 1003.6458331881886
1631, 1003.0588625820559
218, 1002.8355604045919
3210, 1002.6702067763365
2389, 999.9320973682921
2286, 999.4833611534694
483, 998.7343658080938
1975, 996.9271987489989
152, 993.9521381791017
329, 993.8225762844793
220, 993.2983420518185
2257, 992.3077752774753
1744, 991.5660582127055
2772, 990.7470351862763
2546, 990.3801824505563
2385, 989.0652934293006
1659, 987.9271898011516
2485, 987.4966941043251
1748, 986.8416369531592
1657, 985.2249388545774
3362, 982.1379109159027
2737, 982.0697308133978
254, 981.123653415371
773, 981.1072460730342
864, 980.3343322928728
2263, 978.8007416520462
1966, 978.5387884906809
2006, 977.9866661712258
1090, 977.3299063983089
2745, 976.9666596508006
1645, 976.2781215548551
1670, 975.8645407383403
3169, 975.4858072877108
2764, 975.3822413509039
3167, 974.9659388252263
852, 974.2039197204783
2549, 972.9907406648241
50, 972.1113439775081
508, 971.5656933296364
2726, 971.3411541848486
1668, 969.740468882358
1461, 966.3370208995191
1970, 966.1809681941226
1032, 966.097869346072
2287, 965.7398513818997
3205, 965.3645975583204
3311, 964.8787498264776
2712, 964.5673799398078
437, 964.2520985828471
1941, 964.2048258120478
832, 959.3921586279895
3389, 956.8653824497701
2963, 956.2510426386592
2307, 954.2629293319478
1252, 953.1578117083615
2652, 952.8300700027944
669, 951.4417453546203
1700, 948.1039357199306
2379, 947.2664850485211
213, 946.8132771595805
2964, 946.6132050049982
642, 946.3094483395764
2635, 945.8033690222635
1730, 944.3640502895435
1459, 943.8267417696296
51, 941.3747483475029
77, 939.521739287328
1848, 937.1418437658142
1724, 936.9266490726374
548, 936.2534288286048
1432, 935.984821899942
2720, 932.7032337859422
1628, 929.1662343231025
2597, 928.141274108147
2493, 927.7716376559225
2646, 927.7215428986763
2152, 926.3004201196077
127, 926.1449513530453
2668, 925.3945979651004
1699, 925.0960109345997
3254, 923.5820900588403
1741, 922.28068672435
378, 922.0251241480038
2608, 918.8263239923937
494, 918.7752412118916
456, 917.3311147028376
1672, 915.6296450509491
2294, 915.4508534834988
175, 914.9001651751745
3142, 913.5756689358415
1743, 913.3791991461292
3379, 910.8212197551699
1671, 910.5075288305507
2300, 910.253082884181
2989, 909.8329720394165
2641, 909.6150900132856
1967, 909.0463630719687
1517, 908.9301628088037
295, 907.2290834696221
3409, 907.0702719781966
1215, 905.7630453022301
2656, 905.7109110799807
501, 905.1004577580723
404, 904.4694384946196
180, 904.2619146273055
2807, 903.7296366549527
2563, 903.6475020636899
2050, 901.3527797323914
333, 900.5323223741061
2397, 899.8408054419933
1771, 898.0293836444235
2449, 897.9057443792659
1994, 896.987811936217
3054, 895.7207386434703
2456, 894.3126093547431
428, 893.7808072324327
2791, 892.21926791858
3094, 891.1964974817074
334, 890.8083071182302
202, 890.249262323669
3069, 889.0532069952216
2018, 888.696078354983
1071, 888.4597991672991
1205, 887.3178356631206
410, 885.8630413881643
2451, 885.6832945736581
2740, 883.1896035601344
2965, 881.4123588991006
1728, 880.3800717003311
2533, 877.2918532731468
1754, 876.9791594746439
136, 874.6908396197045
1185, 872.9888005936887
444, 872.9332749620563
3403, 872.3101980571043
1228, 871.2862647126582
2293, 870.9351362592325
2086, 870.4716883862649
2746, 869.598578251872
1649, 867.2813570294749
3275, 866.938949446028
2212, 866.7219109809643
2088, 866.0878813608674
149, 865.9389365430104
3426, 865.7631731781277
1466, 865.5873383084088
284, 865.3294185070064
3341, 864.5191509691789
1706, 862.6871366932704
557, 861.2943730450409
1745, 861.0801463699029
2015, 861.0461409020935
2024, 858.7610548832776
2070, 858.1448638516963
544, 857.9659629809199
1114, 857.7758253220704
2592, 855.2789555910725
497, 854.9439446481226
3005, 853.5779049073743
2381, 852.3526866179401
3191, 852.046084187325
2394, 850.8701078595294
158, 850.4936179059664
1964, 848.7776187784981
221, 847.4891717661042
1650, 847.4004271935934
2265, 847.1220971364518
388, 847.028432637045
1583, 846.1133638433819
2289, 846.0667427960414
482, 843.9707116181823
1026, 843.9536077365489
200, 843.60087141759
195, 843.0802251723491
1963, 842.907523357381
1140, 841.1422893321942
1515, 837.9503519409687
3302, 836.7461963719318
1234, 836.441232981697
1648, 836.0149352827466
554, 834.9805292645916
2697, 834.5097050597943
914, 833.9177915027359
1072, 833.116464352603
2611, 832.768319883468
2735, 831.5254846695932
3388, 829.7049006181749
252, 829.650934305579
3107, 829.0388653444065
474, 828.8750100478064
170, 827.9428554501142
3114, 827.0178083200738
2466, 826.9687504638441
3135, 826.8048154317851
539, 826.4254222060566
2777, 826.2890905553171
2486, 826.0955639790083
2308, 825.4829348876776
3401, 825.005177117492
1637, 824.4448606307105
1734, 824.3004881043457
1727, 823.9125056931825
2022, 823.561844144144
293, 822.9183708133863
2261, 821.9306831637298
1082, 821.0465045568274
2274, 820.142175199565
1679, 819.2795245759452
860, 819.2064676401816
1171, 816.7598077765083
1585, 816.494873649058
1704, 815.3103807519979
2055, 815.2624460653961
2575, 811.533277739886
1448, 811.5256138735151
407, 809.2136326091426
3148, 809.0961158842641
207, 808.9382645371481
2340, 808.629772578341
1533, 807.3489583373032
3007, 806.4206643856219
2419, 805.8728842293117
225, 805.7948637210925
1639, 805.5759601327002
1086, 805.2763161542825
1075, 803.7357407237032
2383, 803.6369976497459
3046, 803.0742687588247
1172, 802.5283020228544
36, 802.1941491988538
2528, 801.9093942856459
2986, 800.0570644252832
1204, 799.2702343552394
3385, 797.8073199692591
1665, 797.5885404948535
1110, 796.9058050870882
458, 796.189277625997
503, 796.1402484575138
1239, 794.3723886213882
3118, 794.1482030350652
1063, 793.8777177623978
2217, 793.3560706817378
1584, 793.0399649782618
1629, 792.2261623698939
3247, 792.0903429786564
40, 790.3805241365264
402, 790.2006210683198
2053, 790.1288319907276
1758, 790.0012414875606
296, 789.6640266807286
2019, 787.6428642486877
43, 787.4195027903354
1173, 786.920363471726
1502, 786.3394440076108
2283, 785.9033119546739
1697, 785.237219881123
1126, 785.2068735513284
1040, 784.8923683138429
263, 783.4288591870973
1681, 783.107160769383
1691, 782.3691503427315
2354, 779.2195686936292
39, 779.0787273792347
457, 777.5034055532983
2204, 777.2621320831773
1162, 776.7580139731159
1230, 775.987391756165
368, 775.5440746840487
405, 774.9355118656027
3437, 772.9480054476845
1260, 772.3143857020556
2980, 770.4501688881511
2475, 769.9613217150059
1456, 769.1582694293372
146, 766.0786612730207
2655, 765.9083713906689
2792, 764.4409434727219
80, 764.0568312000089
212, 763.640287461403
2424, 763.6080712388048
3070, 761.2953389796131
1142, 761.1471358046356
1513, 760.2912550854301
3077, 760.0176659409485
1603, 759.1372820163554
505, 759.0607371295382
521, 758.6194361011271
3155, 758.5317458071363
2306, 758.3106404418476
3232, 757.3584214716783
2543, 757.0539851632919
2461, 756.4698337398448
138, 755.1346124956447
2604, 754.2854740606504
3055, 754.0399253970664
2339, 753.8567386474023
1749, 753.1905148047266
1702, 752.4226420279807
2099, 751.7788783355355
159, 750.4899748591794
41, 750.3762745382386
123, 750.2819028918224
196, 749.5716051028079
3303, 748.4223752469297
211, 747.3642584944066
2348, 746.7552552396423
3108, 745.2711108605332
1604, 744.4443554155195
1751, 744.2198553176361
169, 744.0480738659335
2453, 743.496478041204
2778, 742.665003768529
2853, 742.6045752427661
3179, 742.0313249880666
2648, 741.6871625759622
3195, 741.48884143943
3419, 738.6182136308558
2087, 738.4367186861688
481, 737.6738389370537
3089, 736.6119302160937
1581, 736.5218801608155
71, 735.4744528658673
3072, 735.1586286372598
289, 733.0712323162898
153, 732.6495715800943
227, 731.5533417523742
2673, 731.5289172398301
3049, 730.6161717599006
2302, 729.9120552470238
1624, 729.883521725781
2179, 728.5795295074394
3258, 726.7100185990516
2612, 726.4886540972178
2298, 725.5750754751216
2239, 725.4612692094223
2693, 725.006000056771
1911, 724.9650524411603
3006, 724.5454213219826
2484, 724.0493625209676
671, 723.5706748100209
3296, 723.2938542341391
2809, 723.1824689495837
2259, 722.986154039765
3181, 721.6413936459239
46, 721.1758531537473
3408, 721.0641312007666
2033, 720.6860715328601
188, 720.2579318062125
2282, 719.0186607299476
736, 718.3507959330336
3382, 718.2412165564942
2235, 718.0344442487801
3370, 718.0124919684622
3231, 717.8864077330646
1736, 716.372229305441
2713, 715.9481489511669
1674, 715.6429979797547
2679, 715.6220366688276
2616, 714.6101463002492
535, 714.6043013738905
2278, 714.0424000847368
2105, 713.3650143814713
1119, 713.0589322267798
448, 713.0248145207535
2589, 712.4129651260176
2623, 711.5405933447921
262, 711.4969464257608
373, 711.4791534564863
337, 711.3109751397218
472, 711.2257370103464
3313, 710.9540831896079
1610, 710.4044495209633
2210, 709.9851497667987
2605, 709.720774480932
2961, 709.6975701638503
174, 709.5445629940627
429, 708.4238493235523
1027, 708.39986601505
1676, 707.8037639095903
3317, 707.2922506715869
1635, 707.2644425192706
2658, 705.5894068454894
45, 704.8132452215983
255, 704.4043170928039
3277, 703.0820452042926
2185, 702.8901397945557
1117, 702.3543390271218
1636, 701.72898651276
532, 701.2416992498161
2167, 700.9009582866775
3058, 699.2315673469636
3331, 699.0289316423292
15, 698.9089012256858
1696, 698.1309252140765
55, 697.4799874100006
1132, 697.2210532409583
2564, 695.3064510107357
432, 694.6945086547926
98, 693.0531261055501
3353, 692.3099226926422
2783, 691.9558910604118
454, 690.6044390418456
2071, 689.7784075079355
2821, 689.4467734652989
1450, 688.5663981119751
394, 685.9767520543422
336, 685.9194424936904
124, 685.2522957540643
2498, 684.50504095644
2531, 684.4790248473568
430, 683.3553520314929
582, 682.9044163498038
1737, 681.8082332997105
2626, 680.1542668778795
820, 679.1437326605626
1030, 678.28257611339
1750, 678.1854282584461
3381, 677.3466991859244
3160, 676.8266733787841
2687, 675.893669796064
1161, 675.6594136224188
132, 675.5879251333977
2818, 675.5099973686607
2100, 675.0303251428451
251, 672.7644537422455
3227, 672.7201498851605
1865, 672.1077120723163
3091, 671.6922669755199
1247, 671.4731324236952
556, 671.0509575499033
443, 670.2810270436106
157, 669.7757160782793
1089, 669.0201787799807
2763, 668.8849085525156
2416, 668.6217526824562
3113, 667.5673942715682
3407, 666.7481377532968
3340, 666.1148703070347
3262, 664.9457145975313
1066, 664.4665568954281
1651, 664.4186648529651
2226, 664.3941881702804
1531, 663.6071895787768
375, 663.5657263769345
1590, 663.4933925577466
2139, 663.18120483394
1759, 661.6994390771046
2462, 661.6435959063608
2519, 661.5593265882753
3064, 661.4901156791005
2968, 661.3038452406186
119, 661.2397689838679
1045, 660.2086674250845
1219, 659.386739816316
1437, 658.8947453872338
2548, 658.7244082558661
469, 658.5086611841059
2184, 657.8992506749239
2299, 657.4914604217428
2586, 656.7345154611537
161, 656.1908669711464
2490, 655.6652529442902
1444, 654.8095305618291
2704, 653.7488960671566
3166, 653.4114629506236
2511, 653.2323085466755
2538, 650.8969802427285
38, 650.7585333470902
2822, 650.7063415180901
1143, 650.2641828533233
2973, 650.0602366864905
2629, 649.773270578264
2455, 649.4803319007294
1652, 649.3339270408688
1035, 649.1618116335625
1060, 649.0453801594911
2094, 648.3273796365418
1074, 648.0352064301617
2496, 648.0048459277415
1094, 647.7617932297892
3261, 647.5320944665103
2707, 647.2454945945399
2492, 647.030623760242
1248, 646.3703768761435
78, 645.6206686083569
2464, 644.2945357134231
2264, 644.209489183406
2382, 643.9414985223214
2754, 642.7792860726265
3193, 642.6646276718857
1530, 641.2528135205174
2869, 640.9925693244514
1218, 640.9168594395277
2990, 639.8751734855468
2415, 639.5165486644332
2570, 639.1223252150451
2692, 638.8791218737103
1973, 638.5187233820621
2056, 638.026725199107
2285, 637.0728779621311
3436, 636.907860601361
2675, 636.1588671125837
504, 636.1488578383659
171, 636.1194757336144
2277, 636.0145889701274
2249, 635.2057573211473
1091, 635.1872384055985
530, 634.6990243892521
1177, 633.3148312466557
3344, 632.9044756320217
181, 632.5035375801863
2177, 631.0526201179382
3423, 631.001221026798
1960, 630.5108914230038
2398, 630.2880575783522
2069, 629.5580612731151
3373, 629.1913695206628
462, 629.1106371084105
1811, 629.0668201151337
3119, 628.0231068337697
2695, 627.8853336785406
2345, 627.6499010978597
514, 627.5816269884772
2969, 627.0233232408524
446, 626.8738107227769
737, 626.6892033034105
1166, 625.1331276025883
2654, 624.612770465926
3021, 624.2062616850733
1442, 623.8018924132683
2068, 623.2670529518027
2962, 623.2523749553695
1689, 623.0629820998306
531, 622.9122041063083
3405, 622.3292566324344
2110, 622.2695823464657
2534, 621.3512105271163
2979, 620.845318365794
1876, 620.8261376075745
1184, 620.6163045382427
3180, 620.5260841973466
550, 620.5012713130994
2349, 620.3626026202536
912, 619.7074186996398
2522, 619.5717117449198
1557, 616.9056474980065
2267, 616.8274019095513
1516, 616.2311622151628
2346, 615.2995944707618
2958, 614.1161722837795
1128, 613.8109123879756
2341, 613.7537958380921
16, 613.6953009697933
2581, 613.6396072701871
100, 613.4756248977626
2918, 613.1312136683584
2388, 612.8147147917193
3251, 612.7241291775811
2342, 611.7868542437922
2506, 610.766474889061
53, 609.9924624014761
3329, 608.9624542513525
487, 608.4415485013601
3378, 608.1060419623918
151, 606.5284523547973
423, 605.824975921413
2603, 605.5112914947044
2700, 605.3837979392205
2606, 604.2871780912352
2380, 603.7838989468564
3369, 603.7211466499137
1445, 601.9495351664895
164, 601.9397759056853
1241, 601.5071989361551
3416, 600.8278127074615
2727, 600.3135217418608
1113, 600.0698570079571
2310, 599.1364725085488
3196, 598.327756685421
163, 597.7312628740508
2499, 597.0898043623129
1187, 597.07761806735
3260, 594.7383100369552
2803, 593.7433033734346
2252, 592.910381998181
264, 592.6493146985217
3361, 592.519586846793
2638, 592.0270097936359
2313, 591.2559330188758
176, 589.595127931181
2488, 589.2909497075732
3106, 589.1222399280041
2301, 588.9591186400366
3165, 588.5236408842222
2509, 588.37711076391
2297, 587.8915438119085
2309, 586.456432235942
2495, 585.9184475992726
537, 585.7379551281028
1452, 585.6293711720386
1655, 585.3922237395171
2600, 584.8853295057673
1129, 584.4176090277538
3364, 584.0016857515001
1521, 583.4026249342736
414, 582.6400763351777
1849, 582.2323850780095
3429, 581.8027416866926
542, 580.2202087879932
3086, 579.8039608212256
2352, 579.7914223377206
2460, 579.6516679730952
2312, 579.4867276591791
3073, 579.2136983879682
2662, 579.1622137890855
2760, 579.1181545964349
128, 578.9989791373174
1085, 578.1774318575135
619, 577.7474570241562
139, 576.9709646614502
3339, 575.2613192926772
3061, 575.1233478060129
155, 574.27953400205
547, 573.8248904760977
3371, 572.815197313922
2452, 572.7135695876617
2284, 572.6553121909437
502, 572.3181903436318
3286, 571.4473657828618
2044, 571.1089051880983
1607, 571.086789486888
1978, 569.7045345850107
3100, 569.1721787138174
3019, 569.0878782581979
1429, 568.3195947431033
154, 568.2480111771455
2632, 568.1027251871745
283, 567.684618481645
1559, 567.3924961811654
3291, 566.7728711169988
2079, 566.4410436585088
197, 566.330589696462
1200, 566.1327618478471
2479, 565.6342272075004
83, 565.5403739192922
2009, 565.0492475152704
2753, 564.7226530872088
2665, 564.219033228148
2819, 563.9221730792626
1979, 561.8019141176724
2440, 561.6598237407982
1245, 561.023353205945
3402, 560.9536077306655
1115, 560.2902293834755
2037, 559.7673646133705
450, 559.5892018878682
2260, 558.0544424589572
1236, 557.7241592748019
382, 556.6230162784098
476, 556.0218987319691
3280, 552.9751707322168
3048, 552.5748250453081
3334, 550.283197411412
1031, 549.9614919267473
2698, 549.8370012228331
377, 549.3350727907033
1872, 548.902067812217
3301, 548.1073840235724
1124, 547.9992875187233
2743, 547.7130541084725
2644, 547.5382792261944
1462, 547.4946157037716
1203, 547.3686690757198
2966, 547.1190557737788
1852, 546.415483485296
2407, 546.3852173496487
3125, 546.0918740033075
1856, 545.5195912613398
383, 544.9469082181104
76, 544.7948718950543
413, 544.6339051738139
1025, 544.1360092003507
3418, 543.3462187663256
1753, 543.3165457997304
2862, 543.1319572118016
2565, 542.9213468123669
2714, 540.7926222482422
2970, 539.8385405157171
2535, 538.8696428188051
3153, 538.4239153772686
1169, 538.2530266458285
186, 537.943705928653
2337, 536.4306046845253
3266, 534.9345475495254
538, 534.7477338055133
2401, 534.1488760757666
1083, 533.8428464116133
2530, 533.8375960712982
2715, 532.7191078957717
2315, 532.4637446981055
2386, 531.0505115655837
2279, 530.8812411293139
2985, 530.161691628883
1145, 530.1236656418351
2798, 529.3156088612416
201, 529.1491862496785
1081, 528.0628806827106
2765, 527.8449885554925
2733, 527.2431006963392
1183, 527.162498944795
1464, 526.6645625607597
2444, 526.1373195481639
1193, 525.9456158773277
2271, 525.3016383431828
2092, 523.75643886162
552, 523.7336747494576
1299, 523.5720083675488
3425, 523.4381365521358
1449, 523.0236910999208
2477, 522.6869859781903
1042, 522.6158940874051
3047, 522.3947453543312
1847, 521.1792464838811
1041, 521.0299963012355
2292, 520.6326940209005
3028, 520.5726949970559
2684, 520.489455824108
1664, 520.3731135004316
1043, 520.3518456695983
1857, 520.178210298726
1589, 519.5215433858606
543, 517.6660556650025
506, 516.9979242332247
549, 516.6729076809788
426, 516.5076907498665
1263, 516.3207267765206
1212, 515.9917886056138
2919, 515.9065863867335
3078, 515.6763658146223
1465, 515.3026321443614
279, 514.451893024627
1179, 513.4646009422702
3410, 513.276151218545
3357, 512.2654649902704
3421, 511.0188388395691
2625, 510.95761855222185
2813, 510.8170632350992
2717, 509.79579507165386
1088, 509.7169934907759
463, 509.55810162957704
1586, 509.09406582016777
2598, 508.52152564934494
1174, 508.3648434199336
2747, 507.9750840683151
2975, 507.715685209996
2974, 507.715685209996
3139, 507.45552533438735
2591, 507.2315564157985
2303, 507.03863789769684
536, 505.6837635902989
1253, 505.66388663466626
1214, 505.6568952721394
2537, 505.1058103225351
2664, 505.0821711694401
2061, 504.543783164745
2417, 504.30931688232283
1867, 503.8690300305522
2670, 503.5558549435179
2276, 503.04851804464886
3003, 502.94225500048617
1202, 502.80260239396745
210, 502.7495508612983
3132, 501.7627242484196
2472, 500.60878491869477
397, 500.54199316395074
3395, 499.9269661159353
1855, 499.5973749496761
1760, 499.13237273943184
2978, 498.99853555617943
1683, 497.28173204902066
3333, 497.10299605308893
178, 496.8198401682719
1761, 496.60114110136055
1101, 496.1317950907195
2769, 495.59798602340965
3393, 495.338479803959
2699, 494.29554128969437
523, 493.5795091235842
3372, 490.67233139928675
2752, 490.40808243006796
172, 490.04510486878837
2667, 489.7461874029846
2576, 489.2611910045785
2474, 488.9931240776647
2797, 488.7331994318963
3332, 488.45149535661534
1099, 488.2395295441639
1096, 488.0503341119557
2660, 487.6818257202989
2674, 487.2387317366526
2457, 486.1047467313839
2661, 485.99981015576327
2552, 485.85775223171123
3198, 484.9922238032601
1662, 484.1273493199502
1608, 484.017877416616
3396, 483.7500276131076
162, 483.5754893095576
2730, 483.52380899060216
2223, 483.17117387614496
2631, 482.3137734437552
1229, 482.30583547246835
215, 482.28810872018204
3033, 481.851845321502
2494, 481.72902710217176
1961, 481.5976909397479
1095, 481.0989311179535
2510, 480.8538983057002
3008, 480.7731683838277
2469, 480.7645556030026
2396, 480.58701970550914
131, 480.3169949133917
438, 480.3122504446559
2617, 480.248825125364
1069, 480.04987738134207
1974, 479.0652807412631
3131, 478.98424332374606
2502, 478.36534433126343
2501, 478.36534433126343
2691, 478.2341049968544
2392, 477.9875178234615
2, 476.6388259848934
1660, 476.449906279941
2634, 476.43867226629703
431, 476.3475636847746
2659, 475.8321618983545
2542, 475.2377454672283
1144, 474.7392438025746
1226, 473.50225777689394
1688, 473.4342735158959
2669, 473.04407801998224
3249, 471.650186193413
2080, 471.6372629068162
2960, 471.4942629572211
1447, 471.478240736427
2627, 471.1070164230476
851, 470.6895600991864
2541, 470.06607505965525
1112, 469.9561831462167
2269, 468.877886975347
2448, 468.57696274600806
1451, 468.40823146669175
61, 467.337992172219
1301, 466.7870050314302
2637, 466.78180792344574
3342, 466.36484542565404
2521, 465.12305066369225
2405, 464.46969738493624
2266, 463.90802059113827
3253, 463.6496474613322
2476, 463.33296955839864
2614, 462.8269220978648
3441, 461.87002105317714
1070, 461.8667423444423
2609, 461.854123159686
3420, 461.63762339768545
1125, 460.2534998372938
1067, 459.8409677952067
1109, 458.7207148978315
1866, 457.8593078902577
1678, 457.8532355099295
125, 457.846762545584
3375, 457.74728558604903
2724, 457.68734102237806
2702, 457.17759816132263
91, 456.9667008312665
3367, 455.74082853009804
3115, 454.7162007700711
1148, 454.2294400768456
2089, 453.86413591254114
2504, 452.8330566329529
2794, 452.2410635199832
2956, 452.2245480064622
2387, 451.98718708490094
3325, 451.68428308378463
3263, 450.0881310657863
1130, 450.00910933794904
1436, 448.9839582275707
2014, 448.67303997925995
1217, 448.3833955369597
2478, 446.9195002769424
1438, 446.4014494879596
1600, 445.44826036946125
1773, 444.9658268578754
499, 444.3775594901037
1139, 444.29795426502267
2678, 442.69814116030545
1059, 442.5590740433839
2421, 442.29493495599434
3414, 442.025783207701
3366, 441.84993794905296
3117, 441.4329778894352
2585, 441.1980561381592
1254, 439.80857735320546
2567, 439.4852565757565
2529, 439.4304636819388
2409, 439.14923827010534
2866, 439.0997074395754
2412, 438.8243406273937
3351, 438.40425368403487
2290, 438.02527876004393
17, 437.58873336636543
3141, 437.5782892069513
2706, 436.9737206139572
135, 436.85706725719126
2413, 436.65387527109954
1300, 436.1032997877926
545, 436.0208401207607
2467, 435.45366780512273
1147, 435.06869014031406
2459, 434.70348049850156
2074, 434.58817165789424
3154, 434.5257054781747
2554, 434.21011807728604
2983, 433.923733469638
2676, 433.8475160971924
81, 433.2218977644877
209, 432.24204223895725
2082, 431.75272128955265
1596, 431.1655716091184
2619, 430.7735553241824
2304, 429.99960694395145
2771, 429.90667806844664
1257, 429.80381260560574
2560, 429.7641321983397
1446, 429.580493457719
1141, 429.25520995229476
2815, 428.3003614796265
3158, 428.282808814223
2408, 427.72955453280963
3399, 427.5722044310034
2065, 427.4845091937892
1881, 427.01333665203174
2976, 426.97867105324576
2633, 426.9307399604561
277, 426.89743378198574
2028, 426.8438629366717
2544, 424.9421948491568
66, 424.8432846943367
177, 424.5964084139617
553, 424.3787159112554
1298, 424.2163751489941
3250, 424.2098688471592
1667, 424.09855966844674
2557, 423.61001687080113
1199, 423.4820949995775
2685, 423.26734057921243
1560, 422.93838967906174
3335, 422.6501910165925
2577, 422.6228096334534
1227, 422.4528039764361
2595, 422.392666834525
2663, 422.19993495754306
3430, 421.85813144500474
3102, 421.6566961746995
1137, 420.8913211497822
1097, 420.5977854215677
498, 420.1784648541958
1116, 419.44947197196433
3398, 419.3754090389887
261, 418.8503011102956
2482, 418.4807321514689
1242, 417.9950779845368
3103, 417.99139230402966
2628, 417.33801839142023
2573, 416.9254353240063
3377, 416.44708108802797
1860, 416.2182569011067
1262, 415.7944554511636
105, 415.66042002782604
369, 414.570516746216
89, 414.3956617888971
1593, 414.2318428126586
62, 414.1446482880706
3081, 413.9355721939236
2642, 413.75759678564515
1160, 413.5433434515024
2523, 413.4642249650035
2689, 412.76623868208094
1431, 412.341851209221
3322, 412.31446975585845
2800, 412.1632770517433
533, 412.13129873795464
2545, 411.91849795203336
2796, 411.8905638294957
2716, 411.53643235299717
492, 411.4558052791187
1969, 411.3288618697375
2680, 410.3168420712097
3365, 410.24484769021944
1052, 410.06575917977375
1430, 409.82004198526226
3053, 409.03306822017606
120, 408.74427106407165
1213, 408.65047073582997
3358, 408.63837409594925
1435, 407.826988186335
2443, 407.79325501476455
110, 407.6306145613352
192, 407.0468988004234
3397, 406.3193454813842
290, 405.7393858729171
1209, 405.7249143068243
205, 405.57170943382266
2967, 405.260150282928
2480, 405.2527688701772
3076, 405.2471062869515
1251, 404.67464050388685
2719, 404.50058703394734
2344, 404.43330228932757
1154, 404.29290932001203
14, 403.94380026022566
92, 403.6438649862209
2588, 403.5012993182632
1175, 402.7463964682688
3052, 402.5499726773689
2356, 402.33113104500103
3156, 402.208510308498
99, 401.3563370880745
3157, 401.3561122904051
3124, 401.30852213187626
1998, 400.9728094271911
2909, 400.81606927970915
3109, 400.7908419182105
2762, 400.7550453045049
2465, 400.47045419869914
3152, 400.1439979594852
2007, 399.8967621095949
2618, 399.47000794845616
3087, 399.3107272002749
1188, 399.0757446800464
2701, 398.84725981759766
2447, 398.5607456501919
2613, 398.11995744461143
2602, 397.9064915896461
3074, 397.72464671273787
3067, 397.43680202517896
2047, 397.14727807766883
2445, 397.0059417302896
3390, 396.8126128029812
1149, 396.7290444416262
1246, 396.50517561132415
2481, 396.39169338610066
338, 396.17105959280326
2458, 396.1697661047184
133, 396.0834828599426
3400, 395.6873641125207
3326, 395.5990691650606
3004, 395.4330600417594
3307, 395.3870377290292
3104, 394.8897643152637
3394, 394.7143423593777
3088, 394.41196542315123
2977, 394.1330513967118
511, 394.09429525368523
3075, 393.92205466874395
2311, 393.63391753073006
3345, 393.18868915122493
3096, 393.1297719175248
2406, 393.1019361253094
3338, 392.98928103523235
1182, 392.6675112358659
2643, 392.52303896391544
2761, 392.06721729285437
2489, 391.75791558017823
2770, 391.6157457783707
2463, 391.24273228277997
1222, 390.7184991768357
3330, 390.15640675040487
1597, 390.03508167212533
3116, 389.94908585848765
114, 389.9169177238722
541, 389.7196512291246
1201, 389.2752185239547
1176, 388.6657468590256
160, 388.47214559279786
2512, 388.4518782326934
520, 388.3672657542973
2599, 387.80795149935875
1965, 387.5718888451525
1046, 387.4436881230481
1711, 387.40456958709217
1261, 387.07735306889094
2023, 386.7555509177602
1208, 386.47981659654835
190, 386.4255215312883
3127, 386.04296679921026
1250, 386.02785431955806
2487, 385.6724220370301
436, 385.485998865994
3360, 385.0303600465605
2728, 384.3519200293016
1078, 384.3299464878127
3355, 384.2962559899174
1107, 383.97981355981796
1197, 383.501914243051
522, 383.1886281328802
1225, 383.001133935227
2268, 382.8381701534378
3060, 382.70625745304915
304, 382.37325095846444
1514, 381.9224989657893
1656, 381.89305504118005
1127, 381.8303926992314
3328, 381.7296707142268
3138, 381.44057557362856
2708, 381.3856458276808
2584, 381.07604316142215
3337, 380.6488423678612
3427, 380.3640684591841
1441, 380.24394162457367
2446, 380.19649034730304
1108, 380.18719767329463
1195, 379.797434922053
103, 379.70125921206403
2411, 379.6307404661226
1223, 379.1270970516397
2081, 379.1052874772178
106, 378.9593268905218
1181, 378.8689517658985
1167, 378.399397992069
2347, 377.14527458564197
2516, 376.80425894545624
3252, 376.62660368756946
2593, 376.06791002124794
113, 376.055743813557
2636, 375.3600588106006
1196, 374.75263847786107
3137, 374.7329231499973
2639, 374.0879072561533
2540, 373.229248417056
1520, 371.41500714836747
2982, 371.0612691543792
1224, 370.9347309530139
3308, 370.6115824828773
179, 370.2608722423342
3391, 370.1049507515844
104, 369.9697206406245
2555, 369.717952169163
1206, 369.3075153382561
434, 369.1682153877486
3349, 368.509735432689
2582, 368.47457105202085
2057, 368.38051005368584
3406, 367.6618170753756
1136, 367.6589438182305
102, 367.5657802903378
2077, 367.51713697177627
1713, 367.4458197786989
3126, 366.9742850209584
2052, 366.5227091759667
1131, 366.50805039290196
2984, 366.27689435939004
2551, 365.9914262925259
2799, 365.40403268039796
1120, 365.3359204214829
2775, 365.20652795092207
1123, 365.155403354605
1658, 364.48933192866036
3140, 364.0914291170298
2590, 363.7168915556724
1460, 362.62219555471347
18, 362.24781402773596
1133, 361.9437725679855
3122, 361.7074419392456
1138, 361.20330034254334
2031, 361.00390010767075
2090, 359.5473989436182
1155, 359.4046593011093
2787, 358.35075063465575
2378, 357.52670697223715
3177, 357.3339845921162
2526, 356.9804776206292
1207, 356.73969591126894
3368, 356.61426372795864
2273, 356.3231163778193
95, 355.97573710094207
1996, 355.3165064065865
121, 354.8056278625492
2468, 354.4222626548551
1163, 353.66879555087445
2399, 353.4521019037424
1428, 353.10993408343495
1477, 353.0888816886462
90, 353.01547717536334
1240, 352.1114254808064
2972, 351.065098858779
2441, 350.90021272704047
2414, 350.644655373589
3356, 350.5370328730648
2450, 350.4636608786056
2550, 350.35845395256797
1194, 350.1351123124039
1537, 349.9890923583437
1168, 349.1621426684751
2384, 349.14296627924494
1220, 348.09793089462795
267, 347.95435400335197
2914, 347.93692298747584
1053, 346.7747683803988
510, 346.7644867771248
2539, 346.7411522460043
1061, 346.6996501979559
3446, 346.3699165903073
1170, 345.92106910546016
3374, 345.19706818198057
1103, 345.03914155988986
3428, 344.553438436637
2913, 343.0710692050932
3422, 341.44265945275043
1118, 340.39564824259884
1068, 340.1491992753473
1135, 338.39366155906134
1146, 338.37823444531983
101, 338.0650621702666
2350, 337.78526206646734
517, 337.4000740851733
1719, 337.2508531058753
2596, 337.21846978671795
67, 336.5454226737959
1186, 336.03227743441613
65, 334.22467564920237
72, 333.1016617766675
2097, 332.7511682436568
1079, 332.5514055475514
1519, 332.2396111466864
1588, 332.2024478912011
3376, 331.36774842070776
2709, 330.9572719627355
1198, 330.72886186572697
1034, 330.5939211238216
2647, 330.2321866161828
3343, 330.02964459264365
2395, 328.9560803559935
70, 327.71860776164414
69, 327.71860776164414
2915, 327.68563423914395
1406, 327.4710256347352
2066, 326.6706171391988
2615, 326.32550450475253
232, 325.9353280499078
166, 325.5203347634224
64, 324.9141734451123
3417, 324.4402527173107
3392, 324.0029422515952
93, 323.9223342387167
2060, 323.0463046522586
1693, 323.02354604633155
3238, 322.9371031111014
2579, 322.2885618113599
3387, 322.2265278923169
1663, 321.87791363954335
358, 321.5675746200709
2295, 320.4262728016415
2355, 320.22855255174443
2038, 320.06797325747124
22, 319.27038372711735
2471, 318.7390978872484
1558, 318.42684638293133
1189, 318.37982546034345
108, 318.3218601169164
1065, 317.03957500125676
2517, 316.7953003032251
1813, 316.5110162359999
2400, 315.19111317464984
1962, 314.80332611812304
1134, 314.7154484075743
122, 314.70158086549884
3359, 312.81678992056027
260, 312.17624926654764
2594, 312.1059466277388
1440, 311.95903842157844
144, 311.86355726675714
1605, 311.60890981263043
167, 311.47447047798016
2500, 311.4594226471096
1073, 311.2093363367022
1216, 311.19007316254744
1518, 307.51270223484954
115, 307.4526258244199
1150, 306.9575474525986
465, 306.305801601503
3438, 306.0471753058385
1864, 305.6070040306232
1397, 305.238485623473
1180, 305.1298301976295
268, 305.0511141471723
1191, 304.38052847950985
2040, 304.1735552439778
68, 303.6146909931637
1634, 302.2828792794173
97, 302.26372517283124
500, 302.08721412232165
1467, 301.89403761729125
3085, 300.76079095932585
32, 300.6089295473925
2916, 299.09299668461455
3237, 298.5891657752623
2971, 297.30444067851533
2503, 297.0679942849623
96, 297.0510116708053
1878, 296.6098203426587
1632, 295.8664713460891
86, 295.82715770073173
1152, 295.3442906936908
2064, 295.22458982774214
12, 294.05453538402594
1178, 293.0973348805447
2046, 291.18769436129645
2515, 290.89520861785445
1694, 289.76696173642836
3188, 289.03082747222425
59, 288.7634641684917
2058, 288.5785987645795
1156, 287.86758125016405
3346, 287.45329817503426
3164, 287.3488672285732
2732, 287.0048382572449
2010, 286.8872773101696
2682, 286.5086772092644
1151, 286.3567109449753
2036, 285.98191131613294
1302, 285.21083409714953
2270, 284.7972267033543
109, 280.0734265633401
13, 279.5907354249666
2470, 279.1211143568786
1838, 277.539076329156
1164, 277.45508355345174
1316, 276.3165114679691
2900, 276.25368485382677
2801, 276.1107936788963
2351, 275.7955032352264
1958, 275.4436159629304
2578, 274.8177533015074
2043, 274.71342160205614
3363, 274.52329976621235
2861, 273.80024820916196
507, 273.4430145426949
1709, 272.0547040755463
1457, 270.03872775638916
3431, 267.86971586056933
3240, 267.1995070499218
1153, 267.091169255046
916, 267.0240190117065
461, 266.93570949483336
1638, 266.7097129067348
2063, 266.37676373057445
2275, 266.17909989674285
3236, 265.20545957073506
2085, 264.3167648406633
459, 264.23584131818654
637, 263.931624701217
3242, 263.78679678213445
2725, 263.30183833405954
1800, 260.9464868972154
2569, 260.2215114772179
2718, 258.7712399316205
1, 258.55866738234226
768, 258.55401565408437
2860, 258.4824313792551
1661, 257.83324648139705
63, 257.60829892784125
2433, 257.11484998283845
4, 256.2435978452584
3256, 256.0513938073724
484, 255.5689708883925
3310, 255.09067973226138
182, 255.03027544143973
10, 253.9203072472684
1574, 253.09751154276864
2192, 252.86442244236312
117, 252.49638633611355
2672, 252.4632788022009
3234, 251.93915853459302
1062, 251.377173669008
2910, 248.78973537020948
1255, 247.39625902421284
2857, 246.86495333939
1454, 246.21232262761603
477, 245.9944343636957
273, 242.67545731531246
111, 242.5208043801615
2518, 242.33813943682057
116, 241.96994395956685
2731, 241.61692632459452
641, 240.58210819304168
1785, 240.2164552667762
1562, 239.9501035201662
3257, 239.93606820924617
2320, 239.59440796156346
1572, 238.88880596417522
1814, 238.75662677971098
292, 238.62779704320698
7, 238.3667048059476
184, 238.107361982393
953, 236.9235752726048
3009, 236.6935940808473
112, 236.39590144776645
3235, 235.72523590383287
1324, 235.44496728669893
1788, 234.72593634742478
2832, 233.61583465349688
1576, 233.3363180156014
2805, 233.0110335046776
2532, 232.31925707977354
107, 231.51750875107982
28, 231.342060204504
1794, 230.87176649101204
823, 230.86413073940588
1535, 230.85131494158307
1573, 230.38051622527797
118, 230.34987322502423
1818, 229.52348665696698
1543, 228.05829795770984
0, 227.98369516357369
2999, 227.76225868229068
826, 227.54793340034274
2191, 227.45227866098404
6, 226.9984191755999
814, 226.7543553921722
1484, 226.3811156284859
3, 225.90698298924667
1723, 225.76767626345017
1309, 225.7337109127503
2556, 225.487893292639
9, 224.85232119400234
1509, 224.47511245287248
11, 224.3223224888819
2153, 224.18345260010256
1051, 223.65009808449284
30, 223.258078805713
1410, 222.07676937358715
3017, 222.0487342238071
2868, 222.034259667239
745, 221.6144821065935
524, 221.36632026420324
2134, 220.15818706125904
33, 219.53808215089663
387, 219.3177565734828
848, 219.2186009405903
2208, 219.13831028388026
185, 218.97856739146764
1567, 218.89630134332202
442, 218.81617707472822
1004, 218.4918352010055
1882, 218.3967273951593
1165, 218.1586696367044
2211, 216.6182446721167
5, 216.48126071452324
1093, 216.36844634000275
1824, 216.183406099429
735, 216.1548307707256
94, 215.9726183902381
2878, 215.15772502312055
2158, 214.86744599263233
490, 214.57301877845728
2889, 214.504317235875
8, 214.15785384819347
1418, 213.68491477203648
421, 213.15163069136074
259, 213.08815436484136
1575, 212.73462284897778
2242, 212.72401790036247
1940, 212.35299482457657
1939, 212.29930344228816
1806, 212.27849837010558
2054, 212.1667635056545
3215, 211.9095649685041
60, 211.75557493673253
3282, 210.97597987218896
1571, 210.66606497957238
305, 210.52567642950143
788, 210.3295870200393
2193, 210.08216538600846
923, 210.06523182953902
2856, 209.54487187035056
1951, 208.97296552279502
1092, 208.6285860703678
3000, 208.52140854880824
682, 208.0262533113669
2170, 207.9183231071992
2859, 207.8391121443213
1269, 206.52649596395025
590, 206.47227517918932
2207, 205.42473319277786
3025, 204.89455532862357
2806, 204.7836524770161
786, 204.72256553410867
1003, 204.69548690968242
917, 204.43340300965025
1972, 203.94328945230671
803, 203.47566353155713
526, 203.1637169635371
2035, 202.96942699938384
2135, 202.95857034872978
29, 202.76965782517652
1810, 202.73489744316933
1907, 202.7079596331455
744, 202.20532932526044
1780, 202.11974924145628
2429, 202.00708126076873
2180, 201.93667928088541
2124, 201.9219054187309
1884, 201.8875522072873
1210, 201.82042886177013
2435, 201.50231164596414
2428, 201.50231164596414
1640, 201.28396138583116
791, 201.217846587942
2205, 201.18763771977353
1776, 201.0969190911277
353, 201.09623391363257
1054, 201.0686264782566
2991, 200.94236565598774
248, 200.70914017870606
3269, 200.48377340140362
615, 200.4830105124262
234, 200.34190384990583
857, 200.3056148284915
1889, 200.2759582994267
727, 199.8053978660992
746, 199.44500274057995
1039, 199.17057638696164
1306, 198.53351919797996
1525, 198.50261951298714
3228, 198.44432177499363
1424, 198.4213387526257
3029, 198.362245619904
2236, 198.23961958886872
3018, 197.9911071385326
2157, 197.62924586343416
3016, 197.28726343467224
2194, 197.10283486892442
686, 197.02492241853025
2243, 196.96380775030164
2318, 196.76944504683718
223, 196.4735941273478
945, 196.0934434439979
1356, 196.05566593493833
1617, 196.05060984709448
2262, 195.9409048986489
2953, 195.72506769763442
417, 195.70663402352235
716, 195.47046009456727
2936, 195.44726004380564
2195, 195.3093255935924
579, 195.20891508061933
1885, 194.8307037427204
1807, 194.79631552187092
2997, 194.67211444907863
781, 194.66719218865276
1487, 194.32876781399776
249, 194.3258929630309
2196, 194.2382763213196
416, 194.1881006776329
1822, 193.99994039553843
936, 193.55784699720246
2049, 193.55450124365927
187, 193.34182199973458
321, 193.25127775112603
1623, 193.19955821106953
1895, 193.17245128329742
1999, 193.1609959291172
1336, 193.11188743052378
1423, 193.03591884601462
980, 192.941808702722
575, 192.86615259437755
1566, 192.83816765819762
527, 192.4819036418491
1577, 192.30553317814662
778, 192.27722879144616
920, 192.18484968847807
612, 192.14590446422318
844, 192.0467228145053
1653, 191.99251702594046
2188, 191.87208885096206
2711, 191.82681118737
2924, 191.8148856197457
3233, 191.79476890576032
762, 191.7743407305762
981, 191.70346399215043
2438, 191.65773009293014
1943, 191.62338356133475
2187, 191.46354140705566
1615, 191.45657130622965
1580, 191.4351453435029
3309, 191.2930734281294
1279, 191.07471744371324
2434, 190.76624676207712
961, 190.75719333496923
825, 190.65256533583943
2160, 190.64014385038763
2993, 190.4925101243441
581, 190.45267138340677
3319, 190.41033964938674
23, 190.3812639611326
1023, 190.34577711960722
717, 189.98393384811234
1985, 189.62665805191673
698, 189.47208001126944
955, 189.4269274679853
243, 189.40520916817707
3320, 189.3505438189144
1037, 189.2035679060521
2189, 188.88128408179227
817, 188.79602617702855
2431, 188.30179317374603
1425, 188.25322789480998
2145, 188.12900510039137
2949, 188.07051631721367
2095, 187.91499622150812
600, 187.86032285413305
2365, 187.8572859070606
24, 187.8227918659388
420, 187.65086455146707
27, 187.59225771253753
743, 187.4204111265006
1803, 187.3795237757276
1579, 187.36322184112305
922, 187.33475534669958
49, 187.24231158331324
2360, 187.20547825717338
1976, 187.10471894884125
319, 187.01906606017238
2362, 186.9126946061399
2142, 186.62418145887764
2062, 186.46690269054108
815, 186.34288761340036
1038, 186.33814907506502
960, 186.1867499541254
1977, 186.14766443287138
2220, 186.07538396966174
247, 185.99467346907315
2879, 185.5595788550098
1412, 185.53132113907105
969, 185.38123922642419
2214, 185.1394957567542
808, 185.10787742190084
1331, 185.05566371618053
560, 184.99239447182003
1404, 184.9323225014947
787, 184.74982254705336
2845, 184.57951730609747
2042, 184.39994882470953
709, 184.3150416871042
1473, 184.16399106161396
224, 184.1572069570179
2181, 184.02395023408465
1308, 183.9551517131571
999, 183.82839037174077
1523, 183.68504699412213
528, 183.56600639567378
574, 183.49412718966397
419, 183.39317877396417
1371, 183.35491317782314
2829, 183.3244891082304
370, 183.21280473389743
286, 183.08070231113413
2122, 183.04259446492986
2219, 183.01694022294288
2846, 182.82521917912143
1599, 182.7235576983279
1840, 182.72231181451662
1266, 182.61050168050988
1490, 182.15199966477735
1861, 182.12253840612567
2828, 182.10363195215842
2907, 182.05527589988307
601, 182.05065109673686
691, 181.99021736546868
1495, 181.9658355250808
1890, 181.7956998272862
585, 181.7175940588157
2858, 181.1345407439983
804, 181.02783327590885
856, 181.02765539453233
1314, 180.99352980219976
2422, 180.92551842653558
1408, 180.88476474247773
964, 180.78783259010484
2992, 180.7744685199926
242, 180.68982919838461
1510, 180.61530879953847
489, 180.58941794590174
594, 180.50199243967248
2427, 180.39529020152307
2171, 180.32084486957928
1823, 180.30218355588804
2173, 180.2659799029798
418, 180.1821638205696
903, 180.09349942813031
2231, 179.6715045836723
789, 179.56190990610574
2209, 179.54248917059243
1289, 179.5358868520035
1321, 179.4164142075582
2051, 179.3618696063067
907, 179.32578271495973
1594, 179.3212610063469
1839, 179.21380907352744
529, 179.16425970746803
2996, 179.04805236437818
313, 178.99817853686827
2905, 178.96718650158155
1942, 178.76371282321568
2228, 178.7463412791925
1427, 178.7403052460999
1508, 178.66770065791235
2168, 178.63750642206068
1501, 178.61476664485647
2877, 178.59636240496505
1887, 178.44341055245386
2107, 178.40882848344793
1315, 178.32148119749394
2912, 178.22609113792646
1478, 178.17754575946356
2206, 178.1732635913946
1527, 178.1176568000318
3026, 178.01251525021237
1790, 177.96334344101209
2200, 177.95090347586742
3229, 177.79738140312986
780, 177.79003377308754
586, 177.74543290983803
1846, 177.74257644999363
2165, 177.7066285623411
972, 177.58185742733698
2067, 177.5633860752968
837, 177.51267171919113
1505, 177.4302619533532
1369, 177.32575385711604
3031, 177.286481420539
845, 177.202817087634
1984, 177.008969694637
1348, 176.8294356311972
226, 176.79875073794696
872, 176.56012918340187
846, 176.52726717889098
1211, 176.28806654661983
558, 176.27221403508412
593, 176.21526797257616
2850, 176.12806014458207
1512, 175.9695114292257
2190, 175.93960674596525
2113, 175.91357395057122
683, 175.85040080415746
2804, 175.71927608908356
2150, 175.6200149483644
1421, 175.56144886413787
1957, 175.55841043499197
1361, 175.45881475285447
2837, 175.4487201467431
696, 175.42458312629745
3270, 175.37437119104078
2334, 175.06223443477003
2164, 174.64180167596606
1380, 174.58175434909901
2256, 174.5294102750082
1488, 174.41912283241734
657, 174.4080295794493
919, 174.3544804478884
2852, 174.34068291107587
3267, 174.33564960745483
1426, 174.22382871573615
839, 174.14603755842768
1390, 174.13016855497966
371, 174.0346207729185
2998, 173.9917736508344
1983, 173.96909321339962
638, 173.8736298590635
1494, 173.83672130988484
1389, 173.81864504682667
2115, 173.80713446793558
1322, 173.64456060895438
1481, 173.63433575882127
2841, 173.58198538288997
1001, 173.55807047711468
307, 173.46065614127133
928, 173.43590226935734
886, 173.4353764341686
26, 173.15180022026018
2321, 173.13669608134092
1578, 173.06337175383305
821, 172.95873193817692
1268, 172.9485619510357
993, 172.9397300674653
1883, 172.88404162103825
1828, 172.837227281273
1792, 172.78031384685832
1986, 172.71333326423579
1455, 172.65366848389712
987, 172.5524569034549
661, 172.45399905524067
2324, 172.40456324181628
599, 172.383200425331
2120, 172.27675176595264
1549, 172.05971104013454
1820, 172.0212449578154
2125, 171.96456341934328
784, 171.91258760102525
2117, 171.74548477747504
902, 171.68093754594526
2839, 171.6568550549691
2229, 171.49512391322597
3321, 171.4633253164233
602, 171.4175720693101
708, 171.3741168323887
2439, 171.32622383635268
584, 171.30334128343796
639, 171.2284942880381
2372, 171.15484481583835
1396, 171.0605459118493
718, 171.05762082062506
3014, 170.98076649912352
3268, 170.97418699824416
659, 170.95612455498187
606, 170.93906138372822
775, 170.9285246307069
989, 170.81671761303238
2230, 170.74311157737438
2359, 170.48735701539792
1493, 170.4593202633757
840, 170.4349920913858
1345, 170.42772915831847
3002, 170.4275863986881
230, 170.41626611712903
1377, 170.32882561407112
2831, 170.2987575391363
2162, 170.28331310355338
730, 170.2670088989461
882, 170.24081999852848
1536, 170.2108585777058
1295, 170.11669359323372
665, 170.10691056784688
1614, 170.07750417896293
938, 170.0633542479729
1474, 170.03287591422747
2925, 170.00353604732933
690, 169.8983858829812
2116, 169.87228692808566
777, 169.86152894116577
1622, 169.83951948527567
849, 169.83752256417097
1339, 169.80823216365997
1886, 169.7199749517057
1312, 169.7069588430265
2255, 169.6557409775429
664, 169.64516834518545
1413, 169.6105662671204
855, 169.55562859533282
790, 169.54931457723137
2750, 169.54266655598082
1908, 169.4243584395373
2994, 169.3485839108918
798, 169.34362313473216
971, 169.26314247399915
1601, 169.15807024172406
927, 169.0610477990697
867, 169.06073583685807
235, 169.01213402905165
2237, 168.9868151031114
2844, 168.98560970972667
1271, 168.97602899986313
2923, 168.90106750950727
2851, 168.82456448144427
853, 168.8145760285708
1014, 168.73740030607783
752, 168.7114239141052
970, 168.69741954762387
315, 168.54734826276248
306, 168.54734826276248
1398, 168.54522675285656
776, 168.53316680566738
1330, 168.48224410224145
564, 168.2263016133389
572, 168.2258756463727
1343, 168.19653485815522
711, 168.16509521052433
892, 167.99678494578023
256, 167.82878753717338
559, 167.66266994081803
1550, 167.5706483946978
1278, 167.54583219991312
1511, 167.43695846443222
525, 167.26533577991853
1555, 167.24197914785722
1561, 167.15527045163466
2888, 167.11188871002165
2908, 166.9227944811389
3272, 166.90858137105465
2898, 166.87968006585737
1048, 166.87015520560468
847, 166.83880807635555
1420, 166.76064157579202
1368, 166.72995244828365
1273, 166.71871629745527
1352, 166.69633810504547
850, 166.6317956076203
1422, 166.60749585917125
1902, 166.59496553897105
1392, 166.5427266528688
785, 166.53636638643644
770, 166.51356887967574
723, 166.50987577713738
2361, 166.4975822526289
3045, 166.4883573857562
2213, 166.48308886664992
1417, 166.47023503040603
1378, 166.27567000435593
797, 166.25291064202543
1829, 166.23210211041973
1815, 166.2269486282952
2376, 166.1469054112286
1544, 166.1335969855216
1825, 166.06716451288503
713, 166.00820213995087
573, 165.87675771987202
774, 165.863891944219
1393, 165.85334946125653
2366, 165.8452969453148
1920, 165.77508826859975
1539, 165.7581489391419
636, 165.74820351851946
1006, 165.72549626790666
1500, 165.67752119082255
689, 165.57340481934304
577, 165.5542289029144
1804, 165.54243089086177
2141, 165.51111505814464
569, 165.39310334362352
2254, 165.36098848369357
992, 165.259741334431
822, 165.25295790382947
1926, 165.0669256538206
1400, 165.0617959134202
918, 164.9446878468161
779, 164.88103711089946
1480, 164.87833587997957
2227, 164.84733171940542
1409, 164.80834279077004
2245, 164.78659536372527
1959, 164.77344188405812
1285, 164.7441824472295
635, 164.72505252699304
2899, 164.7055274741438
879, 164.69754667585414
1293, 164.5754131940559
364, 164.55633910133102
871, 164.5448467139076
2121, 164.5001047646772
694, 164.49082443903183
2903, 164.49021981697086
231, 164.47700788709335
240, 164.26598454448694
3043, 164.22065750795784
868, 164.21763506047913
2369, 164.2142355279755
2830, 164.2023317808948
2166, 164.15617435457585
3030, 164.13726845417833
2131, 164.12438251342192
1989, 163.91912634069405
2884, 163.88506846490026
876, 163.86256608739836
2881, 163.82935034430895
1475, 163.75220465636824
1280, 163.75178063331506
983, 163.60628148518654
1411, 163.60178713391642
3044, 163.51924239007207
2547, 163.39767279723276
673, 163.3509776921763
1370, 163.34769713155035
693, 163.2721723097752
854, 163.17312182053064
900, 163.14190699884193
2154, 163.04766773444317
301, 162.9637982935706
1817, 162.92648251115892
2198, 162.85226455597632
1830, 162.69740553759138
1419, 162.52770594368738
1491, 162.49225652033317
1909, 162.46895372805096
2199, 162.37215562824056
883, 162.19487740872128
896, 162.17688333840093
741, 162.1176855074715
1367, 162.11010374862065
2163, 162.04250960578716
614, 161.9981616859988
725, 161.97083081810618
937, 161.96077805218482
2114, 161.92733741965654
672, 161.88914734589417
948, 161.7764127238449
887, 161.77275007492094
933, 161.71630268640277
2882, 161.67871607053848
935, 161.6675238468808
755, 161.6279036741487
257, 161.5496235088764
597, 161.4573423053785
3271, 161.44275299267863
1915, 161.28740186111924
1498, 161.23436490188385
2432, 161.23068372498923
759, 161.22307484351236
1403, 161.19827017519174
946, 161.12763209422496
1372, 161.0728308102785
656, 161.05010443203528
1346, 161.03460402802054
1841, 161.0203958280748
2148, 161.01008259672983
1835, 160.97177489707607
764, 160.94557102988244
2897, 160.93464620956163
1831, 160.8701716781563
675, 160.86094975419937
323, 160.85638272834504
311, 160.85638272834504
2246, 160.76623174101567
2319, 160.72026550584727
2072, 160.7073047224579
2875, 160.70497306655315
763, 160.64964508778203
985, 160.63887626534165
782, 160.62258836558928
1904, 160.568920997037
253, 160.5397236870137
645, 160.46167098382028
236, 160.44204509493898
1906, 160.41948507437306
924, 160.38533974678253
1382, 160.37335070288097
1036, 160.31940490484573
2423, 160.28850481760725
1618, 160.28090005561899
1791, 160.2651386483721
714, 160.2515239069443
1292, 160.22220007525675
1981, 160.21017535105176
1277, 160.1792835709321
1328, 160.1382885307601
1387, 160.11289074852962
2138, 160.08081348045442
1486, 160.00030971969917
3068, 159.87688982953216
567, 159.8629046209887
963, 159.85224617437885
346, 159.80887896080128
942, 159.74962631319167
766, 159.73581413380452
870, 159.67954699230734
1888, 159.6354262161628
1595, 159.5333845548046
932, 159.49651590364618
565, 159.49178220637972
1405, 159.43910558299652
2323, 159.4223889619111
2123, 159.38572616007198
704, 159.3636827679
674, 159.31638289342763
2842, 159.306716160085
1374, 159.22498107118284
1458, 159.2102426949561
1288, 159.20928381034028
351, 159.1874272564434
2216, 159.15868688434895
1415, 159.059904184422
2146, 158.9899310606769
1801, 158.9313060077825
3037, 158.8370462276296
800, 158.80927845937586
984, 158.80052164331232
312, 158.79403854056585
2891, 158.77205580597237
646, 158.77051312519578
1772, 158.7557751189795
742, 158.68844458800626
1018, 158.59459909824525
1388, 158.55499740336796
2854, 158.52643207601332
728, 158.50541094971175
603, 158.40724572234322
1944, 158.37923203292263
2331, 158.35178987192202
1049, 158.32283140617758
3027, 158.32038727810067
1357, 158.3003850289901
836, 158.26161321068892
1353, 158.2601423501024
1291, 158.25338238478508
697, 158.21415650031275
897, 158.17010809075958
285, 158.16885309700703
761, 158.15699813015377
1327, 158.10847739292055
2430, 158.07059855570694
347, 158.0312491973687
324, 158.00087573440393
31, 157.94313910286684
1272, 157.92875211871257
720, 157.8892497827372
568, 157.88352271686622
1548, 157.82157436409358
1340, 157.8142697290841
1391, 157.7960217623896
2931, 157.7659988035594
1934, 157.74265076088082
2202, 157.73331193276977
1992, 157.707715027007
1275, 157.70625792405613
813, 157.65040898573062
1554, 157.63809002040819
2833, 157.6274931945516
1021, 157.61530423369624
701, 157.5986528582353
959, 157.59190691508593
783, 157.57597148133667
2169, 157.4876932001132
1563, 157.4773019592632
3038, 157.40782041103984
623, 157.40186453838513
1982, 157.38626697271872
640, 157.35272421326314
1782, 157.33629509556351
1323, 157.2343042320901
2119, 157.14728316795762
1524, 157.11910903840678
374, 157.11331470598796
2410, 157.096867684826
1905, 157.09398556002378
1927, 157.0761191120611
2840, 157.05142859612286
986, 157.02485435049755
2849, 157.00799848372665
616, 156.9503487070975
1297, 156.91227631938017
740, 156.9025792516571
1499, 156.9019444066665
750, 156.88064314407487
828, 156.87021104683035
705, 156.83878742036572
1270, 156.74548787613108
2136, 156.74186368718333
925, 156.6963666894754
1789, 156.5103501109736
1020, 156.4420814952405
660, 156.4042299486761
1506, 156.39909679631086
2233, 156.31410247181634
792, 156.28798416806606
796, 156.2812231634605
2183, 156.27639882430097
827, 156.25012055479345
246, 156.19683585574765
962, 156.18933311735105
1009, 156.1196622342522
2130, 156.10690928378858
1809, 156.10509589570106
2847, 156.10487516319722
843, 156.02693187702863
799, 156.00629136582225
1294, 156.0056467005732
934, 155.9807979050247
2175, 155.90724374351046
908, 155.79470128867467
258, 155.72136277942872
1265, 155.67325627220487
930, 155.63672888352207
1925, 155.6151480029272
3448, 155.6138748009934
692, 155.60785954805942
2129, 155.5976956903018
2946, 155.48715879020722
1598, 155.42773394774773
2140, 155.2560007851792
1453, 155.22673988325107
707, 155.18077530235365
393, 155.02373611795593
2947, 154.99942713531763
801, 154.93297212241092
1819, 154.90343572783024
1318, 154.8547771432376
350, 154.7740776782303
422, 154.75196363730714
1485, 154.63862578065647
710, 154.54445339937212
2232, 154.52563345361142
1479, 154.45687633409514
1329, 154.4486055701399
722, 154.41177358882064
905, 154.36579289417747
1469, 154.35387016462647
363, 154.26211662064685
1786, 154.2569000357784
904, 154.19536187080809
1354, 154.18934488885483
967, 154.07750496570017
2375, 154.071395690766
2871, 153.95082267195727
2373, 153.93935394845494
834, 153.90351633594415
238, 153.85766618966852
1836, 153.82008516948164
2377, 153.79746330432138
893, 153.78386257401255
566, 153.680005225073
1779, 153.6652828089371
1673, 153.6477910846444
2176, 153.57872488472282
2336, 153.56933396495907
3034, 153.51361274608288
926, 153.46103360316536
973, 153.44840847872177
576, 153.41605313313107
824, 153.34901665920637
1365, 153.32869591217388
977, 153.31804261710394
754, 153.2303356273947
952, 153.15798058692206
1492, 153.132543512605
596, 153.13156977978517
1921, 153.1269330693944
1022, 153.1006809536257
314, 152.90557635380964
2222, 152.86278583704194
658, 152.80837184283124
3230, 152.77825444624054
1949, 152.74122758917107
1808, 152.5939570951707
352, 152.58723466221855
2133, 152.4449908650908
1935, 152.44367289922874
1930, 152.2933441340512
2247, 152.27383562479253
241, 152.26426907181423
2403, 152.1972244766365
2826, 152.07190874529107
1928, 151.98562275032904
1620, 151.97687320199893
2950, 151.8483391617132
2084, 151.78923314489728
1504, 151.73254677991773
1414, 151.5453187163142
2876, 151.5094090642737
931, 151.50494012009642
765, 151.29664397521273
618, 151.29452878433713
667, 151.26824604363176
1582, 151.2481306590343
1954, 151.24163534629295
1900, 151.2010319765059
976, 151.1707142465184
342, 151.16236642380255
1837, 151.14771008173688
831, 151.09199342252475
1320, 151.0543426664106
1950, 151.01074951326805
929, 151.0012730411817
1777, 150.99516566823448
320, 150.98394719659117
1007, 150.97294797764988
1898, 150.93001164042894
911, 150.91014415742353
1799, 150.79325161951573
729, 150.70799383874996
810, 150.70672409791462
2144, 150.61208237292823
898, 150.59007551128917
1591, 150.57112781563802
880, 150.5519677871546
706, 150.5407329569505
1319, 150.5292298749772
910, 150.498844720195
1010, 150.49781564131496
2325, 150.48577204379998
2902, 150.4350174633702
1282, 150.34631465914208
873, 150.3091586232258
1017, 150.2623670217107
2322, 150.19179093119124
1778, 150.14490322304715
899, 150.09330871070566
1470, 150.0930034776753
2327, 150.08730836038092
1326, 149.94006874568362
702, 149.919887938817
994, 149.86078839640416
1863, 149.85362657991382
2367, 149.81681423214124
609, 149.79512309306494
979, 149.79293311002988
865, 149.76062321519444
2426, 149.75486428220034
2940, 149.75050928328014
2126, 149.7276854800591
354, 149.70602044316811
943, 149.69584585590715
644, 149.69121054721305
1351, 149.68666049905084
632, 149.67642165422487
1953, 149.6573886293318
703, 149.61483142504687
1332, 149.59358668030637
944, 149.5526441301764
325, 149.51874977500162
270, 149.5055111899462
724, 149.4533877327351
633, 149.4373461258837
982, 149.41306579739228
239, 149.33870510849007
866, 149.31816182536278
1394, 149.21926331029255
1540, 149.1956916747365
1402, 149.18710958818522
2880, 149.15822516059072
830, 149.15083191662166
1832, 149.13467147018764
712, 149.07949769979203
2929, 149.0356418098868
631, 149.03177946831823
1335, 149.011710950279
1050, 148.88614943770452
1385, 148.8585128959873
269, 148.8502899697697
858, 148.84193059637596
604, 148.82538519107783
1483, 148.77599328568866
875, 148.7254736142202
2425, 148.70811540719546
1827, 148.6967127043759
2436, 148.69112506904725
1569, 148.6682735831736
2370, 148.62621831381722
1080, 148.61795832800487
807, 148.56984458930702
1476, 148.5608458599424
2156, 148.4789086723899
891, 148.42395051064662
958, 148.39396773264428
1011, 148.33684710570984
1401, 148.3271190958134
2000, 148.3167578904232
2922, 148.30384895367834
1416, 148.27272177045148
2330, 148.2702252514379
1304, 148.21542137087363
1362, 148.18339652099598
1932, 148.17100057803
1359, 148.11359878734632
3012, 148.00730299351795
666, 147.95086330146293
1551, 147.94985772068915
2928, 147.9391944596104
1568, 147.93176107217025
668, 147.9060458739653
3015, 147.87969032646623
2186, 147.87026133105593
990, 147.82774186099348
1311, 147.82573032136565
2874, 147.80289174785835
1769, 147.76740101107717
1366, 147.76305711206527
2172, 147.74881117561898
1286, 147.73756097448495
1834, 147.71527991544008
949, 147.67374896634757
1489, 147.5317590336231
653, 147.50090807777175
974, 147.48258644670423
996, 147.4171483274419
2251, 147.394870657608
1303, 147.34506077047206
684, 147.33531028203996
624, 147.33531028203996
3024, 147.2095677008043
954, 147.15606275734135
2317, 147.07410486137792
1325, 147.0627804075573
1307, 146.9446517602988
687, 146.9300396818604
1529, 146.91688864149017
2149, 146.91417760735257
598, 146.8816087081889
1383, 146.82178542367646
1281, 146.7879088492597
1619, 146.69009039792084
595, 146.67467136317603
620, 146.31123203200565
1016, 146.30258295223743
1008, 146.28468406371994
1522, 146.2420807979851
998, 146.24029162915537
648, 146.24029162915537
2201, 146.2196970257956
3022, 146.1364276503272
819, 146.13525969897765
829, 146.13209126429356
2197, 146.04809187852143
245, 145.9519939796894
1342, 145.91005974203793
721, 145.90898178003863
1192, 145.83194286176288
1946, 145.81640782664866
1055, 145.808347835553
1341, 145.79392825438893
1276, 145.79098418973703
1528, 145.6609833505894
2151, 145.64851674422275
1305, 145.62939159920904
1606, 145.56622153132219
1774, 145.49679247233442
2132, 145.4711330593954
1015, 145.44027271239312
2127, 145.33437423184995
3035, 145.31948742240456
1507, 145.3103675962189
229, 145.30356124344272
753, 145.28437832517608
1482, 145.26530617839174
795, 145.24872005625983
818, 145.24871420866555
975, 145.09900182844456
2326, 145.0896996238757
1918, 145.0878281338607
2332, 144.99614358623106
2159, 144.98387118294724
688, 144.96874508340707
1376, 144.9550524298425
1903, 144.86315134722872
805, 144.82872437973825
327, 144.79993080661603
2281, 144.78203292478554
1956, 144.686017062372
1158, 144.59726601372878
1344, 144.59228190423897
271, 144.56787027581848
1317, 144.39734699940792
1787, 144.39254241351503
726, 144.37510256822935
2834, 144.25052153270192
662, 144.25051382363085
1948, 144.21304688490684
1284, 144.19698271684163
2906, 144.14950904233447
1654, 144.142442952794
1937, 144.12740501146013
1496, 144.11764447021946
2147, 144.04255776466692
339, 144.0202560695853
1916, 144.01528700425786
340, 143.89938398323022
1833, 143.8241418385115
3450, 143.79473295824093
888, 143.7747438109504
2437, 143.76842162427207
756, 143.67779747455035
1296, 143.6648006579464
361, 143.4821924510239
1497, 143.47745544891424
1503, 143.45336247766556
700, 143.4432193756776
1783, 143.33436148910747
751, 143.29825847207593
1990, 143.29385329993045
2225, 143.26584108725703
2926, 143.25081525519778
1407, 143.22587977868912
2895, 143.20714120658215
1333, 143.1555569588892
1621, 143.13215797139497
1952, 143.00880506222614
1922, 142.937789127661
367, 142.83250635162986
1896, 142.79311335101593
842, 142.66872630730242
747, 142.66657158697285
806, 142.5674060565697
771, 142.56544124138384
1386, 142.47068455391613
1399, 142.46924091942597
2161, 142.41349129315165
2835, 142.40808155628426
571, 142.35430778278268
349, 142.31607025613036
1570, 142.27410903696264
997, 142.13463228202534
1897, 142.11604348879197
2328, 142.0595936589207
3273, 142.05930133933302
621, 141.96280268875134
2937, 141.8275093029078
605, 141.82585862015256
1019, 141.8152695150303
715, 141.76590201789833
2221, 141.75659024068742
2112, 141.73507245051724
1472, 141.66388926099253
1044, 141.65949768383086
1767, 141.58647788702973
968, 141.58041343170794
1556, 141.570283951599
1553, 141.4662046743175
1793, 141.36196923741124
1565, 141.34664192444959
2215, 141.33835847633216
1013, 141.21913353918617
2932, 141.20600176493693
812, 141.1749361769796
2250, 141.15664510712384
317, 141.1121068550721
309, 141.1121068550721
719, 141.10474152051742
2952, 141.06758864099845
878, 141.04712074906703
1766, 141.02933406815276
2418, 141.0209516103486
357, 140.91137709150576
1056, 140.90847507289766
2178, 140.9009267607108
894, 140.7066988729175
695, 140.6395345952789
2241, 140.61302997082655
1471, 140.57862978846927
2872, 140.54070395241757
1929, 140.52130910928236
769, 140.4549540483278
1375, 140.3155560243967
1538, 140.27369009430532
2921, 140.26674408642737
1796, 140.12458253216377
890, 140.0948002723744
1349, 140.0200051147027
2374, 140.01176512026728
2927, 139.86866288656555
767, 139.86499031094277
1936, 139.8302428782088
366, 139.82836341114225
3001, 139.77315135793663
760, 139.73378748520915
2329, 139.71749583777128
1899, 139.71015094503284
1757, 139.69749486230907
2911, 139.65979630686192
318, 139.63383382310826
947, 139.61262305696118
2174, 139.54977934262666
360, 139.50439813271086
940, 139.16266149277342
2420, 139.15734706416305
739, 139.14415812950105
2843, 139.01401272362313
1395, 138.95794468873677
1360, 138.9501204170638
1938, 138.8614339808627
2128, 138.73400043740384
877, 138.53830623027
2893, 138.47822423830243
3013, 138.34122585064273
627, 138.33082031465557
345, 138.28326042001856
2901, 138.18332382230682
1805, 138.1284010562189
570, 138.0291616322862
3224, 137.97301909310738
811, 137.95701709121116
244, 137.87655584090305
2155, 137.78933718648125
2883, 137.6110902436039
2938, 137.6098082449206
2363, 137.5805587063294
1283, 137.54919292917359
809, 137.5416257278101
835, 137.53916183911772
1363, 137.5308089820466
869, 137.5021657068856
1313, 137.4145400760304
2335, 137.41096958511315
978, 137.31531775438597
2886, 137.28578563872696
2118, 137.10543402320252
2253, 137.10332594066162
915, 137.00039713564297
1917, 136.9297726963959
1797, 136.90227639000793
2234, 136.65488886168256
348, 136.6400969556723
1988, 136.63858768284217
587, 136.61398797518245
2137, 136.56870684900622
995, 136.447416039518
3011, 136.42940011770833
3451, 136.33026749917204
950, 136.32516596425194
1592, 136.26085192681367
1923, 136.25119508885993
1334, 136.17779137659403
308, 136.08976770324955
359, 136.05544980239026
3023, 136.05507973742905
1338, 136.03019538309817
758, 135.98685824078208
1955, 135.9636331874153
1924, 135.84903385602846
2885, 135.76345550657135
749, 135.7226518914032
2933, 135.70821435501367
2371, 135.62105936170445
1609, 135.56573542874023
1945, 135.5627051640815
3449, 135.55659025404816
592, 135.49359768565634
1546, 135.4717255004123
610, 135.46535068959153
921, 135.44349042895038
833, 135.41244990856785
1337, 135.4087948586588
2182, 135.37502490313824
322, 135.28383471507053
310, 135.28383471507053
2892, 135.28046803725093
2368, 135.2611896752332
2887, 135.23491068474308
2729, 135.21668028620022
355, 135.1131057802036
2838, 134.97831749795913
2848, 134.92316290413868
1552, 134.91164734891188
652, 134.87409570394456
589, 134.52426920339317
1816, 134.52078568066707
625, 134.35799123053403
1987, 134.32756122755515
1812, 134.21128465554492
1933, 134.1802859101643
622, 134.13090430448062
1901, 134.08783187416532
1545, 134.02373235522614
1802, 133.7846719022491
991, 133.56720603295105
2939, 133.47174338698377
578, 133.45178078817227
941, 133.3935267782747
2944, 133.28399778302588
630, 133.28398894468427
3218, 133.2310317152442
2001, 133.16214754454532
2827, 133.15968148115059
1798, 133.09414188417446
889, 133.09073185535104
2836, 132.9359012717449
1947, 132.93290489670267
1602, 132.9145321571626
2995, 132.8990980379012
1000, 132.84888710581828
1290, 132.77104235936295
1845, 132.73966659847093
1843, 132.6983626402228
233, 132.65548146208795
343, 132.63775823137806
874, 132.61301519930598
2316, 132.39380388164653
951, 132.33624413789306
1350, 132.05662820390236
988, 131.9404024221967
1763, 131.77361051433795
2896, 131.67027847619445
1379, 131.62450663419148
1005, 131.5696665294465
1844, 131.5515943908857
1310, 131.52075499427485
362, 131.3707002733916
2357, 131.35850097095215
617, 131.24227582323573
25, 131.20520051482433
841, 131.16937697929117
909, 131.13503066676412
1547, 130.786584323557
1384, 130.73300217453712
802, 130.51852859858204
2945, 130.3707606311234
2855, 130.3584481630006
1821, 130.33917088955397
1795, 130.27324529089364
1826, 130.26137578302072
2941, 130.25535392320273
1775, 130.11208006032214
591, 130.0599056193846
1541, 129.75059809257115
341, 129.5764932345117
356, 129.56594511250006
2894, 129.45654739478394
1526, 129.37237845137528
2934, 129.3401519682349
2402, 129.26197857617595
2890, 128.70722543371912
794, 128.57409250230793
1842, 128.47457992071526
772, 128.3097451914545
1012, 128.27818756356947
384, 128.20817793194544
390, 128.14961911154222
2248, 128.07147955680884
1347, 128.063321589038
1762, 127.91317598544356
2333, 127.8312132701793
1373, 127.82703843983558
1355, 127.78711589526567
1784, 127.78630231874877
2358, 127.65366649268108
2954, 127.49613314403923
939, 126.7620757312636
1613, 126.54778672957576
2364, 126.49967988523323
1532, 126.45328303025906
1931, 126.44692519027173
2935, 126.38096578207156
2904, 126.00684891338233
629, 125.95627608793163
1616, 125.93944591454257
1542, 125.85062779247656
884, 125.82316351376448
3036, 125.6400004043398
628, 125.61074599677347
1764, 125.60519229150648
2957, 125.41166082433406
2143, 125.40056413062088
1919, 125.15502547277072
344, 125.15053470040293
1534, 125.12773698240166
3220, 124.82430615860844
1768, 124.74824301651249
1781, 124.71835875162805
1274, 124.66293270602799
1190, 124.20389524239947
1765, 124.12964461272468
2073, 123.40232220177045
793, 123.0378355607964
316, 121.35123724106293
901, 120.91648039359355
3412, 120.86985787585483
1287, 120.25850172135777
2943, 120.04243484764079
2955, 119.82464550421639
1564, 119.55079878676719
1267, 119.15929789828857
3219, 118.4001722724265
1364, 117.96676444236513
3216, 117.74804902693079
486, 117.34756849604852
3223, 116.92217983440611
2930, 116.87604453948519
2870, 116.8106931369721
391, 116.2542188847605
3221, 115.6457288154409
2873, 115.33194733349269
3222, 115.29120847899767
403, 114.49845114113258
3217, 114.45140033367932
1358, 112.13121373257725
2942, 111.98517573544672
2865, 111.52656886381726
1064, 108.6990766721314
1468, 107.77317718546324
516, 107.71262410652324
3145, 104.08486937102091
2867, 102.71222599852558
3411, 102.47493721993797
1862, 102.03162264418395
1264, 101.5732633708967
2012, 101.1109577963974
2739, 100.47770974257212
519, 94.70221981351672
1157, 94.69413716318591
493, 93.93983825554439
3121, 91.35957278818653
183, 87.01944905617286
3161, 84.73296060337142
1612, 80.38736373931947
