2123, 2598.549939505917
2233, 2592.9572356843623
759, 2406.0162991202037
1909, 2232.3931274835304
2216, 2180.421296900481
2232, 2071.2863799907423
1830, 2060.7757148747883
31, 1969.3400831980498
1779, 1964.6101861361947
1801, 1878.9755894109494
1620, 1877.6708776265866
1835, 1875.3378142695049
2202, 1872.9823041086534
924, 1839.0648415686903
1778, 1838.5712709593186
1930, 1806.0916283549473
948, 1802.7183002504848
258, 1801.21638040655
2375, 1783.2467218388854
2183, 1775.926523048945
1789, 1731.5870780112662
1836, 1724.6412525813028
963, 1724.570960194229
1777, 1694.6324426459414
722, 1690.5661449521353
2169, 1634.644358183401
754, 1627.509820522199
1772, 1624.6488563417915
1804, 1615.8520816302257
1908, 1615.0608663686307
994, 1607.279090387749
2198, 1604.2569708331512
763, 1596.1008486000294
1904, 1596.0466571397665
1504, 1585.2812979866678
565, 1573.2843780945145
1954, 1566.4096447766622
2130, 1565.2344498113046
2201, 1562.1575351751032
2175, 1559.8241539639725
239, 1553.5666676800709
2163, 1553.3460731948883
673, 1549.2478691106078
2136, 1545.6346773343682
1906, 1541.0719534189261
1916, 1527.6297574631155
1832, 1524.6911586531476
1799, 1523.1654000619712
566, 1504.4487809882437
910, 1502.883759658385
2144, 1500.4536968082402
646, 1495.2375720107627
1366, 1490.6119934932276
1831, 1489.6509067119896
990, 1487.6551093683681
2331, 1481.7280478377197
525, 1478.3618438057047
568, 1478.359110445367
1786, 1471.5370799842633
1921, 1466.6042543046724
363, 1465.9948980879988
1365, 1464.1618945291364
256, 1453.774334749441
766, 1448.76258008904
2230, 1444.215460380532
2186, 1433.1449870507518
697, 1426.1209067436268
2213, 1420.932664688153
351, 1420.7763891430689
1900, 1415.1172976729079
2176, 1411.2699312375341
959, 1403.9451775806142
1006, 1403.8426576812328
875, 1401.2266841499031
908, 1399.6740644720282
1394, 1397.9726734127562
2129, 1386.4856805104207
3044, 1380.7551632761872
1944, 1372.3254236357213
1905, 1370.5936587070212
1808, 1367.8764105068296
979, 1367.3907670051753
2229, 1365.3611530896433
1385, 1356.3347268255382
2199, 1355.493817477106
1008, 1352.1819904841298
1898, 1349.7945588639
2222, 1348.0070844158624
1949, 1347.685580144698
1606, 1346.9933199890672
1953, 1333.9786266914318
2849, 1327.7904992783417
1787, 1325.9653799105383
1311, 1324.6265858342533
2225, 1312.2594874841795
1286, 1307.9025633724718
2430, 1302.3711773889943
1992, 1300.8155750271806
1950, 1298.6922796812996
2840, 1297.7671606170547
706, 1290.6235783688403
2750, 1283.7056784089593
1323, 1283.6047747228763
1273, 1283.313715943688
2842, 1282.9653045318
2138, 1281.1633182366577
2891, 1279.8682448605482
2327, 1279.7083335071661
1774, 1274.700637570177
755, 1268.0791368135401
2251, 1267.8868075434782
935, 1267.5990803691739
1285, 1267.135640955385
929, 1265.4847409682745
1342, 1264.889180831139
2166, 1264.0209212882198
830, 1261.324127863421
783, 1261.1750498517833
2361, 1260.379853041646
1825, 1259.5627770367562
1920, 1248.9695919841786
3022, 1248.8921754200453
827, 1248.1377438487516
231, 1248.1109210382574
325, 1239.1033829403527
1834, 1238.4014099074716
1022, 1236.7781535834986
1507, 1233.9428355827338
1469, 1233.531104573309
2317, 1232.6351308239455
361, 1230.9715929436052
2237, 1223.8522205277957
1010, 1223.7774156948278
559, 1223.3499905636063
2837, 1218.079499830509
1922, 1216.8348485479848
902, 1214.598859269441
2826, 1213.49056248028
422, 1213.483597183949
2140, 1212.7348690900374
1948, 1212.6992312928182
2839, 1212.6290027882485
2245, 1211.068624579748
1619, 1207.8007361889986
1016, 1207.1896162265834
1499, 1205.7261845490366
2256, 1205.5943079133037
2322, 1204.6775816565312
2131, 1204.1187267455662
2370, 1202.7600688755003
350, 1199.615648008602
761, 1199.143784685633
1915, 1192.0444028336663
865, 1190.3052199754125
688, 1190.2483507991715
246, 1186.1018501210215
1792, 1184.7333971256328
1282, 1183.8383169102772
2369, 1181.1498716514445
983, 1179.9076214962738
799, 1179.3186551258161
896, 1178.885195374758
714, 1178.6633347245956
2881, 1171.74056920356
1896, 1169.3416994769048
729, 1165.193044937521
2190, 1165.1365607542375
1827, 1161.9511193438984
1540, 1161.6438736882037
1828, 1160.8816314186909
1476, 1159.9470687335483
1372, 1157.0228356388989
1403, 1156.7591455485542
715, 1153.1515058320297
2833, 1152.5968256510953
312, 1152.460453595196
977, 1152.28227910661
569, 1151.665661962264
798, 1151.3779892695516
705, 1150.5714622484536
603, 1150.195724856063
2950, 1148.7640626117534
2146, 1147.6577038223456
1503, 1146.5959287000662
925, 1146.0746767820701
887, 1146.0698748996306
1837, 1145.1307597568068
2359, 1143.3367296460526
813, 1142.3704675936808
1673, 1142.279563507763
2254, 1142.2020793045067
2132, 1140.232196029744
822, 1139.5013480575153
898, 1139.025905715766
801, 1138.5926363097947
967, 1133.9947209132017
2367, 1132.5929301256506
934, 1132.5062705280295
2178, 1132.1304339637893
644, 1131.667364418455
576, 1131.1138907491013
2221, 1128.970578005887
740, 1128.7005252060833
623, 1128.0974470008166
1383, 1127.6754404097478
3024, 1127.371156921524
2876, 1126.6090980445053
1529, 1126.5465287024256
347, 1125.961386134476
888, 1124.8200649164887
2908, 1121.0813087893061
1362, 1119.7201223359964
821, 1119.072281948435
1017, 1118.3481129804043
675, 1117.4287520221542
1320, 1116.6901016437814
3027, 1116.5764088649107
323, 1113.5725713318009
311, 1113.5725713318009
1928, 1112.5804863614192
771, 1111.4932905248236
1015, 1110.9994746524728
1902, 1110.4822077311894
718, 1107.7918968411998
764, 1107.5695231963996
756, 1107.443525494791
672, 1107.1660548452253
2830, 1103.8689913485773
1353, 1103.5196788562896
1284, 1100.9250450669947
1841, 1100.6579717247632
1621, 1100.408083135084
836, 1098.3762127671148
1297, 1097.805059295652
2227, 1097.3946010081202
1952, 1094.4500261891585
707, 1091.2523355877238
2854, 1087.9847277280674
721, 1087.6605967613953
1275, 1087.311228307514
1386, 1087.0266189725855
723, 1086.0515192117327
1614, 1082.9340963393877
792, 1082.1961794926776
873, 1081.026712148392
660, 1080.9332720954965
2141, 1077.7884964683885
986, 1076.8880910029684
1288, 1076.6707410391277
1339, 1075.286555278659
2373, 1075.24717775483
1551, 1073.7742565268775
897, 1073.578773244296
570, 1072.4118991587836
1327, 1071.9624798980742
1343, 1071.9036831775668
2946, 1071.7322233164002
806, 1070.57719769035
2119, 1070.5413114608687
1416, 1070.5054062693187
724, 1070.4954094921443
937, 1068.0663333571717
805, 1067.0963248620674
1317, 1066.7961331468691
1654, 1066.13439981337
1926, 1065.8811914541793
320, 1063.2408965916932
241, 1061.6468364615937
1396, 1060.8812776232826
1550, 1059.9255101902
834, 1059.7955981889108
2895, 1058.9167209190841
2376, 1057.9875472207882
2246, 1057.6226317187034
850, 1056.8954860280667
1332, 1054.4729418621334
318, 1053.8470556550155
997, 1053.42228862219
720, 1052.848552604606
954, 1052.201852269904
998, 1052.180018800517
648, 1052.180018800517
2148, 1050.92183926167
1563, 1050.621037363914
1270, 1050.2302102836497
1897, 1048.770260588565
712, 1047.987511465733
371, 1047.3236521326623
927, 1047.2052865008773
656, 1045.9492668598373
1918, 1044.1421413322064
701, 1042.6047200798444
1511, 1041.9100196597044
944, 1038.9959045650376
1357, 1038.8723604523723
1018, 1038.774073588931
684, 1038.1607097313258
624, 1038.1607097313258
2200, 1034.9511780361706
1378, 1034.325467529471
741, 1034.2448496586267
597, 1033.9963776241023
3038, 1033.7350765639158
2159, 1029.0589197543068
785, 1028.6287228747653
639, 1026.2270718883137
257, 1025.7946820556494
1506, 1025.388828992097
2231, 1025.1599526625187
1330, 1024.7219963679383
638, 1024.3430735182478
810, 1024.06437426002
3230, 1024.0393071213189
253, 1023.9309394910173
2127, 1023.7918276298783
742, 1023.2575311669813
1318, 1022.5289512653349
1391, 1022.4606607665337
1829, 1022.2995235023296
930, 1021.6633744075193
1276, 1020.9228562210072
974, 1020.5169271909646
1192, 1019.7644982776902
1544, 1019.5983296348899
1797, 1017.5734331286719
1354, 1016.6321038137675
770, 1016.1619100512005
942, 1015.9971860823739
797, 1015.8695159429167
893, 1015.8427985416808
2332, 1015.07206189877
1367, 1014.9327314507203
577, 1013.7683801904755
1934, 1013.6402388843991
605, 1011.8049207219261
2403, 1010.7595653308014
1351, 1010.3366089863619
800, 1010.2676180179373
871, 1009.7490449969697
1782, 1009.7304843681445
1833, 1009.6366298191292
2835, 1007.84981620529
346, 1007.3972135230695
870, 1007.3093778437216
1935, 1007.132589343196
713, 1006.4505202598122
853, 1005.7482330537163
2893, 1005.1081000216822
1598, 1004.4739802924482
1528, 1004.3409547866462
1399, 1004.2565990877829
3271, 1004.2517934638475
703, 1003.6863141897268
946, 1003.3438512290202
1990, 1002.3228313692587
238, 1002.0750910799848
1388, 1001.6850192586484
2154, 1000.8025436775999
1805, 1000.7098302650006
2423, 1000.3553853270281
970, 1000.182483459762
1368, 999.6315708161072
602, 998.8939197154986
1470, 997.8257654618607
2426, 997.2948865342433
1020, 996.6921133903044
973, 996.0385989526061
696, 995.3421527159999
2437, 994.8895017316983
2323, 994.2836407898922
2255, 993.9836649433128
659, 993.5084723139934
728, 993.3602045818147
2847, 991.6952796519074
1815, 990.7266923372657
1007, 990.1903899669702
876, 990.016167087967
2228, 988.4623923166386
2439, 987.1716106217392
674, 987.1684936875116
891, 985.4285415267692
2197, 984.839295619022
2903, 984.8223124202285
1982, 984.1878309795198
342, 983.9609449933116
352, 983.2649953093254
1359, 982.9618641180402
2336, 982.2201252908242
1793, 982.0181611266488
958, 981.8644667816925
968, 981.2784896195574
1981, 981.1603937259956
1601, 980.5489408713057
2834, 980.1406665038422
996, 979.0586137251612
3026, 977.3283052361124
2875, 977.1768473620631
1265, 977.1377886650263
2366, 976.6897332820118
621, 975.8770402939624
1569, 974.1469051062385
2209, 973.7479957703417
1766, 972.831623713056
640, 971.8460536870766
1582, 969.9511694788282
750, 968.9058749984454
719, 966.6795857069676
692, 965.5719490384547
1568, 964.5417589015673
1561, 964.2559398957877
2324, 963.6868460140557
229, 963.1181828143607
1539, 963.0395844305275
664, 962.6407246215824
1618, 960.6792599814447
1494, 959.7071512404083
2377, 958.1158081003263
1014, 957.9545841985985
1492, 956.112046201501
665, 954.9519501979961
2874, 953.6093746252543
653, 953.2120547622744
584, 953.1856983818948
918, 952.9046078557967
938, 952.1595913546734
633, 952.1204097260485
985, 951.814465519221
1333, 950.5580992229062
1472, 950.3715669128413
867, 949.9874410605144
2319, 948.7432016570252
747, 947.5152417521763
1319, 947.4369802247796
1783, 946.7463826309979
1294, 946.486498150941
779, 944.5610747219929
2831, 943.9304849122504
1886, 943.8942363950034
573, 943.3724131837467
1817, 942.6585634975389
1917, 942.6113303784964
931, 942.4642909322039
1393, 942.2941860841846
2947, 942.0774785362802
1497, 940.454181294839
1345, 940.2110433707088
270, 939.1494408430391
1983, 938.9777923641394
710, 938.652336494202
689, 938.4783174490525
2880, 936.1065488657016
1538, 935.9705276586864
2330, 935.7552575755797
354, 935.0428749902907
618, 934.5104999451863
2374, 934.395967861663
2133, 933.6609200006717
753, 933.0263438943389
235, 932.9856295450105
2851, 931.7582296865287
879, 931.5700783412088
1932, 929.7665073216058
683, 929.4712555612226
307, 929.0303811535186
1271, 928.9613029116347
658, 928.8367443486286
849, 928.1975566218514
632, 928.0401060835395
668, 924.0146131587846
2215, 923.6939200213685
2328, 923.0502461579147
240, 922.6692708247477
1595, 921.8987978557811
2206, 921.3087354433535
1496, 921.2493685118943
1591, 917.4488091893717
2165, 916.6349597968124
765, 916.4652848825847
1839, 916.2371508021641
818, 916.1263992626449
2410, 914.0318557980438
1942, 913.7602768578157
812, 913.0851354321418
1398, 912.9423019172887
947, 911.9854998048132
1382, 911.7019315984886
1390, 911.3270681552706
2115, 910.5938388509934
984, 908.6577960692999
866, 908.4798190634356
869, 908.3083955797487
1021, 907.7992279374222
1555, 907.7563936775749
2125, 907.3910118248558
2804, 906.9633079759176
3045, 905.3164745638387
2425, 905.2563975670187
661, 904.2886932220521
567, 903.3834358964302
911, 903.3396401114957
1622, 902.8214311731482
666, 900.7179114707712
3229, 899.0819688467865
1305, 898.729739016439
1307, 898.1138994621459
2128, 897.2916757594871
269, 896.7400148444846
1458, 896.4449181072526
725, 896.1257857578568
904, 895.6257901018835
667, 895.4698876770559
1481, 895.1497392080718
616, 895.0448537181207
1505, 894.044654000049
1491, 890.8420214411155
2234, 890.5918814426327
2844, 888.2638523408407
2841, 885.8817234826643
1791, 885.7934712861753
940, 885.7618485156496
807, 885.2859629089148
751, 884.9832258948115
2151, 884.7389726251477
1349, 884.720553249753
1903, 884.4437411537651
1959, 883.0754790803367
978, 881.7400009406978
1554, 881.0918008031157
2372, 880.9392340906957
905, 879.9750817099196
1346, 879.2061059194339
1374, 878.8339949040349
687, 877.375311706375
1325, 876.2747959031823
1304, 876.2544443547288
790, 875.6831108253931
1984, 874.8587656970449
943, 874.574627104835
1840, 874.5704688260988
964, 874.1507532998776
2906, 874.0768799104821
595, 873.8745298421828
271, 873.5239262315722
2371, 873.3575512882085
1280, 873.0357776035216
2326, 872.4327024600053
890, 872.3470042871202
1929, 872.2749677079815
1790, 871.314268113803
976, 871.2548470788525
752, 871.0732348627675
2122, 870.7082880273161
345, 870.6237560063711
3014, 869.0102752169402
711, 868.7578590522126
3450, 867.6132402404961
645, 867.5161988107561
828, 867.4324862856206
2325, 867.2423207368206
1400, 866.5643228458509
982, 866.331929239868
1453, 865.7776817754868
1377, 865.7732026412563
2117, 865.5503471475218
308, 864.72056883061
886, 864.5860057960581
1796, 864.379735589685
1488, 864.0806146003405
1592, 864.0209015544254
1296, 862.9121646022966
599, 862.5555888088428
880, 862.1875235312175
635, 862.1057921152196
2899, 862.0945782051439
855, 862.0186918864533
1334, 860.7887491310754
2888, 860.3628344778685
2329, 860.309649925351
614, 859.2407031442347
1326, 858.8067029033143
627, 858.3739804328903
987, 857.022145555667
3037, 856.6675684401878
2907, 856.2251408136688
598, 856.0815507949345
367, 855.887578913152
854, 855.1938318001386
2886, 853.8950499292788
1080, 853.569753596104
2182, 853.4319371197954
2843, 853.1045135399578
1056, 852.8345723900287
2360, 852.4219246665755
322, 851.5135802612994
310, 851.5135802612994
1936, 851.4990133193838
1019, 850.7820854452228
1338, 850.6842354363843
784, 849.5571526655773
1348, 848.2866317695728
2897, 848.2751282085012
1956, 846.8657795157911
3321, 846.7874153197868
1809, 846.3016720052384
811, 846.0364954088766
971, 845.3860601664358
949, 845.3580306170913
606, 845.0362450526754
868, 844.7281765860508
809, 844.3396974946243
1820, 843.690151888372
620, 843.1898333879013
730, 842.4871347746929
2149, 842.1547952187965
992, 841.5294520787446
1989, 841.4011904245833
2902, 840.4946442111233
2161, 839.9666842675405
899, 839.793209411532
2168, 839.7897338622338
694, 839.6679095112854
2214, 838.6987045807869
1363, 838.5605571874763
774, 838.3546666584378
695, 837.0026434825398
839, 836.0310875555647
313, 834.8952415821697
1901, 834.4299259092296
782, 833.61392358288
1769, 833.4460468329894
962, 833.325052034183
1757, 832.8133883016451
2363, 832.7200416125406
2887, 832.2696206860419
1401, 831.9990241156842
2879, 830.1550950008988
1480, 830.0014680469302
1329, 829.8241753138109
1924, 828.8692242346397
3012, 828.5491312404968
975, 828.370064803199
1369, 828.072644412501
564, 827.7826303395352
831, 827.1313875088896
926, 826.9364721899371
652, 826.587080839717
796, 826.1798489463841
1938, 825.0063547088099
2113, 824.8182438838251
1957, 824.6975657873027
3034, 824.1696727192037
1001, 824.0732103784069
894, 823.3261722774535
2994, 822.6914931670375
2362, 822.677511117678
1291, 822.0322508386357
835, 821.7972419450921
2253, 821.741516054943
2172, 821.2582108804978
244, 820.728908064919
700, 820.5197938278246
819, 820.299496084584
2884, 819.9432651959934
558, 819.8748619656429
1341, 819.6964556447523
2156, 819.4404397671925
359, 819.0774441884608
594, 819.038294031127
1986, 818.7501980849504
3270, 818.5963586361448
586, 818.4551549442934
777, 817.412575528728
1268, 816.6237048711065
585, 814.9465769162435
1899, 814.7940561593391
3448, 814.7677835799656
1331, 814.7224176195436
2250, 814.6256686118965
1500, 813.4556899263607
2173, 813.3161858106682
726, 812.9520233471673
1816, 812.4954263499836
2247, 812.0185189462256
2436, 811.2904887573111
1933, 810.8447953122433
690, 810.1982045385928
572, 809.5662807713212
907, 809.2495049626249
824, 809.0205639661833
2142, 808.0492675644064
932, 807.3798139227644
2828, 807.1696639696809
596, 806.356735470995
1927, 805.4533402613507
776, 805.1634595811677
1370, 804.8172557411593
370, 804.6308997164216
2150, 804.4407002005729
1313, 804.192459200799
1475, 803.940693152411
3273, 803.7103609697749
3035, 803.4461998573796
1493, 803.0845012457228
2126, 802.3367989100763
847, 801.742070407917
2162, 801.3573703288897
856, 801.3551943857748
2905, 800.5162249360703
2189, 798.2808210693432
593, 798.1701534832075
842, 797.0340434938878
1044, 796.4718602122695
1340, 796.4574446565828
571, 795.9689392062933
1549, 795.5662994106984
2321, 795.5332172644521
314, 794.9213659140372
858, 794.2258325527406
840, 794.1229587076772
2848, 793.3393169330448
2147, 792.0031430761779
1599, 791.910046357334
1314, 791.5378698256028
1609, 790.1403285075694
1498, 789.6098980885096
1923, 788.6177180583171
708, 788.3666938836509
587, 787.705961885186
739, 784.6734438232772
2121, 784.1327846459106
1414, 783.7781196654425
315, 783.1567321092549
306, 783.1567321092549
972, 782.8875286590627
324, 782.4457030985126
1375, 782.2826510713501
2112, 781.7683362005208
1887, 781.3269298214607
364, 780.8900315065847
339, 780.0117877960208
2164, 779.4561784462421
846, 777.5535721275998
1489, 777.5263438512828
804, 777.2747768261568
829, 777.0496039071638
357, 774.2324947004395
2334, 774.1648855940502
2418, 773.5975580866341
2220, 773.4144568397393
1988, 772.9518420559035
2829, 771.9175290869097
1955, 771.7417599165658
1546, 771.0990544361339
236, 769.1969093236964
2877, 769.1417204161694
769, 769.0608799621979
2241, 768.6242963896816
2188, 768.4583469737381
1803, 767.9561257352327
1303, 767.9229533663058
767, 767.6315886660085
2335, 767.2882818457558
1524, 766.3006853151068
1281, 766.2753234350308
1471, 766.0597320389419
592, 765.7886907069917
1055, 765.6764657428688
360, 765.608740637046
2845, 764.9799616295451
1293, 764.568788387852
3224, 763.6517084494147
3030, 763.5619870231211
845, 762.5979498117049
1594, 762.5459371652742
2316, 762.3460275328085
1802, 760.944141343749
1395, 760.4569074873845
657, 760.2911329557478
2882, 759.4625907903162
749, 759.3754909289057
26, 759.2178931431409
2729, 759.1269728116328
1009, 758.6874542799795
1277, 757.8825126876818
2187, 757.8449184629653
1409, 757.3532268287006
892, 756.9375667502604
1556, 756.334310115219
2120, 755.1958485367114
2181, 755.1473597513099
928, 753.579740901446
1570, 753.5481566030164
1937, 752.4400900541726
662, 751.4768411380672
1775, 750.2814693016468
1360, 749.833138807492
2422, 749.6111146322638
702, 749.5702554169393
704, 749.3177320824077
1380, 748.6834160836478
1315, 748.5124049978398
2883, 748.1732635315785
1405, 746.5473167575975
1819, 746.222856642816
698, 746.1168292375062
872, 746.1048419483366
1947, 745.8637645690028
2998, 744.5278200668724
775, 744.3107219221704
981, 744.2557253607812
1344, 743.2483320829828
622, 741.9217172773658
1415, 740.8644468433594
2827, 740.8156354574284
1402, 740.5067765767762
1767, 739.6493771574671
1548, 738.847025909775
1413, 738.094997662291
2114, 737.8497629022532
1826, 737.6934640624117
1407, 737.5940753159068
1843, 737.4967378360421
1036, 736.3786658844822
2838, 735.8196361436168
3002, 735.0784668329479
560, 734.5448007181407
1266, 734.4325949123584
2219, 734.3205444619003
1211, 734.0114582546544
780, 733.6176670422514
1473, 733.3800418203077
787, 732.9255780127164
1411, 732.7502653915384
245, 731.7870189091547
919, 731.6118278624048
636, 731.2277788679444
2357, 730.8822631267808
1545, 730.6602183592271
528, 730.6146883142513
340, 730.6030588448713
1812, 729.3240575836202
1312, 729.1487134024128
1552, 727.8186466719893
921, 727.7670952320993
993, 727.6302570606183
889, 726.7769985164808
1337, 726.2898986457444
2992, 724.3940372784973
3001, 723.5296165224692
1000, 723.429774156321
1422, 722.6347372506535
1328, 722.3599062268245
27, 722.084934867428
1389, 721.4011102281684
2885, 721.1436497687818
3449, 720.4959127508774
2836, 719.9736569006199
960, 719.6356196838118
693, 719.5418697756313
878, 719.4761135228717
1553, 718.9954176015987
1387, 718.4832209610801
2174, 717.6567560723367
625, 717.6532280124119
2892, 717.5589149549064
230, 716.4868857688958
601, 716.3409519434786
1272, 716.0599790950521
3023, 713.8169633313234
1987, 713.7906772183563
789, 713.6192759091559
1945, 713.280756662929
349, 713.1065244042363
1335, 712.1121016210774
1888, 712.0387404587148
25, 711.2317590711368
604, 711.154891960932
2137, 711.0681748691231
348, 710.8507251275255
609, 710.7987017690925
2944, 710.5339950581341
362, 709.4071287250855
1384, 708.1312300084071
3268, 707.4718352571897
1763, 705.8656851328682
2936, 705.7808367334902
2896, 705.5236704720381
3015, 705.1203055865599
1350, 704.4806259722566
3272, 703.6790019967331
988, 703.5902647704863
3451, 703.4987032783913
1845, 703.367470834287
1943, 702.5309530600134
2145, 702.1447332226483
991, 702.0291984003667
1322, 701.9688505569325
247, 701.175159430571
1512, 700.4187476799347
758, 700.1468726656703
2000, 699.1564686498073
941, 696.8370864094628
1408, 695.948601863807
2160, 695.8005577361492
1490, 695.3645012580187
1005, 695.2907813767017
952, 694.5230532939014
3267, 694.4843689790939
242, 692.717633889232
1013, 692.5875912049172
631, 692.5394197278879
2850, 691.4760293926752
1011, 691.0899396451687
529, 690.760180409468
581, 689.7426207351782
2196, 689.6469015498556
1371, 689.5351917566791
1844, 689.5003193342062
355, 687.7244015046086
2171, 687.490096943047
2901, 687.3161213399411
903, 687.1633961637318
2547, 686.4651039249804
1985, 686.053816597407
3068, 685.9267865000809
317, 685.0853146062009
309, 685.0853146062009
709, 684.5836890848436
1292, 684.29746318673
579, 684.1747255513263
2949, 683.0161422202137
233, 681.6917546828976
2281, 681.6772004233351
617, 680.9735057229144
3018, 680.7998942912574
610, 680.4460900969975
1479, 679.5212678310855
837, 678.6899621381519
2236, 678.3329985935067
1392, 677.4659661585284
882, 675.958803374561
691, 675.5038156619423
1822, 675.3597716721566
2427, 675.3453515909863
877, 675.0394110359571
760, 673.3067185600039
2432, 672.9953270708083
2858, 672.9335877863842
1412, 672.4945265155837
743, 672.0177289233272
1807, 671.3262556852558
999, 670.9538047979293
1508, 670.5979568003283
366, 670.2618172333358
1361, 670.2516474082296
1474, 669.2718946755291
1798, 669.2010883510338
1795, 669.0625654448098
874, 669.0554205397335
1883, 668.7517070190407
1565, 667.8684277710438
2846, 667.6222060227989
2116, 667.4443767831809
951, 666.717125774681
995, 665.1241921032105
1615, 664.7531000770513
1295, 664.5379845775238
1522, 664.4728298324197
3031, 664.1847814480751
575, 663.9486455005311
2852, 663.7280143787658
933, 660.4881509484858
1321, 659.381758301961
2180, 658.8742937449615
2438, 658.761507910121
2205, 658.7345323886855
1547, 657.8763925114853
1023, 657.5488251460487
24, 657.4808584774771
817, 657.2748494958486
1352, 656.4195309141107
1483, 653.318225294197
3218, 651.3277574931197
2262, 651.0558006331933
969, 650.8645157209405
3319, 650.4057440691813
2993, 649.4706251138791
815, 649.1313364411636
1419, 648.6260934682141
1602, 646.8183227924947
1420, 646.1548982821022
374, 645.8408243241115
234, 645.3457692923894
1417, 645.3446640046283
1523, 645.1689886937861
1842, 644.9787627573999
717, 643.7732120874939
1946, 643.5060740481736
578, 642.7305409835221
1376, 641.7285244269959
833, 640.6248088483178
915, 639.7699225451918
2996, 638.6080640054661
1421, 638.3921024793643
2890, 638.064315949589
900, 637.6316792663987
2095, 636.875987317657
3016, 636.6574706123388
1885, 634.6442490080635
989, 633.4803636422148
327, 632.8841876363651
1290, 631.2982953356609
2358, 630.6463922213456
2155, 630.5230843722837
589, 628.0079747000543
319, 627.6886162774939
1495, 626.721243079348
2898, 626.484374179378
1762, 625.7643989577396
857, 625.3767785149344
802, 624.9791400266492
1278, 624.5200219146943
980, 624.2796291129969
1653, 624.2224981659667
2935, 623.3383491155683
2945, 622.965357635653
1336, 622.9454235137227
2365, 622.9123953687484
2894, 622.8264578242528
1907, 621.1110738560022
1347, 621.0918036841085
2001, 620.9302996330408
2118, 620.5232011524894
1308, 620.4517606830889
1455, 619.2806133731599
2318, 618.6982387115667
1310, 615.5928961868942
2420, 614.7311152674595
2124, 614.2407012809435
1616, 613.50544111006
1884, 612.0595382571794
727, 611.132369473265
1478, 610.7924834792526
883, 610.483234717963
1210, 610.23256379059
950, 610.0078418180699
961, 608.6380113293194
3029, 608.6100792918297
343, 608.129020188534
353, 607.3025206538713
772, 605.9377134300169
2995, 604.7539380844815
249, 604.4596809412184
1784, 601.6242334887289
909, 601.2304043430618
1541, 601.123618758609
1283, 600.6963174674431
1764, 599.5629970065935
1373, 599.0394505434457
2194, 598.0699271192794
1039, 597.0911462953771
2157, 595.7628180118603
778, 595.4230775561057
917, 593.892288027697
1012, 593.8856786040532
716, 593.8064964155059
527, 593.7203892114192
781, 593.6703110157076
2364, 592.0336416673862
2207, 591.7242407962551
1776, 591.4534537287893
600, 591.3780742521323
23, 591.0061436072655
3025, 589.966221627613
321, 588.2781483018404
1356, 587.6999927952733
628, 587.686584595904
2333, 587.2264330884929
2135, 587.1825341140727
3220, 585.3243735394171
939, 584.69622517302
945, 584.3133314999922
1617, 582.9424473015059
341, 581.7820172556883
1613, 581.0215445021512
574, 580.9756305527335
1379, 580.2071903252414
2431, 579.9853164869594
808, 579.5894412967148
1501, 579.4797285765146
922, 578.3362541717306
2195, 577.9715960343756
1846, 577.7069464637622
1486, 577.6883588491619
2855, 576.847217511621
1274, 575.7114366853594
1823, 575.3474290425446
762, 573.6655017222287
2243, 571.1066034074248
356, 570.5213643174794
1781, 570.1172282233896
3000, 570.0520276076745
1289, 568.8156810153508
2193, 568.6279466299513
3233, 568.1683327174643
841, 567.7037416240977
3269, 567.2938153928551
844, 565.9166402419579
2368, 565.8012053231137
1037, 565.7715674784537
2806, 564.5357833103592
29, 564.3518530463936
2997, 561.8939115781799
1810, 561.6539067452113
243, 561.636829777272
1780, 561.0610411241192
1003, 560.9998045758826
686, 560.6793914348383
1919, 560.5395987495241
630, 560.3370150912552
825, 558.3569101588394
1999, 556.7688777195268
2953, 556.7263409865186
1279, 555.3383540204691
591, 554.8635144393713
1640, 554.6056522746991
2248, 554.0033566057068
2143, 553.8130269704061
1355, 553.5525194976177
3011, 551.0530870367232
936, 550.4665387041784
955, 550.2539498862519
1542, 547.8901354189162
682, 547.2299177134493
615, 545.7422307749968
1038, 544.864487070591
1821, 544.8135642992496
2859, 542.7794571221004
794, 542.1832573035247
2435, 540.4451513412522
2428, 540.4451513412522
1931, 539.2860263133526
1190, 539.0254017811492
746, 537.0067207337208
2889, 536.8482209091661
612, 536.0518537902312
920, 535.366474339573
526, 534.4187819502507
1526, 533.6272459398928
1306, 532.9871952719884
629, 531.5628153158327
3320, 530.9920996706089
791, 529.7398906969112
1510, 529.3630424224825
3013, 528.9639612008252
1527, 528.3660948496901
1765, 528.0075252324135
2242, 525.9662087565914
2211, 525.8113843216753
1768, 524.1768403111453
2904, 521.831777945768
1806, 521.8079801608742
744, 521.7966889523841
2170, 521.3533824010651
1951, 519.8852221245414
793, 518.5950672963447
1939, 516.1707757704166
1940, 516.1562303586705
2429, 516.0354525269266
923, 511.5876337043354
2932, 511.5719430997703
786, 510.2371192053819
788, 509.6868016970891
884, 508.06117033222307
1525, 507.46422056486324
2208, 507.1343331354938
2402, 505.98771922483286
344, 505.06280808020364
8, 504.78515185138366
1482, 503.3609635011486
1269, 503.0812466246612
2856, 502.14918861900867
259, 501.8373701843324
1890, 499.04599699808864
803, 498.1834719639208
2158, 497.24573770842426
2878, 495.17218260747796
524, 492.4274788343593
316, 489.57325546520525
2434, 489.0565636108737
11, 484.38429900427883
1623, 483.9741671945526
5, 483.51282897423386
901, 480.81798798364866
2191, 478.18185997786105
3215, 474.19704804320577
1824, 473.6507120100501
2991, 470.63921655442834
248, 469.3854443895198
94, 468.3291873227914
0, 467.7549718793456
1578, 464.9847481174447
1287, 462.726239255324
1364, 461.311923722029
1004, 460.44147374255175
30, 459.76640534773577
735, 458.27956884709755
1882, 457.05450752360315
3043, 454.17592833195744
1564, 454.1500397321432
107, 451.9908438481583
2134, 450.4413892564569
3017, 450.3405687560617
826, 449.9570399142863
1267, 449.4187340902955
1723, 447.8603465946828
3036, 447.3896495100405
814, 445.50175731481033
1579, 444.77347110904617
1309, 444.04980893028596
1418, 443.3802381543641
1410, 441.7681713762692
848, 440.7573183007465
3, 439.5819971561957
1977, 437.96015552943254
1794, 437.07073305439866
28, 436.9756658123906
2805, 436.7475550100989
1509, 435.73759353299965
9, 435.0554855483094
1818, 432.6650654391447
2999, 432.6031185665191
1788, 431.58538047893
1404, 431.3474943482947
2832, 430.0512963774994
1532, 429.0415883935243
3219, 427.47523335721064
3216, 425.73805543250216
2153, 425.130072326886
1324, 423.35324913946005
1814, 422.2249308456436
2731, 418.21121764320367
1785, 417.1375343177605
6, 416.11599302793155
3223, 412.15253128495885
7, 410.01440949286706
745, 407.99625741088664
1255, 405.01810054014845
118, 401.5318967005274
3221, 398.4282581642996
3222, 397.7180553129362
112, 397.7119821478104
823, 396.81624366506503
2192, 393.3042662822929
418, 392.25276569479234
10, 392.0939489118645
953, 388.69141855788126
416, 385.50697974662825
1484, 385.37765549514563
3217, 382.5713448842892
3234, 382.0869629582197
117, 379.1553776158668
2860, 378.657818488709
417, 378.15087561775573
182, 378.09918054226125
1577, 377.57123484845664
1661, 377.2213970902804
1485, 374.6813484481455
3009, 373.47286387330524
420, 371.48275842248523
1426, 371.0458076672441
916, 369.2289347667742
421, 369.1710815768081
2857, 368.9018228302942
3235, 368.5141692276797
3310, 366.36641349713926
1889, 364.51601167138784
419, 363.76663357814164
768, 361.35836552872905
2320, 359.6575321703313
4, 358.4026099676268
1800, 357.23583679350264
116, 354.9668984828689
1457, 354.2310443798303
1487, 353.93861561470277
2275, 353.65285114258444
3431, 353.59998630195486
1153, 353.0991776256061
641, 352.7282686000144
1358, 350.25395918644944
1423, 349.6352939197185
2861, 348.38772414247353
1427, 347.6208370400662
1425, 344.7840548617689
2433, 342.43725976336844
1, 341.25834542573455
1571, 340.9112461623242
1454, 340.2110798651393
2900, 340.1105235001593
637, 339.5706088157221
1580, 338.24201279562124
1062, 338.2241155659279
1302, 338.05438973624314
1566, 337.92790084969425
3164, 334.9610622717156
1958, 334.2902122310162
1709, 334.1972330775786
1838, 333.2369926247266
2351, 332.58253570125424
1567, 332.15073056328015
1424, 331.9707770327412
2010, 330.1934599339136
3188, 328.14023266222944
13, 327.7442720831351
1156, 325.1934244395909
1575, 323.4299136171869
3228, 323.40558756525274
1151, 320.2055177887772
109, 319.9342549755639
2971, 319.6620524207576
1316, 314.69030335695817
2801, 311.9740880096351
1864, 311.4293710988337
97, 309.64509237907833
96, 309.1293428346998
268, 308.56725542092124
1573, 307.27788531315355
1576, 307.1967892214323
1562, 306.6475524402003
1178, 306.02202971488
1073, 305.88945694471164
1440, 305.53393870088104
260, 304.27319215787344
1632, 303.3867312399206
1180, 303.20679471874735
115, 303.0535972578589
32, 302.6734721644519
1152, 302.43887539160266
1895, 302.1066190996392
1216, 302.0775009683686
167, 299.91064036616393
144, 299.6525984427025
3236, 299.55668526325155
12, 299.2823671591492
1962, 298.97989732509654
1572, 298.11713806146497
1638, 297.3622100848275
1543, 296.9746642111849
358, 296.5709658807048
2270, 296.0272878305128
3387, 295.29537001208206
3417, 295.1597615454259
68, 294.0660781175765
122, 293.6937191016583
1813, 293.3235217535535
1065, 293.0802729852779
2400, 292.78372178620947
3376, 290.5955025706449
1634, 289.4044239196198
64, 289.3951389491772
166, 288.671215580838
3392, 287.9576588092742
1694, 287.5625835825202
2395, 286.67713509648405
93, 285.91293407717393
1034, 285.62359556199453
2915, 284.16876630736317
1397, 284.0333813638351
2097, 283.4857052860377
65, 281.8620279530998
1588, 281.6215604703495
101, 281.35965634168906
1068, 281.05303719767414
72, 280.6415682953689
3374, 280.18852843633965
1574, 280.0428882289243
1061, 279.188331191381
1150, 279.17323642366887
1220, 278.3783256663478
67, 277.9405596107121
1663, 277.733759260222
1198, 277.69039974611206
510, 277.67560135903733
2972, 276.12287775117034
3428, 276.0608789120297
70, 275.7682104049801
69, 275.7682104049801
3356, 275.65551369766473
1605, 275.2585457331537
1428, 275.13907166806285
2384, 274.65022787498356
3422, 274.0063709200254
1134, 273.7281669995778
2399, 273.32838191948457
2787, 272.1212569176977
267, 271.6241714524873
2414, 271.134160565785
1996, 270.54001016894324
1123, 270.1502967136483
2913, 269.818395520864
3122, 269.4218885974221
1976, 269.346928227719
3368, 269.08607681298946
1240, 268.70848320081967
1207, 268.5452922115878
1155, 268.52029381257427
3140, 268.07087746441437
1406, 267.7964801705533
2775, 267.78571749226734
1135, 267.30240968774217
1467, 267.1845176627897
434, 266.26518665301126
1138, 266.18672424510453
2550, 266.01791406690296
3349, 265.65640633278497
95, 265.57207821112434
179, 265.1637571263527
1194, 264.9617390143659
3126, 264.85997966197357
3406, 264.7495390940995
1120, 264.3957270078915
108, 264.1159195103459
1224, 263.85260822523793
121, 263.63386849992946
1713, 262.127720996567
1693, 262.0313310549954
3137, 261.81040467092265
2295, 261.20564552345706
3337, 260.42456614904995
1225, 260.188884324756
1146, 260.16897241632216
1108, 260.0239999550547
103, 259.99436237517745
1186, 259.8285162296691
90, 259.7059183446078
522, 259.3839429942754
3060, 259.22764468577367
3138, 259.1515450134225
1078, 259.0887016149265
304, 258.736068554594
1195, 258.6361340503948
1441, 258.55247864362576
3328, 258.2488357591515
3127, 257.95673394803816
3427, 257.6435717931677
1168, 257.641505773101
1191, 257.4270162079121
160, 257.0011501367248
2799, 256.98801165468467
3355, 256.8628687161629
1189, 255.93422553475696
2984, 255.75466671796977
190, 255.62912904276246
3338, 255.5781714778086
2761, 255.49691856592503
1163, 255.13836808671587
1131, 255.10992722928336
3330, 255.08595976862242
2982, 254.71837782702042
2273, 254.55958036070086
2977, 254.34655582469205
3096, 254.29535561528812
1107, 254.20097840845895
1167, 254.11178314528425
2770, 254.09814412615836
1222, 254.01911085334234
338, 253.943221383319
3390, 253.91081792561897
1658, 253.89080586749893
1223, 253.6603185977712
3116, 253.63617222334244
2023, 253.39587237045714
3088, 253.29833500104525
1998, 253.20549188196537
3075, 253.1992057653191
133, 253.19110529504985
2378, 253.11325460650042
511, 252.95236001639356
1656, 252.78779604565224
1133, 252.56721334002236
3104, 252.5551432070016
1477, 252.54132524336498
1514, 252.47413699491096
3074, 252.40254052636067
1127, 252.27956266461737
1136, 252.20602856242417
113, 252.15801404183986
232, 251.8793511267828
2347, 251.87329952549007
3152, 251.61920141436528
1250, 251.54240045066274
2007, 251.51025159401945
541, 251.4085381006335
3067, 251.3382117094584
2551, 251.04037792581428
2762, 250.82761343231314
2268, 250.73218670393916
1176, 250.72975510895813
3052, 250.72756791158983
1251, 250.67742291990567
3124, 250.64052227475074
2967, 250.58726974424007
3157, 250.53368781971346
3087, 250.19689893113664
3109, 249.5594832585
1518, 249.3698014059576
2719, 249.32389558720874
1246, 249.2412981978433
3156, 249.12400750095142
3397, 248.96674512635735
2411, 248.75344264521675
1196, 248.6626792113529
3053, 248.3752612756472
3076, 248.32954119726386
1435, 247.73947690537446
2350, 247.44545182146038
1431, 247.26163848027986
3081, 247.0374389460281
205, 246.88791606798745
492, 246.46941601049573
92, 245.99811960988077
102, 245.91223976071865
3400, 245.75634705259856
3103, 245.7058439989048
104, 245.62293030646404
2796, 245.0645726335729
1188, 244.99341681038038
1097, 244.99163565337997
1201, 244.90443428797954
192, 244.7911995985469
533, 244.61514949981915
1227, 244.61363403906495
106, 244.55805848668564
1261, 244.3835652995367
1181, 244.2343120520337
3377, 244.13860174282206
553, 243.827682772045
89, 243.77628942927643
1197, 243.69736177716035
498, 243.4736928177356
3430, 243.399810530503
1182, 243.34697534262574
1116, 243.2009130810368
120, 243.1363358605256
2976, 242.99126148889601
1079, 242.98521390598827
1298, 242.82583707695275
1881, 242.7232107186315
1446, 242.41084585067173
1460, 242.3918818770322
2028, 242.30903410808205
1242, 242.2180124343355
3158, 242.12233404898984
1711, 242.070866168335
1208, 241.95519188489126
1213, 241.9209886130201
177, 241.88225271914374
3102, 241.85177161733156
3335, 241.83767647010794
209, 241.78913265517897
369, 241.77250123197246
3394, 241.31850469868618
1257, 241.30519688339353
520, 241.26077995392617
99, 240.8992394382602
2815, 240.8312082984219
545, 240.7520962068419
1593, 240.41413081960988
2344, 240.19916878189673
2065, 240.16279749974404
3154, 240.1200122575828
3399, 240.0997572293834
1149, 239.51888559513583
2716, 239.02179514092708
1209, 239.01802650209805
3141, 238.96724910656616
261, 238.94472161490535
1160, 238.8155070886007
1175, 238.7729124465119
1170, 238.48278919979998
3414, 238.21526131275144
135, 238.20166408875647
2304, 238.11685837260495
3117, 237.88452732832963
499, 237.6809621180287
3398, 237.47313901932824
2421, 237.45738817221024
1059, 237.39154948719724
2771, 237.37239124235975
3351, 236.91770220187354
2800, 236.50244359990015
105, 236.42800361152956
3366, 236.42283809098652
1719, 236.21454999456822
3322, 236.18493851200887
1217, 236.12904170002145
110, 236.07096837043213
1773, 235.67928609536992
1436, 235.30276053083938
3375, 235.14626369353246
1254, 235.05457239241994
3115, 235.0272912174969
1438, 235.01889164033156
1137, 234.9110324950877
1860, 234.07490537484463
114, 233.86661178934204
3367, 233.53933148954889
2014, 232.8611942163164
1154, 232.63439890532928
1667, 232.56328856822907
2412, 232.35673534692629
125, 232.28226807992118
1596, 232.00853017042076
1125, 231.05879361280094
1148, 230.89197435943328
2387, 230.86757828279983
1070, 230.79271835086735
1206, 230.78083844372898
66, 230.69448023463383
3342, 230.65199437481425
1597, 230.58954065106985
3441, 230.2816553928758
61, 230.02266538436595
91, 229.93771385784407
3420, 229.9311282476998
1430, 229.71641575792444
1447, 229.3182142964488
1139, 229.1726914125986
431, 229.02677079402415
62, 228.9810697366084
131, 228.84843311594565
2290, 228.59084780491395
2413, 228.56572814748554
1147, 228.5174362171641
1229, 228.4748378299575
2392, 228.39033759879308
3131, 227.91807976284724
1112, 227.83957426529997
1141, 227.31274228161004
2960, 227.00140878005823
1678, 226.76849225189937
1262, 226.72391961341302
1961, 226.40062535873437
1199, 226.358452815382
1099, 226.3151929527876
1974, 226.25194086638464
2080, 226.2480757636715
1067, 225.7991035338388
172, 225.66359133169212
3198, 225.30505749773047
2794, 225.26551036938844
2, 225.25847152361172
3332, 225.04102371239486
1095, 225.02696623678966
2978, 224.64397167615826
2752, 224.62074723219507
2769, 224.47971714601584
2396, 224.35424886555668
3372, 224.0554103276695
2406, 223.79591503310746
3333, 223.68482226947958
3003, 223.65351193714858
1096, 223.64580055148994
2730, 223.55084622478773
1101, 223.512651476933
3132, 223.17812070894854
1688, 223.16763439512752
536, 222.8581957410484
1130, 222.61182772368608
2813, 222.35535013841374
2975, 222.29508302139047
2974, 222.29508302139047
3139, 222.11925327483462
1069, 222.10884837230742
1253, 222.0933139447469
1761, 221.83207816365405
549, 221.79919316586916
463, 221.71653338503833
1855, 221.67508057532532
279, 221.32509862218745
1449, 221.0242355966691
3078, 220.9727782617271
552, 220.77703611998274
3028, 220.57529109293696
506, 220.4661492979903
210, 220.27131209656682
3393, 220.22896430412908
3396, 220.11868963234107
543, 220.01757544967762
1088, 219.52247382357476
1662, 219.44511681536684
3047, 219.43560789823914
1214, 219.18176817211557
3425, 219.07488054431354
1586, 218.953440916395
2269, 218.83183677884875
1144, 218.7201866845209
1212, 218.54843705841057
1589, 218.54169060404848
2983, 218.53638945101574
426, 218.4698202221737
523, 218.2596378892326
3410, 218.07921120243478
1226, 218.07920187322293
1660, 217.98062058703297
2356, 217.901326290718
201, 217.72270754955412
1042, 217.48808062619463
3153, 217.2750178005354
2919, 217.2668142496142
1857, 217.10137172381212
1760, 216.98950201662726
1041, 216.94695646443827
3004, 216.90412612031955
2355, 216.5673184376484
2765, 216.50905498329178
3280, 216.05555452332146
2862, 215.9578431416909
2417, 215.95708957192434
1867, 215.69812702841966
3395, 215.48982060017886
1852, 215.38202278001228
2798, 215.12332741127096
1025, 214.95647458032187
3125, 214.93137012950947
1115, 214.89751178858643
3048, 214.7409851287938
1174, 214.7133811575636
1145, 214.52444038749192
1301, 214.48858467556616
383, 214.48722786570124
851, 214.19753992209257
3421, 214.08855480499548
2753, 213.89057727480153
450, 213.8673639991621
2717, 213.80106516308612
2009, 213.67108509225858
1683, 213.57913818525424
1083, 213.48456953713844
1856, 213.44819901052063
3291, 213.368199605595
3334, 213.3430440149266
3418, 213.31674300477144
1179, 213.28079056605756
382, 213.18262256386765
1872, 213.02180827591053
2819, 212.95705324633644
476, 212.8516531552684
1236, 212.74527677770158
2409, 212.50921303586256
3061, 212.48358107323872
3286, 212.38321259491138
377, 212.17188483154342
502, 212.16026266771283
2715, 211.81290086692792
1600, 211.6589189251834
155, 211.38198714457133
128, 211.37537254854252
283, 211.35665621371444
1031, 211.29787330643885
2303, 211.1932086626036
542, 211.13636138939788
3073, 211.10247424892054
3371, 210.7816298955718
3429, 210.64135736771098
537, 210.59853486646912
154, 210.56243417050362
2408, 210.55022668607714
1299, 210.40082160244845
197, 210.08498630776415
1608, 210.07307683505167
1753, 209.96127505709487
2797, 209.79068937683735
1245, 209.7878876450102
139, 209.50821841593947
3086, 209.34449102589662
3106, 209.2223089788254
178, 209.18361850576585
215, 209.16392018399316
538, 209.1510661464389
1866, 209.05402589969043
1429, 209.0411501274976
176, 208.8747107487511
164, 208.86535364293917
3339, 208.76801541657287
2337, 208.74385783955933
1445, 208.4253543363441
397, 208.12233844551756
3402, 208.01012469225407
264, 207.93402001041932
2803, 207.78676842273998
547, 207.6500588775779
487, 207.58788854104165
1128, 207.47812716499433
3416, 207.4326031402195
1978, 207.31525138780776
3378, 207.29897176280693
1043, 207.29059853714665
163, 207.28664480022547
1979, 207.28007493825183
3196, 207.26407787547154
1849, 207.17231327873455
2388, 206.67041100090947
2958, 206.61656151964888
912, 206.55806090112333
151, 206.50351030909408
1607, 206.32764136830863
1113, 206.1246311598144
1241, 206.0397455233441
1465, 205.99981349161243
550, 205.5727217787048
2969, 205.49995290305867
3369, 205.49850739889536
2309, 205.47406353927803
619, 204.85388031036854
53, 204.83667234432707
171, 204.6486434277753
462, 204.632162930301
1183, 204.42986097806838
1811, 204.37403556637278
2110, 204.37105766599805
446, 204.30879436972495
2754, 204.2801229521463
2398, 204.24849409290496
423, 204.02959040535205
1091, 204.02270931808496
2985, 204.01278348730952
504, 203.9055388063136
2069, 203.6907913108379
1094, 203.64583497537308
2966, 203.63836279451968
1218, 203.50970823023187
1074, 203.35467255128526
2056, 203.24874450687878
3373, 203.15958806609197
2315, 203.13631135644505
1193, 203.10676986352132
1437, 203.09592821901532
1124, 203.04306430637627
1973, 203.0404968009291
3405, 203.03077346454248
2733, 202.9965593659924
2068, 202.97597431493267
1876, 202.97069907014796
181, 202.9070367308225
2973, 202.899058607608
530, 202.82813908783442
1169, 202.80923713776474
3119, 202.742745090569
76, 202.71585615910652
2297, 202.63582582568776
2271, 202.46129021817623
2990, 202.1668503683276
1060, 202.15250271847134
514, 202.12162002795128
1200, 202.0295229099775
3064, 201.90405481894862
3407, 201.7651441981801
414, 201.65798280862347
1451, 201.58255192982253
737, 201.5462042546733
469, 201.534967263083
161, 201.5150362264511
2100, 201.29368811794535
3166, 201.27564817741043
2818, 201.2517536251572
1590, 201.24637303018218
1444, 201.1551438088839
3381, 201.11004289726236
1247, 200.9908716562354
1865, 200.98432391081923
3423, 200.8473881275509
1219, 200.8251146290312
1089, 200.7833523038603
1035, 200.65085514223614
2968, 200.6502860660488
2747, 200.44824282326647
1248, 200.44224114267118
132, 200.42760370696314
2279, 200.40371289289567
1030, 200.3683374852674
1442, 200.15372648945632
1085, 200.05683824650873
820, 199.94972500105823
336, 199.62164874125799
119, 199.34423823898922
443, 199.32468132662552
3058, 199.30332636164948
2783, 199.27898869962038
556, 199.1956226963188
162, 199.1689086174389
2386, 198.89558974837584
3436, 198.67776531782002
2763, 198.62071997119196
1027, 198.61627883661185
3227, 198.30251968941397
3353, 198.25232106860582
1202, 198.21370059627756
2979, 198.1398850341628
532, 198.1164572177702
1736, 198.05202302895336
3277, 197.9855558095654
448, 197.94996999383412
1450, 197.9247154707986
174, 197.79815582627742
45, 197.62601871973425
1464, 197.58114185217894
454, 197.5729454700352
157, 197.54192594976274
1117, 197.4581834911218
3382, 197.22758948693186
582, 197.21585173978423
3331, 197.15782581538835
2312, 197.14924157004512
373, 197.1284427999237
2071, 197.0383169979181
3049, 197.02826648216862
1462, 196.8350145668527
3340, 196.8175908922485
227, 196.76563159143745
430, 196.66249174479225
3181, 196.42147780196214
3408, 196.09018312783263
2105, 196.01358263152306
2548, 195.96566114080377
736, 195.96127845941447
3072, 195.93309156940086
3108, 195.88675818684567
1689, 195.7271262326011
289, 195.6248278642645
1119, 195.49989681945235
3317, 195.32978145047034
159, 195.30710123455577
2918, 195.27772508419162
481, 195.22057244566417
262, 195.10541639027136
153, 195.06354115545122
429, 195.00737977843622
3070, 194.86836243156327
146, 194.8519407418351
2033, 194.82275663171296
432, 194.7991486272331
3370, 194.71913336604445
71, 194.6219197995725
2382, 194.59413020933
1651, 194.55478014835705
3303, 194.5120091128741
1911, 194.4086142095988
2099, 194.3137574185586
3089, 194.26804713149713
2301, 194.21620139470284
505, 194.03106158937368
169, 193.9487369891795
1230, 193.89223459410834
3155, 193.7968703979649
3077, 193.79194347458014
1531, 193.77945208375755
2792, 193.76009413552765
2292, 193.6115236276942
1166, 193.2058663135424
1066, 193.20208092094023
3055, 193.10958230378188
41, 193.06026705554692
2260, 193.04529365801295
3385, 192.63365423351001
1040, 192.60532363189404
296, 192.50846603276216
1126, 192.46769901114214
3118, 192.4123395661944
531, 192.21785439351325
535, 192.20822270257077
211, 192.17741150416853
1676, 192.0637301806035
124, 192.03922047853814
1584, 192.02895505218112
3437, 191.63725912834704
3247, 191.40883260452918
1603, 191.3613923041412
1263, 191.30406930126287
3046, 191.23458646212205
1086, 191.22950297895963
368, 191.22906792552968
1448, 191.20034221210764
3419, 191.1916801294044
2302, 191.04816246688756
1187, 191.04216417648172
207, 191.03599829254438
188, 191.02330963323286
3107, 191.01952969739358
457, 190.8950816453456
1075, 190.87113562296705
458, 190.8214914865693
3148, 190.81847478957462
2022, 190.7238030645213
1110, 190.66030011054403
2311, 190.59930517878735
263, 190.44476000338895
1624, 190.3704160611774
40, 190.2754914337602
1173, 190.27496670197712
1072, 190.23549805262857
3114, 190.06902591491183
39, 190.01510486017546
554, 190.0084521103707
3135, 190.0020422455562
1964, 189.977862104435
2777, 189.96002385302248
170, 189.89637489713738
1234, 189.86451339135684
503, 189.71322327182042
251, 189.6573435117503
1239, 189.51324640987085
186, 189.38066476454375
2265, 189.3560175552763
2986, 189.27900932730768
2053, 189.22932166091863
2015, 188.99144536958437
2277, 188.86136917156523
1161, 188.85728414550059
3401, 188.82097653677064
2394, 188.78555226580505
2735, 188.73484337614917
2267, 188.65484039893565
221, 188.65173964098153
671, 188.643186666262
3302, 188.60284537159117
2310, 188.3102085536757
557, 188.30639316822322
1203, 188.22882895179674
1585, 188.20988321111165
200, 187.87077329673147
1129, 187.84540858811832
3388, 187.75246126720577
1132, 187.72340877943367
284, 187.61870132571238
1610, 187.56469126317234
2791, 187.53995778422944
1583, 187.44458393733836
482, 187.40778715448312
539, 187.37158545661114
3275, 187.371135244789
3179, 187.2759105736542
180, 187.20613188805302
2274, 187.20120177331356
202, 187.14387904639338
1533, 187.0905112786036
1228, 187.07370851121092
334, 187.05646731083397
3054, 187.034514075116
456, 187.00476109768525
3069, 186.99629149141415
2961, 186.974662344643
136, 186.90922906932818
3191, 186.84666153957997
1452, 186.7649758937308
1143, 186.6720128938996
1026, 186.67090489651613
158, 186.62778710763763
3341, 186.57747797647826
2380, 186.38948335994343
1994, 186.2042092695771
98, 185.98268961123287
494, 185.96289360406539
3379, 185.9496765995345
501, 185.93523526032146
175, 185.85511035498493
2807, 185.75793111159075
293, 185.75368180499547
1215, 185.74141788846057
123, 185.70384131102682
1071, 185.66324706014422
2740, 185.64020107820778
2266, 185.48646003658158
2964, 185.37246337452063
3142, 185.08979855812714
2050, 185.00754590700294
2298, 184.99830359582555
295, 184.97379777487112
2348, 184.95525052557448
3403, 184.8289897307891
2424, 184.60891893565937
444, 184.43678036777004
3389, 184.42331643127855
2407, 184.29177287832673
437, 184.09670579522293
2737, 184.07479203936524
428, 183.87642930070717
2306, 183.8519060360144
3167, 183.79100589051902
860, 183.73611523410014
2963, 183.57144521531356
2962, 183.5238348313597
3409, 183.3781162253725
220, 183.2814247599444
2070, 183.26746805832542
329, 183.2555754277655
213, 183.25188104430333
2018, 183.20695617746787
1975, 183.1579885466405
2055, 183.01290050403202
333, 182.9318983687872
2989, 182.9248018640286
1032, 182.85421780577397
3169, 182.71254260466017
1848, 182.68364359195263
3189, 182.55344076952468
152, 182.50548848711693
669, 182.46796183613665
303, 182.4563410745256
483, 182.39931437037555
3210, 182.37897474063456
1851, 182.3751649673183
2764, 182.36856716245097
2772, 182.28461710931597
2088, 182.2488318276696
1090, 182.21631151102613
3426, 182.0649052161615
642, 182.01698321699627
1260, 181.9734994938623
1233, 181.96560595961753
378, 181.59490297055927
1076, 181.53420379634056
2075, 181.50404399260447
2746, 181.4899378569641
1456, 181.40525788335566
2252, 181.35105385140875
1432, 181.30184518749087
453, 181.1834695029026
3205, 181.0204849608995
2352, 180.9882347384624
2308, 180.93307368118724
2059, 180.9301448761581
852, 180.8349799309426
1252, 180.66884692690843
2223, 180.58659587467366
3203, 180.57389414011485
3065, 180.55942510881687
2006, 180.55505464849475
3010, 180.49010316123437
2086, 180.33491224835342
1184, 180.24704125454977
1963, 180.20874654045252
1912, 180.17894280092443
332, 180.16081829883709
3445, 180.10699292091394
1581, 180.0729447301331
832, 180.03123867845366
3404, 180.00599149102555
410, 180.00027495370747
37, 179.93828752985786
2103, 179.92064961183937
330, 179.90298166736756
392, 179.74730953485178
3172, 179.68831602207283
3032, 179.44916803306523
100, 179.44458006140033
1997, 179.39837433495003
2011, 179.34647635314943
2300, 179.2021488252609
773, 179.19536332886707
546, 179.17918855284879
380, 179.12123801267012
142, 179.1113048985786
1995, 179.00068046376316
3182, 178.8846492459984
1177, 178.70774354441753
3212, 178.65533608081185
1980, 178.5224645816562
2016, 178.40662194248435
3202, 178.39997682440188
3149, 178.3414294014242
864, 178.3163102891875
478, 178.28812455431233
2790, 178.24573197896507
2389, 178.1814480526674
2276, 178.10945803470338
129, 178.0223025200961
467, 177.9800180760923
471, 177.86040822875708
2263, 177.71445310484458
1466, 177.320285973821
1259, 177.2481336259337
3174, 177.11295756296485
272, 177.0629283526545
331, 177.0126316159481
2786, 176.97198431808272
1991, 176.74735731449576
2766, 176.72489341350874
3447, 176.669785491894
208, 176.66590139860423
677, 176.56191077144032
441, 176.53489497675218
3285, 176.41937686587255
1690, 176.25021043992487
168, 176.2491318920729
475, 176.20080504928967
3434, 176.1744087012665
297, 176.12780548456053
2024, 176.0307209851156
2026, 175.8569424394563
914, 175.81468901705784
2774, 175.79225924391298
3281, 175.77354019412053
3128, 175.67355216125384
2261, 175.672112235882
3214, 175.55062072181815
130, 175.4296208136605
365, 175.4107947838277
3424, 175.37982728789572
1098, 175.19933560836705
3190, 175.15694057704215
3298, 175.12193033752243
2987, 175.09771455931235
1140, 174.74639755620308
1111, 174.74160104452932
1517, 174.71100892556552
451, 174.69407554222434
464, 174.63665846371794
2296, 174.5460694422893
46, 174.53418003906398
1521, 174.470440409244
3175, 174.41965928865676
2757, 174.39733684384944
2278, 174.3662457211067
1142, 174.30602758505037
79, 174.27129899774812
1459, 174.24399725856026
204, 174.00195306155527
3386, 173.99386411787557
75, 173.9766795517914
3056, 173.83754578338852
449, 173.73296353134117
2029, 173.70912685884986
2083, 173.6890672449541
2863, 173.65114552593315
2817, 173.6378422878061
731, 173.62856725095804
466, 173.61793397275468
2381, 173.61265312546715
1604, 173.56866241430419
299, 173.53548006274812
534, 173.4823455156141
3185, 173.4469911067741
2759, 173.29278418614535
2109, 173.0666348765582
3173, 172.94977460405514
2734, 172.84701763447674
583, 172.8376216639076
1172, 172.82527746348353
488, 172.67727157494372
173, 172.66926349953002
3300, 172.6363944294928
496, 172.5939704614006
2767, 172.31866565299308
328, 172.29527071169932
1770, 172.15082434707145
1077, 172.08309353102442
2032, 171.96022973634547
2820, 171.7635932667841
2744, 171.74670111059024
2091, 171.69374647675545
3208, 171.63038903466617
3110, 171.598540212633
147, 171.58384469840868
3098, 171.55013661401605
2354, 171.54922639025253
1029, 171.5117188416382
3244, 171.42662631693034
435, 171.3921524567957
3226, 171.35869151233555
3057, 171.28830754219305
401, 171.2162438474604
1256, 171.15496879122858
335, 170.94887642393434
1893, 170.84037889856953
2965, 170.81302620863076
2224, 170.60817053107812
1513, 170.58921962808884
2027, 170.58113556630488
440, 170.3988976067041
738, 170.38849917453805
3283, 170.33858425117424
3245, 170.27762152053467
480, 170.27144289984759
3440, 170.22813713873597
2078, 170.1852079857054
548, 170.16932550368207
415, 170.15714945603895
485, 170.15571984612328
193, 170.12828338819367
1443, 170.11459298620844
2076, 170.09377728426287
2776, 169.9122422259552
3042, 169.8264324076485
3276, 169.82244335395944
1587, 169.70266790448318
203, 169.68308430561433
1850, 169.64785534345253
3093, 169.60333418353787
3348, 169.57277766296667
3292, 169.56502944634795
2748, 169.54862963899924
2825, 169.50153322582855
1204, 169.45453845053137
2507, 169.42111570525208
2013, 169.3310567870817
3159, 169.188082510993
433, 169.17279978192838
906, 169.1630605218922
470, 169.11970823661025
2722, 169.02710053142536
1434, 168.9971149516309
1433, 168.9971149516309
540, 168.95127867260112
1058, 168.92378135131167
2920, 168.90920230300915
1063, 168.73465455156796
2285, 168.70806177429492
1105, 168.68443099047923
650, 168.60850981364072
479, 168.58037409361214
544, 168.19035979321868
2291, 168.0981507553193
425, 168.02382531398462
2751, 168.01605338928533
588, 167.91394477905214
913, 167.91270215539356
1502, 167.83240508726954
2045, 167.83115064814277
2773, 167.8282436476613
1880, 167.81843461310504
126, 167.8054717553074
1870, 167.80440843226353
372, 167.74920878724822
2019, 167.52716041472084
1853, 167.35163551724926
1611, 167.29120789865905
608, 167.2339794449342
51, 167.19190590704468
1100, 167.03545159052342
52, 166.99829164358974
861, 166.9494764263069
288, 166.88689283767508
3293, 166.86528041684383
676, 166.85860364251863
1675, 166.6847068531965
48, 166.62911016799248
1081, 166.62546623104538
1910, 166.5870711548742
189, 166.55007682783446
3297, 166.42884272237305
468, 166.37023965318778
1159, 166.36327914351702
1087, 166.36249863896498
206, 166.19547762424088
2020, 166.17358566820735
862, 166.07588953941035
2988, 166.0647348969523
495, 165.79580599930983
1221, 165.6708444142711
1235, 165.6393875774331
2622, 165.63361031276918
217, 165.48124911429272
34, 165.46463017196868
3209, 165.4223664268783
191, 165.41398532985664
2419, 165.24888094884483
3006, 165.23715517356518
1758, 165.00615438187174
3176, 164.96131097559626
2272, 164.95761106292662
1914, 164.89228599705098
3435, 164.78428862377578
148, 164.6038757033876
1859, 164.53054561625316
2802, 164.51500463338024
2768, 164.47985227349133
1381, 164.37002038345662
1993, 164.32374597763095
2415, 164.3199187850417
1237, 164.31036155079144
2257, 164.28275178640698
2723, 164.23071937547235
3083, 164.18548521550227
452, 164.0528950995733
816, 164.0450895999941
274, 163.80091878533304
3213, 163.72741530471657
3079, 163.70545754355751
407, 163.65108984172238
562, 163.60258788985624
3071, 163.59546536813048
3287, 163.5629811496461
607, 163.50914076602547
1515, 163.41663504653414
2981, 163.4076994802418
1686, 163.36787027512455
222, 163.3544973632716
56, 163.2579564594105
3259, 163.20434769526747
521, 163.04332361518973
1680, 163.03628420269695
2025, 162.93416732193216
3151, 162.88126851896888
2307, 162.8263400581633
1732, 162.37482356442416
881, 162.1428104692245
1102, 162.13422413588123
1913, 162.03236843219364
685, 162.01438831101217
3051, 161.93987468676738
3084, 161.93418169958247
1249, 161.83578358691216
406, 161.8065515183197
389, 161.53429540364792
1082, 161.52129582732633
424, 161.5143014169773
2210, 161.35590080806952
1707, 161.20121384679481
670, 161.193020253462
2810, 161.15692099940026
447, 161.12608369514865
2546, 161.08536905928077
3050, 161.07651018996984
1243, 161.05781398900143
1666, 161.03594955856286
2549, 160.9837042668926
44, 160.9498154384794
74, 160.94110684205086
140, 160.88109536163574
82, 160.87100549518237
2343, 160.76461782155172
515, 160.74299221871993
3199, 160.72988236904942
3315, 160.72058740262204
194, 160.71526561058798
1033, 160.57382759373579
611, 160.43908880263874
1516, 160.4207236795645
198, 160.38970363758511
143, 160.38416262842202
2391, 160.15161546565736
2218, 160.11257056951914
3274, 160.0947020238807
1854, 159.91161114271318
2294, 159.90100793940172
266, 159.89868387342275
2005, 159.87533270650874
2238, 159.8619074080943
1244, 159.82968611072434
381, 159.75006443442172
2741, 159.69485869120663
1461, 159.61309474062188
3439, 159.6099094998428
165, 159.60465641723314
3246, 159.6041661797599
2795, 159.5639336522344
3171, 159.53679858256788
2041, 159.45746041201852
3192, 159.28367071316433
376, 159.20415666647648
555, 159.18363178114356
2416, 159.13655529677104
2811, 159.1199034578716
47, 159.0595195708568
1162, 159.01399862305445
1002, 158.98844415354557
3178, 158.97265971009523
275, 158.6789494070074
402, 158.62762472641296
2108, 158.59034653970568
2034, 158.51903062892018
228, 158.40453649813324
3413, 158.36141787314043
1205, 158.34432388096192
2286, 158.34132192034565
3336, 158.16440454895863
2259, 158.09843800120075
895, 158.0661916766871
2749, 157.99124746602692
1084, 157.9635379239201
1771, 157.86183307240734
3241, 157.79491574013943
1742, 157.75925284546776
85, 157.72478601496866
651, 157.53768564258033
2106, 157.4393757679856
3133, 157.4085156679419
1720, 157.3957275552122
2736, 157.35849336561566
3278, 157.2894334524836
1024, 157.10740511887252
2951, 157.08071304131525
3432, 157.02726180740024
654, 156.99480307634292
326, 156.97593813814154
3092, 156.91756047533238
1738, 156.8457537423586
134, 156.8064768629675
1677, 156.74440602944927
885, 156.68304801429662
445, 156.68206726073123
379, 156.6451711154452
2808, 156.63116509676595
580, 156.6091715883807
294, 156.5913083228358
678, 156.5016190807447
3204, 156.45730900026626
77, 156.40672879204513
680, 156.32229820243975
2630, 156.2981221861338
3144, 156.26309107616106
3170, 156.20758880858213
1122, 156.15792339622672
3384, 156.14892242395214
3305, 156.1295289288413
1121, 156.11694044566198
2483, 156.08406602532995
57, 156.02693187702863
3433, 156.0013499999849
563, 155.99088527655127
3059, 155.96430990267575
1687, 155.9340961975451
3062, 155.89489656037048
3194, 155.7604101139408
3211, 155.41441742448282
2093, 155.40468034848945
2314, 155.4029457613481
300, 155.3981571397524
35, 155.3912025320795
3101, 155.3879905463205
1877, 155.17916940210077
3095, 155.16242473254925
2789, 155.1595120123649
3143, 155.14286388065105
2793, 155.1369486351723
3380, 155.0856006552783
3163, 154.99922109326153
1725, 154.93750905897093
2003, 154.85533416957085
141, 154.83613040576932
1439, 154.7998782072171
613, 154.73346822072804
3039, 154.4981508215047
427, 154.44017914700908
3350, 154.42331619999615
3206, 154.4218235421962
1746, 154.39617902794333
2666, 154.35757382128597
3197, 154.35476672354994
237, 154.28225986960385
3186, 154.26711085377607
2048, 154.25466626652155
3304, 154.24466888585607
2651, 154.23464298864167
956, 154.11266803729546
2513, 154.02275901793232
408, 153.9937557248613
1669, 153.9328181482976
1238, 153.92310045653858
1722, 153.90776554001982
2454, 153.83096982419636
509, 153.82590513859844
1627, 153.72036132833773
2288, 153.66563354175724
3312, 153.6408178518811
3327, 153.62159567680445
1970, 153.5181619497476
2385, 153.48816314408234
3040, 153.48414682192274
298, 153.47258844827502
649, 153.4564500715342
655, 153.4376312275858
2404, 153.40084818017937
1685, 153.376730407557
1718, 153.27969817228413
1646, 153.23880999484194
2505, 153.21673808094855
2104, 153.20552730628398
473, 153.15601719588844
3289, 153.06714890655167
2280, 152.91406648679904
2002, 152.88091716808904
748, 152.8080285579245
2240, 152.7513506924922
3284, 152.73861046794778
3443, 152.6954366628302
3294, 152.67605419503823
1729, 152.57995240642668
282, 152.55949134814972
2203, 152.54641921825106
1879, 152.50958097672375
1874, 152.47604779240461
280, 152.40443274550813
3200, 152.3578180748002
663, 152.35704574327565
3243, 152.3178832577673
679, 151.94739948355024
3134, 151.82033359985672
2508, 151.6984730040325
1625, 151.6582694688873
2491, 151.596075562991
281, 151.59415347290923
3147, 151.5001953150729
73, 151.43307326545005
1231, 151.41756423021124
1695, 151.31414129978702
1708, 151.30572564617003
439, 151.23484210908296
643, 151.197896024686
2583, 150.933827965393
2948, 150.90765013610138
42, 150.8981697739315
2379, 150.89775100587713
3354, 150.63819055927436
1232, 150.54255639539818
2742, 150.5156978067021
1747, 150.4526912939992
3120, 150.3380740826881
491, 150.33508573414494
84, 150.26343484369366
2721, 150.24895873429136
966, 150.194703062944
1875, 150.15817238753885
1258, 150.0675027698188
2442, 150.05819903240845
2258, 149.96686013079758
2824, 149.902605475747
1641, 149.80658673349916
859, 149.6979900510157
2008, 149.66822770508023
2566, 149.6662340578026
733, 149.63023003325316
1756, 149.52131733983032
1171, 149.42585531153964
838, 149.2248102515466
2688, 149.04114027804349
3314, 149.02997615599952
1104, 149.02863446654425
1647, 149.0154074330672
88, 148.98488057384014
219, 148.91827977045355
455, 148.8241605738607
2039, 148.8193770465551
732, 148.802206526852
2021, 148.75762150824417
1971, 148.7038040861684
225, 148.57984256389452
2823, 148.57819354180768
3184, 148.54617741414933
2671, 148.53892916062773
302, 148.46890417870006
2338, 148.43648489744433
2917, 148.4086737511936
1698, 148.36496834594956
2784, 148.36029055443947
634, 148.3454573771836
3082, 148.19046183078578
2393, 148.1599703860517
512, 148.09189630656584
1717, 148.04357384367472
2645, 148.03798397071415
1868, 148.0147687095516
2780, 147.98027320683718
1894, 147.9538931598812
2816, 147.9459336858885
150, 147.92827357883843
513, 147.84441627700082
265, 147.84440235858014
1106, 147.80892721486643
58, 147.6972880031649
699, 147.6473326716529
863, 147.6440411015103
1740, 147.60059751514393
2864, 147.5888849191364
460, 147.57194989392738
2755, 147.48270001534019
2353, 147.48025965014656
3146, 147.4695477567388
1185, 147.46832903741603
2287, 147.35376876058248
2788, 147.29059198719477
2696, 147.22458797217283
2524, 147.21979811434542
3162, 147.12276311042268
2587, 147.10080440065377
1968, 146.9361843492431
3150, 146.93327532475925
2553, 146.8842692661092
2705, 146.75981310399348
2098, 146.7173290364144
518, 146.71307986968935
145, 146.67993048119342
1871, 146.66451184865474
3352, 146.6584289974682
1858, 146.6447953202095
2758, 146.62764269554512
757, 146.59841026052817
734, 146.56870657171018
2782, 146.56084379728304
3264, 146.46012209285254
1731, 146.42938655128629
1644, 146.4193514087605
551, 146.38322594616443
2562, 146.37426236837263
87, 146.28345960925057
1682, 146.2465559944112
398, 146.23023974938155
3444, 146.15886152966198
2217, 146.15832021491792
1714, 146.08726394048696
3239, 146.03562472361835
2559, 146.02896790522277
1057, 146.01767440543816
3183, 146.0048417691223
3187, 145.77533536304605
1739, 145.75314604114197
2812, 145.7402714052041
2610, 145.72454277809973
3248, 145.70178029544942
1726, 145.54964466827346
1642, 145.50459953919858
255, 145.4735537178428
412, 145.4323048828875
3168, 145.38521488855375
3324, 145.3281247366544
2558, 145.28556734721542
2244, 145.27940800181344
2004, 145.19764467007124
3123, 145.179843428466
3105, 145.09849009306646
2607, 144.93673530084956
2101, 144.93063778584172
3063, 144.67089298563852
1626, 144.66609414613762
2305, 144.6438166228554
291, 144.6436996122182
1643, 144.59686763495773
214, 144.53334930928068
3290, 144.50924214564617
3041, 144.4767101852054
2017, 144.4565039277442
1705, 144.44715398114076
2514, 144.26466266804587
561, 144.1883438696301
2694, 144.1051941180088
3415, 144.08830534179583
3255, 144.08309294635174
2030, 144.05366970397
1715, 144.01764129156837
957, 144.0157387345326
2690, 143.89148573764524
156, 143.8565674416958
965, 143.79352841770032
3129, 143.7823177703267
3090, 143.76168255525013
2152, 143.7588328132241
3225, 143.75491630276665
1703, 143.748061603036
399, 143.73264101814755
2536, 143.68752429464263
2781, 143.67812843228978
2473, 143.66758310672964
2640, 143.64982717349608
409, 143.64108545826724
278, 143.57002330112118
250, 143.50865988691933
2677, 143.41625004623697
626, 143.32130398575964
1755, 143.30537210841058
1892, 143.21116263649296
1752, 143.05659342188608
2620, 143.05248749902432
1630, 143.04255924910422
2710, 142.9672089686388
3279, 142.7579371167794
3299, 142.7148558594767
2779, 142.68077747337486
385, 142.67759694623004
3066, 142.64447566795064
1869, 142.6430814083074
1721, 142.49742565057213
3318, 142.49271598416473
216, 142.41624836255372
2571, 142.36238440126868
2102, 142.32688853818405
3080, 142.2133055250516
2686, 142.20589261199342
199, 142.204627602044
2703, 142.19980212466135
404, 142.17552542783298
276, 142.11534736535714
1692, 142.01006063872987
2390, 141.97144199657697
3130, 141.9576104808945
2653, 141.93660403158867
681, 141.8463266435057
2574, 141.79127993772022
1712, 141.78875873323514
411, 141.73266092191346
2814, 141.66649201224465
2657, 141.56491573978144
2785, 141.54697254809696
1966, 141.50635048979518
395, 141.37563493846736
2756, 141.35122470319766
2650, 141.33503929673634
2497, 141.29197408501125
19, 141.2198813239555
3207, 141.21609458417512
3347, 141.19661809198246
54, 141.08718552232753
2624, 140.9882408173628
3306, 140.96705076572667
1710, 140.9483368167725
1733, 140.8994588473354
254, 140.80212218600838
1701, 140.80182021096644
3111, 140.6574215186246
2745, 140.55839157244606
400, 140.50791638813425
3020, 140.20037789188325
2712, 140.17969941081628
1744, 140.0386999317474
2641, 140.02780903268388
1028, 140.02448987936302
1628, 140.0131560541922
1631, 139.98484241164832
2111, 139.97587175619543
2096, 139.97587175619543
3099, 139.96919791349856
21, 139.90603795627342
2720, 139.89025225737583
2561, 139.84827764465265
1735, 139.84744177086424
2525, 139.72399765006818
2649, 139.69994608533867
1716, 139.6671024070786
386, 139.66158825372372
647, 139.61473403555712
2652, 139.4837549729043
1748, 139.38598701650585
2683, 139.37537034627235
2853, 139.33624353481764
2621, 139.22354144554572
2293, 139.14454198782028
1463, 139.10752658672263
3316, 139.09993453973598
2520, 139.06718020599249
2572, 139.01828568682365
3383, 139.01296661491907
1891, 138.9604113673619
1873, 138.89932856846943
50, 138.8870638270396
2601, 138.82439873867278
2656, 138.5888248637292
1659, 138.56738347963903
2289, 138.56670903471198
375, 138.49492228463427
1684, 138.46374103353838
1672, 138.42398491830266
3265, 138.32602490911776
127, 138.31000343706864
2668, 138.29422520750927
2527, 138.2430340488817
1670, 138.20317889359956
2738, 138.18417637089607
137, 138.16924214060208
3097, 138.15934891077794
2646, 138.0256282191236
3323, 137.99018129874668
2340, 137.8949888809096
3112, 137.8506676181806
20, 137.7578368667139
3201, 137.74347534837793
2959, 137.73746864610922
3362, 137.7051283532286
1730, 137.51100242859982
287, 137.4793012993393
1700, 137.47833856337243
2568, 137.44960737558708
1047, 137.44038577343227
1741, 137.41035271600845
396, 137.37799814561677
1645, 137.37125146022936
1743, 137.36371597504208
2681, 137.35499151194225
2608, 137.3513661910899
1633, 137.25272627036168
1668, 137.22049245672846
3295, 137.1625838965086
2212, 137.07440972761728
3288, 136.929750721353
3136, 136.92517559240642
3442, 136.91591816688182
36, 136.89599166574916
1699, 136.8837280592543
1671, 136.7621050109145
2580, 136.6244262419234
1665, 136.60577524217757
2383, 136.53858487247345
1754, 136.49203471786268
2635, 136.44952372263793
1724, 136.42936096383872
218, 136.3525156063855
1657, 136.27960397249132
2563, 135.97294559370908
2485, 135.87261489877454
1941, 135.86357887749122
2283, 135.69278664042375
2726, 135.56674356360645
2179, 135.55363424394662
1706, 135.5472568714465
1629, 135.51813183475082
1745, 135.48528815080175
3311, 135.47389729051395
1967, 135.3881231117616
43, 135.38787644226014
508, 135.2792831766985
2592, 135.23236057151783
2451, 135.21000582933107
2697, 135.1684703444268
2533, 135.05196847008537
3232, 135.0316122959803
1637, 135.01649387152764
2611, 135.00259962422072
1650, 134.98979790591432
2658, 134.89760099229935
2466, 134.8330495852576
1734, 134.74272937417928
388, 134.72702964529984
1728, 134.6923155151239
2493, 134.64363995126408
2449, 134.5886527452298
3254, 134.5090287450989
2397, 134.45089793984596
2597, 134.35362202061634
3005, 134.3499637404535
2204, 134.34641067516586
1681, 134.3189288454367
2486, 134.12165740750194
1639, 134.10353161247838
1649, 134.08724820937098
1114, 133.9562359267772
80, 133.85097591422638
1679, 133.82837581898195
3094, 133.80423119649265
1704, 133.7615591188466
1697, 133.76053538980645
2456, 133.74411820131354
1727, 133.71164689279047
2575, 133.49073570796273
2339, 133.4649803427293
1648, 133.41014929128704
149, 133.33738988056695
212, 133.29513259649502
195, 133.27752127582195
1691, 133.0565738390102
2239, 133.01885179921737
497, 132.9109100149606
3231, 132.70999788041138
474, 132.6196635522407
1749, 132.56015683148118
2604, 132.49062746073602
252, 132.42294607070235
2235, 132.39605219412616
2589, 132.24944601849674
2528, 132.1110276357109
2461, 131.9170622631331
2167, 131.87881943681896
2185, 131.76600076057787
3007, 131.76186729306917
2475, 131.64019644758218
1759, 131.51141950219525
2655, 131.4157720135479
2648, 131.41000113572952
2087, 131.3459384451807
2453, 131.3247664949337
1702, 131.2020886866295
2282, 131.12754831744977
1674, 131.07229811008807
138, 130.9969239466299
2778, 130.98100761962968
2980, 130.94520328075598
1751, 130.83950286744565
405, 130.80800925767514
1696, 130.78366937346956
2184, 130.69194796330788
2543, 130.6337435919556
2139, 130.6173715361153
2226, 130.47818953086423
2612, 130.4628603124861
2693, 130.35752598459632
1636, 130.34999744774242
3195, 130.2669495376401
2616, 130.10047883347957
1635, 130.00375649718606
3258, 129.9305273443515
2484, 129.9296805075619
196, 129.7922212223041
2809, 129.7724064285378
2623, 129.62846667360074
2177, 129.57378381892082
2249, 129.5649027240284
2299, 129.5479057362143
2673, 129.52688216270232
337, 129.51708034784187
2564, 129.4399289529856
1750, 129.24416753231463
2605, 129.09960677779543
1737, 129.0604816371859
2264, 129.04464241672915
3313, 128.95935222248036
2679, 128.8716166216401
3296, 128.82091880452347
2713, 128.81917074959566
394, 128.70357602475724
2821, 128.60178760560444
2531, 128.5930090351282
472, 128.524961302969
2498, 128.43913281578256
3021, 128.4264834535764
3160, 128.40069780680264
55, 128.28668659584983
2345, 128.27647299489564
2626, 128.17938285535737
15, 128.11565121978916
2586, 127.98803748676113
2346, 127.92523585298937
2349, 127.86850628661328
2462, 127.8529575639431
2490, 127.84458576736304
2606, 127.76958531308172
2492, 127.6843594247106
2094, 127.68425280996583
38, 127.67190356242814
2342, 127.62374050152066
2341, 127.61408509353421
2695, 127.5156454661002
2687, 127.44128255252761
2603, 127.3729510279988
3262, 127.3058918547563
2570, 127.27834260533744
78, 127.26005043336667
3091, 127.1906008297961
3113, 127.12749461799787
2455, 127.03974064335048
2496, 127.02005419878371
2519, 126.94688661743659
1652, 126.93769251964693
1045, 126.91852381351615
1530, 126.90994990200701
2654, 126.87918750541644
2704, 126.87265334289347
2692, 126.85823237136701
2534, 126.8103282364192
2538, 126.78511685234365
2464, 126.73760350487098
2822, 126.70695903129483
2629, 126.57451033827537
3261, 126.4599191648076
3193, 126.45902643732168
2313, 126.40890686678779
2511, 126.30295564390661
2869, 126.259387958129
2707, 126.17626084680514
3180, 126.14945776625761
1960, 126.06644578488165
3344, 125.91973683036169
2675, 125.91865298642422
2284, 125.89789672499978
2700, 125.8276900601968
3251, 125.55483477904954
2522, 125.47963993237991
2506, 125.46821141880247
2600, 125.4381874996084
2638, 125.43686626249658
1557, 125.43169755911421
2581, 125.17220910276794
2509, 125.07239277452864
16, 125.05815274135125
2499, 125.01354953420545
3329, 125.01199742796999
1655, 124.98526739533526
2452, 124.87699854733212
2665, 124.78974735535871
3260, 124.75594731778789
2644, 124.57414841139666
3361, 124.56323826853605
2727, 124.53065277730764
3019, 124.41487856367334
2479, 124.38118724384042
2460, 124.20243929311538
2495, 124.13625892346766
2662, 124.12245343940675
3364, 124.11060184115577
3165, 124.09963825588756
2632, 124.09076369954795
2760, 124.04979309650177
2488, 123.9579846308614
2079, 123.82313610254138
2044, 123.70650992508934
2698, 123.46396237915317
1559, 123.32272802852604
3100, 123.30009847060644
2440, 123.29464772364372
83, 123.2422626386368
2037, 123.14997773735375
2530, 122.84216425687961
2714, 122.63687542222277
2743, 122.3581630133898
1847, 122.31830459441683
2401, 122.31076326996023
3301, 122.28446122833522
2092, 122.16055323337058
2477, 121.84637512022253
413, 121.79188615485266
2625, 121.75580299061777
2970, 121.52692144681969
2535, 121.5103335208135
2670, 121.49704683724076
2565, 121.47901446222474
3266, 121.31007490083856
2684, 121.17599425632841
1664, 121.12220964158286
2537, 120.87400812893883
2444, 120.83097674146029
2598, 120.72416933351677
2591, 120.4994878819517
2061, 120.39722244930695
2634, 120.34782422682879
3357, 120.18875727645421
2664, 120.12173902649815
2659, 119.68139481152694
2667, 119.65327467161895
2552, 119.63657540425174
2660, 119.5761200465431
2669, 119.52209074140366
2472, 119.4813498163441
2699, 119.34894725066444
2576, 119.1904833365348
2405, 119.09145589756321
2502, 119.05506577686877
2501, 119.05506577686877
2631, 118.91883564180048
2474, 118.89107093859585
2494, 118.85651869409627
3008, 118.85083807654912
3033, 118.8181397717966
2691, 118.7597764450229
2661, 118.74891799957635
2674, 118.59828406935041
2457, 118.59739594462266
2469, 118.49110574725987
2614, 118.46054136384826
2617, 118.4195211595842
438, 118.39669732415888
2510, 118.29263480012038
2609, 118.17957875411962
2541, 118.12725511436435
3249, 117.91859934395332
2627, 117.8353204346654
2542, 117.70907608939989
2448, 117.63121267698979
3253, 117.62047366775184
2521, 117.51786587647483
2476, 117.4686394291421
2637, 117.29157443792434
2504, 117.28202090302608
1300, 117.11057361482963
2702, 117.05893280446226
1109, 117.02208763758308
2724, 117.00501869829712
81, 117.00258843991814
2678, 116.86630047727942
2089, 116.80418205672758
2956, 116.76305260322755
3325, 116.72809188650508
3263, 116.6398283849645
2619, 116.6107678941067
2567, 116.6006676806806
2557, 116.40714359721143
2676, 116.25581433787359
2478, 116.21460511001109
2866, 115.9652455798698
2074, 115.89385325665727
2706, 115.85278433779334
2529, 115.68724328731783
2585, 115.58938571839536
2467, 115.55426742969254
2459, 115.47034913211294
17, 115.46890277898576
2560, 115.44345267695405
2082, 115.2929614741518
2554, 115.23776256021259
2544, 115.03341629872928
277, 115.0234089535554
2663, 114.88439926973975
2577, 114.8824128928886
2595, 114.82578550259574
3250, 114.78643802734383
2633, 114.70099846501698
3326, 114.67741858388837
1560, 114.67185264695571
2642, 114.61222111340466
2628, 114.57541121867187
2685, 114.40790505847733
2573, 114.37427954850895
2482, 114.37005324874886
2618, 114.01000616621162
2523, 113.95322639420407
2689, 113.94056934492176
1969, 113.84934295326563
1052, 113.72757895946813
3365, 113.66756090118429
2545, 113.65429901952939
3358, 113.50365801155372
2480, 113.4227397944795
2680, 113.41106951941485
2701, 113.37799646598504
290, 113.3290905832783
2443, 113.29055561373814
2909, 113.2310056433139
2447, 113.2138029551764
2445, 113.21380101481894
2481, 113.14773984861164
14, 113.0230812160398
2047, 112.89405913653023
2588, 112.85368681324644
2463, 112.83532688417274
1965, 112.71269860399116
2613, 112.61125063291308
3307, 112.55578536627789
2458, 112.5481167100413
2465, 112.53607216261157
2602, 112.45093584119853
3345, 112.24084727756839
2489, 112.17204031231769
2487, 112.07548220550277
2643, 112.03648832074609
3360, 112.02663212754912
1520, 111.96082152910027
2599, 111.85607385538447
1046, 111.7802516129803
2512, 111.68629048039645
436, 111.61828339912809
2584, 111.60977403901116
2516, 111.56460437127188
2728, 111.54962010433215
2593, 111.35628960066316
2081, 111.25654882122281
2446, 111.10994293218404
2708, 111.01745420530987
2540, 111.00206399561993
2639, 110.8838968813216
2636, 110.75434756141851
3252, 110.74433898276806
3391, 110.7000141413994
3308, 110.23940397023252
2057, 110.17582692143401
2555, 110.13275038786868
2052, 110.1303747609235
2077, 110.12464185476982
2582, 110.09555000733504
2590, 109.93191099372675
18, 109.75190721644259
2031, 109.70305065880353
2090, 109.53389216500725
1519, 109.46417052709201
2526, 109.34028961150298
3177, 109.2063424843276
2468, 108.91707630314666
2450, 108.80608703529285
2441, 108.69439746968011
2914, 108.54085828453596
1537, 108.53703989733852
1103, 108.34791776137841
1053, 108.12289181342013
3446, 108.0855594164292
2539, 108.07751657474698
1118, 107.99740919242636
2596, 107.4077548188439
517, 107.38365624610842
2709, 107.23400198928441
2647, 106.5578655624866
3343, 106.50641888836603
2615, 106.27204265780294
2066, 106.13038578019942
2579, 105.97557514925228
3238, 105.9475493834001
2060, 105.85831269263574
2038, 105.4000328287636
1558, 105.35851455434036
22, 105.35522427546805
2471, 105.26746791304114
2517, 105.10110350872458
2594, 104.61153582837844
3359, 104.58073267157646
2500, 104.26833524191927
3438, 103.91686191822515
465, 103.8423528875238
2916, 103.7397322108788
86, 103.70596390174664
2040, 103.66474749990135
500, 103.39741280981636
3085, 103.24543627889474
2503, 103.01804261163564
3237, 103.01670919472743
1878, 102.65119925163616
2064, 102.62243963625262
2046, 102.21060949302118
2732, 102.13115025921556
2515, 102.09063568748653
59, 101.84847515507374
3346, 101.70677682568218
2058, 101.6956691778586
2036, 101.48030022163236
1164, 101.46671855567018
2682, 101.33943765227704
2470, 100.61959148451524
2578, 100.07493687019212
3363, 99.98533091938718
2043, 99.97674159120469
507, 99.77681219589932
2725, 98.98333417472799
3240, 98.92144026443256
461, 98.90493049482582
2063, 98.84761946935123
459, 98.7101061016031
3242, 98.50416745246265
2085, 98.49845925559514
63, 97.97031064611454
2569, 97.85591361489666
2718, 97.80945189945382
3256, 97.44855926629731
484, 97.31100136453911
2672, 96.81129468685937
2910, 96.34803366154894
111, 96.34228878037071
477, 95.93811120855982
2518, 95.34142184255121
273, 95.32125374066729
3257, 94.96778447843732
292, 94.72411198434743
184, 94.65728300800222
2532, 93.70447328207827
1535, 93.59057615960226
2556, 92.6004150752809
1051, 92.35331197715989
2868, 92.1986987266413
33, 92.09336774048633
387, 91.6916476029485
1165, 91.66358406434455
442, 91.59705882840535
185, 91.50682712047849
1093, 91.09485420507643
490, 90.65127994403989
60, 90.36363028863047
2054, 90.30986600022355
3282, 90.1171794477641
305, 90.0503617096725
1092, 89.67381524825132
590, 89.2413627901097
1972, 88.78205553479604
2035, 88.57686866151207
1054, 88.16159708217829
223, 87.51032222372261
187, 86.75685813691186
2049, 86.73689556008243
2924, 86.4017429855268
2711, 86.36230895633422
3309, 86.2998145567722
49, 86.00825955375142
2062, 85.2563267695409
224, 85.02195727106233
2042, 84.88764318567965
286, 84.65283340708956
1861, 84.53748945130356
489, 84.08831864930349
2051, 83.76890736127748
2107, 83.62011154343183
2912, 83.56032955058052
2067, 83.40771664107137
226, 83.3832173071544
1536, 81.76128451523914
2925, 81.67514819245582
2923, 81.44922552217133
1048, 80.99680494341105
301, 80.03939543213079
2072, 79.61050629436328
1049, 78.89999431825655
285, 78.82170540829772
2931, 78.74451640928439
1925, 78.22152877982712
393, 78.05567304630708
2871, 77.99039360072786
2084, 77.29881902009151
1863, 76.74286846475893
2940, 76.72635806795378
2929, 76.5237654202454
1050, 76.50386826166232
2922, 76.33930574129059
2928, 76.31490109738104
795, 75.51340757156191
1158, 75.33708983762601
2926, 74.97394010901975
2937, 74.57902541901775
2952, 74.38976541661492
2872, 74.23162307407115
2921, 74.14996809953803
2927, 74.04018965923191
2911, 73.92911856722566
2938, 73.39453293956271
2933, 72.84060835356647
2939, 72.20952331799491
2941, 71.2599091703786
2934, 70.9859201593159
390, 70.68958818287378
384, 70.63125389907971
2954, 70.55065735679138
1534, 69.81704804348598
2957, 69.78866337559282
2073, 69.22281809401686
3412, 68.36017529659216
2943, 68.1147216328631
2955, 67.9974009253614
486, 67.23128420171915
2930, 67.1077658673167
2870, 67.04859074147969
391, 66.86171598120943
2873, 66.53220010674511
403, 66.27824511643794
2942, 65.39680718156553
2865, 65.32898898427409
1064, 64.3060798919691
516, 64.08082139826854
1468, 63.98378235134716
3145, 62.64822609827076
2867, 62.15972840747512
3411, 62.05371888284504
1862, 61.913046869353416
1264, 61.77960214186633
2012, 61.58140784595043
2739, 61.34516593693497
1157, 59.16179988866714
519, 59.13036708460809
493, 58.87650811201584
3121, 57.825213498644004
183, 56.07195199657125
3161, 55.07336445978427
1612, 53.221042808198
